46007 Bennett County
1
    -101.713906 42.996533
    -101.713916 42.996533
    -101.714464 42.996517
    -101.715008 42.996512
    -101.738673 42.996998
    -101.742539 42.997056
    -101.749068 42.997154
    -101.761371 42.997319
    -101.775901 42.99786
    -101.77697 42.997828
    -101.778281 42.997827
    -101.778478 42.997828
    -101.793368 42.998147
    -101.800352 42.998271
    -101.808811 42.998422
    -101.812343 42.998467
    -101.844511 42.999038
    -101.849982 42.999149
    -101.862762 42.999374
    -101.875424 42.999415
    -101.875424 42.999298
    -101.882924 42.999298
    -101.904096 42.999282
    -101.909205 42.999279
    -101.941441 42.999259
    -101.941704 42.999259
    -101.994598 42.999229
    -102.000256 42.999295
    -102.005302 42.999268
    -102.017552 42.999275
    -102.017589 42.999275
    -102.021425 42.999302
    -102.041688 42.999234
    -102.042623 42.999236
    -102.043538 42.999238
    -102.061756 42.999278
    -102.076839 42.999338
    -102.080895 42.999349
    -102.081741 42.999329
    -102.082167 42.999348
    -102.082178 42.999349
    -102.082486 42.999355
    -102.082491 42.999483
    -102.082509 42.999866
    -102.082515 42.999995
    -102.082487 43.000296
    -102.082406 43.001201
    -102.08238 43.001503
    -102.082351 43.00182
    -102.082266 43.002772
    -102.082238 43.00309
    -102.082235 43.00312
    -102.082227 43.003213
    -102.082225 43.003245
    -102.082208 43.003427
    -102.08216 43.003974
    -102.082144 43.004157
    -102.082137 43.010471
    -102.082137 43.010755
    -102.08213 43.017352
    -102.08213 43.01747
    -102.08213 43.017589
    -102.08212 43.02666
    -102.082117 43.029415
    -102.082111 43.03573
    -102.082087 43.038066
    -102.082018 43.045073
    -102.081996 43.04741
    -102.081951 43.051038
    -102.081818 43.061924
    -102.081775 43.065553
    -102.081731 43.069116
    -102.081601 43.079808
    -102.081558 43.083372
    -102.081557 43.083458
    -102.081554 43.083715
    -102.081553 43.083802
    -102.081579 43.085933
    -102.081659 43.092327
    -102.081686 43.094459
    -102.081686 43.095106
    -102.081686 43.097047
    -102.081686 43.097695
    -102.081657 43.099142
    -102.081572 43.103486
    -102.081545 43.104934
    -102.081538 43.105714
    -102.081519 43.108054
    -102.081513 43.108835
    -102.0815 43.109255
    -102.081461 43.110515
    -102.081449 43.110936
    -102.081437 43.111326
    -102.081402 43.112499
    -102.081391 43.11289
    -102.081221 43.119429
    -102.081217 43.119625
    -102.081265 43.121206
    -102.081321 43.124759
    -102.081427 43.12918
    -102.088952 43.129265
    -102.089305 43.129274
    -102.091037 43.129297
    -102.093343 43.129261
    -102.094544 43.129265
    -102.094604 43.129265
    -102.094785 43.129265
    -102.094846 43.129265
    -102.095217 43.129251
    -102.097587 43.129337
    -102.098335 43.129331
    -102.098405 43.12933
    -102.098808 43.129329
    -102.098915 43.12933
    -102.099403 43.129325
    -102.099547 43.129325
    -102.101005 43.129311
    -102.101066 43.129311
    -102.102426 43.129295
    -102.102661 43.129292
    -102.10385 43.12928
    -102.103851 43.12928
    -102.10432 43.129277
    -102.104753 43.129275
    -102.105176 43.129272
    -102.105202 43.129272
    -102.10555 43.129274
    -102.105827 43.129276
    -102.107482 43.129255
    -102.108892 43.129258
    -102.108853 43.129956
    -102.108856 43.130494
    -102.108868 43.13211
    -102.108873 43.132649
    -102.10888 43.13363
    -102.108902 43.136573
    -102.10891 43.137554
    -102.108919 43.137974
    -102.108946 43.139234
    -102.108956 43.139655
    -102.108946 43.140463
    -102.108915 43.14289
    -102.108906 43.143699
    -102.109002 43.151567
    -102.1091 43.154315
    -102.109081 43.158146
    -102.109238 43.164804
    -102.109251 43.165822
    -102.109188 43.169389
    -102.109209 43.171065
    -102.10914 43.171746
    -102.109179 43.1727
    -102.109304 43.185084
    -102.109322 43.186082
    -102.10928 43.187289
    -102.109389 43.197907
    -102.109397 43.198675
    -102.109421 43.200982
    -102.109429 43.201751
    -102.109463 43.204683
    -102.10953 43.210338
    -102.109539 43.213482
    -102.109549 43.216354
    -102.109545 43.216416
    -102.109517 43.223621
    -102.109537 43.223877
    -102.10955 43.225414
    -102.109562 43.22695
    -102.109584 43.229688
    -102.109594 43.229944
    -102.109624 43.230712
    -102.109635 43.230969
    -102.109631 43.231019
    -102.109621 43.231169
    -102.109618 43.23122
    -102.109614 43.231752
    -102.109602 43.233352
    -102.109599 43.233885
    -102.109599 43.233973
    -102.109599 43.234237
    -102.1096 43.234325
    -102.1096 43.234419
    -102.1096 43.234704
    -102.1096 43.234799
    -102.109586 43.235485
    -102.109543 43.237543
    -102.10953 43.23823
    -102.109537 43.239112
    -102.109558 43.24176
    -102.109566 43.242643
    -102.109575 43.242697
    -102.109605 43.242862
    -102.109615 43.242917
    -102.109595 43.243432
    -102.109537 43.244978
    -102.109518 43.245494
    -102.109459 43.248402
    -102.109428 43.249991
    -102.109486 43.257129
    -102.109511 43.260039
    -102.109522 43.261404
    -102.109556 43.265499
    -102.109567 43.266751
    -102.109566 43.266864
    -102.109564 43.266999
    -102.109558 43.267406
    -102.109557 43.267542
    -102.109542 43.26868
    -102.109498 43.272096
    -102.109484 43.273235
    -102.109479 43.273327
    -102.109464 43.273603
    -102.109459 43.273695
    -102.109454 43.273799
    -102.109442 43.274114
    -102.109439 43.274219
    -102.109508 43.279336
    -102.10953 43.280953
    -102.109716 43.294689
    -102.109786 43.299807
    -102.109793 43.299907
    -102.109817 43.300209
    -102.109825 43.30031
    -102.109849 43.300613
    -102.109893 43.305958
    -102.109936 43.311081
    -102.109952 43.313055
    -102.11 43.318812
    -102.110034 43.322905
    -102.110081 43.328555
    -102.110081 43.328641
    -102.110084 43.3289
    -102.110085 43.328987
    -102.110089 43.329565
    -102.110104 43.331299
    -102.110109 43.331878
    -102.110109 43.331906
    -102.110109 43.331992
    -102.11011 43.332021
    -102.110128 43.332483
    -102.11014 43.332811
    -102.11014 43.33285
    -102.110143 43.335342
    -102.110145 43.336173
    -102.110153 43.336926
    -102.110178 43.339185
    -102.110187 43.339938
    -102.110186 43.340283
    -102.110183 43.341318
    -102.110183 43.341664
    -102.110199 43.342628
    -102.110247 43.345521
    -102.110263 43.346486
    -102.110267 43.346838
    -102.110279 43.347894
    -102.110284 43.348247
    -102.110304 43.350069
    -102.110308 43.350361
    -102.110365 43.355538
    -102.110386 43.357362
    -102.110394 43.358097
    -102.110407 43.35929
    -102.110418 43.360303
    -102.110427 43.361039
    -102.11043 43.361371
    -102.110441 43.36237
    -102.110445 43.362703
    -102.110451 43.363268
    -102.110469 43.364963
    -102.110476 43.365528
    -102.110483 43.366173
    -102.110504 43.368111
    -102.110512 43.368757
    -102.110515 43.36904
    -102.110524 43.369889
    -102.110528 43.370173
    -102.110533 43.370366
    -102.110548 43.370946
    -102.110554 43.37114
    -102.110592 43.372021
    -102.110707 43.374667
    -102.110722 43.374991
    -102.110726 43.37555
    -102.110731 43.375938
    -102.110746 43.377105
    -102.110751 43.377494
    -102.110764 43.379975
    -102.110805 43.38742
    -102.110819 43.389902
    -102.106851 43.38987
    -102.106841 43.38987
    -102.106192 43.389865
    -102.105402 43.389859
    -102.104554 43.389852
    -102.100982 43.389824
    -102.10098 43.389824
    -102.100789 43.389822
    -102.100577 43.389828
    -102.100472 43.389831
    -102.100431 43.389832
    -102.100391 43.389833
    -102.100365 43.389834
    -102.100358 43.389834
    -102.100348 43.389835
    -102.100154 43.389841
    -102.100138 43.389841
    -102.097556 43.389917
    -102.097549 43.389917
    -102.097374 43.389918
    -102.096942 43.389919
    -102.096867 43.389919
    -102.096836 43.389919
    -102.095522 43.389923
    -102.095516 43.389923
    -102.095093 43.389925
    -102.094548 43.389927
    -102.093759 43.389928
    -102.093735 43.389928
    -102.093637 43.389928
    -102.093361 43.389932
    -102.093186 43.389934
    -102.092928 43.38992
    -102.092181 43.389881
    -102.092068 43.389875
    -102.092053 43.389874
    -102.086594 43.389827
    -102.081908 43.389758
    -102.081848 43.389757
    -102.081844 43.389757
    -102.08168 43.389755
    -102.075802 43.389684
    -102.070678 43.389622
    -102.069571 43.389608
    -102.06848 43.389607
    -102.064903 43.389602
    -102.050019 43.38958
    -102.045367 43.389582
    -102.045358 43.389582
    -102.04507 43.389582
    -102.041052 43.389631
    -102.034277 43.389724
    -102.030894 43.38977
    -102.028158 43.389807
    -102.028149 43.389807
    -102.027823 43.389811
    -102.02774 43.389812
    -102.014977 43.389956
    -102.014958 43.389956
    -102.01442 43.389963
    -102.008768 43.390063
    -102.006976 43.390093
    -102.005596 43.390104
    -102.000776 43.390173
    -102.000406 43.390171
    -101.989671 43.389533
    -101.989587 43.389528
    -101.98958 43.389527
    -101.989572 43.389527
    -101.989491 43.389526
    -101.989479 43.389526
    -101.987239 43.38952
    -101.980564 43.3895
    -101.980129 43.389501
    -101.979929 43.389501
    -101.979922 43.389501
    -101.974845 43.389484
    -101.974708 43.389484
    -101.974703 43.389484
    -101.972561 43.389486
    -101.970418 43.389488
    -101.970393 43.389489
    -101.960909 43.389457
    -101.958702 43.389448
    -101.958467 43.389447
    -101.95846 43.389447
    -101.955719 43.389441
    -101.950554 43.389423
    -101.950278 43.389422
    -101.947501 43.389413
    -101.94343 43.389399
    -101.940689 43.389389
    -101.940515 43.389388
    -101.940509 43.389388
    -101.939403 43.389389
    -101.930589 43.389314
    -101.929484 43.389372
    -101.922414 43.389345
    -101.922182 43.389345
    -101.920877 43.389356
    -101.920583 43.389359
    -101.917023 43.389401
    -101.911007 43.389464
    -101.903359 43.389545
    -101.900596 43.389574
    -101.891887 43.389668
    -101.890522 43.38968
    -101.887872 43.389707
    -101.887308 43.389714
    -101.881496 43.389776
    -101.880993 43.389782
    -101.880752 43.389785
    -101.880749 43.389785
    -101.877453 43.389826
    -101.876218 43.389841
    -101.876079 43.389843
    -101.875958 43.389844
    -101.875952 43.389844
    -101.875724 43.389841
    -101.875427 43.389838
    -101.874347 43.389349
    -101.874162 43.389344
    -101.874152 43.389344
    -101.871724 43.389341
    -101.871233 43.389339
    -101.870964 43.389339
    -101.854961 43.389296
    -101.851413 43.389342
    -101.848567 43.389294
    -101.846449 43.389283
    -101.841563 43.389293
    -101.83526 43.389305
    -101.83499 43.389306
    -101.834986 43.389306
    -101.831642 43.389321
    -101.828204 43.389327
    -101.821857 43.389339
    -101.820864 43.389342
    -101.815338 43.389352
    -101.815213 43.389352
    -101.815206 43.389352
    -101.81244 43.389357
    -101.802061 43.389377
    -101.800471 43.389386
    -101.798435 43.389397
    -101.794872 43.389289
    -101.794711 43.389284
    -101.794654 43.389282
    -101.794647 43.389282
    -101.793387 43.389263
    -101.790368 43.389218
    -101.79024 43.389216
    -101.790237 43.389216
    -101.783797 43.389117
    -101.781932 43.389175
    -101.781646 43.389167
    -101.779547 43.389111
    -101.77616 43.389026
    -101.775914 43.389024
    -101.775912 43.389024
    -101.774158 43.389017
    -101.760491 43.388955
    -101.760296 43.388952
    -101.760288 43.388952
    -101.759312 43.388943
    -101.758327 43.388934
    -101.755224 43.388992
    -101.754182 43.389011
    -101.750757 43.389084
    -101.750408 43.389091
    -101.73904 43.388966
    -101.738946 43.388965
    -101.738939 43.388965
    -101.735382 43.388964
    -101.734605 43.388989
    -101.731786 43.389026
    -101.73061 43.389026
    -101.723637 43.38905
    -101.723636 43.38905
    -101.722524 43.389078
    -101.720487 43.389056
    -101.719439 43.389045
    -101.716942 43.389019
    -101.703342 43.388991
    -101.701095 43.388992
    -101.694906 43.388961
    -101.678266 43.388842
    -101.676732 43.388827
    -101.67673 43.388827
    -101.67633 43.388823
    -101.675426 43.388815
    -101.674224 43.388805
    -101.673835 43.38882
    -101.668062 43.388831
    -101.660842 43.388813
    -101.657371 43.388805
    -101.657342 43.388805
    -101.657192 43.388803
    -101.657106 43.388804
    -101.657017 43.388805
    -101.65644 43.388804
    -101.652292 43.388808
    -101.6432 43.388817
    -101.64296 43.388817
    -101.642954 43.388817
    -101.633473 43.388799
    -101.633117 43.388798
    -101.625426 43.388783
    -101.623309 43.388829
    -101.621345 43.388831
    -101.620026 43.388873
    -101.614922 43.38886
    -101.614765 43.38886
    -101.614761 43.38886
    -101.613234 43.388856
    -101.612571 43.388854
    -101.607417 43.388849
    -101.606412 43.38885
    -101.60126 43.38884
    -101.594894 43.388854
    -101.590129 43.388864
    -101.584018 43.388872
    -101.569938 43.388887
    -101.55743 43.388944
    -101.553357 43.388963
    -101.552827 43.38896
    -101.540752 43.388894
    -101.537904 43.388904
    -101.526673 43.388902
    -101.51533 43.388907
    -101.514879 43.388903
    -101.514813 43.388903
    -101.514641 43.388901
    -101.514632 43.388901
    -101.514429 43.388899
    -101.514039 43.388896
    -101.513943 43.388895
    -101.51389 43.388895
    -101.513872 43.388895
    -101.512899 43.388887
    -101.512765 43.388886
    -101.512761 43.388886
    -101.510705 43.388881
    -101.508356 43.3889
    -101.507221 43.388917
    -101.506973 43.388921
    -101.506971 43.388921
    -101.506003 43.388934
    -101.505784 43.388937
    -101.505781 43.388937
    -101.504091 43.388959
    -101.50382 43.38897
    -101.503813 43.38897
    -101.503453 43.388981
    -101.501998 43.389025
    -101.498469 43.389138
    -101.498315 43.389137
    -101.498312 43.389137
    -101.49355 43.38912
    -101.48488 43.389192
    -101.483511 43.389187
    -101.478722 43.389146
    -101.478181 43.389142
    -101.47366 43.389138
    -101.471443 43.389136
    -101.471432 43.389136
    -101.471243 43.389136
    -101.467024 43.389142
    -101.459278 43.389109
    -101.459274 43.389109
    -101.459061 43.38911
    -101.453751 43.389138
    -101.441396 43.389157
    -101.436297 43.389172
    -101.43629 43.389172
    -101.436166 43.389173
    -101.433792 43.389159
    -101.426505 43.389168
    -101.416183 43.38918
    -101.416181 43.38918
    -101.41595 43.38918
    -101.415459 43.389181
    -101.415446 43.389181
    -101.411641 43.389186
    -101.405041 43.389194
    -101.40503 43.389194
    -101.399701 43.3892
    -101.395926 43.389205
    -101.39131 43.38927
    -101.391226 43.389267
    -101.391214 43.389267
    -101.391148 43.389265
    -101.391139 43.389265
    -101.390607 43.389256
    -101.389317 43.389221
    -101.389235 43.389228
    -101.375757 43.389246
    -101.375503 43.389246
    -101.361674 43.389225
    -101.361114 43.389224
    -101.360999 43.389224
    -101.36082 43.389224
    -101.360075 43.389223
    -101.357563 43.389219
    -101.35746 43.389219
    -101.356126 43.389217
    -101.355421 43.389192
    -101.346875 43.389066
    -101.344266 43.389012
    -101.335869 43.388958
    -101.32628 43.388903
    -101.326007 43.388901
    -101.326001 43.388901
    -101.323098 43.388858
    -101.318206 43.388796
    -101.31669 43.388814
    -101.305654 43.388959
    -101.295233 43.389204
    -101.294936 43.389202
    -101.294924 43.389202
    -101.285104 43.389293
    -101.284786 43.389296
    -101.284684 43.389297
    -101.284643 43.389297
    -101.284616 43.389297
    -101.281617 43.389326
    -101.279758 43.389366
    -101.278133 43.389389
    -101.267599 43.389425
    -101.266978 43.389407
    -101.263708 43.389406
    -101.257811 43.3893
    -101.257389 43.3893
    -101.256892 43.389282
    -101.254855 43.389291
    -101.25469 43.389292
    -101.245265 43.389193
    -101.245033 43.389191
    -101.237004 43.389145
    -101.236937 43.389176
    -101.236827 43.389196
    -101.228179 43.389185
    -101.228195 43.387884
    -101.228244 43.383984
    -101.228245 43.383968
    -101.228238 43.382684
    -101.228239 43.382586
    -101.228242 43.382295
    -101.228244 43.382198
    -101.228243 43.382122
    -101.228243 43.381896
    -101.228243 43.381821
    -101.228242 43.381804
    -101.228241 43.381753
    -101.228241 43.381737
    -101.228241 43.380921
    -101.228244 43.378472
    -101.228245 43.377657
    -101.228249 43.37712
    -101.228262 43.375509
    -101.228267 43.374973
    -101.22824 43.374317
    -101.228162 43.372353
    -101.228137 43.371698
    -101.228141 43.370896
    -101.228154 43.368491
    -101.228159 43.36769
    -101.228157 43.367668
    -101.228156 43.367584
    -101.228153 43.367267
    -101.228153 43.367162
    -101.228142 43.365722
    -101.22811 43.361402
    -101.2281 43.359963
    -101.228097 43.359685
    -101.228095 43.359282
    -101.228091 43.358852
    -101.22809 43.358575
    -101.228081 43.357366
    -101.228055 43.353742
    -101.228055 43.353644
    -101.228048 43.352534
    -101.228055 43.351819
    -101.22808 43.349676
    -101.228086 43.349145
    -101.228102 43.348963
    -101.228109 43.348797
    -101.228127 43.348426
    -101.22812 43.348302
    -101.228112 43.348138
    -101.228102 43.347823
    -101.228101 43.347802
    -101.228089 43.346797
    -101.228086 43.346462
    -101.228081 43.346391
    -101.228091 43.346242
    -101.22814 43.345585
    -101.228157 43.345367
    -101.228157 43.34501
    -101.22816 43.343941
    -101.228161 43.343585
    -101.228159 43.336693
    -101.228157 43.31776
    -101.228156 43.316018
    -101.228156 43.309707
    -101.228155 43.309127
    -101.228154 43.307722
    -101.228152 43.306611
    -101.228146 43.299065
    -101.228144 43.29655
    -101.228138 43.293287
    -101.228134 43.290791
    -101.228126 43.285472
    -101.228122 43.283501
    -101.228117 43.280239
    -101.228116 43.279356
    -101.228114 43.276708
    -101.228114 43.275826
    -101.228112 43.274692
    -101.228108 43.271292
    -101.228107 43.270159
    -101.228077 43.266993
    -101.227987 43.257497
    -101.227958 43.254332
    -101.22792 43.25281
    -101.227808 43.248244
    -101.227771 43.246722
    -101.22778 43.246105
    -101.227808 43.244257
    -101.227818 43.243641
    -101.227833 43.241208
    -101.22788 43.233911
    -101.227896 43.231479
    -101.227912 43.231202
    -101.227961 43.230373
    -101.227978 43.230097
    -101.227977 43.229944
    -101.227977 43.229488
    -101.227977 43.229336
    -101.227973 43.229228
    -101.227961 43.228905
    -101.227958 43.228798
    -101.227958 43.228688
    -101.227958 43.228359
    -101.227958 43.22825
    -101.227946 43.225392
    -101.227911 43.216818
    -101.2279 43.21396
    -101.2279 43.213512
    -101.2279 43.212449
    -101.2279 43.207919
    -101.227901 43.206409
    -101.227901 43.203984
    -101.227903 43.196712
    -101.227904 43.194288
    -101.227904 43.189696
    -101.227907 43.175921
    -101.227908 43.17133
    -101.227902 43.168433
    -101.227895 43.164691
    -101.227902 43.159742
    -101.227907 43.156845
    -101.227907 43.15634
    -101.227907 43.154828
    -101.227907 43.154324
    -101.227907 43.153642
    -101.227907 43.151598
    -101.227907 43.150917
    -101.227904 43.149209
    -101.227897 43.144085
    -101.227895 43.142378
    -101.2279 43.142076
    -101.227917 43.141171
    -101.227923 43.14087
    -101.227927 43.138322
    -101.227941 43.130678
    -101.227946 43.128131
    -101.227946 43.125847
    -101.227946 43.118995
    -101.227947 43.116712
    -101.227938 43.114815
    -101.227916 43.109579
    -101.22794 43.109125
    -101.228044 43.107232
    -101.228032 43.105806
    -101.227996 43.101531
    -101.227985 43.100106
    -101.227983 43.099142
    -101.227979 43.09625
    -101.227978 43.095287
    -101.228002 43.080212
    -101.228073 43.034988
    -101.228098 43.019914
    -101.228076 43.015973
    -101.228038 43.009082
    -101.227834 43.004156
    -101.227749 43.002087
    -101.227874 43.000222
    -101.22792 42.999804
    -101.228062 42.99855
    -101.228109 42.998133
    -101.22811 42.998127
    -101.228188 42.998114
    -101.229143 42.997873
    -101.22922 42.997854
    -101.229308 42.997824
    -101.229318 42.997821
    -101.229554 42.997759
    -101.229766 42.997737
    -101.229943 42.997728
    -101.230299 42.997856
    -101.230349 42.997873
    -101.230362 42.997878
    -101.230381 42.997884
    -101.230391 42.997887
    -101.230404 42.997891
    -101.232873 42.9979
    -101.238411 42.997691
    -101.239768 42.997644
    -101.241725 42.997643
    -101.244367 42.997679
    -101.247463 42.997644
    -101.249605 42.99771
    -101.251019 42.997644
    -101.265749 42.997661
    -101.336704 42.997496
    -101.352041 42.997461
    -101.366252 42.997428
    -101.372831 42.997503
    -101.376809 42.997538
    -101.425417 42.99719
    -101.426418 42.997185
    -101.435929 42.997139
    -101.446815 42.997087
    -101.478662 42.997154
    -101.495564 42.997076
    -101.51424 42.997054
    -101.528529 42.99699
    -101.559341 42.996851
    -101.569354 42.996806
    -101.570458 42.996802
    -101.578537 42.996719
    -101.584191 42.996661
    -101.613435 42.996417
    -101.633007 42.996255
    -101.713763 42.996534
    -101.713827 42.996534
    -101.713906 42.996533
END
END
