06015 Del Norte County
1
    -13838806.3966 5120380.01613
    -13840420.0839 5121185.96237
    -13842063.9388 5122796.11868
    -13842833.4905 5123571.23251
    -13842842.2847 5123580.1851
    -13843245.2613 5123937.40049
    -13843807.4247 5124492.34922
    -13844305.0228 5125047.03164
    -13844714.6785 5125605.32799
    -13844802.5096 5125611.89462
    -13845126.672 5125688.30665
    -13845331.1659 5125749.19793
    -13845495.2508 5125786.80744
    -13845495.1395 5125927.24742
    -13846404.8424 5126324.99777
    -13847260.2213 5126943.37194
    -13848090.1081 5127762.11123
    -13848780.8456 5128550.16728
    -13849342.1184 5129322.16386
    -13849729.2876 5130022.70274
    -13849947.2512 5130606.82296
    -13850095.6401 5131069.87406
    -13850637.766 5131620.90569
    -13851393.514 5132519.79748
    -13852044.5104 5133543.64237
    -13852475.9848 5134727.13749
    -13852541.4406 5135118.23244
    -13852643.5206 5135728.06175
    -13852676.1372 5136854.00264
    -13852343.9598 5138435.11559
    -13852042.5067 5139509.06469
    -13851586.6533 5140466.39491
    -13851050.9839 5141342.94807
    -13850630.6416 5141868.41028
    -13850220.5405 5142249.03338
    -13849404.4574 5143328.34528
    -13848282.9135 5143856.45864
    -13846896.8745 5144032.30354
    -13845495.8074 5144067.44301
    -13845495.8074 5144060.71416
    -13845193.7976 5144050.09755
    -13845034.1655 5144029.61202
    -13844270.6251 5144002.99584
    -13843308.4907 5143790.21859
    -13842316.7454 5143492.51783
    -13841311.0851 5142989.39323
    -13840684.4677 5142572.41048
    -13840362.1978 5142249.33238
    -13840356.1865 5142242.60482
    -13840350.1753 5142236.02676
    -13838341.415 5139849.98582
    -13837510.749 5140053.40838
    -13836790.5119 5140131.28106
    -13836305.7155 5140094.21298
    -13835815.9098 5140052.06317
    -13835346.3641 5139954.46167
    -13834902.3107 5141654.9331
    -13834747.2426 5142248.88388
    -13834817.3739 5142248.88388
    -13834867.8017 5142248.88388
    -13834748.3558 5143065.19663
    -13834544.4185 5144681.43252
    -13834382.894 5145847.31374
    -13834354.3962 5146468.14822
    -13834860.2319 5147060.45386
    -13835419.3897 5147943.59594
    -13835892.7202 5149011.88221
    -13836115.3592 5150274.80134
    -13836086.5274 5151449.14735
    -13836082.9652 5151597.14795
    -13836081.6294 5151605.52823
    -13835891.2731 5152808.92368
    -13835656.1663 5153760.25375
    -13835317.1984 5154515.57799
    -13835596.0538 5155584.00138
    -13835741.2144 5156421.36848
    -13836411.0238 5157305.67682
    -13837144.5079 5158430.87033
    -13837539.8034 5159289.30527
    -13837791.3854 5159916.85634
    -13839009.8886 5160176.12637
    -13840048.6108 5160640.01414
    -13840162.1566 5160690.79303
    -13840222.6031 5160729.88846
    -13831580.4258 5160731.23658
    -13831580.3145 5160734.08261
    -13829579.9032 5160741.57218
    -13827857.7907 5160746.5153
    -13827776.1935 5160746.81488
    -13827579.2693 5160747.41405
    -13827215.8112 5160748.61238
    -13827172.6192 5160748.76217
    -13826949.201 5160743.51947
    -13826804.3743 5160739.92447
    -13826802.8159 5160739.92447
    -13825719.1206 5160714.90935
    -13825714.4452 5160714.75955
    -13825553.6999 5160711.16457
    -13825542.4566 5160710.86499
    -13825541.566 5160710.86499
    -13825540.2302 5160710.7152
    -13825538.783 5160710.7152
    -13825537.6699 5160710.7152
    -13825534.5529 5160710.7152
    -13825529.7662 5160710.56541
    -13825524.5342 5160710.41562
    -13825523.7549 5160710.41562
    -13825510.0626 5160710.11603
    -13825496.259 5160709.81645
    -13825114.8784 5160700.97879
    -13825104.3031 5160700.829
    -13825098.1805 5160700.67921
    -13825094.173 5160700.67921
    -13825084.0429 5160700.52942
    -13825068.5695 5160700.22984
    -13824626.1859 5160689.44491
    -13824431.0428 5160684.95119
    -13823832.4779 5160671.02069
    -13823519.8928 5160663.83075
    -13823439.0748 5160662.03327
    -13822318.7555 5160636.11961
    -13821679.8929 5160621.44022
    -13819937.6315 5160581.29671
    -13819914.3658 5160580.69756
    -13819529.2003 5160573.95706
    -13819377.6945 5160568.41488
    -13817127.1484 5160532.31587
    -13817123.2522 5160532.31587
    -13817099.3185 5160532.46566
    -13816840.0554 5160534.11333
    -13816588.362 5160535.761
    -13815256.0904 5160544.14914
    -13815196.6458 5160541.15338
    -13815058.6096 5160533.96354
    -13815044.2494 5160514.04174
    -13815030.6684 5160501.60936
    -13815014.7497 5160492.32253
    -13814988.033 5160483.93443
    -13814971.5577 5160483.03571
    -13814955.5277 5160487.22975
    -13814949.6278 5160491.87317
    -13814939.6091 5160498.31403
    -13814928.1431 5160501.30978
    -13814894.5247 5160497.86467
    -13814859.5703 5160495.61785
    -13814827.2877 5160498.91318
    -13814814.8199 5160497.86467
    -13814801.1276 5160494.26976
    -13814790.6636 5160486.93018
    -13813409.3 5160501.30978
    -13813395.4964 5160498.76339
    -13813386.0342 5160493.97019
    -13813373.0099 5160483.03571
    -13813355.978 5160477.64336
    -13813343.7328 5160476.29528
    -13813329.0387 5160477.94294
    -13813074.117 5160479.44081
    -13813072.002 5160479.44081
    -13812459.5221 5160470.00422
    -13812457.2957 5160469.85443
    -13812455.9599 5160469.85443
    -13812219.1833 5160466.10975
    -13811137.1579 5160449.18383
    -13810057.1362 5160432.25793
    -13810041.4401 5160431.95836
    -13808803.1221 5160437.0511
    -13808717.9627 5160437.0511
    -13807300.309 5160421.4733
    -13805362.4593 5160410.83848
    -13803748.5493 5160402.0011
    -13803532.4782 5160403.19938
    -13800092.4833 5160417.87843
    -13800063.4289 5160417.42907
    -13800035.0424 5160417.57886
    -13799990.0694 5160417.87843
    -13799975.2639 5160417.87843
    -13799964.4659 5160417.87843
    -13798045.9858 5160415.03249
    -13797185.3748 5160413.8342
    -13797112.0152 5160413.53463
    -13796537.2727 5160414.43335
    -13795673.4335 5160415.18228
    -13794043.0482 5160414.73292
    -13793801.7075 5160414.73292
    -13793384.3708 5160413.38484
    -13792080.2629 5160409.4904
    -13791946.3456 5160408.59168
    -13791736.8423 5160408.29211
    -13790848.7354 5160383.42764
    -13790832.4828 5160383.72721
    -13790706.0238 5160386.12379
    -13790700.6805 5160386.27357
    -13789831.9432 5160403.0496
    -13789357.4995 5160391.51608
    -13789272.8967 5160391.66586
    -13789208.6654 5160391.66586
    -13788711.0672 5160392.41479
    -13787600.21 5160393.76287
    -13785940.1025 5160396.30923
    -13785160.5321 5160397.80709
    -13784295.5796 5160339.39072
    -13783743.2123 5160301.34538
    -13783628.9985 5160293.70638
    -13783460.5721 5160282.0232
    -13783448.1043 5160281.1245
    -13783318.1945 5160272.73659
    -13783163.1264 5160261.80236
    -13783140.4173 5160260.30452
    -13782910.4312 5160244.8768
    -13782794.2137 5160250.86814
    -13782772.5064 5160251.76684
    -13781892.0805 5160286.06738
    -13781874.9373 5160286.8163
    -13781828.4058 5160288.61371
    -13781823.0624 5160288.91328
    -13781461.3854 5160302.84323
    -13780906.2351 5160324.71179
    -13780664.0039 5160334.14824
    -13780645.8588 5160334.89717
    -13780375.5751 5160345.38213
    -13780363.1073 5160346.58041
    -13780262.5858 5160355.71731
    -13780229.9692 5160367.55036
    -13780219.0599 5160372.79286
    -13780195.7941 5160382.37914
    -13780161.2851 5160396.90837
    -13780060.5409 5160399.45473
    -13779936.0857 5160402.60024
    -13778569.0824 5160436.90131
    -13778545.7053 5160437.65025
    -13777608.8405 5160466.10975
    -13777566.873 5160467.15826
    -13776268.8877 5160495.46807
    -13776237.7183 5160496.06722
    -13775918.454 5160503.40681
    -13774135.6723 5160515.38983
    -13773966.578 5160516.58813
    -13773951.8839 5160516.88771
    -13773851.251 5160519.28432
    -13773356.2133 5160531.26736
    -13772619.3896 5160504.90468
    -13772606.5878 5160504.45532
    -13772297.1196 5160493.37104
    -13772267.62 5160492.47232
    -13766584.092 5160291.45961
    -13766570.845 5160291.16004
    -13765434.273 5160251.01793
    -13763600.0618 5160606.01192
    -13762610.8768 5160797.74412
    -13762604.9768 5160798.79267
    -13762164.5969 5160877.13437
    -13762159.2536 5160878.18293
    -13762003.0724 5160908.14168
    -13761928.2657 5160902.00013
    -13761915.4639 5160908.14168
    -13761822.4008 5160955.02733
    -13761751.7129 5160955.17713
    -13761719.9869 5160955.17713
    -13761675.2365 5160955.32692
    -13761582.6186 5160955.02733
    -13761569.7056 5160955.02733
    -13761323.8008 5160954.87754
    -13761030.2513 5160955.02733
    -13760907.5773 5160955.02733
    -13760893.6623 5160955.02733
    -13760835.3309 5160955.02733
    -13760270.4958 5160955.32692
    -13760231.4227 5160955.02733
    -13760214.1681 5160955.02733
    -13760199.5853 5160955.02733
    -13759427.6959 5160993.22507
    -13758310.1596 5160995.02262
    -13758156.65 5160994.57323
    -13757543.3909 5160990.97814
    -13756661.4066 5160990.82835
    -13756204.3288 5160999.81607
    -13756150.0049 5161002.3626
    -13755961.207 5160995.02262
    -13755944.6204 5160996.82016
    -13755824.8406 5161006.40707
    -13755780.9807 5161010.30176
    -13755761.0546 5161012.54869
    -13755687.1384 5161012.2491
    -13755674.7819 5161012.2491
    -13755282.3807 5161010.75115
    -13754380.0249 5161014.19645
    -13753822.9822 5161015.994
    -13753808.0654 5161016.29359
    -13753428.132 5161023.18419
    -13753353.6592 5161024.68215
    -13752926.6377 5161046.25278
    -13752899.8097 5161047.60095
    -13752866.9704 5161049.2487
    -13752830.7916 5161051.34585
    -13751955.1525 5161090.14317
    -13751903.3889 5161092.24033
    -13751874.1119 5161093.4387
    -13751315.5107 5161117.25644
    -13751291.1317 5161118.15523
    -13750767.3735 5161136.28072
    -13750281.3526 5161114.2605
    -13750072.5173 5161109.76658
    -13749950.5111 5161107.36983
    -13749952.9601 5161072.16756
    -13749963.4242 5161054.64137
    -13749973.4429 5161037.56461
    -13749976.8938 5161031.57276
    -13749977.3391 5161030.82378
    -13749977.7844 5161029.92501
    -13749978.6749 5161028.42705
    -13749980.79 5161024.83195
    -13749995.8181 5160999.06709
    -13750021.3103 5160955.32692
    -13750084.5398 5160855.71392
    -13750133.5203 5160802.53748
    -13750209.9968 5160715.50851
    -13750227.8079 5160653.94461
    -13750235.9343 5160499.51233
    -13750197.4177 5160358.56323
    -13750155.4503 5160334.5976
    -13750135.0788 5160328.6062
    -13750150.5522 5160292.5081
    -13750167.2501 5160255.06209
    -13750282.0205 5160202.7877
    -13750395.6777 5160168.63725
    -13750445.9941 5160139.5795
    -13750498.5369 5160071.8783
    -13750771.1584 5159928.53907
    -13750913.7586 5159889.44692
    -13750942.1451 5159886.15181
    -13750945.4847 5159885.70247
    -13750955.5035 5159884.50425
    -13751020.0688 5159870.87446
    -13751041.2195 5159861.73803
    -13751042.6666 5159861.13892
    -13751084.4114 5159843.3154
    -13751125.1544 5159820.24973
    -13751174.0236 5159771.8719
    -13751257.2906 5159722.29611
    -13751347.4594 5159670.92329
    -13751440.7451 5159643.06526
    -13751570.2097 5159630.48424
    -13751663.3841 5159634.97746
    -13751723.274 5159637.22407
    -13751771.03 5159621.34803
    -13751840.716 5159555.74733
    -13751918.6397 5159485.05484
    -13751992.2219 5159422.75003
    -13752178.682 5159271.48283
    -13752250.1491 5159218.31522
    -13752338.8708 5159123.51288
    -13752397.4248 5159042.34006
    -13752459.7637 5158936.75652
    -13752490.0426 5158847.19863
    -13752513.865 5158779.65637
    -13752516.2027 5158716.45761
    -13752441.73 5158593.80529
    -13752369.8176 5158559.06157
    -13752239.1285 5158434.16495
    -13752194.6007 5158380.10349
    -13752167.1048 5158344.01276
    -13752172.6708 5158145.14186
    -13752170.1104 5158071.61459
    -13752176.0104 5158013.66172
    -13752193.8215 5157946.12536
    -13752187.6989 5157873.79759
    -13752127.6977 5157800.72165
    -13752058.2343 5157747.86173
    -13752035.4138 5157721.35701
    -13752030.5158 5157681.67494
    -13752017.2688 5157612.94299
    -13751996.786 5157582.99459
    -13751983.205 5157357.63585
    -13751972.2957 5157311.81605
    -13751945.6903 5157181.84475
    -13751937.23 5157103.53341
    -13751951.3676 5157022.67725
    -13751981.0899 5156919.06258
    -13752029.9592 5156825.93012
    -13752069.1436 5156694.46816
    -13752092.8547 5156579.92705
    -13752095.1924 5156559.4146
    -13752079.4964 5156490.69074
    -13752074.8209 5156444.42594
    -13752074.7096 5156443.07842
    -13752071.0361 5156406.39614
    -13752068.4757 5156352.19645
    -13752009.699 5156265.65725
    -13751894.5947 5156146.77943
    -13751864.5384 5156069.67433
    -13751799.6392 5155948.25377
    -13751737.1889 5155829.08048
    -13751722.7174 5155798.98796
    -13751706.91 5155672.48065
    -13751698.4497 5155590.58864
    -13751669.5067 5155519.62612
    -13751655.0351 5155432.94477
    -13751633.2165 5155284.73496
    -13751616.1846 5155177.54627
    -13751614.8488 5155090.71832
    -13751627.7619 5154958.23237
    -13751640.6749 5154871.40643
    -13751660.9351 5154803.74261
    -13751672.6236 5154694.16418
    -13751690.4347 5154577.10228
    -13751693.7743 5154460.1915
    -13751689.9895 5154356.60466
    -13751663.4954 5154298.82405
    -13751658.5974 5154266.34132
    -13751668.1708 5154224.12891
    -13751720.7136 5154182.9645
    -13751805.4278 5154083.87128
    -13751888.9174 5153961.87726
    -13751997.4539 5153798.87173
    -13752073.7077 5153658.77003
    -13752148.8484 5153542.91825
    -13752207.2911 5153486.04064
    -13752277.7564 5153418.23697
    -13752312.3767 5153357.91756
    -13752347.999 5153255.3904
    -13752383.6212 5153152.86435
    -13752443.1771 5153020.10597
    -13752492.0464 5152903.0646
    -13752568.1889 5152758.18674
    -13752637.4296 5152647.13516
    -13752762.6641 5152511.6899
    -13752873.6496 5152407.67522
    -13752936.9904 5152344.81799
    -13752955.9147 5152285.70263
    -13752936.6564 5152223.14551
    -13752901.8134 5152147.41903
    -13752878.9929 5152077.5297
    -13752872.8704 5152020.96012
    -13752922.9641 5151942.54148
    -13752994.5426 5151871.15713
    -13753055.4343 5151840.77779
    -13753189.3517 5151804.11319
    -13753263.3791 5151761.76202
    -13753280.0771 5151725.54668
    -13753284.7525 5151676.16235
    -13753270.0583 5151549.70969
    -13753262.5999 5151418.47006
    -13753275.513 5151290.67403
    -13753302.8976 5151218.24706
    -13753342.082 5151107.36304
    -13753394.5135 5150997.52777
    -13753493.4765 5150880.21193
    -13753640.3069 5150752.12384
    -13753741.719 5150679.40169
    -13753813.4087 5150644.23789
    -13753919.7189 5150581.093
    -13753996.1953 5150533.95906
    -13754011.6688 5150507.32474
    -13753997.1972 5150470.06675
    -13753928.7357 5150353.50553
    -13753912.9284 5150224.67638
    -13753887.5475 5150101.83393
    -13753937.53 5150008.91762
    -13753974.488 5149943.83185
    -13754010.1103 5149855.70492
    -13754036.2704 5149770.12234
    -13754044.3967 5149643.54532
    -13754047.7363 5149534.02612
    -13754064.9908 5149250.95774
    -13754057.5324 5149116.00949
    -13754042.9495 5149012.48064
    -13754046.2891 5148889.6538
    -13754042.2816 5148736.75827
    -13754024.3592 5148706.68811
    -13753983.5049 5148628.59589
    -13753957.0109 5148545.56751
    -13753940.0903 5148489.01887
    -13753908.8095 5148369.93869
    -13753907.3624 5148289.30609
    -13753920.3868 5148203.73755
    -13753939.3111 5148124.15351
    -13753972.7069 5148066.26103
    -13754026.3629 5148016.59644
    -13754112.1903 5147940.45454
    -13754173.082 5147874.03657
    -13754232.6379 5147800.28922
    -13754294.6429 5147706.19861
    -13754344.6254 5147625.27244
    -13754374.3477 5147528.79021
    -13754408.7454 5147421.53901
    -13754455.1656 5147327.45212
    -13754477.6521 5147249.07203
    -13754523.9611 5147128.51153
    -13754534.5364 5147017.675
    -13754559.472 5146935.70765
    -13754579.7321 5146904.29699
    -13754646.5238 5146870.34368
    -13754731.3493 5146820.68531
    -13754827.9746 5146780.59982
    -13754904.4511 5146747.69396
    -13754959.2203 5146668.12205
    -13754984.2671 5146615.02463
    -13755029.5742 5146577.48268
    -13755127.424 5146526.47972
    -13755242.0831 5146481.45974
    -13755346.0555 5146482.35714
    -13755443.0148 5146504.79233
    -13755512.3668 5146516.60821
    -13755661.8689 5146517.20648
    -13755765.9526 5146564.91888
    -13755849.7762 5146615.1742
    -13755946.6241 5146631.62689
    -13756127.1844 5146644.19078
    -13756227.4832 5146628.18678
    -13756325.4444 5146580.77321
    -13756484.186 5146489.83553
    -13756635.9144 5146457.97764
    -13756700.4797 5146478.16925
    -13756757.9206 5146522.44138
    -13756785.5278 5146548.76544
    -13756834.6197 5146566.71371
    -13756880.0381 5146591.84134
    -13756942.2657 5146616.81947
    -13757004.4933 5146634.61829
    -13757088.2055 5146641.49852
    -13757223.2361 5146644.48992
    -13757480.2728 5146666.3272
    -13757616.6391 5146685.02355
    -13757780.5014 5146712.09592
    -13757925.2168 5146745.15123
    -13758048.4474 5146775.96308
    -13758135.7219 5146791.21947
    -13758240.9188 5146802.88613
    -13758317.618 5146848.20678
    -13758354.91 5146928.82721
    -13758363.3703 5146956.49857
    -13758377.7305 5146946.77619
    -13758379.9569 5146892.6302
    -13758401.2189 5146790.17246
    -13758436.8412 5146711.6472
    -13758468.9012 5146657.35297
    -13758487.8255 5146574.19216
    -13758531.7967 5146469.34476
    -13758575.6566 5146353.58021
    -13758620.9636 5146278.64809
    -13758695.9929 5146195.34101
    -13758754.4357 5146151.66865
    -13758820.1142 5146115.32502
    -13758905.9415 5146057.1456
    -13758957.1485 5145987.15128
    -13758986.8708 5145918.35394
    -13759022.6043 5145862.7182
    -13759034.2929 5145772.38559
    -13759028.059 5145683.39983
    -13758989.4311 5145557.17607
    -13758952.2504 5145507.97319
    -13758913.8452 5145449.0497
    -13758881.4512 5145387.88332
    -13758808.0917 5145212.46211
    -13758797.071 5145140.23078
    -13758825.6801 5145116.00424
    -13758880.5606 5145072.48636
    -13758901.934 5145043.47455
    -13758917.2961 5144973.63721
    -13758958.9296 5144874.63953
    -13759010.0252 5144799.86856
    -13759061.3435 5144759.94109
    -13759129.3597 5144734.36966
    -13759173.5535 5144726.89265
    -13759263.0544 5144663.93642
    -13759290.3277 5144607.26121
    -13759328.2876 5144507.07104
    -13759366.3589 5144439.48065
    -13759445.0618 5144380.26469
    -13759503.5045 5144340.18945
    -13759551.2606 5144295.47883
    -13759623.9522 5144231.32919
    -13759635.7521 5144185.57236
    -13759617.607 5144109.76006
    -13759572.9679 5143971.59482
    -13759552.3738 5143853.76716
    -13759547.3644 5143777.9575
    -13759564.9529 5143643.08656
    -13759602.8015 5143503.28334
    -13759634.7502 5143414.01967
    -13759669.0366 5143297.096
    -13759715.3455 5143188.54666
    -13759790.4862 5143136.51518
    -13759888.4473 5143125.30154
    -13759987.7443 5143159.69009
    -13760130.0106 5143184.36021
    -13760220.736 5143175.53876
    -13760491.9103 5143152.66285
    -13760632.9521 5143153.26091
    -13760747.7225 5143191.23795
    -13760885.3134 5143245.81152
    -13760987.0594 5143291.11529
    -13761078.0074 5143355.70718
    -13761188.2137 5143428.67261
    -13761284.0598 5143495.65777
    -13761378.6813 5143589.10882
    -13761456.605 5143662.07604
    -13761506.9214 5143729.36188
    -13761541.8757 5143801.43301
    -13761614.1221 5143938.25004
    -13761665.663 5144019.89262
    -13761705.5154 5144126.80656
    -13761728.4472 5144202.619
    -13761769.1901 5144262.58152
    -13761812.2708 5144281.57223
    -13761862.4758 5144271.70304
    -13761898.3207 5144258.3946
    -13761929.2675 5144247.32918
    -13761963.8879 5144240.00207
    -13762002.961 5144234.76844
    -13762025.8929 5144239.85254
    -13762087.0073 5144246.73104
    -13762124.2993 5144245.98338
    -13762168.8271 5144238.05815
    -13762225.2661 5144233.87124
    -13762405.715 5144203.51619
    -13762464.4916 5144206.65636
    -13762519.7061 5144202.46946
    -13762578.7054 5144189.90878
    -13762653.0669 5144200.37602
    -13762720.1925 5144209.647
    -13762762.16 5144208.89934
    -13762833.1818 5144188.1144
    -13762930.5864 5144173.60983
    -13762986.0235 5144154.9184
    -13763057.0453 5144145.04934
    -13763125.3955 5144151.77825
    -13763191.1853 5144174.20795
    -13763255.6393 5144209.94607
    -13763276.6787 5144260.78713
    -13763308.4047 5144322.69396
    -13763341.4666 5144369.94679
    -13763348.1458 5144423.03174
    -13763369.2965 5144465.49991
    -13763439.5391 5144524.11825
    -13763465.8105 5144551.03496
    -13763475.1613 5144560.7549
    -13763527.8154 5144569.72716
    -13763573.4564 5144575.11052
    -13763672.3081 5144530.54834
    -13763785.7427 5144477.61234
    -13763854.8721 5144419.44289
    -13763878.6945 5144322.09583
    -13763868.1191 5144299.06764
    -13763879.1397 5144276.33857
    -13763865.5588 5144202.76853
    -13763878.5831 5144108.86288
    -13763892.4981 5144046.35931
    -13763943.4824 5143994.02411
    -13763983.3348 5143970.39859
    -13764047.5661 5143796.49866
    -13764037.3247 5143748.202
    -13764037.8813 5143696.31699
    -13764063.1509 5143654.00177
    -13764064.3754 5143652.05796
    -13764124.7105 5143551.57877
    -13764190.2777 5143483.6961
    -13764242.0413 5143468.74403
    -13764296.2539 5143453.64247
    -13764327.646 5143435.99909
    -13764407.462 5143374.24752
    -13764643.5707 5143197.51763
    -13764680.0835 5143152.21431
    -13764685.2042 5143119.76948
    -13764691.6607 5143083.73641
    -13764744.2035 5142997.61645
    -13764835.1515 5142909.5536
    -13764876.2284 5142884.73468
    -13764912.5186 5142859.76631
    -13764912.7412 5142840.62892
    -13764899.6055 5142825.97688
    -13764837.4892 5142802.35425
    -13764801.7557 5142777.83463
    -13764730.1772 5142737.31758
    -13764645.0178 5142726.70244
    -13764563.3093 5142728.04802
    -13764504.5326 5142717.73191
    -13764415.0318 5142672.13184
    -13764337.5534 5142625.48544
    -13764286.4578 5142576.74617
    -13764265.4184 5142519.78433
    -13764279.1107 5142479.11887
    -13764351.5797 5142430.52986
    -13764450.5427 5142388.36974
    -13764505.0892 5142333.50207
    -13764605.2768 5142278.1862
    -13764612.8465 5142249.18288
    -13764735.9659 5142125.54598
    -13764785.0578 5142049.75003
    -13764810.3273 5141960.79893
    -13764715.817 5141777.81644
    -13764676.4099 5141644.16967
    -13764724.5 5141508.28242
    -13764765.2429 5141402.44419
    -13764778.4899 5141320.67449
    -13764761.9033 5141153.40009
    -13764805.0953 5141027.08668
    -13764877.119 5140908.09949
    -13764908.3997 5140858.77106
    -13764882.1283 5140665.04733
    -13764849.957 5140471.32753
    -13764823.7969 5140289.71879
    -13764765.2429 5140206.61339
    -13764712.7001 5140142.93959
    -13764650.4725 5140103.18105
    -13764582.2336 5140124.70445
    -13764596.7052 5140078.96729
    -13764658.9328 5140026.2054
    -13764730.8452 5139949.23038
    -13764917.6393 5139845.95029
    -13765087.7354 5139759.41111
    -13765213.4152 5139735.49714
    -13765266.1806 5139670.63079
    -13765427.8165 5139590.22105
    -13765682.8494 5139505.02931
    -13765879.1057 5139473.79253
    -13765938.9956 5139503.9831
    -13765988.0875 5139421.03399
    -13766060.1112 5139223.7525
    -13766072.245 5139006.14976
    -13766042.4114 5138897.7986
    -13766175.3269 5138819.78652
    -13766278.2974 5138716.36919
    -13766323.9384 5138551.6809
    -13766408.9865 5138444.67987
    -13766479.6744 5138372.49968
    -13766583.8694 5138183.75778
    -13766649.7705 5138070.78342
    -13766744.3921 5138029.98745
    -13766816.1932 5137948.2466
    -13766949.1087 5137850.96543
    -13767030.4832 5137787.1579
    -13766989.9629 5137645.34829
    -13766968.5896 5137461.25297
    -13766994.9723 5137297.78169
    -13766968.8122 5137136.55453
    -13766964.1368 5137064.38422
    -13766928.2919 5137000.73135
    -13766978.6083 5136869.69145
    -13766967.9216 5136726.55071
    -13766972.8197 5136619.5701
    -13766966.9198 5136475.23782
    -13766968.2556 5136359.74368
    -13767074.7884 5136281.75231
    -13767255.4599 5136295.04965
    -13767363.1058 5136332.40181
    -13767469.416 5136417.8641
    -13767617.6935 5136579.07915
    -13767707.417 5136593.5722
    -13767817.512 5136601.93933
    -13767906.011 5136571.90734
    -13768026.904 5136618.97245
    -13768203.902 5136601.04285
    -13768318.895 5136614.34063
    -13768335.7042 5136526.48599
    -13768431.439 5136497.64952
    -13768508.0268 5136448.49326
    -13768616.8973 5136462.8367
    -13768719.7565 5136467.76727
    -13768949.5199 5136437.58628
    -13769137.4272 5136383.64921
    -13769355.1681 5136314.02453
    -13769557.4356 5136220.19635
    -13769665.0816 5136166.26051
    -13769775.1766 5136030.3017
    -13769972.7687 5135794.69415
    -13770246.7259 5135668.60093
    -13770511.221 5135507.55063
    -13770630.7782 5135471.54625
    -13770640.463 5135416.27008
    -13770563.8752 5135311.54502
    -13770511.3324 5135124.05865
    -13770455.116 5135026.65683
    -13770456.4519 5134807.80512
    -13770455.3387 5134634.66933
    -13770451.7764 5134456.75652
    -13770506.8796 5134301.70171
    -13770536.8245 5134183.84381
    -13770595.4899 5134109.45517
    -13770559.645 5134016.8436
    -13770478.3818 5133920.64802
    -13770385.0961 5133811.15951
    -13770273.8879 5133688.52789
    -13770189.0624 5133612.79879
    -13770128.0594 5133605.77857
    -13770060.3771 5133623.70255
    -13770021.4153 5133634.30759
    -13769982.1195 5133645.36074
    -13769854.2134 5133640.43163
    -13769750.241 5133582.92555
    -13769673.2079 5133508.8403
    -13769594.839 5133403.8374
    -13769521.8134 5133249.54646
    -13769546.8603 5133128.26627
    -13769487.3044 5132951.27761
    -13769438.4351 5132788.33146
    -13769341.6985 5132664.36878
    -13769241.177 5132593.27766
    -13769316.6516 5132471.55774
    -13769350.0474 5132366.11818
    -13769345.2607 5132352.37827
    -13769290.3802 5132193.02658
    -13769234.2752 5132090.87563
    -13769154.1251 5132035.61899
    -13769147.446 5132000.8224
    -13769131.5273 5131916.59428
    -13769111.2671 5131808.47275
    -13769100.5805 5131649.72746
    -13769103.0295 5131539.21959
    -13769040.9132 5131465.89683
    -13768984.5855 5131386.45204
    -13768935.605 5131321.6423
    -13768826.8458 5131304.76794
    -13768764.6182 5131263.85149
    -13768720.4244 5131227.71375
    -13768691.8153 5131164.09971
    -13768537.6378 5131058.22657
    -13768444.3521 5131053.2988
    -13768305.5367 5131107.35515
    -13768187.204 5131142.14848
    -13768115.403 5131182.91508
    -13768074.7713 5131191.42681
    -13768089.1316 5131152.9001
    -13768068.8714 5131026.71872
    -13767986.3837 5130967.73509
    -13767917.1429 5130900.38968
    -13767782.0011 5130873.95934
    -13767651.646 5130848.57435
    -13767518.9531 5130822.14416
    -13767473.6461 5130670.73193
    -13767393.6074 5130670.58261
    -13767325.3685 5130670.58261
    -13767318.2441 5130591.29374
    -13767280.0615 5130523.95097
    -13767182.1003 5130462.58137
    -13767116.3105 5130468.55406
    -13767177.3136 5130409.72319
    -13767197.6851 5130377.32157
    -13767227.63 5130322.07483
    -13767287.5199 5130164.69801
    -13767312.7894 5130000.00758
    -13767318.8007 5129888.3243
    -13767452.8294 5129709.30529
    -13767578.5091 5129497.89098
    -13767500.9194 5129329.62883
    -13767397.0583 5129172.26833
    -13767313.4573 5129024.31599
    -13767393.7187 5128921.1538
    -13767553.9074 5128835.90774
    -13767862.3738 5128797.53979
    -13768139.6706 5128809.78169
    -13768451.6991 5128757.08193
    -13768651.5176 5128623.76628
    -13768801.0197 5128394.31244
    -13768923.0259 5128263.53965
    -13768881.2811 5128079.62478
    -13768807.3649 5127836.89838
    -13768730.8884 5127686.72757
    -13768685.6927 5127486.10542
    -13768610.4407 5127364.74898
    -13768609.3275 5127243.39407
    -13768602.2031 5127090.84433
    -13768511.4777 5126861.27797
    -13768462.6085 5126694.40549
    -13768375.4453 5126533.3569
    -13768419.8618 5126361.56477
    -13768397.2639 5126170.67166
    -13768366.2058 5126008.58714
    -13768289.8406 5125925.60571
    -13768281.4916 5125806.65696
    -13768284.052 5125549.66106
    -13768210.1358 5125344.30809
    -13768201.7869 5125249.39352
    -13768290.3972 5125001.96343
    -13768345.5003 5124911.97687
    -13768282.1596 5124782.29623
    -13768204.5699 5124731.70783
    -13768186.7588 5124639.18696
    -13768256.2221 5124346.25984
    -13768233.7356 5124002.75712
    -13768205.1265 5123863.53907
    -13768126.4236 5123722.98013
    -13768072.6563 5123656.87935
    -13768064.196 5123579.88668
    -13767978.2573 5123320.56324
    -13767844.8966 5123047.37104
    -13767902.1148 5122728.83072
    -13767965.6782 5122548.30438
    -13767805.8235 5121894.55893
    -13767341.9551 5121556.96207
    -13767335.1646 5121350.3521
    -13767291.9727 5121255.77545
    -13767150.3743 5121179.39877
    -13766687.6192 5120929.68709
    -13766506.6137 5120973.84113
    -13766448.1709 5120941.76976
    -13766501.6043 5120572.88216
    -13766392.3999 5120381.20941
    -13766172.7665 5120295.89017
    -13765978.7367 5120021.74013
    -13765887.1207 5119739.99126
    -13765928.1976 5119565.78541
    -13765753.8713 5119158.32314
    -13765815.097 5118937.14937
    -13765801.4047 5118777.57336
    -13765857.955 5118619.93872
    -13765791.052 5118242.04374
    -13765893.0206 5118117.97097
    -13766000.5553 5117854.47079
    -13766250.6902 5117536.40127
    -13766506.1684 5117346.5786
    -13766629.3991 5117158.69811
    -13766788.8086 5117112.325
    -13766823.5403 5116830.06522
    -13766815.5253 5116610.43618
    -13766889.7754 5116403.63462
    -13766861.7229 5116217.71085
    -13766894.4508 5116048.33997
    -13766793.9293 5115949.19379
    -13766661.9044 5115684.56051
    -13766303.5669 5115395.78313
    -13766109.2031 5115335.55394
    -13766084.7128 5115172.45996
    -13766360.2285 5114934.68166
    -13766560.1584 5114907.25182
    -13766709.6604 5114736.11522
    -13766851.0362 5114643.09451
    -13766860.9436 5114452.13656
    -13767334.8307 5113832.63017
    -13767403.7375 5113742.74842
    -13767411.6411 5113692.81448
    -13767445.5936 5113479.66655
    -13767716.3226 5113267.11956
    -13767995.8458 5113192.59508
    -13768099.2616 5113066.94812
    -13768253.3278 5112880.19477
    -13768365.2039 5112744.56613
    -13768438.1182 5112656.33401
    -13768594.9673 5112575.10753
    -13768646.8422 5112450.95903
    -13768729.4413 5112254.08337
    -13768754.5995 5111991.19136
    -13768769.2936 5111804.01187
    -13769061.396 5111590.16079
    -13769075.5336 5111276.91855
    -13768944.6218 5110977.69384
    -13769004.7344 5110842.98616
    -13769000.8382 5110462.71539
    -13768952.3029 5110210.00459
    -13768819.8327 5110143.54991
    -13768664.0967 5110185.12128
    -13768589.29 5110234.58996
    -13768580.7184 5110191.52836
    -13768686.0267 5110033.88579
    -13768917.3486 5109815.45529
    -13768933.6012 5109418.38938
    -13768934.7144 5109100.5995
    -13768776.0841 5108428.40354
    -13768595.6352 5108227.88611
    -13768570.6997 5107921.45709
    -13768560.5696 5107796.32603
    -13768560.4583 5107796.17707
    -13768253.3278 5107183.80325
    -13768096.3673 5106906.45291
    -13767986.3837 5106760.63122
    -13768062.5262 5106454.54693
    -13768044.0472 5106304.71068
    -13768670.5533 5106415.52375
    -13769466.4876 5106368.15994
    -13769695.8058 5106271.04998
    -13769846.9776 5106290.7102
    -13769946.1633 5106102.00354
    -13770041.7867 5105920.44949
    -13769893.2865 5105669.34757
    -13769837.6268 5105452.65458
    -13769938.3709 5105359.72382
    -13769939.0389 5105230.30733
    -13770077.7429 5105110.87042
    -13770287.1349 5105094.19106
    -13770293.5914 5104947.05661
    -13770319.1949 5104922.48478
    -13770324.093 5104881.68079
    -13770342.0154 5104852.9394
    -13770386.3206 5104799.0309
    -13770465.1348 5104754.80234
    -13770527.251 5104729.63533
    -13770567.8827 5104705.80864
    -13770655.0458 5104665.15449
    -13770695.6774 5104658.00652
    -13770722.0602 5104604.09912
    -13770762.8031 5104510.58093
    -13770855.9775 5104445.95264
    -13770902.7317 5104366.73147
    -13770929.2257 5104279.17198
    -13770943.8086 5104182.08315
    -13770977.4271 5104111.20296
    -13770985.8873 5104033.3247
    -13771026.9642 5103864.16875
    -13771086.7428 5103777.80506
    -13771147.7459 5103714.37292
    -13771227.7846 5103680.87019
    -13771310.161 5103653.4725
    -13771394.9865 5103580.36272
    -13771448.9764 5103484.47213
    -13771449.1991 5103371.75724
    -13771480.3685 5103316.51701
    -13771516.3247 5103264.99944
    -13771529.5717 5103185.78801
    -13771515.5455 5103106.57723
    -13771527.7906 5102986.57116
    -13771537.5867 5102892.91983
    -13771532.9113 5102823.38914
    -13771485.6005 5102671.97181
    -13771493.0589 5102576.09029
    -13771548.1621 5102488.54712
    -13771613.8406 5102420.21041
    -13771685.6417 5102349.64099
    -13771739.2977 5102322.09821
    -13771826.4608 5102300.65956
    -13771877.7791 5102279.22096
    -13771975.6289 5102268.65055
    -13772013.9228 5102223.09374
    -13772014.0342 5102170.24214
    -13772014.2568 5102053.82079
    -13772029.9529 5102005.88299
    -13772068.2468 5101951.99048
    -13772119.7877 5101834.52966
    -13772150.9571 5101757.71196
    -13772171.4399 5101671.36721
    -13772160.9759 5101572.96492
    -13772167.0985 5101524.88065
    -13772200.6056 5101466.22711
    -13772231.7751 5101397.89767
    -13772249.9202 5101315.1289
    -13772285.8764 5101233.55173
    -13772313.4836 5101138.87546
    -13772282.8707 5101012.79074
    -13772274.6331 5100945.50653
    -13772281.9802 5100897.57427
    -13772309.5874 5100806.47385
    -13772336.1928 5100676.96984
    -13772355.451 5100595.3981
    -13772345.9889 5100542.55546
    -13772288.9933 5100478.84698
    -13772261.6087 5100452.35152
    -13772185.8001 5100251.85172
    -13772121.6801 5100161.9482
    -13772026.6133 5100026.05258
    -13772004.1267 5099972.02233
    -13771965.9441 5099955.20305
    -13771889.4677 5100034.23901
    -13771796.2932 5100085.5904
    -13771745.0863 5100083.06004
    -13771649.7968 5100056.56567
    -13771612.7274 5100092.43727
    -13771599.3691 5100172.81398
    -13771571.7618 5100254.38213
    -13771498.8476 5100335.80213
    -13771367.4906 5100383.43389
    -13771237.5807 5100398.76542
    -13771156.4288 5100423.77223
    -13771118.1349 5100454.88198
    -13771022.7341 5100490.75508
    -13770992.6778 5100554.31479
    -13770948.484 5100607.00864
    -13770817.2383 5100622.34052
    -13770683.7663 5100609.9857
    -13770564.6544 5100579.76856
    -13770480.0516 5100538.68531
    -13770335.6702 5100569.64658
    -13770228.3582 5100574.26101
    -13770094.7748 5100611.02767
    -13770081.6391 5100593.01646
    -13770112.8086 5100542.70432
    -13770144.0894 5100453.98888
    -13770100.1182 5100385.51779
    -13770109.803 5100332.6763
    -13770124.3858 5100242.77202
    -13770095.888 5100185.16823
    -13770061.4903 5100135.90015
    -13770043.7905 5100079.48776
    -13770011.9531 5099952.22619
    -13769952.3972 5099900.42899
    -13769870.1321 5099901.47088
    -13769786.5312 5099946.86785
    -13769656.6213 5099969.34315
    -13769544.2999 5100031.55981
    -13769434.3163 5100137.98399
    -13769298.2839 5100170.13474
    -13769226.7054 5100190.37786
    -13769111.935 5100263.31299
    -13769010.4117 5100344.58422
    -13768869.3699 5100445.05784
    -13768769.1823 5100476.01881
    -13768633.2612 5100463.66418
    -13768504.4646 5100466.9389
    -13768443.6841 5100459.64521
    -13768388.9149 5100447.5883
    -13768337.5967 5100459.3475
    -13768282.7162 5100480.93089
    -13768252.8825 5100485.54528
    -13768239.8581 5100438.80611
    -13768287.9482 5100309.30706
    -13768327.5779 5100232.6504
    -13768381.5679 5100089.90691
    -13768377.2264 5099963.98479
    -13768333.4778 5099833.00373
    -13768293.2915 5099733.13187
    -13768291.2878 5099728.22017
    -13768163.7156 5099412.09031
    -13768146.6837 5099321.45048
    -13768144.346 5099274.86581
    -13768165.8307 5099243.75988
    -13768225.2753 5099201.93818
    -13768285.1652 5099169.64184
    -13768349.3965 5099175.7439
    -13768403.1638 5099185.41792
    -13768459.0462 5099167.70704
    -13768501.3476 5099125.43918
    -13768564.0205 5099095.82203
    -13768629.9216 5099095.82203
    -13768696.602 5099123.65322
    -13768755.2674 5099110.55618
    -13768873.3774 5099034.05791
    -13768911.6713 5098984.6469
    -13768933.3786 5098871.83597
    -13768959.7613 5098767.06288
    -13768982.4705 5098674.04796
    -13769007.0721 5098579.39691
    -13768988.593 5098463.46551
    -13768949.5199 5098329.08209
    -13768880.3905 5098247.97673
    -13768838.5344 5098209.58213
    -13768798.348 5098144.99622
    -13768749.5901 5098101.69117
    -13768649.8478 5098028.17719
    -13768615.3388 5097980.25948
    -13768601.4239 5097912.9965
    -13768606.0993 5097856.29954
    -13768604.9861 5097792.16243
    -13768549.8829 5097679.5143
    -13768534.8548 5097612.69985
    -13768530.0681 5097543.80259
    -13768525.7266 5097501.54188
    -13768521.0512 5097455.85885
    -13768510.2532 5097409.87844
    -13768467.0612 5097390.8316
    -13768416.9675 5097309.13895
    -13768340.2683 5097219.70935
    -13768164.6062 5097075.82021
    -13768165.3854 5097047.25096
    -13768197.3341 5097030.43681
    -13768268.1333 5096984.30963
    -13768403.8318 5096839.38246
    -13768430.6598 5096795.48811
    -13768422.1995 5096728.8286
    -13768405.7242 5096633.00636
    -13768415.6316 5096606.37271
    -13768477.6366 5096567.98467
    -13768502.6835 5096549.23708
    -13768565.245 5096517.09844
    -13768609.8841 5096482.72807
    -13768680.906 5096447.01872
    -13768712.632 5096441.36475
    -13768775.9728 5096429.1641
    -13768839.3136 5096334.9815
    -13768859.4624 5096165.36589
    -13768879.7226 5095963.31892
    -13768900.428 5095894.73103
    -13768942.8407 5095851.73367
    -13768943.5087 5095850.98978
    -13768969.6687 5095823.31684
    -13768997.1646 5095792.0733
    -13768998.8344 5095789.39528
    -13769009.6324 5095771.24432
    -13769041.3585 5095718.13065
    -13769036.7944 5095672.60487
    -13769010.6343 5095631.5426
    -13768972.563 5095588.10009
    -13768957.2009 5095564.29606
    -13769024.5492 5095408.23234
    -13769121.5085 5095262.28753
    -13769167.9287 5095214.53237
    -13769252.8655 5095148.62766
    -13769322.7742 5095072.75599
    -13769462.1462 5094926.07244
    -13769540.7377 5094848.41736
    -13769554.2074 5094754.8453
    -13769551.981 5094674.66265
    -13769485.7459 5094523.37366
    -13769449.0105 5094435.75506
    -13769412.3863 5094337.27807
    -13769393.462 5094261.71031
    -13769400.6978 5094220.95156
    -13769415.1693 5094191.05201
    -13769540.5151 5094084.5449
    -13769446.3388 5094119.20421
    -13769321.1044 5094157.28496
    -13769250.7504 5094171.41653
    -13769135.2008 5094153.26863
    -13769081.8788 5094076.36354
    -13769074.8657 5094010.31789
    -13769086.9995 5093925.23271
    -13769073.0845 5093795.67264
    -13769047.0358 5093735.72752
    -13768992.3779 5093701.96207
    -13768854.3417 5093636.9602
    -13768752.2618 5093513.205
    -13768695.1549 5093412.20885
    -13768682.3531 5093318.65076
    -13768676.6758 5093239.52127
    -13768654.3006 5093154.29417
    -13768598.5295 5093073.8274
    -13768533.2963 5092970.60483
    -13768446.4671 5092898.46868
    -13768322.9025 5092797.47898
    -13768277.7068 5092774.57425
    -13768243.0864 5092797.18152
    -13768189.3191 5092859.50051
    -13768141.563 5092889.24719
    -13768044.9377 5092917.80409
    -13767922.1523 5092930.74396
    -13767766.0824 5092936.24714
    -13767654.095 5092939.66803
    -13767588.6391 5092935.80093
    -13767519.5097 5092921.37371
    -13767439.805 5092889.99086
    -13767382.8094 5092841.80128
    -13767344.7381 5092822.61476
    -13767316.129 5092817.70659
    -13767299.4311 5092833.17478
    -13767297.4273 5092835.25704
    -13767248.0015 5092859.79798
    -13767213.6038 5092881.06685
    -13767161.061 5092902.63323
    -13767121.7652 5092912.00347
    -13767094.3806 5092910.66486
    -13767075.9016 5092876.45611
    -13767073.3412 5092878.38964
    -13767044.1755 5092899.95602
    -13767003.3212 5092918.10156
    -13766987.4026 5092925.09206
    -13766946.2143 5092932.82624
    -13766937.0861 5092934.61106
    -13766885.2113 5092928.51295
    -13766860.4983 5092906.64904
    -13766847.2513 5092875.86118
    -13766846.3608 5092868.12704
    -13766840.4608 5092819.78884
    -13766829.6628 5092773.08693
    -13766828.327 5092770.26103
    -13766812.8536 5092737.68882
    -13766809.6253 5092737.98628
    -13766793.7066 5092739.4736
    -13766769.3277 5092708.3888
    -13766768.3258 5092699.1675
    -13766767.9918 5092696.34161
    -13766765.7655 5092676.70919
    -13766763.873 5092660.4976
    -13766743.6129 5092638.93176
    -13766711.4415 5092638.78303
    -13766684.0569 5092643.54238
    -13766639.9744 5092661.38998
    -13766604.2409 5092650.53268
    -13766556.5961 5092627.6283
    -13766517.4117 5092599.96464
    -13766493.7006 5092578.25021
    -13766456.7425 5092565.01335
    -13766398.1885 5092531.6982
    -13766395.0715 5092529.0211
    -13766387.7245 5092522.47706
    -13766369.0228 5092516.97413
    -13766340.6363 5092515.04067
    -13766317.0366 5092513.55339
    -13766301.8971 5092510.28138
    -13766292.101 5092508.05046
    -13766260.7089 5092499.87044
    -13766230.2074 5092493.62388
    -13766195.0304 5092488.12097
    -13766167.7571 5092482.17187
    -13766166.7553 5092482.17187
    -13766158.7403 5092480.53587
    -13766028.6078 5092453.46754
    -13765963.9312 5092404.23906
    -13765941.3333 5092394.57187
    -13765915.1732 5092392.19226
    -13765760.6618 5092295.81833
    -13765648.897 5092222.34873
    -13765585.8902 5092187.39882
    -13765496.7233 5092147.68992
    -13765408.6695 5092114.82238
    -13765369.3738 5092114.9711
    -13765324.2894 5092115.86343
    -13765310.3744 5092116.16087
    -13765269.4089 5092117.20192
    -13765226.5509 5092114.82238
    -13765195.4927 5092123.29951
    -13765181.2438 5092146.05397
    -13765173.8967 5092157.95175
    -13765120.2407 5092190.07583
    -13765079.6091 5092209.11236
    -13765029.404 5092230.52852
    -13764994.895 5092235.28767
    -13764966.2859 5092230.23107
    -13764948.4748 5092213.42534
    -13764937.5655 5092200.04026
    -13764899.8281 5092153.49008
    -13764816.7838 5092086.41658
    -13764795.4105 5092055.18518
    -13764764.575 5092033.6207
    -13764735.9659 5092015.62554
    -13764643.682 5091858.7271
    -13764563.3093 5091729.34358
    -13764463.5671 5091616.76646
    -13764437.5183 5091580.77775
    -13764461.786 5091478.01734
    -13764463.7897 5091407.67692
    -13764399.1131 5091325.44024
    -13764340.4477 5091243.65039
    -13764339.7798 5091242.75814
    -13764313.731 5091206.47342
    -13764293.4709 5091151.45176
    -13764299.0369 5091090.03607
    -13764303.0444 5091045.12702
    -13764309.0556 5090872.63063
    -13764309.7235 5090844.67461
    -13764309.7235 5090843.03889
    -13764309.7235 5090841.70057
    -13764309.8348 5090837.23951
    -13764308.6103 5090769.87779
    -13764308.3877 5090758.57653
    -13764308.3877 5090757.38692
    -13764308.0537 5090742.21947
    -13764308.0537 5090741.92207
    -13764308.0537 5090741.02986
    -13764308.0537 5090740.13766
    -13764307.9424 5090738.94806
    -13764307.8311 5090736.12275
    -13764307.8311 5090731.81044
    -13764307.7198 5090725.86243
    -13764305.2707 5090708.61323
    -13764302.7104 5090690.32316
    -13764302.1538 5090686.30827
    -13764301.9312 5090684.82127
    -13764301.8198 5090683.63168
    -13764301.7085 5090682.88818
    -13764299.5935 5090668.31564
    -13764282.1163 5090621.32678
    -13764280.5578 5090617.16322
    -13764279.4446 5090614.18925
    -13764278.5541 5090611.66137
    -13764278.2201 5090610.76918
    -13764277.4409 5090608.68741
    -13764245.9375 5090524.2271
    -13764245.0469 5090522.14535
    -13764178.2552 5090367.20429
    -13764176.8081 5090363.78431
    -13764176.3628 5090362.74345
    -13764173.6911 5090356.49828
    -13764151.7612 5090305.64491
    -13764143.8575 5090282.8948
    -13764143.1896 5090280.96179
    -13764111.5748 5090189.81322
    -13764091.8713 5090131.52618
    -13764064.2641 5090068.03533
    -13764044.4492 5090024.17188
    -13764043.6699 5090021.19809
    -13764042.2228 5090016.14266
    -13764040.6643 5090010.78985
    -13764037.4361 5089999.48948
    -13764027.7513 5089965.58846
    -13764022.074 5089946.25898
    -13763996.1365 5089892.28535
    -13763935.5787 5089852.73461
    -13763852.5344 5089793.55749
    -13763833.4987 5089748.05975
    -13763846.9684 5089719.06621
    -13763872.5719 5089702.26486
    -13763873.2398 5089701.81881
    -13763875.5775 5089700.33196
    -13763878.8058 5089698.25038
    -13763880.0303 5089697.50696
    -13763881.3661 5089696.76354
    -13763882.368 5089696.1688
    -13763933.9089 5089665.24253
    -13764011.3873 5089602.94422
    -13764103.4485 5089496.19054
    -13764119.1446 5089432.40653
    -13764113.3559 5089401.18374
    -13764107.79 5089394.04712
    -13764109.6824 5089389.28937
    -13764111.5748 5089381.70672
    -13764111.9088 5089380.36861
    -13764120.8144 5089343.79355
    -13764124.0426 5089329.07436
    -13764142.0764 5089315.69329
    -13764162.3365 5089300.67679
    -13764188.9419 5089198.83279
    -13764192.7267 5089124.64346
    -13764185.9363 5089116.46632
    -13764185.2683 5089115.57427
    -13764181.7061 5089111.26268
    -13764169.3496 5089096.39517
    -13764183.1533 5088962.88595
    -13764193.9513 5088843.50233
    -13764195.1758 5088834.73074
    -13764195.5097 5088832.50067
    -13764204.7492 5088766.63968
    -13764205.8624 5088758.61151
    -13764213.9888 5088720.70079
    -13764225.566 5088666.73403
    -13764227.3471 5088642.64978
    -13764227.4584 5088640.7171
    -13764233.247 5088559.6934
    -13764242.9318 5088537.83942
    -13764234.8055 5088505.13288
    -13764231.9112 5088493.53695
    -13764223.6736 5088460.68189
    -13764231.2433 5088338.33123
    -13764224.4528 5088219.84732
    -13764200.8531 5088164.69408
    -13764153.3196 5088116.52816
    -13764086.0827 5087946.16547
    -13764043.6699 5087804.64483
    -13763999.8101 5087750.68321
    -13763835.7251 5087666.24799
    -13763646.9273 5087514.77187
    -13763624.4407 5087469.13626
    -13763613.1975 5087300.12285
    -13763627.8916 5087179.12475
    -13763637.9104 5087115.05881
    -13763638.467 5087111.78863
    -13763641.25 5087093.95133
    -13763641.8066 5087081.16795
    -13763651.6027 5086860.58298
    -13763628.3369 5086684.29701
    -13763573.0111 5086662.00137
    -13763566.9999 5086623.05845
    -13763557.0925 5086619.63981
    -13763527.9267 5086509.20334
    -13763526.7022 5086504.44702
    -13763490.6347 5086366.6634
    -13763488.8536 5086354.02962
    -13763478.8348 5086282.98348
    -13763475.05 5086245.37978
    -13763474.9387 5086244.63662
    -13763468.9274 5086184.44127
    -13763464.3633 5086074.75295
    -13763443.1013 5085959.71531
    -13763440.0957 5085950.94635
    -13763421.1714 5085896.25198
    -13763420.9487 5085895.50886
    -13763407.1451 5085855.82591
    -13763380.8737 5085803.0642
    -13763379.6492 5085800.53759
    -13763362.0607 5085765.0165
    -13763357.0513 5085750.30278
    -13763341.9119 5085705.71589
    -13763331.2252 5085690.25915
    -13763322.3196 5085677.32901
    -13763150.2197 5085374.14452
    -13763068.8452 5085162.81274
    -13763079.6432 5085024.00804
    -13763088.5487 5084827.99067
    -13763100.1259 5084746.40463
    -13763038.121 5084617.56251
    -13763003.3893 5084393.91334
    -13762925.4657 5084304.15792
    -13762922.9053 5084203.55558
    -13762968.435 5084096.41597
    -13763030.106 5083950.64265
    -13763293.7105 5083755.3901
    -13763261.8732 5083734.73576
    -13763044.0209 5083592.97984
    -13762943.2768 5083411.25596
    -13762860.2324 5083259.6982
    -13762688.4665 5083098.03921
    -13762673.8836 5083084.22106
    -13762657.4083 5083068.76853
    -13762491.7649 5082973.97372
    -13762547.0907 5082743.67675
    -13762553.4359 5082717.08152
    -13762600.4127 5082545.03147
    -13762696.7041 5082429.73886
    -13762521.4872 5082325.29326
    -13762417.0695 5082182.22097
    -13762261.1109 5081917.47599
    -13762086.1167 5081669.37702
    -13762039.8078 5081537.45634
    -13762052.6095 5081439.40836
    -13762002.2931 5081444.31074
    -13761868.7097 5081430.19784
    -13761776.8712 5081355.32558
    -13761618.7975 5081139.03121
    -13761476.5312 5081010.23735
    -13761364.4324 5080981.56721
    -13761342.7251 5080975.92232
    -13761336.8252 5080974.43682
    -13761304.3199 5080973.84262
    -13761271.3693 5080973.09988
    -13761156.0424 5080984.38965
    -13761095.0393 5080990.48019
    -13761086.579 5080986.915
    -13760971.252 5080971.46583
    -13760863.8287 5080907.29263
    -13760772.992 5080807.02285
    -13760623.0446 5080792.01961
    -13760401.5188 5080746.11876
    -13760383.3738 5080663.52748
    -13760426.6771 5080472.79781
    -13760435.8052 5080382.93039
    -13760473.4312 5080247.01679
    -13760478.8859 5080223.69629
    -13760489.7952 5080176.75838
    -13760542.672 5080006.53611
    -13760641.0784 5079910.43464
    -13760620.4843 5079819.53274
    -13760645.8651 5079703.23304
    -13760745.2734 5079461.57772
    -13760861.491 5079384.64141
    -13760814.9594 5079299.09132
    -13760814.1802 5079297.75461
    -13760800.9332 5079273.39674
    -13760686.3854 5079110.765
    -13760647.6462 5079078.3875
    -13760645.0859 5079076.30821
    -13760633.3973 5079066.6544
    -13760580.4093 5079022.69251
    -13760468.8671 5078789.51967
    -13760551.3549 5078661.20276
    -13760792.2503 5078417.19742
    -13760826.0914 5078304.33033
    -13760829.7649 5078283.53917
    -13760833.1045 5078261.857
    -13760848.244 5078171.26767
    -13760872.0663 5078154.48646
    -13760890.3227 5078141.71494
    -13760945.5372 5078102.65795
    -13761003.2007 5077982.81488
    -13761112.1825 5077900.8413
    -13761169.9573 5077702.59285
    -13761247.8809 5077402.33217
    -13761248.9941 5077392.97702
    -13761256.2299 5077319.76955
    -13761281.1655 5077216.86425
    -13761336.1573 5077046.99125
    -13761434.5637 5076831.38751
    -13761553.5643 5076663.00613
    -13761507.3667 5076428.40558
    -13761539.0927 5076366.19285
    -13762000.512 5076156.2464
    -13762325.8989 5076022.61951
    -13762348.7194 5076008.66302
    -13762384.8982 5075993.81573
    -13762438.5542 5075975.85053
    -13762766.5014 5075723.74738
    -13762879.8247 5075703.11026
    -13763296.0482 5075692.27207
    -13763357.274 5075609.42716
    -13763399.5754 5075548.40744
    -13763455.1238 5075535.63938
    -13763540.1719 5075516.19038
    -13763613.9767 5075456.35897
    -13763614.8673 5075453.09274
    -13763615.9805 5075448.93574
    -13763616.5371 5075447.0057
    -13763620.6559 5075432.0108
    -13763649.3763 5075411.67123
    -13763790.5294 5075331.64952
    -13763956.8407 5075189.57181
    -13764195.6211 5074938.08305
    -13764330.429 5074778.93889
    -13764494.7365 5074612.52323
    -13764391.2094 5074397.86463
    -13764077.3998 5074220.32212
    -13763877.5813 5073964.85072
    -13763766.1505 5073845.80128
    -13763691.5664 5073688.60483
    -13763673.0874 5073570.59786
    -13763664.961 5073537.94209
    -13763664.7384 5073536.90305
    -13763657.5026 5073501.87244
    -13763589.0411 5073331.61959
    -13763433.7505 5073008.48884
    -13763450.1144 5072788.67112
    -13763420.8374 5072615.01718
    -13763452.5634 5072523.14512
    -13763735.0923 5072178.6698
    -13763725.2962 5071549.71128
    -13764082.8544 5071314.64151
    -13764186.4929 5071289.26501
    -13764238.2564 5071247.86138
    -13764239.8149 5071246.52578
    -13764336.3289 5071168.61621
    -13764383.751 5071158.97031
    -13764391.0981 5071157.63472
    -13765035.8606 5070959.37649
    -13765323.5101 5070825.37641
    -13765295.9029 5070599.37607
    -13765347.7778 5070252.74368
    -13765286.2181 5070083.29009
    -13765274.3069 5070026.01486
    -13765274.0843 5070025.12457
    -13765264.6221 5069978.38467
    -13765254.826 5069907.75592
    -13765254.7147 5069906.42051
    -13765253.4902 5069894.25343
    -13765257.1637 5069862.64876
    -13765258.7222 5069849.14633
    -13765259.9467 5069838.4631
    -13765260.2807 5069835.49553
    -13765260.5033 5069834.16013
    -13765260.6146 5069833.26986
    -13765261.1712 5069828.52177
    -13765263.9542 5069804.9297
    -13765295.6803 5069727.32853
    -13765380.8397 5069663.37851
    -13765382.3981 5069662.19151
    -13765384.4019 5069660.70775
    -13765410.6733 5069640.97385
    -13765432.7146 5069615.89849
    -13765434.273 5069614.118
    -13765457.2048 5069588.00409
    -13765460.6557 5069584.44311
    -13765532.1229 5069509.06931
    -13765593.2373 5069479.98823
    -13765660.8082 5069423.90356
    -13765810.1989 5069299.12373
    -13765919.96 5068864.26159
    -13768190.2097 5068837.4079
    -13768239.8581 5068836.81445
    -13768478.9724 5068839.63335
    -13768514.372 5068840.2268
    -13768760.2768 5068844.38096
    -13768778.3105 5068844.67768
    -13768878.9433 5068843.7875
    -13768918.7957 5068843.7875
    -13769227.0394 5068854.17291
    -13772181.3474 5068830.13813
    -13772222.0903 5068829.98977
    -13772235.226 5068829.84141
    -13774168.289 5068814.11499
    -13775302.3006 5068804.91652
    -13775349.7227 5068804.32308
    -13775918.12 5068710.26189
    -13776421.8407 5068700.61845
    -13776463.6969 5068699.57992
    -13778039.9808 5068669.31441
    -13778044.5449 5069804.33619
    -13778052.1147 5071464.2307
    -13778052.1147 5071477.43859
    -13778049.9996 5072410.9407
    -13778051.892 5073050.7906
    -13778051.892 5073061.18053
    -13778051.892 5073068.60192
    -13778060.0183 5075965.16051
    -13778061.7995 5076602.2767
    -13778062.4674 5076816.39046
    -13778066.8088 5078323.33943
    -13778071.5956 5079993.91067
    -13778074.7125 5081053.01989
    -13781442.2384 5081043.80974
    -13783455.5627 5081038.46192
    -13786470.9851 5081030.29164
    -13788601.8628 5081024.64672
    -13789466.9266 5081022.26992
    -13789494.3112 5081021.52717
    -13789784.1871 5080998.35334
    -13789827.4904 5080994.49104
    -13789833.3903 5080994.93669
    -13789893.1689 5080995.53089
    -13790025.9731 5080996.27364
    -13790055.6954 5080996.57074
    -13790077.2913 5080996.57074
    -13790217.6652 5080997.31349
    -13790621.9776 5081000.28449
    -13790892.0387 5081002.21564
    -13790889.9236 5081075.15399
    -13790889.701 5081082.433
    -13790892.484 5081287.88162
    -13790892.484 5081298.28044
    -13790899.3858 5081298.13189
    -13790910.963 5081298.13189
    -13791528.3409 5081298.57755
    -13792011.9128 5081298.13189
    -13792156.6281 5081297.98333
    -13792727.8084 5081298.28044
    -13792733.1518 5081298.28044
    -13792735.8234 5081298.28044
    -13792772.0023 5081297.38911
    -13792782.1323 5081297.38911
    -13793429.6778 5081291.44693
    -13793547.3425 5081290.2585
    -13793904.6781 5081286.54463
    -13793938.2966 5081286.24753
    -13794048.8368 5081285.05909
    -13794397.0442 5081281.49378
    -13797816.7789 5081247.02923
    -13797892.0309 5081242.42407
    -13797962.6075 5081238.11601
    -13798007.3579 5081237.67035
    -13798040.1972 5081237.22469
    -13798658.4656 5081230.09411
    -13798865.6312 5081227.71726
    -13798899.4723 5081227.42015
    -13799064.0025 5081225.48895
    -13799076.4703 5081225.3404
    -13799235.6572 5081223.55776
    -13799245.4533 5081223.55776
    -13799702.6424 5081219.39826
    -13799971.479 5081229.4999
    -13800131.8904 5081225.48895
    -13801184.6388 5081198.89792
    -13802642.0336 5081200.97766
    -13802650.8278 5081200.97766
    -13802656.9504 5081200.97766
    -13802675.2068 5081200.97766
    -13802741.3306 5081211.9706
    -13802751.3493 5081213.60468
    -13802883.8195 5081214.94166
    -13802952.7263 5081215.98154
    -13803099.2227 5081218.35839
    -13803098.6661 5081068.46919
    -13803351.2501 5081067.42933
    -13803748.5493 5081065.64672
    -13803748.5493 5081169.93011
    -13803748.3267 5081188.4992
    -13803748.3267 5081194.29277
    -13803748.5493 5081208.25676
    -13803808.7732 5081206.17702
    -13804301.3619 5081189.09342
    -13804361.8084 5081187.01368
    -13804580.8852 5081179.58603
    -13804591.2379 5081179.28893
    -13805090.7284 5081161.90827
    -13805116.6659 5081162.35393
    -13805182.567 5081163.54235
    -13805424.5756 5081167.55327
    -13805444.5018 5081167.25616
    -13805481.3485 5081166.66195
    -13805533.8913 5081165.91919
    -13805703.2083 5081163.39379
    -13805734.823 5081163.54235
    -13806100.0622 5081165.17642
    -13806159.3955 5081164.58221
    -13806436.4697 5081156.56038
    -13806439.3641 5081156.56038
    -13806816.9598 5081155.22341
    -13806975.1448 5081154.6292
    -13807030.9158 5081154.48065
    -13807207.9138 5081153.58933
    -13807246.2077 5081153.14368
    -13807313.4447 5081152.25236
    -13807405.0606 5081151.06394
    -13807596.8641 5081148.53855
    -13807683.1367 5081147.64724
    -13807731.672 5081146.75592
    -13807755.8284 5081146.60737
    -13807780.43 5081146.31027
    -13807787.6657 5081146.31027
    -13807792.1185 5081146.16171
    -13807804.5863 5081146.01316
    -13807819.2805 5081145.86461
    -13808080.6586 5081142.74501
    -13808273.7979 5081140.51673
    -13808283.3714 5081140.36818
    -13808492.0955 5081138.1399
    -13808526.7158 5081140.81383
    -13808552.8759 5081140.66528
    -13808761.0434 5081140.07107
    -13809284.6902 5081138.88266
    -13809301.2768 5081138.88266
    -13809766.3697 5081140.21963
    -13809818.1332 5081140.36818
    -13810198.5119 5081141.70515
    -13810349.5725 5081142.15081
    -13810594.4754 5081145.12185
    -13810875.1118 5081134.27754
    -13811405.8831 5081133.08912
    -13811430.93 5081133.08912
    -13811869.9741 5081132.34636
    -13811880.6608 5081132.34636
    -13817663.8196 5081080.94749
    -13818818.7593 5081091.49463
    -13818966.9256 5081662.84037
    -13819096.9468 5082351.44169
    -13819262.1449 5082990.61475
    -13819480.7764 5083814.5301
    -13819661.1139 5084423.93107
    -13820018.5608 5085338.625
    -13820460.0539 5086350.16517
    -13820507.5873 5086951.40273
    -13820517.4948 5087594.59755
    -13820711.9699 5087972.03186
    -13821198.9927 5089192.4397
    -13821440.3334 5090742.36817
    -13821485.4177 5092024.8462
    -13821482.8574 5092827.8204
    -13821924.9071 5093100.15379
    -13822794.3123 5093953.79268
    -13823650.0252 5095046.57296
    -13824209.851 5096154.05829
    -13824582.326 5097378.18333
    -13824597.6881 5097637.99703
    -13824626.1859 5098117.46549
    -13824575.3129 5098815.28217
    -13824447.7407 5099606.61908
    -13824677.1702 5100024.86183
    -13824826.8949 5101060.87244
    -13824818.4346 5101934.2745
    -13824780.1407 5102467.70363
    -13825416.4429 5103207.9731
    -13826029.9246 5104137.4107
    -13826385.5904 5104946.75877
    -13826702.9623 5105610.37085
    -13826970.0177 5106490.59139
    -13827151.9138 5107456.24593
    -13827048.3867 5108614.47435
    -13827196.8869 5109096.87488
    -13827192.5454 5110468.52662
    -13826994.1741 5111573.02311
    -13826832.0929 5112243.20391
    -13827183.8625 5113342.68797
    -13827568.36 5113503.66409
    -13828397.1336 5113949.93978
    -13829205.3131 5114611.04432
    -13829878.796 5115273.38708
    -13829892.9336 5115275.17604
    -13829983.5477 5115347.18232
    -13830548.6054 5115401.59735
    -13830938.335 5115542.48155
    -13831388.0657 5115692.76031
    -13831579.3126 5115778.78403
    -13832829.4305 5116423.16652
    -13834570.5786 5117588.7411
    -13835255.8614 5118146.45388
    -13836112.5762 5118843.78962
    -13837046.2128 5119746.85217
    -13838538.2279 5120245.92209
    -13838806.3966 5120380.01613
END
END
