06055 Napa County
1
    -13644371.3212 4654521.45126
    -13644413.1773 4654568.69506
    -13644440.3392 4654872.65437
    -13644409.8377 4655011.54515
    -13644520.1553 4655101.76825
    -13644525.276 4655273.25124
    -13644705.391 4655469.78425
    -13644694.3703 4655567.69638
    -13644688.3591 4655620.77995
    -13644832.7404 4655771.63555
    -13644875.1532 4656044.1775
    -13645012.7441 4656112.63434
    -13645121.6145 4656279.86453
    -13645230.8189 4656321.56576
    -13645486.8538 4656862.4162
    -13645510.4535 4656919.34949
    -13645698.3608 4657047.45055
    -13645699.3627 4657049.01624
    -13645797.5465 4657206.01341
    -13645782.2957 4657330.84425
    -13646108.2392 4657292.98206
    -13646222.2303 4657388.34951
    -13646188.2779 4657515.46004
    -13646247.7225 4657641.4334
    -13646369.9513 4657676.16531
    -13646395.4435 4657786.90966
    -13646592.479 4657715.31003
    -13647051.1153 4657954.1672
    -13647190.3759 4658070.46618
    -13647331.4177 4658168.11849
    -13647433.2751 4658164.84442
    -13647577.6565 4658244.1342
    -13647794.9521 4658221.50025
    -13647886.6794 4658294.24224
    -13647939.4448 4658427.76998
    -13648065.5698 4658483.43078
    -13648069.3546 4658485.13905
    -13648134.9218 4658666.78614
    -13648381.2719 4658675.46998
    -13648615.5994 4658772.13155
    -13649002.8799 4658614.54092
    -13649271.2712 4658676.46649
    -13649442.8145 4658630.76965
    -13649685.7136 4658755.76023
    -13649717.1057 4658769.8538
    -13650090.1374 4658885.02317
    -13650106.724 4659182.5619
    -13650156.3725 4659313.96573
    -13650071.4357 4659354.25565
    -13650027.2418 4659598.70354
    -13650040.8228 4659657.36052
    -13650222.6076 4659796.45862
    -13650304.2047 4659953.92508
    -13650523.2815 4660044.04937
    -13650674.4534 4660250.49823
    -13650703.2851 4660262.45816
    -13650740.1319 4660274.84523
    -13650743.3601 4660275.98428
    -13650752.377 4660278.97426
    -13650766.1806 4660283.1033
    -13650830.3007 4660293.21231
    -13650857.9079 4660292.78517
    -13650975.016 4660307.45038
    -13651003.9591 4660296.05992
    -13651046.4831 4660265.7329
    -13651059.6188 4660254.34249
    -13651064.0716 4660250.49823
    -13651112.2729 4660218.32041
    -13651168.044 4660176.88806
    -13651204.6681 4660147.98517
    -13651218.0264 4660143.00193
    -13651270.6806 4660133.3202
    -13651297.8425 4660165.21299
    -13651313.0933 4660173.47096
    -13651340.2552 4660246.08445
    -13651342.0364 4660389.46202
    -13651350.4966 4660490.55366
    -13651362.4078 4660602.46755
    -13651311.3122 4660745.8501
    -13651323.2234 4660835.98138
    -13651265.4485 4660964.13148
    -13651243.4073 4661056.54294
    -13651287.4898 4661147.81609
    -13651256.9883 4661227.12899
    -13651241.6262 4661257.45887
    -13651197.5437 4661340.04771
    -13651164.1478 4661546.23793
    -13651219.5849 4661609.46283
    -13651265.4485 4661654.03378
    -13651347.0457 4661693.19371
    -13651455.8049 4661752.8595
    -13651549.2019 4661887.57162
    -13651620.5577 4661986.3996
    -13651654.0649 4662101.60519
    -13651661.8573 4662113.42487
    -13651663.7497 4662116.13058
    -13651665.1968 4662118.40908
    -13651669.8723 4662125.38697
    -13651671.4307 4662127.80788
    -13651674.993 4662133.0769
    -13651690.355 4662198.29914
    -13651709.0567 4662298.26939
    -13651680.1136 4662344.97948
    -13651676.7741 4662400.37677
    -13651720.9679 4662500.349
    -13651665.3082 4662585.79613
    -13651664.8629 4662597.04672
    -13651739.5583 4662677.51017
    -13651784.5313 4662711.97436
    -13651849.9872 4662762.2467
    -13651936.5938 4662870.90987
    -13652016.4098 4663007.77299
    -13652111.588 4663064.31323
    -13652171.0326 4663114.30247
    -13652281.4615 4663267.54735
    -13652334.1157 4663371.80077
    -13652364.6172 4663495.70989
    -13652458.1256 4663667.33363
    -13652619.4275 4663808.62272
    -13652655.1611 4663911.88463
    -13652707.8152 4664042.20977
    -13652767.2598 4664185.49813
    -13652785.9615 4664218.11574
    -13652860.6568 4664256.14601
    -13652884.4792 4664264.12242
    -13652925.2222 4664277.9387
    -13652937.1333 4664335.48303
    -13652920.1015 4664410.54752
    -13652860.6568 4664535.46631
    -13652809.6725 4664661.52616
    -13652768.9296 4664777.75899
    -13652745.1072 4664842.99809
    -13652745.1072 4664886.44358
    -13652745.1072 4664887.72558
    -13652745.1072 4664891.57158
    -13652745.1072 4664892.99603
    -13652745.1072 4664895.27514
    -13652745.1072 4664921.48499
    -13652745.1072 4664936.44173
    -13652746.777 4664963.6488
    -13652744.9959 4664995.12933
    -13652733.9753 4665006.95235
    -13652711.1548 4665042.99131
    -13652667.0723 4665088.57435
    -13652597.3863 4665176.60718
    -13652541.2812 4665243.98558
    -13652490.4082 4665276.60656
    -13652422.392 4665316.91998
    -13652359.6078 4665429.88386
    -13652288.252 4665539.71502
    -13652227.1376 4665635.30185
    -13652184.6136 4665766.78862
    -13652126.8388 4665855.96695
    -13652126.8388 4665872.20718
    -13652130.2897 4665895.00053
    -13652145.5404 4665929.90294
    -13652186.2834 4665966.7999
    -13652220.2358 4666025.49341
    -13652203.3153 4666114.67401
    -13652172.7024 4666197.15963
    -13652126.8388 4666253.71751
    -13652075.9658 4666281.92534
    -13652014.74 4666305.85931
    -13651926.4637 4666358.14385
    -13651877.1491 4666418.9766
    -13651812.5838 4666542.92266
    -13651719.1868 4666624.41446
    -13651669.9836 4666615.72387
    -13651658.0724 4666607.03328
    -13651635.9198 4666611.30734
    -13651618.9992 4666661.31393
    -13651598.6278 4666739.52985
    -13651561.2244 4666788.53976
    -13651493.3195 4666841.82407
    -13651472.9481 4666904.79678
    -13651479.7386 4666989.56836
    -13651489.8686 4667122.21236
    -13651494.9893 4667241.75016
    -13651508.5703 4667365.7062
    -13651432.0938 4667440.65047
    -13651350.608 4667485.24685
    -13651248.6393 4667547.22616
    -13651156.912 4667637.41741
    -13651066.9659 4667712.50616
    -13651000.7308 4667762.51813
    -13650953.0861 4667770.06982
    -13650919.1336 4667817.9448
    -13650927.7052 4667908.13844
    -13650948.0767 4667982.08927
    -13651002.4006 4668048.34626
    -13651007.8552 4668059.60286
    -13651019.6551 4668084.25345
    -13651119.8427 4668354.98631
    -13651442.6692 4668468.98125
    -13651565.1206 4669794.26569
    -13650863.8078 4670848.77341
    -13650774.7522 4671290.61872
    -13650463.0577 4671632.70563
    -13650410.4035 4673588.09484
    -13650407.3979 4673699.72455
    -13650417.3053 4673710.70225
    -13650819.28 4674155.95061
    -13650188.2098 4674346.43103
    -13648366.9116 4674896.36337
    -13648348.3213 4674901.92416
    -13646900.7226 4675339.09683
    -13646885.5832 4675343.65972
    -13646814.45 4675364.62054
    -13646806.9916 4675366.7594
    -13646796.3049 4675369.89639
    -13646794.6352 4675370.46676
    -13646785.3956 4675373.17598
    -13645558.2096 4675734.50755
    -13645339.8007 4675798.8185
    -13645332.0084 4675801.10005
    -13645330.2273 4675801.52784
    -13645329.448 4675801.81303
    -13644759.3809 4675969.65087
    -13644470.3955 4676054.64033
    -13644453.4749 4676059.63134
    -13644452.9183 4676059.77394
    -13644449.3561 4676060.77215
    -13644305.5313 4676103.12457
    -13644273.2487 4676112.67884
    -13644271.2449 4676113.24924
    -13644269.9091 4676113.67705
    -13644256.3281 4676117.66988
    -13643752.0508 4676266.26145
    -13643632.0484 4676301.62713
    -13643618.5788 4676305.62004
    -13643608.56 4676308.47212
    -13643583.4018 4676315.88752
    -13643566.7039 4676320.87867
    -13642853.2573 4676531.07924
    -13642754.2942 4676560.17111
    -13642633.8465 4676595.68042
    -13642479.4464 4676641.17245
    -13642443.9355 4676651.58288
    -13642440.5959 4676652.58114
    -13642437.2563 4676653.5794
    -13642435.1413 4676654.14983
    -13642410.8736 4676661.28027
    -13642377.4778 4676671.12029
    -13642128.5674 4676744.42156
    -13641287.2147 4676992.28074
    -13640665.4953 4677175.39807
    -13639396.8984 4677549.2015
    -13639218.8985 4677601.68625
    -13639051.474 4677651.03357
    -13639042.5685 4677653.7434
    -13639038.227 4677655.02701
    -13639036.1119 4677655.5975
    -13639032.3271 4677656.73848
    -13638629.1279 4677777.11279
    -13638570.4625 4677794.65561
    -13638559.3305 4677797.93598
    -13638486.6389 4677819.61496
    -13637375.2251 4678151.36616
    -13637350.9575 4678158.35501
    -13637192.6612 4678204.2819
    -13637037.4818 4678249.3532
    -13636824.6389 4678311.11263
    -13636478.9919 4678411.38334
    -13635511.8482 4678692.08953
    -13634508.6369 4678983.21625
    -13634473.0147 4678993.48643
    -13634209.0762 4679070.08517
    -13634111.3377 4679098.47107
    -13632617.8754 4679531.97206
    -13632616.9848 4679533.5412
    -13632601.5114 4679559.50335
    -13631715.5196 4681041.59514
    -13630965.4488 4682296.59841
    -13630648.2996 4682827.12487
    -13630581.6192 4682938.71303
    -13630515.0502 4683050.3024
    -13630477.4242 4683113.2325
    -13630475.8657 4683115.80108
    -13630475.0865 4683117.08537
    -13630468.296 4683128.35861
    -13630466.7375 4683131.0699
    -13630455.7169 4683149.47813
    -13630430.2247 4683192.14539
    -13630345.3993 4683333.99036
    -13630271.5945 4683457.57118
    -13630266.8077 4683465.5626
    -13630266.3624 4683466.41882
    -13630265.9172 4683467.13235
    -13630215.8234 4683551.04266
    -13630170.2937 4683627.24752
    -13630167.7334 4683631.52871
    -13630167.1768 4683632.24224
    -13630166.6202 4683633.24119
    -13630165.6183 4683634.95366
    -13630115.3019 4683719.15077
    -13630064.9855 4683803.34858
    -13630053.8535 4683821.90073
    -13630028.3614 4683864.4281
    -13630002.9805 4683907.09836
    -13629945.0944 4684003.99903
    -13629593.6588 4684592.27299
    -13629549.3536 4684666.34483
    -13628806.63 4685910.23266
    -13628797.7244 4685925.07745
    -13628404.4326 4686583.55119
    -13628377.382 4686628.8023
    -13627920.1929 4687394.24747
    -13627678.073 4687799.69118
    -13627494.7298 4688106.63994
    -13627477.9205 4688134.76547
    -13627471.6866 4688145.18765
    -13627440.5172 4688197.29867
    -13627362.2596 4688328.36263
    -13627274.5398 4688475.2762
    -13627269.1965 4688484.12821
    -13627263.2965 4688494.12241
    -13625827.2751 4689193.74122
    -13625847.2013 4689208.01966
    -13626164.1279 4689434.47832
    -13626463.0207 4689648.09085
    -13626506.324 4689679.07646
    -13626516.2314 4689785.45635
    -13626628.7754 4690992.83893
    -13626693.786 4691004.26369
    -13626873.6783 4691035.68186
    -13626728.1837 4691273.17779
    -13626513.0032 4691624.50485
    -13626439.421 4691744.7586
    -13626432.9645 4691755.32729
    -13626417.3797 4691780.74931
    -13626401.795 4691806.1714
    -13626258.1929 4692040.686
    -13626167.6901 4692188.5101
    -13626076.9647 4692336.622
    -13625973.6602 4692505.30366
    -13625870.4671 4692673.84527
    -13625281.8096 4693635.15717
    -13624842.8768 4693577.59018
    -13624621.5737 4693548.59253
    -13624591.2948 4693544.59286
    -13624589.7363 4693544.45002
    -13624588.2892 4693544.30717
    -13624584.2817 4693543.73579
    -13624215.5915 4693495.4542
    -13624097.1476 4693479.88416
    -13623953.1002 4693461.02872
    -13623535.4294 4693406.31957
    -13623454.0549 4693395.60633
    -13623434.6853 4693393.03515
    -13623392.2726 4693387.46427
    -13623325.8148 4693378.75084
    -13623264.7004 4693370.75164
    -13623263.8099 4693370.6088
    -13623262.0288 4693370.46596
    -13623260.8042 4693370.32311
    -13623257.9099 4693369.89458
    -13623233.531 4693366.75204
    -13623211.1558 4693363.75234
    -13623207.8162 4693374.75124
    -13623204.4766 4693385.75015
    -13623193.122 4693422.74657
    -13623181.6561 4693459.74312
    -13623115.3097 4693674.72575
    -13623048.9633 4693889.57007
    -13622996.4205 4694059.70598
    -13622988.2941 4694086.27658
    -13622927.5137 4694282.98691
    -13622864.6182 4694486.55824
    -13622801.834 4694690.13364
    -13622719.1236 4694958.28795
    -13622688.8447 4695056.43676
    -13622667.1374 4695126.87019
    -13622657.0073 4695159.5869
    -13622656.0055 4695162.87286
    -13622655.2262 4695165.44449
    -13622654.7809 4695166.87317
    -13622654.447 4695167.73038
    -13622648.2131 4695187.8748
    -13622630.1793 4695246.30812
    -13622585.8742 4695390.03552
    -13622554.3708 4695492.18893
    -13622576.746 4695548.90952
    -13622742.612 4695969.53755
    -13622793.2624 4696098.12976
    -13622901.0197 4696371.46503
    -13623271.0456 4697310.26259
    -13623500.5864 4697892.73215
    -13623537.7671 4697940.17717
    -13623879.518 4698376.91035
    -13624009.2052 4698542.69095
    -13624011.0976 4698545.12051
    -13624116.0719 4698679.31906
    -13624504.6882 4699175.96912
    -13624700.4992 4699426.23277
    -13624785.3247 4699534.57268
    -13624802.0226 4699555.86919
    -13624876.384 4699651.06082
    -13625639.2565 4700626.04024
    -13625656.3997 4700648.05376
    -13625673.5429 4700670.21027
    -13625752.4684 4700770.98726
    -13625831.3939 4700871.90819
    -13625938.2606 4701008.5676
    -13625911.0987 4701037.72947
    -13625871.8029 4701079.89997
    -13625842.0806 4701117.63914
    -13625814.5847 4701152.5194
    -13625757.4778 4701225.13936
    -13625468.0471 4701592.96454
    -13625178.5051 4701960.80303
    -13625066.8517 4702102.62383
    -13624955.3095 4702244.44661
    -13624909.0006 4702204.12986
    -13624848.4428 4702137.79341
    -13624777.1983 4702057.73276
    -13624725.5461 4701906.76296
    -13624661.4261 4701744.35856
    -13624604.4305 4701581.95675
    -13624584.5043 4701544.35882
    -13624520.7182 4701424.13213
    -13624449.4738 4701280.03353
    -13624374.6671 4701181.68168
    -13624301.6415 4701140.51143
    -13624198.337 4701092.47967
    -13624116.4059 4701023.86328
    -13624077.2214 4700948.38577
    -13623863.488 4700749.40231
    -13623856.3635 4700561.85825
    -13623690.7201 4700445.21674
    -13623516.1712 4700314.85428
    -13623227.631 4700099.87422
    -13623050.2991 4700097.01547
    -13622940.872 4700095.30022
    -13622743.1686 4699987.81195
    -13622565.0574 4699804.85579
    -13622520.7523 4699658.63617
    -13622502.7185 4699599.03405
    -13622338.8562 4699443.52706
    -13622028.9428 4699315.60718
    -13621890.5726 4699269.72794
    -13621793.836 4699237.85556
    -13621562.2915 4699061.77319
    -13621280.8758 4698878.83369
    -13620938.9023 4698693.61081
    -13620620.0833 4698515.25121
    -13620418.8176 4698371.19383
    -13620149.8698 4698245.43111
    -13619936.1363 4698172.26079
    -13619911.98 4698179.12049
    -13619786.5229 4698215.70561
    -13619709.9351 4698307.16898
    -13619585.2573 4698480.95165
    -13619469.485 4698620.43726
    -13619360.1693 4698696.32624
    -13619341.245 4698709.61759
    -13619289.5927 4698823.95248
    -13619280.9098 4698841.81743
    -13619221.9105 4698963.4428
    -13619058.0482 4699075.49378
    -13618876.3748 4699061.77319
    -13618641.268 4699089.21439
    -13618318.7755 4699274.44449
    -13618206.5654 4699263.01043
    -13618010.6431 4699116.65568
    -13617839.6564 4699089.21439
    -13617686.4807 4699116.65568
    -13617611.674 4699203.55356
    -13617449.5929 4699448.24369
    -13617291.0739 4699626.61964
    -13617050.6238 4699672.35757
    -13616947.3193 4699596.8901
    -13616596.4403 4699329.32812
    -13616338.1791 4698892.55404
    -13616083.4801 4698702.75754
    -13615944.5534 4698734.77115
    -13615663.1377 4698782.79177
    -13615488.5887 4698851.39305
    -13615299.7909 4698931.42846
    -13615153.7397 4698931.42846
    -13614957.8174 4699041.19233
    -13614809.9851 4699112.08212
    -13614708.4617 4699121.22923
    -13614663.9339 4699048.05261
    -13614665.715 4698970.30303
    -13614667.4962 4698851.39305
    -13614646.1228 4698757.63809
    -13614580.2217 4698723.33771
    -13614473.355 4698705.04422
    -13614325.5227 4698686.75076
    -13614163.4415 4698668.45734
    -13613931.897 4698590.71066
    -13613771.5969 4698609.00394
    -13613532.9279 4698650.16395
    -13613233.7011 4698677.60405
    -13613037.7788 4698769.07157
    -13613037.6675 4698768.92866
    -13612996.8132 4698645.59061
    -13612918.4443 4698494.67146
    -13612891.7276 4698366.62061
    -13612825.8265 4698172.26079
    -13612742.1142 4697849.86034
    -13612596.0631 4697490.88747
    -13612482.0719 4697131.92726
    -13612442.8875 4696846.13997
    -13612330.6774 4696580.93655
    -13612011.8584 4696215.15008
    -13611769.6272 4695723.64521
    -13611769.6272 4695538.47976
    -13611709.0694 4695408.18017
    -13611603.9838 4695074.58083
    -13611548.7693 4694898.5705
    -13611545.2071 4694649.41824
    -13611477.5248 4694411.70066
    -13611310.1003 4694093.99064
    -13611115.9591 4693744.29253
    -13611091.0236 4693543.16441
    -13610953.8779 4693330.61288
    -13610702.7412 4693163.77447
    -13610619.0289 4692873.52785
    -13610544.2222 4692606.14263
    -13610471.1966 4692523.87166
    -13610337.6132 4692389.04013
    -13610204.0299 4692210.79102
    -13610122.0987 4692087.38961
    -13610077.5709 4691966.27488
    -13610084.6954 4691865.72788
    -13610091.8198 4691778.89265
    -13610050.8542 4691726.33484
    -13609956.4553 4691662.35178
    -13609881.6486 4691623.50512
    -13609838.9019 4691566.37795
    -13609846.0264 4691472.69009
    -13609885.2108 4691379.00308
    -13609924.3953 4691292.172
    -13609927.9575 4691182.49168
    -13609895.8975 4691100.23222
    -13609854.9319 4691084.2374
    -13609810.4041 4691056.81777
    -13609735.5974 4690997.40883
    -13609735.4861 4690997.26602
    -13609685.7263 4690899.15634
    -13609571.7351 4690730.21568
    -13609484.4607 4690522.29256
    -13609441.714 4690369.20902
    -13609434.5895 4690206.98868
    -13609398.9673 4690001.36098
    -13609350.8773 4689855.13936
    -13609286.7572 4689644.94946
    -13609286.7572 4689526.14839
    -13609219.075 4689343.38022
    -13609147.8305 4689162.89987
    -13609146.0494 4689028.11284
    -13609122.895 4688776.81974
    -13609028.496 4688454.71674
    -13608960.8138 4687963.58639
    -13608980.406 4687773.99357
    -13608939.4404 4687655.21432
    -13608921.6293 4687511.31054
    -13608873.5393 4687186.96346
    -13608814.7626 4687113.87259
    -13608814.7626 4686979.11266
    -13608834.3548 4686860.34268
    -13608820.1059 4686675.33835
    -13608772.0159 4686583.97943
    -13608716.8015 4686497.18921
    -13608570.7503 4686255.09409
    -13608492.3814 4686070.24349
    -13608473.3457 4685943.34799
    -13608467.4458 4685903.52397
    -13608408.6691 4685850.99647
    -13608291.1157 4685791.61788
    -13608186.0301 4685752.7936
    -13608143.2834 4685700.26688
    -13608091.6312 4685547.25579
    -13607984.7645 4685405.66548
    -13607949.1422 4685277.77915
    -13607860.0867 4684946.65237
    -13607836.9322 4684919.24926
    -13607787.0611 4684910.1149
    -13607765.6877 4684912.39849
    -13607708.6921 4684926.10003
    -13607671.2888 4684930.66721
    -13607639.2288 4684921.53285
    -13607619.6366 4684896.41338
    -13607551.9543 4684827.90607
    -13607491.3965 4684800.50328
    -13607441.5254 4684798.21972
    -13607418.3709 4684770.817
    -13607233.1353 4684549.31443
    -13607188.6075 4684547.03092
    -13607152.9852 4684528.76289
    -13607144.0797 4684492.22692
    -13607147.6419 4684350.65127
    -13607138.7364 4684311.83248
    -13607119.1441 4684288.99797
    -13607085.303 4684277.58073
    -13607014.0585 4684261.59663
    -13606978.4363 4684236.47879
    -13606971.3118 4684186.2433
    -13606996.2474 4684145.14173
    -13607024.7452 4684090.33988
    -13607046.1185 4684051.52209
    -13607024.7452 4684001.28752
    -13607003.3719 4683951.05319
    -13606798.544 4683777.51833
    -13606777.1706 4683706.73522
    -13606718.394 4683610.83631
    -13606693.4584 4683451.0068
    -13606664.9606 4683419.0412
    -13606602.6217 4683382.50921
    -13606618.6517 4683323.145
    -13606652.4928 4683263.78113
    -13606672.085 4683181.58558
    -13606543.845 4683074.27573
    -13606556.3128 4682996.64802
    -13606502.8794 4682946.41865
    -13606433.4161 4682820.84629
    -13606394.2316 4682711.25714
    -13606305.176 4682642.76451
    -13606194.7471 4682642.76451
    -13606187.6226 4682597.10302
    -13606216.1204 4682514.91284
    -13606241.056 4682423.5912
    -13606152.0004 4682343.68544
    -13606178.7171 4682259.21432
    -13606155.5626 4682190.72473
    -13606116.2668 4682129.08449
    -13606073.5201 4682078.85939
    -13606050.3657 4682035.48337
    -13606028.9923 4681976.127
    -13606021.8679 4681921.33681
    -13606027.2112 4681861.98111
    -13606037.8979 4681830.02049
    -13606061.0524 4681798.05997
    -13606099.6802 4681781.50903
    -13606284.4706 4681751.4035
    -13606404.9183 4681731.85636
    -13606278.348 4681194.96663
    -13606224.4694 4680966.55095
    -13606030.7735 4680145.38106
    -13605886.3921 4679687.31797
    -13605806.3534 4679433.25946
    -13605936.3745 4678787.51428
    -13605646.0533 4678253.4895
    -13605651.3966 4678221.54019
    -13605583.7144 4678164.48809
    -13605533.8433 4678127.97492
    -13605457.2554 4678089.17981
    -13605361.0754 4678066.35923
    -13605289.8309 4678080.05157
    -13605211.462 4678073.2054
    -13605117.0631 4678036.69255
    -13605013.7586 4677963.66725
    -13604912.2352 4677876.95038
    -13604869.4885 4677849.56626
    -13604780.4329 4677849.56626
    -13604675.3473 4677888.36045
    -13604636.1629 4677918.0267
    -13604616.5706 4677963.66725
    -13604636.1629 4678009.308
    -13604675.3473 4678093.74393
    -13604689.5962 4678114.28251
    -13604675.3473 4678166.77017
    -13604641.5062 4678212.41183
    -13604588.0729 4678207.84766
    -13604552.4506 4678173.61641
    -13604527.5151 4678134.82113
    -13604502.5795 4678098.30806
    -13604465.1761 4678059.51307
    -13604367.215 4678061.79512
    -13604290.6272 4678073.2054
    -13604201.5716 4678162.20602
    -13604187.6567 4678160.92235
    -13604174.8549 4678159.92394
    -13604155.2627 4678153.07771
    -13604128.546 4678102.87219
    -13604124.9838 4678038.9746
    -13604101.8293 4677979.64149
    -13604092.9238 4677929.43682
    -13604043.0526 4677840.43823
    -13603925.4993 4677758.28638
    -13603882.7526 4677719.49268
    -13603807.9459 4677641.90573
    -13603747.3881 4677573.44714
    -13603685.0491 4677473.04204
    -13603640.5214 4677413.71221
    -13603619.148 4677345.25516
    -13603615.5858 4677281.36232
    -13603515.8435 4677217.46988
    -13603499.8135 4677190.08753
    -13603471.3157 4677155.85969
    -13603464.1913 4677126.19566
    -13603476.6591 4677078.27702
    -13603492.6891 4677023.51314
    -13603492.6891 4676952.77689
    -13603485.5646 4676909.42266
    -13603471.3157 4676850.09611
    -13603464.1913 4676836.40542
    -13603435.6935 4676818.15119
    -13603398.2901 4676781.64284
    -13603373.3546 4676754.26166
    -13603350.2001 4676692.65426
    -13603323.4834 4676637.89245
    -13603322.5929 4676636.60897
    -13603255.8012 4676542.05998
    -13603239.7712 4676480.45387
    -13603211.2734 4676409.72139
    -13603211.2734 4676263.69459
    -13603246.8956 4676142.76773
    -13603262.9256 4676074.3192
    -13603294.9857 4675976.21044
    -13603359.1057 4675905.48145
    -13603366.2301 4675894.07359
    -13603394.7279 4675862.13166
    -13603471.3157 4675791.40347
    -13603544.3413 4675766.30648
    -13603565.7147 4675743.4911
    -13603567.4958 4675697.86048
    -13603578.1824 4675659.07461
    -13603597.7747 4675622.5704
    -13603622.7102 4675581.50332
    -13603622.7102 4675535.87342
    -13603594.2124 4675481.11782
    -13603540.7791 4675371.60748
    -13603451.7235 4675271.22405
    -13603382.2601 4675168.56019
    -13603280.7368 4675024.83252
    -13603237.9901 4674965.51693
    -13603200.5867 4674874.26285
    -13603182.7756 4674796.69752
    -13603177.4323 4674755.63376
    -13603157.84 4674696.31974
    -13603113.3122 4674554.87999
    -13603084.8145 4674449.94209
    -13603056.3167 4674397.47354
    -13603022.4755 4674376.94244
    -13602985.0722 4674347.28649
    -13602924.5144 4674326.75549
    -13602881.7677 4674276.56879
    -13602844.253 4674189.88324
    -13602792.6008 4674155.66547
    -13602755.1974 4674107.76077
    -13602669.7041 4674064.41862
    -13602630.5196 4674021.07666
    -13602585.9918 4673989.1406
    -13602525.434 4673913.86312
    -13602482.6873 4673827.18065
    -13602434.5973 4673751.90437
    -13602416.7862 4673692.59618
    -13602398.9751 4673635.56939
    -13602343.7606 4673558.01348
    -13602311.7006 4673528.3599
    -13602258.2672 4673487.30125
    -13602211.9583 4673446.24275
    -13602153.1816 4673409.74645
    -13602108.6538 4673332.19225
    -13601950.1349 4673211.30012
    -13601893.1393 4673177.08562
    -13601845.0493 4673131.46647
    -13601798.7404 4673021.98134
    -13601755.9937 4672978.6438
    -13601647.3459 4672910.21649
    -13601499.5136 4672775.6441
    -13601376.6169 4672677.56703
    -13601307.1535 4672670.72448
    -13601273.3124 4672707.21814
    -13601244.8146 4672773.36322
    -13601194.9435 4672777.92497
    -13601152.4194 4672770.65469
    -13601141.5101 4672768.80148
    -13601081.0636 4672743.85448
    -13601014.9398 4672775.6441
    -13600950.8198 4672821.26166
    -13600881.3565 4672812.13813
    -13600788.7386 4672793.8911
    -13600731.7431 4672784.76759
    -13600678.3097 4672816.69989
    -13600632.0008 4672887.40748
    -13600583.9108 4672905.65468
    -13600530.4774 4672882.84569
    -13600380.1961 4672784.48248
    -13600359.602 4672771.08235
    -13600274.1086 4672693.533
    -13600099.5597 4672588.61423
    -13599905.4185 4672520.18953
    -13599812.8007 4672481.41573
    -13599764.7106 4672449.48448
    -13599713.0584 4672415.27254
    -13599659.625 4672319.47971
    -13599618.6595 4672251.05681
    -13599581.2561 4672182.63436
    -13599559.8828 4672095.96659
    -13599510.0116 4672041.22943
    -13599483.295 4671970.5277
    -13599383.5527 4671705.97074
    -13599369.3038 4671621.58763
    -13599330.1194 4671548.6082
    -13599278.4671 4671457.38466
    -13599212.566 4671393.52866
    -13599182.2871 4671343.35637
    -13599164.4759 4671274.94001
    -13599141.3215 4671227.04883
    -13599141.3215 4671174.59684
    -13599146.6648 4671067.41318
    -13599143.1026 4670998.99867
    -13599128.8537 4670935.14554
    -13599073.6392 4670855.32969
    -13599048.7037 4670818.84265
    -13599045.1415 4670782.35574
    -13599059.3903 4670750.4298
    -13599067.4054 4670742.44833
    -13599121.7293 4670688.85863
    -13599216.5735 4670645.67352
    -13599232.1582 4670638.6898
    -13599339.3589 4670585.95579
    -13599347.9305 4670581.68007
    -13599396.0205 4670549.75476
    -13599422.7372 4670526.95102
    -13599449.4538 4670508.8506
    -13599465.4839 4670451.84159
    -13599460.1405 4670367.46884
    -13599451.235 4670271.69522
    -13599419.1749 4670228.36935
    -13599241.0638 4670064.18878
    -13599194.7549 4670029.98482
    -13599178.1682 4669982.52703
    -13599164.4759 4669943.33532
    -13599123.5104 4669856.68655
    -13599073.5279 4669836.16458
    -13599030.7812 4669751.79692
    -13598977.3479 4669703.91288
    -13598923.9145 4669630.94715
    -13598920.3523 4669576.22321
    -13598923.9145 4669537.46058
    -13598961.3179 4669478.17686
    -13598995.159 4669407.49287
    -13599018.3135 4669320.84865
    -13599057.4979 4669218.24459
    -13599071.7468 4669193.16376
    -13599132.3046 4669177.20326
    -13599255.3127 4669101.96125
    -13599360.3983 4669054.08026
    -13599456.5783 4669038.11997
    -13599529.6039 4669044.96009
    -13599584.8183 4668994.79934
    -13599684.5606 4668878.51854
    -13599711.2773 4668862.55853
    -13599880.4829 4668839.75856
    -13599923.2296 4668807.83869
    -13599944.6029 4668785.03885
    -13599949.9463 4668753.11915
    -13599925.0107 4668684.72014
    -13599875.1396 4668588.96229
    -13599859.1096 4668550.20341
    -13599844.8607 4668490.92542
    -13599846.6418 4668456.72673
    -13599847.3097 4668442.7623
    -13599850.204 4668383.76991
    -13599860.8907 4668335.89229
    -13599848.4229 4668283.45514
    -13599837.7362 4668212.77942
    -13599787.8651 4668148.9437
    -13599750.4617 4668082.82856
    -13599730.8695 4668046.35142
    -13599720.1828 4668000.75518
    -13599732.6506 4667918.68246
    -13599730.8695 4667875.36657
    -13599705.934 4667806.97343
    -13599700.5906 4667731.7415
    -13599705.934 4667713.50355
    -13599721.964 4667690.70614
    -13599732.6506 4667658.78986
    -13599732.6506 4667657.65
    -13599736.1015 4667437.51591
    -13599736.2129 4667430.81935
    -13599736.2129 4667362.42918
    -13599729.0884 4667316.83599
    -13599718.4017 4667284.92089
    -13599632.9084 4667205.13354
    -13599504.6683 4667082.0343
    -13599483.295 4667063.7975
    -13599477.9516 4667059.2383
    -13599453.0161 4667054.67911
    -13599410.2694 4667079.7547
    -13599389.6753 4667094.14469
    -13599239.1713 4667200.57429
    -13599198.2058 4667207.41317
    -13599134.0857 4667257.56516
    -13599068.1846 4667298.59878
    -13599025.4379 4667305.43773
    -13598984.2497 4667284.63593
    -13598966.6612 4667275.8023
    -13598934.6012 4667275.8023
    -13598891.8545 4667284.92089
    -13598868.7001 4667312.27669
    -13598827.7345 4667366.98851
    -13598806.3611 4667408.02258
    -13598735.1167 4667503.76936
    -13598722.8715 4667520.01221
    -13598605.0955 4667677.02772
    -13598548.0999 4667745.41999
    -13598517.821 4667768.21752
    -13598464.3877 4667779.6163
    -13598387.7999 4667781.89606
    -13598304.0876 4667806.97343
    -13598229.2809 4667848.00926
    -13598117.0709 4667961.99853
    -13598086.792 4668014.43403
    -13598033.3586 4668060.03033
    -13597962.1141 4668096.50752
    -13597908.6808 4668126.14533
    -13597873.0585 4668139.82434
    -13597852.0192 4668135.40716
    -13597845.2287 4668134.12475
    -13597839.2174 4668132.98483
    -13597796.4707 4668101.06717
    -13597775.0974 4668055.47069
    -13597767.9729 4668016.71384
    -13597782.2218 4667975.67733
    -13597812.5007 4667911.84309
    -13597823.1874 4667861.6879
    -13597826.7496 4667786.45557
    -13597823.8553 4667765.79528
    -13597817.8441 4667722.62252
    -13597811.8328 4667705.52445
    -13597794.6896 4667656.51013
    -13597727.0074 4667588.11846
    -13597712.8698 4667573.15784
    -13597686.0418 4667544.80397
    -13597678.1381 4667529.9859
    -13597662.8873 4667501.48966
    -13597653.9818 4667460.45523
    -13597598.7673 4667405.7429
    -13597422.4372 4667216.5317
    -13597393.9394 4667150.42259
    -13597374.3472 4667118.508
    -13597369.2265 4667103.97549
    -13597358.3172 4667072.9159
    -13597344.0683 4667004.52813
    -13597324.4761 4666963.49568
    -13597274.605 4666879.15174
    -13597196.236 4666801.64711
    -13597173.0816 4666774.29267
    -13597151.7082 4666746.93831
    -13597148.146 4666692.2298
    -13597142.8027 4666603.3291
    -13597132.116 4666503.03181
    -13597112.5238 4666423.25057
    -13597096.4938 4666357.14659
    -13597053.7471 4666275.08707
    -13596891.6659 4666060.82365
    -13596834.6703 4665992.44266
    -13596800.8292 4665940.01754
    -13596783.0181 4665914.94475
    -13596693.9625 4665914.94475
    -13596603.1258 4665942.29688
    -13596556.8169 4665944.57623
    -13596545.017 4665925.20179
    -13596494.478 4665842.00608
    -13596465.9802 4665721.20255
    -13596435.7013 4665655.1031
    -13596385.8301 4665541.13955
    -13596321.7101 4665434.01498
    -13596315.4762 4665416.92073
    -13596284.3068 4665331.44994
    -13596229.0923 4665238.0027
    -13596216.6245 4665201.53571
    -13596232.6545 4665078.46059
    -13596216.6245 4665000.96962
    -13596195.2512 4664909.80451
    -13596125.7878 4664795.84927
    -13596099.0711 4664768.5002
    -13596099.0711 4664677.33716
    -13596090.1656 4664622.63973
    -13596029.6078 4664483.61842
    -13595941.7767 4664329.35824
    -13595910.2733 4664273.95049
    -13595874.651 4664194.18665
    -13595863.9644 4664123.5392
    -13595863.9644 4664041.49761
    -13595887.1188 4663936.66764
    -13595910.2733 4663868.30086
    -13595912.0544 4663834.11763
    -13595888.8999 4663763.47267
    -13595815.8743 4663617.62654
    -13595792.7199 4663501.4069
    -13595717.9132 4663346.44943
    -13595632.4198 4663264.41407
    -13595571.862 4663209.7242
    -13595530.8964 4663180.10064
    -13595502.3987 4663145.91972
    -13595488.0384 4663102.62405
    -13595489.8196 4663031.98414
    -13595445.2918 4662911.2138
    -13595422.1373 4662842.85387
    -13595375.8284 4662751.708
    -13595358.0173 4662726.64303
    -13595336.6439 4662683.34914
    -13595338.425 4662583.09029
    -13595304.5839 4662510.17539
    -13595263.6184 4662316.49769
    -13595254.7128 4662305.105
    -13595240.4639 4662213.96393
    -13595265.3995 4662179.92864
    -13595313.4895 4662127.52306
    -13595334.8628 4662107.01661
    -13595352.6739 4662034.1051
    -13595359.7984 4661949.80181
    -13595347.3306 4661815.37368
    -13595320.6139 4661715.12334
    -13595276.0861 4661649.0498
    -13595254.7128 4661605.76046
    -13595213.7472 4661507.79054
    -13595204.8417 4661400.70821
    -13595199.4983 4661252.61747
    -13595165.6572 4661193.38178
    -13595137.1594 4661140.98126
    -13595098.9768 4661101.96583
    -13595083.7261 4661086.30274
    -13595051.666 4661036.18102
    -13595024.9494 4660995.17252
    -13595019.606 4660876.70446
    -13595008.9194 4660778.74152
    -13594994.6705 4660664.83231
    -13594944.7993 4660637.49428
    -13594785.2785 4659977.70187
    -13594593.9203 4659186.40575
    -13594558.2981 4659099.84811
    -13594524.4569 4659040.62488
    -13594485.2725 4658979.12419
    -13594444.3069 4658908.51275
    -13594417.5902 4658819.67969
    -13594406.9036 4658728.56967
    -13594401.5602 4658626.07186
    -13594376.6246 4658532.68586
    -13594362.3758 4658427.91234
    -13594359.1475 4658384.77899
    -13594355.2513 4658329.97284
    -13594332.0969 4658216.09089
    -13594287.5691 4658102.2102
    -13594260.8524 4657997.44109
    -13594246.6035 4657890.39549
    -13594189.6079 4657715.02534
    -13594150.4234 4657633.03513
    -13594125.4879 4657530.54829
    -13594098.7712 4657341.51971
    -13594075.6167 4657175.26854
    -13594057.8056 4657054.56732
    -13594032.8701 4656908.81681
    -13593995.4667 4656772.17759
    -13593940.2522 4656635.5402
    -13593913.5356 4656535.3406
    -13593876.1322 4656410.09248
    -13593869.0078 4656316.7267
    -13593835.1666 4656248.41081
    -13593779.9522 4656134.55202
    -13593746.1111 4656027.5259
    -13593730.081 4655915.94668
    -13593706.9266 4655804.36867
    -13593671.3044 4655692.79187
    -13593667.7421 4655642.69657
    -13593667.7421 4655635.86541
    -13593676.6477 4655597.15559
    -13593710.4888 4655537.95262
    -13593755.0166 4655465.08791
    -13593792.42 4655405.8857
    -13593812.0122 4655310.2521
    -13593799.5444 4655194.12678
    -13593788.8577 4655150.86475
    -13593774.6088 4655100.77209
    -13593717.6133 4655009.69516
    -13593665.961 4654964.157
    -13593582.2488 4654952.77249
    -13593519.9098 4654882.18882
    -13593486.0687 4654800.2213
    -13593432.6354 4654754.68407
    -13593405.9187 4654661.33339
    -13593430.8543 4654577.09082
    -13593446.8843 4654522.44736
    -13593530.5965 4654501.95614
    -13593551.9699 4654426.82201
    -13593541.2832 4654294.91171
    -13593535.9399 4654194.73502
    -13593527.0343 4654090.00589
    -13593507.4421 4654055.85532
    -13593454.0087 4653976.1711
    -13593433.7486 4653885.81563
    -13593432.6354 4653880.55085
    -13593425.5109 4653796.3147
    -13593397.0131 4653723.46237
    -13593345.3609 4653702.97275
    -13593274.1164 4653696.14288
    -13593234.932 4653705.24937
    -13593154.7819 4653593.69545
    -13593163.6875 4653541.33383
    -13593197.5286 4653422.95201
    -13593177.9364 4653347.8258
    -13592748.6884 4652849.27489
    -13592705.9417 4652785.53497
    -13592657.8517 4652726.34826
    -13592613.3239 4652642.1216
    -13592567.015 4652546.51381
    -13592531.3928 4652460.01228
    -13592511.8005 4652382.61681
    -13592497.5516 4652305.22191
    -13592479.7405 4652246.03797
    -13592477.0689 4652220.42965
    -13592476.067 4652210.47087
    -13592475.0651 4652200.65437
    -13592475.9557 4652191.97602
    -13592476.9575 4652183.29768
    -13592478.85 4652166.79463
    -13592492.6536 4652035.34025
    -13592497.663 4651995.07912
    -13592809.2462 4651483.5063
    -13592909.4338 4649520.53291
    -13592664.4196 4649278.74336
    -13592653.2876 4648994.29237
    -13592826.2781 4648679.69877
    -13593020.6419 4648325.86363
    -13593354.6004 4647060.3772
    -13593363.7286 4647046.15754
    -13593453.3408 4646908.93884
    -13593576.7941 4646720.24836
    -13594394.881 4643750.28833
    -13594683.9778 4642987.25127
    -13594734.9621 4642852.21896
    -13594757.3373 4642706.38606
    -13594768.1353 4642634.7496
    -13594781.9389 4642544.06766
    -13594804.2028 4642397.95487
    -13594835.261 4642193.28676
    -13594946.4691 4641516.34765
    -13594987.6573 4641306.72304
    -13594989.2158 4641299.04872
    -13595001.7949 4641289.66902
    -13595014.4853 4641275.45736
    -13595022.8343 4641263.6617
    -13595026.3965 4641258.68763
    -13595028.5116 4641253.99779
    -13595034.1889 4641241.63369
    -13595049.551 4641222.59016
    -13595053.3358 4641215.05802
    -13595058.3452 4641201.41493
    -13595065.0244 4641165.31766
    -13595066.3602 4641158.21192
    -13595068.6979 4641145.84793
    -13595074.0413 4641124.38863
    -13595074.0413 4641104.20841
    -13595066.0263 4641062.0006
    -13595060.5716 4641043.95219
    -13595059.4584 4641031.162
    -13595056.3415 4640974.1748
    -13595050.3302 4640835.332
    -13595047.6585 4640826.09483
    -13595041.8699 4640812.31014
    -13595027.1758 4640791.41998
    -13595022.0551 4640780.33542
    -13595021.6098 4640775.36159
    -13595023.7249 4640762.85595
    -13595057.7886 4640718.2337
    -13595060.5716 4640713.54411
    -13595065.4697 4640705.58602
    -13595066.8055 4640701.74909
    -13595065.6923 4640688.95933
    -13595063.0206 4640669.06418
    -13595064.1338 4640644.3374
    -13595068.9206 4640535.76764
    -13595047.4359 4640195.99722
    -13595031.7399 4640110.59454
    -13595022.389 4640074.78531
    -13595015.4872 4640035.13952
    -13594996.8969 4639942.91748
    -13594944.7993 4639674.78197
    -13594946.4691 4639668.67192
    -13594945.022 4639655.59926
    -13594942.239 4639645.79477
    -13594936.8956 4639632.58004
    -13594931.2184 4639613.82368
    -13594926.9882 4639593.36224
    -13594920.643 4639540.07743
    -13594915.6336 4639520.3266
    -13594907.7299 4639505.97529
    -13594896.7093 4639493.75539
    -13594892.5905 4639490.2031
    -13594887.4698 4639485.94034
    -13594870.2153 4639476.27811
    -13594857.4135 4639472.44164
    -13594845.6137 4639470.87863
    -13594842.942 4639470.59445
    -13594823.3498 4639469.31562
    -13594813.8876 4639461.64269
    -13594805.5386 4639453.11721
    -13594795.8539 4639439.33437
    -13594785.8351 4639428.96172
    -13594767.0221 4639413.04755
    -13594743.7563 4639397.84386
    -13594734.7395 4639387.32916
    -13594721.1585 4639365.58936
    -13594716.3717 4639354.50635
    -13594706.1303 4639323.24662
    -13594705.1285 4639300.37024
    -13594700.8983 4639283.31955
    -13594694.6644 4639267.97396
    -13594686.8721 4639254.75972
    -13594672.8458 4639238.41956
    -13594665.61 4639223.07403
    -13594661.0459 4639207.01809
    -13594660.6007 4639199.9137
    -13594659.5988 4639181.86857
    -13594656.4819 4639154.16155
    -13594651.9177 4639136.96902
    -13594644.682 4639123.04451
    -13594638.1141 4639115.08766
    -13594624.1992 4639101.87362
    -13594616.7408 4639096.61642
    -13594602.7145 4639088.94376
    -13594598.707 4639086.81247
    -13594572.4356 4639079.99234
    -13594564.198 4639076.58227
    -13594549.2812 4639067.34668
    -13594542.7133 4639061.66324
    -13594537.9266 4639056.69024
    -13594529.5776 4639045.1813
    -13594523.2324 4639026.99436
    -13594520.5608 4639015.34336
    -13594514.9948 4638999.85609
    -13594506.0892 4638987.63679
    -13594480.931 4638970.58662
    -13594473.1386 4638962.20364
    -13594461.5614 4638942.02766
    -13594452.7672 4638919.15213
    -13594448.6484 4638903.94917
    -13594427.8316 4638851.37835
    -13594411.4677 4638821.3989
    -13594387.3113 4638776.92716
    -13594376.402 4638763.57148
    -13594360.038 4638749.36331
    -13594340.1119 4638729.614
    -13594321.5215 4638699.77698
    -13594309.499 4638671.7871
    -13594307.2726 4638663.40435
    -13594305.1575 4638648.77009
    -13594305.3802 4638642.37649
    -13594310.3896 4638608.84565
    -13594310.6122 4638583.98176
    -13594291.6879 4638533.82791
    -13594288.6823 4638513.79486
    -13594282.337 4638487.36833
    -13594272.4296 4638466.34083
    -13594264.5259 4638453.41177
    -13594243.2639 4638423.14933
    -13594240.7036 4638419.45533
    -13594238.8111 4638416.89794
    -13594160.4422 4638216.42937
    -13594127.7143 4638132.60596
    -13594120.7011 4638114.84686
    -13594111.6843 4638091.8311
    -13594045.0039 4638077.62387
    -13594039.8832 4638077.33972
    -13594021.4042 4638076.91351
    -13593745.3318 4638063.27458
    -13593766.2599 4637949.75966
    -13593770.3787 4637908.27518
    -13593777.6145 4637836.10393
    -13593682.8816 4637822.6074
    -13593677.3156 4637821.89705
    -13593483.1744 4637469.85689
    -13593465.9199 4637438.31878
    -13593328.663 4637333.6186
    -13593314.6367 4637325.8052
    -13593309.9613 4637320.9751
    -13593307.7349 4637319.41242
    -13593299.3859 4637313.72995
    -13593285.5823 4637302.36503
    -13593261.6486 4637263.44025
    -13593254.6355 4637249.80241
    -13593242.613 4637226.50447
    -13593230.1452 4637204.05894
    -13593228.8094 4637201.64392
    -13593219.1246 4637187.29586
    -13593205.321 4637170.39075
    -13593190.6268 4637144.67798
    -13593184.2816 4637130.89823
    -13593182.3892 4637126.63646
    -13593181.6099 4637110.29968
    -13593184.3929 4637078.47855
    -13593190.1815 4637031.59939
    -13593195.8588 4637003.18788
    -13593200.089 4636976.62319
    -13593206.1002 4636961.99133
    -13593208.4379 4636952.8997
    -13593205.321 4636938.97816
    -13593197.6399 4636932.15945
    -13593176.6005 4636742.37389
    -13593163.6875 4636726.32183
    -13593106.6919 4636653.59068
    -13593034.1116 4636560.97286
    -13592928.8034 4636426.59327
    -13592842.6421 4636316.64764
    -13592662.4158 4636086.67474
    -13592640.8198 4636058.83402
    -13592610.4296 4636020.05601
    -13592603.4165 4636011.39134
    -13592432.9863 4635793.92484
    -13592354.0608 4635693.64465
    -13592336.8063 4635671.20248
    -13592326.3423 4635658.27694
    -13592287.1578 4635607.4272
    -13592070.864 4635331.87709
    -13592006.1874 4635249.49756
    -13592004.7403 4635247.36706
    -13591989.0442 4635226.48822
    -13591984.3688 4635220.23878
    -13591963.1068 4635160.4432
    -13591940.0636 4635094.25656
    -13591775.4221 4634931.91647
    -13591666.329 4634826.67374
    -13591645.8462 4634806.78995
    -13591519.276 4634684.50545
    -13591516.9383 4634682.23305
    -13591409.9602 4634567.33527
    -13591400.1641 4634556.82552
    -13591394.4868 4634550.71851
    -13591389.7001 4634545.60567
    -13591306.0991 4634456.27336
    -13591299.8652 4634445.62171
    -13591295.6351 4634438.23657
    -13591294.4106 4634430.56739
    -13591295.3011 4634414.80299
    -13591292.2955 4634403.58329
    -13591282.3881 4634389.94925
    -13591272.7033 4634379.01362
    -13591207.804 4634305.30495
    -13591196.4494 4634290.81892
    -13591186.3194 4634283.85995
    -13591177.6364 4634277.89512
    -13591176.078 4634270.93616
    -13591175.8553 4634266.1075
    -13591175.4101 4634258.86451
    -13591173.4063 4634239.83393
    -13591160.1593 4634214.1285
    -13591148.2481 4634200.63672
    -13591142.6821 4634190.97946
    -13591137.8954 4634179.61799
    -13591129.6577 4634166.97837
    -13591117.4126 4634145.39164
    -13591100.0468 4634117.6982
    -13591093.7015 4634110.02926
    -13591071.215 4634078.64348
    -13591034.2569 4634020.41671
    -13590982.6047 4633952.39122
    -13590961.7879 4633928.81674
    -13590950.2107 4633919.30175
    -13590939.1901 4633913.90519
    -13590932.5109 4633912.059
    -13590919.4865 4633911.49094
    -13590915.0338 4633911.34893
    -13590903.5679 4633909.07669
    -13590900.117 4633905.2423
    -13590895.5529 4633895.58532
    -13590891.3227 4633881.24188
    -13590887.5378 4633865.47832
    -13590881.9719 4633855.25332
    -13590877.9644 4633847.8686
    -13590866.9437 4633836.50751
    -13590854.0307 4633824.72039
    -13590828.7612 4633772.03356
    -13590723.0076 4633593.80921
    -13590670.7988 4633505.90527
    -13590652.9877 4633475.79941
    -13590588.645 4633367.44745
    -13590559.2567 4633317.74509
    -13590537.9946 4633163.24331
    -13590494.8027 4633057.59269
    -13590462.854 4632975.37341
    -13590451.2768 4632951.37515
    -13590415.0979 4632863.05071
    -13590376.0248 4632767.62709
    -13590276.3938 4632524.24406
    -13590175.0931 4632276.89103
    -13589625.1748 4630934.16045
    -13589447.0636 4630934.16045
    -13589391.4039 4630848.97673
    -13589146.501 4630536.64249
    -13589146.501 4630181.72874
    -13588979.4105 4629727.45702
    -13588879.2229 4629443.54739
    -13588734.5076 4629102.86618
    -13588834.6951 4628960.91901
    -13588801.2993 4628847.36269
    -13588845.8271 4628478.3133
    -13588712.2437 4628166.05108
    -13588714.6927 4628151.85757
    -13588745.6395 4627967.3437
    -13588678.8478 4627839.60527
    -13588589.7922 4627527.36245
    -13588422.813 4627172.55258
    -13588189.0421 4626633.26502
    -13587988.667 4626647.45643
    -13587810.5558 4626094.00574
    -13587832.3744 4625970.83153
    -13587810.5558 4625781.81592
    -13587888.4794 4625455.44579
    -13588033.1948 4625412.87653
    -13588243.8113 4625184.85023
    -13588255.8338 4625171.79599
    -13588356.0213 4624873.82313
    -13588567.5283 4624504.91631
    -13588222.4379 4624320.46786
    -13588189.0421 4624150.21069
    -13588580.8867 4624148.50813
    -13589346.0969 4624145.2449
    -13589827.8876 4624143.1167
    -13591198.3419 4624137.15775
    -13591268.2505 4624137.44151
    -13591297.9728 4624137.15775
    -13591316.4518 4624137.01587
    -13591354.6344 4624136.59023
    -13591392.4831 4624136.30648
    -13591404.0603 4624136.30648
    -13591424.3204 4624136.30648
    -13591472.9671 4624136.1646
    -13591655.7537 4624135.88084
    -13591704.7342 4624135.88084
    -13591704.9569 4624135.88084
    -13592532.9512 4624135.88084
    -13592602.9712 4624135.73896
    -13593641.0255 4624125.94927
    -13593734.5338 4624125.09799
    -13593971.533 4624122.82792
    -13595592.4561 4624107.50496
    -13595618.8388 4624107.64684
    -13595622.0671 4624107.64684
    -13595839.5854 4624107.36308
    -13595877.2114 4624107.64684
    -13595944.4484 4624108.21435
    -13595959.8104 4624108.35623
    -13598177.5173 4624126.94243
    -13598182.3041 4624126.94243
    -13599061.3941 4624134.17828
    -13599265.4427 4624135.88084
    -13599500.1042 4624137.86715
    -13599758.3654 4624140.70475
    -13599765.7125 4624140.13723
    -13600067.7223 4624142.54918
    -13600211.1018 4624143.68422
    -13601009.3739 4624150.35257
    -13602261.6068 4624108.07247
    -13602317.3779 4624114.45704
    -13602323.5005 4624114.88268
    -13602369.0301 4624117.86214
    -13602418.6786 4624121.26725
    -13602420.905 4624121.40913
    -13602427.1389 4624121.97665
    -13602910.1542 4624108.07247
    -13602914.1617 4624107.93059
    -13602916.9447 4624107.78871
    -13602928.0766 4624110.20066
    -13602938.9859 4624112.47073
    -13602947.2236 4624114.17328
    -13602949.8952 4624114.7408
    -13602965.5913 4624118.1459
    -13602983.7364 4624121.97665
    -13603040.5093 4624120.98349
    -13603103.9614 4624123.11168
    -13603130.0102 4624123.11168
    -13603907.6881 4624121.97665
    -13603951.6593 4624009.18313
    -13603929.6181 4623880.92635
    -13603696.0698 4623327.05701
    -13603493.9136 4623187.0338
    -13603490.1287 4623184.33834
    -13603488.0137 4623182.91967
    -13603450.7216 4623156.67441
    -13603422.6691 4623101.34678
    -13603397.1769 4623029.56317
    -13603518.0699 4622703.28034
    -13603528.6453 4622484.10921
    -13603529.3132 4622476.30709
    -13603464.7479 4622409.91836
    -13603351.0907 4622291.895
    -13603295.4309 4622178.41229
    -13603172.9795 4622118.55066
    -13603148.3779 4622107.62807
    -13603139.5836 4621908.89585
    -13603306.5629 4621681.94011
    -13603462.4102 4621426.76273
    -13603573.7297 4621100.53072
    -13603662.7853 4621029.61208
    -13603629.3894 4620887.77628
    -13603429.0143 4620816.85911
    -13603406.7504 4620377.18357
    -13603217.5073 4620136.07915
    -13603161.8475 4619994.25566
    -13603072.792 4619880.79828
    -13603050.5281 4619738.9783
    -13602872.3055 4619682.25086
    -13602838.9097 4619327.71142
    -13602616.2707 4619171.71794
    -13602415.8956 4618902.28022
    -13602204.3886 4618703.75167
    -13602248.9164 4618476.86659
    -13601948.3538 4617867.13771
    -13602471.5554 4617838.7791
    -13602760.9861 4617852.95839
    -13602950.2292 4618023.11143
    -13603288.6404 4617925.84027
    -13603295.3196 4617923.85515
    -13603334.5041 4617919.88492
    -13603350.6454 4617919.03416
    -13603360.5528 4617918.18339
    -13603368.0112 4617917.61622
    -13603952.2159 4617867.13771
    -13604185.9869 4617952.21399
    -13604464.2856 4617909.67576
    -13604609.0009 4618037.29097
    -13604753.7163 4617767.88293
    -13604798.2441 4617597.73412
    -13604865.0358 4617512.80256
    -13604931.8274 4617285.94371
    -13605076.5428 4617073.26809
    -13605109.9386 4616818.06313
    -13605076.5428 4616732.99622
    -13605121.0706 4616548.68699
    -13604686.9246 4616095.01677
    -13604185.8755 4615995.77908
    -13604063.4241 4616095.01677
    -13603917.8182 4616049.65085
    -13603874.181 4616038.3094
    -13603776.1085 4616061.41762
    -13603677.9247 4616084.38412
    -13603573.6183 4616109.19366
    -13603206.264 4616066.66305
    -13603130.0102 4616049.79262
    -13602883.4375 4615995.77908
    -13602493.8193 4615712.24807
    -13602649.6666 4615471.25285
    -13602627.514 4615386.76409
    -13602582.8749 4615216.08758
    -13602705.215 4614904.36926
    -13603184.0001 4614932.57804
    -13603261.9238 4614808.11981
    -13603317.5835 4614719.951
    -13603330.8305 4614719.384
    -13603437.8086 4614715.6985
    -13603544.7866 4614712.013
    -13603636.2912 4614707.90226
    -13603727.9072 4614703.93327
    -13603753.622 4614729.02299
    -13603779.4481 4614754.11278
    -13603964.2384 4614935.12959
    -13604252.6672 4614960.92864
    -13604475.3062 4615116.85835
    -13604631.1535 4614620.72655
    -13604375.1187 4614436.4551
    -13604308.4383 4614068.06384
    -13604163.9456 4613983.01963
    -13603841.6757 4614040.28265
    -13603825.423 4613976.07439
    -13603820.7476 4613954.52998
    -13603799.9309 4613852.3364
    -13603780.3386 4613762.19145
    -13603760.6351 4613672.04729
    -13603737.8146 4613568.72264
    -13603735.9222 4613558.943
    -13603729.243 4613529.88758
    -13603439.0331 4613431.24152
    -13602928.6332 4612367.45476
    -13602927.7427 4612168.48526
    -13602794.2706 4612026.34629
    -13602794.2706 4611828.37534
    -13602683.0624 4611291.16624
    -13602527.3264 4611050.5578
    -13602504.172 4610723.37899
    -13602777.684 4610438.43441
    -13602796.9423 4610418.31431
    -13602816.2005 4610398.19424
    -13602827.7778 4610000.90182
    -13602728.8147 4609930.20124
    -13602649.6666 4609873.10273
    -13602571.6316 4609646.41202
    -13602678.1644 4609470.58847
    -13602682.9511 4609462.65452
    -13602971.6025 4609391.53261
    -13603194.2415 4609222.51377
    -13603406.3051 4609363.9057
    -13603705.6433 4609091.74921
    -13603719.8922 4609078.85701
    -13603736.1448 4609049.81423
    -13603738.8165 4609045.56407
    -13603751.7295 4609025.30501
    -13603874.181 4608881.651
    -13603751.7295 4608399.98552
    -13603874.181 4608229.9913
    -13603796.146 4607507.54715
    -13603907.4655 4607422.55705
    -13603896.3335 4607181.75556
    -13604519.834 4606601.1638
    -13604297.0837 4606289.56422
    -13604976.2439 4606077.11537
    -13604686.7019 4605496.44414
    -13604692.6019 4605483.55645
    -13604698.5018 4605470.81039
    -13604718.7619 4605426.48255
    -13604739.1334 4605382.1549
    -13604764.6256 4605326.49777
    -13604764.6256 4605029.09836
    -13604920.4729 4604844.99826
    -13604508.5907 4604264.39637
    -13604486.3268 4604136.95155
    -13604230.292 4603853.74647
    -13603751.6182 4603867.90654
    -13603595.7709 4603683.82715
    -13603640.2987 4603287.35962
    -13603577.7372 4603269.37734
    -13603536.8829 4603236.95269
    -13603528.9792 4603230.72264
    -13603522.3001 4603231.28901
    -13603500.7041 4603231.00582
    -13603470.9818 4603230.72264
    -13603461.8536 4603231.00582
    -13603459.8498 4603231.00582
    -13603452.5027 4603228.17398
    -13603417.4371 4603216.70504
    -13603403.7448 4603219.82006
    -13603348.3077 4603233.12971
    -13603336.9531 4603235.67836
    -13603294.3177 4603245.30663
    -13603269.2709 4603239.78454
    -13603258.6955 4603240.06772
    -13603209.7149 4603241.05887
    -13603168.972 4603241.90842
    -13603128.2291 4603242.61638
    -13603124.8895 4603242.61638
    -13603120.4367 4603242.75797
    -13603112.533 4603243.04116
    -13603109.5274 4603243.04116
    -13603070.3429 4603243.89071
    -13603028.0415 4603244.88186
    -13602627.8479 4602720.72068
    -13602793.2687 4602476.63093
    -13602807.7402 4602455.3937
    -13602808.9648 4602453.55314
    -13602816.7571 4602442.08505
    -13602818.093 4602440.10292
    -13602847.5926 4602395.78809
    -13602873.9753 4602354.58822
    -13603128.3404 4601956.47285
    -13603005.4437 4601644.73035
    -13602727.4789 4601347.72014
    -13602866.7396 4601347.72014
    -13603169.306 4601347.72014
    -13603171.421 4601347.72014
    -13603462.1875 4601347.72014
    -13604740.5806 4601330.30751
    -13604873.7187 4601333.98822
    -13604876.5017 4601334.12979
    -13604905.7787 4601334.12979
    -13604911.0107 4601334.12979
    -13604919.8049 4601334.27136
    -13604927.9313 4601334.27136
    -13604928.4879 4601334.27136
    -13605593.3992 4601335.82858
    -13605735.1089 4601336.25328
    -13606541.6186 4601338.23521
    -13606646.2589 4601338.51834
    -13606965.7459 4601339.22617
    -13607129.4968 4601337.24424
    -13607287.0139 4601341.06653
    -13607365.4942 4601343.33159
    -13607444.0857 4601345.59665
    -13607477.7042 4601346.58761
    -13607511.2114 4601347.43701
    -13607537.8167 4601348.00327
    -13607726.9485 4601349.84363
    -13607916.0804 4601351.54243
    -13608210.0751 4601354.23219
    -13608320.5041 4601355.22315
    -13608480.6928 4601356.78038
    -13608826.4512 4601359.75327
    -13609048.9788 4601361.87677
    -13609118.7761 4601351.25929
    -13609203.8242 4601338.94304
    -13609206.0506 4601338.51834
    -13609223.9731 4601336.11172
    -13609226.9787 4601336.25328
    -13609486.6871 4601350.69303
    -13609793.8175 4601351.82556
    -13610047.4033 4601356.63881
    -13610128.11 4601362.44304
    -13610398.505 4601362.01834
    -13610406.0747 4601361.87677
    -13610448.7101 4601362.5846
    -13610967.0136 4601371.64486
    -13610984.0455 4601372.06956
    -13611153.8077 4601376.03342
    -13611455.8175 4601376.31656
    -13611609.3271 4601376.74126
    -13611762.8367 4601377.16596
    -13611805.806 4601376.31656
    -13611825.6209 4601376.31656
    -13611845.5471 4601376.31656
    -13611868.9242 4601376.31656
    -13611892.3012 4601376.31656
    -13613040.6731 4601376.03342
    -13613157.2246 4601376.03342
    -13613302.8305 4601376.03342
    -13613335.7811 4601374.19306
    -13613479.0493 4601364.2834
    -13613670.5188 4601376.17499
    -13613804.3248 4601376.17499
    -13613851.1903 4601376.17499
    -13614018.2809 4601376.17499
    -13614232.2369 4601376.17499
    -13614242.8123 4601375.89186
    -13614263.0724 4601376.17499
    -13614283.3326 4601376.45812
    -13614287.3401 4601376.45812
    -13614297.3588 4601376.59969
    -13615013.0319 4601382.68706
    -13615482.8001 4601386.65092
    -13615573.9708 4601387.64189
    -13615630.2984 4601389.19913
    -13615702.9901 4601389.34069
    -13615745.8481 4601389.62383
    -13615803.2889 4601390.04853
    -13615865.1826 4601390.61479
    -13618228.718 4601404.91305
    -13618255.6573 4601404.77148
    -13618256.4365 4601404.77148
    -13618284.3777 4601404.62992
    -13618306.3077 4601404.48835
    -13618328.3489 4601404.48835
    -13618599.8572 4601404.77148
    -13618808.1359 4601405.05462
    -13618819.4905 4601405.33775
    -13618827.1716 4601405.33775
    -13618834.63 4601405.62089
    -13618846.7638 4601405.90402
    -13618859.3429 4601406.04559
    -13618868.0258 4601406.18715
    -13618998.1583 4601407.46126
    -13619938.0288 4601418.64506
    -13619972.4265 4601422.18424
    -13619988.5678 4601423.88305
    -13620004.7091 4601425.58186
    -13620018.1788 4601426.99753
    -13620046.2313 4601429.97044
    -13620052.0199 4601429.26261
    -13620140.2963 4601418.22036
    -13621274.9758 4601435.91627
    -13621284.438 4601435.35
    -13621294.0115 4601434.78373
    -13621304.6982 4601434.21746
    -13621310.932 4601433.93433
    -13621327.9639 4601432.94336
    -13621719.6972 4601431.66925
    -13621743.2969 4601431.66925
    -13621767.008 4601431.52768
    -13621782.704 4601431.81082
    -13621794.7266 4601432.09395
    -13621822.5564 4601432.66022
    -13621868.1974 4601433.65119
    -13621999.2205 4601436.34097
    -13622035.5106 4601437.19038
    -13622071.8008 4601438.18135
    -13622114.4361 4601439.31389
    -13622145.2716 4601439.88016
    -13622176.1071 4601440.44643
    -13622268.057 4601442.14524
    -13622477.7829 4601445.96757
    -13622687.3975 4601449.78989
    -13622783.8002 4601450.6393
    -13622813.7452 4601450.92243
    -13622843.5788 4601451.20557
    -13622852.373 4601451.34713
    -13622861.1673 4601451.4887
    -13623309.1169 4601461.96471
    -13623342.1788 4601461.54001
    -13623343.8486 4601461.39844
    -13623368.5615 4601460.2659
    -13623471.0868 4601457.29298
    -13623475.4282 4601457.15141
    -13623578.9554 4601453.89535
    -13623680.924 4601450.49773
    -13623746.7138 4601448.37422
    -13623768.5324 4601447.66638
    -13623789.7945 4601446.95854
    -13623834.6562 4601446.10913
    -13623879.518 4601445.4013
    -13623991.5054 4601443.56092
    -13624579.3836 4601433.50963
    -13624997.6109 4601426.43126
    -13625011.7485 4601426.14813
    -13625025.7748 4601425.86499
    -13625107.038 4601424.59089
    -13625167.8184 4601423.45835
    -13625228.5989 4601422.46738
    -13625269.0079 4601421.75954
    -13625394.131 4601419.63603
    -13625519.3654 4601417.51252
    -13625572.6874 4601416.66312
    -13625613.653 4601415.95528
    -13625654.6186 4601415.24745
    -13625715.5103 4601414.11491
    -13625740.5572 4601413.69021
    -13625765.4928 4601413.26551
    -13625892.5083 4601411.142
    -13625907.9817 4601412.98237
    -13626011.9541 4601418.36193
    -13626052.3631 4601420.06073
    -13626167.8014 4601427.42223
    -13626214.4443 4601431.10298
    -13626255.7438 4601434.35903
    -13626261.0872 4601434.78373
    -13626341.9051 4601743.54689
    -13626304.7244 4601806.97118
    -13626296.1528 4601821.55316
    -13626296.0415 4601821.55316
    -13626278.787 4601851.42505
    -13626261.8664 4601871.95317
    -13626258.9721 4601875.63408
    -13626254.8533 4601880.58916
    -13626254.7419 4601880.73073
    -13626252.2929 4601883.84535
    -13626250.1779 4601886.11053
    -13626250.1779 4601886.2521
    -13626250.0665 4601886.2521
    -13626214.2217 4601930.42316
    -13626185.7239 4601965.25048
    -13625951.285 4602111.07344
    -13625657.4016 4602196.44454
    -13625577.6968 4602206.21341
    -13625151.8998 4602258.59741
    -13624228.8385 4602219.80491
    -13623810.7225 4602189.6488
    -13623469.083 4602121.97485
    -13623398.6178 4602098.33154
    -13623359.7673 4602085.30651
    -13623306.0 4602067.04318
    -13623305.8886 4602067.04318
    -13623284.6266 4602059.96438
    -13623258.1326 4602051.0451
    -13623209.486 4602034.76388
    -13623186.7768 4602030.09189
    -13622931.5212 4601929.85686
    -13622831.7789 4601890.64088
    -13622730.8121 4601862.46776
    -13622673.1487 4601791.53979
    -13622665.6902 4601784.74432
    -13622651.33 4601771.43654
    -13622651.2187 4601771.43654
    -13622453.2927 4601729.67288
    -13622290.3209 4601730.38073
    -13622097.9608 4601796.35325
    -13622055.1028 4601814.47453
    -13622002.3374 4601836.70146
    -13621985.5282 4601843.78011
    -13621918.7365 4601871.95317
    -13621894.5801 4601882.14647
    -13621858.8466 4601942.45698
    -13621858.8466 4601942.59855
    -13621858.7353 4601942.59855
    -13621854.8391 4601949.39412
    -13621843.8184 4601971.33819
    -13621843.8184 4601971.62134
    -13621843.7071 4601971.62134
    -13621744.7441 4602174.21684
    -13621709.3445 4602433.30702
    -13621674.2789 4602906.76512
    -13621695.9862 4603019.61105
    -13621775.8022 4603388.59898
    -13621890.2387 4603633.70148
    -13622026.939 4603886.59786
    -13622115.3267 4604109.0555
    -13622138.3698 4604300.93084
    -13622129.3529 4604533.87655
    -13622104.974 4604804.49668
    -13622060.1122 4605136.72763
    -13622057.7745 4605153.86345
    -13622015.8071 4605262.62699
    -13621954.6927 4605344.90849
    -13621932.6514 4605374.79058
    -13621808.7528 4605426.62417
    -13621726.3764 4605429.73986
    -13621542.9219 4605413.45332
    -13621367.2597 4605370.9668
    -13621236.7933 4605291.09263
    -13621061.6877 4605158.25362
    -13621005.694 4605138.99353
    -13620956.9361 4605146.21606
    -13620893.15 4605164.62646
    -13620817.6754 4605254.27141
    -13620760.1232 4605445.60156
    -13620726.1708 4605759.44167
    -13620708.6936 4606114.64768
    -13620724.6123 4606391.11632
    -13620775.8193 4606560.65532
    -13620849.8467 4606689.12156
    -13621113.4513 4607018.01376
    -13621129.1473 4607116.45683
    -13621138.6095 4607176.08971
    -13621081.5026 4607309.09635
    -13620952.9286 4607373.12146
    -13620858.9749 4607389.83604
    -13620856.3032 4607390.26099
    -13620805.6529 4607388.13625
    -13620723.4991 4607364.90583
    -13620611.4004 4607328.50215
    -13620610.2872 4607327.93556
    -13620510.5449 4607273.25946
    -13620354.141 4607121.13113
    -13620358.8164 4607122.54758
    -13620362.156 4607122.40594
    -13620297.0341 4607077.78771
    -13620165.0092 4606891.10149
    -13620160.4451 4606884.01938
    -13620072.0574 4606781.04601
    -13620025.5259 4606733.59646
    -13619995.5809 4606671.13336
    -13620003.262 4606637.84818
    -13619955.7286 4606758.38352
    -13619911.2008 4606858.66545
    -13619899.1783 4606849.74202
    -13619891.1633 4606863.9062
    -13619902.7405 4606933.87755
    -13619933.4647 4606996.90882
    -13619997.3621 4607149.31861
    -13620034.8767 4607282.32491
    -13620035.8786 4607477.80053
    -13620032.7617 4607569.59037
    -13620025.4146 4607600.75377
    -13620015.1732 4607648.06566
    -13619983.2245 4607795.95212
    -13619982.4452 4607894.82758
    -13620015.5071 4607977.13009
    -13620087.1969 4608042.85924
    -13620141.2982 4608069.491
    -13620193.9523 4608095.55619
    -13620193.6183 4608137.34563
    -13620210.7615 4608201.23422
    -13620232.2462 4608252.09039
    -13620279.8909 4608329.29591
    -13620392.7689 4608485.69199
    -13620420.4874 4608518.41647
    -13620462.6775 4608554.96601
    -13620593.5892 4608633.8738
    -13620616.855 4608649.8821
    -13620649.5829 4608680.48209
    -13620674.8525 4608717.88221
    -13620682.0882 4608732.47397
    -13620686.6523 4608743.52404
    -13620701.7918 4608799.19961
    -13620718.601 4608885.61776
    -13620733.1839 4608918.76852
    -13620747.8781 4608942.28578
    -13620759.4553 4608955.03614
    -13620778.3796 4608973.73668
    -13620802.5359 4608988.18712
    -13620867.5465 4609019.21313
    -13620896.7122 4609035.64704
    -13620933.559 4609061.14799
    -13620943.5777 4609075.31521
    -13620960.6096 4609106.48316
    -13620964.6171 4609119.94208
    -13620968.402 4609132.83432
    -13620967.6227 4609154.652
    -13620965.285 4609175.61968
    -13620962.9473 4609182.70336
    -13620957.604 4609197.43744
    -13620954.487 4609201.40432
    -13620949.0324 4609213.02159
    -13620893.2613 4609297.1764
    -13620879.3464 4609329.0534
    -13620873.8917 4609346.19618
    -13620868.5484 4609374.24807
    -13620834.3733 4609801.12789
    -13620875.4502 4610300.71166
    -13620859.9768 4610342.08497
    -13620921.9817 4610966.95547
    -13620987.8829 4611544.67557
    -13620988.8848 4611552.75283
    -13620989.7753 4611561.1135
    -13621044.4332 4612039.24217
    -13621049.1086 4612053.41348
    -13621107.8853 4612233.53256
    -13621808.4188 4614379.75686
    -13622209.169 4614365.58234
    -13622219.633 4614139.21803
    -13622676.7109 4614025.39991
    -13622596.3382 4614439.71526
    -13622966.1416 4614578.20207
    -13622977.2735 4614790.82619
    -13623003.3223 4614812.51409
    -13623025.5862 4614816.76663
    -13623059.5386 4614813.50635
    -13623096.942 4614812.51409
    -13623115.5323 4614831.93402
    -13623144.4754 4614873.04202
    -13623166.5166 4614904.08576
    -13623166.628 4614904.22751
    -13623167.1846 4614904.93627
    -13623217.3896 4614958.51884
    -13623258.1326 4615025.56831
    -13623292.1963 4615103.39161
    -13623329.5997 4615162.92895
    -13623365.1106 4615205.03057
    -13623424.6665 4615240.75328
    -13623473.8698 4615262.30038
    -13623482.33 4615298.0233
    -13623495.911 4615337.99909
    -13623516.2825 4615368.33543
    -13623556.1349 4615386.19706
    -13623596.2099 4615383.50364
    -13623650.5338 4615390.02455
    -13623706.5275 4615406.18511
    -13623762.6325 4615440.77444
    -13623803.3754 4615485.14536
    -13623825.528 4615530.65056
    -13623866.271 4615680.91837
    -13623886.6424 4615726.28267
    -13623901.2253 4615754.77722
    -13623922.2647 4615776.04186
    -13623964.7887 4615821.54835
    -13624010.6523 4615856.13908
    -13624070.0969 4615898.38529
    -13624132.8811 4615942.61642
    -13624187.3164 4615985.85536
    -13624195.7766 4616038.87647
    -13624214.4783 4616093.03201
    -13624234.8498 4616151.44092
    -13624263.6815 4616202.19456
    -13624302.7547 4616236.92834
    -13624363.9804 4616287.6824
    -13624380.901 4616319.01394
    -13624377.5614 4616354.74052
    -13624367.32 4616400.24956
    -13624345.2787 4616434.84224
    -13624324.9073 4616487.86566
    -13624319.7866 4616527.84608
    -13624312.9961 4616578.60157
    -13624326.5771 4616641.4083
    -13624330.028 4616695.42523
    -13624319.8979 4616748.44999
    -13624301.1962 4616801.47503
    -13624289.285 4616842.59089
    -13624304.6471 4616882.57268
    -13624338.5996 4616923.68886
    -13624335.1487 4616971.32713
    -13624313.1074 4617027.61429
    -13624299.5264 4617072.98452
    -13624282.4945 4617140.04776
    -13624280.8247 4617211.50675
    -13624290.9548 4617272.04877
    -13624311.4376 4617335.85223
    -13624309.6565 4617384.48491
    -13624282.4945 4617453.81878
    -13624241.7516 4617511.1011
    -13624189.0975 4617546.83181
    -13624131.3227 4617586.81633
    -13624099.04 4617624.67416
    -13624100.8211 4617666.92763
    -13624131.3227 4617687.48727
    -13624170.3958 4617723.07681
    -13624194.2182 4617766.32322
    -13624206.1294 4617803.18916
    -13624212.9198 4617845.30158
    -13624199.3389 4617895.07101
    -13624153.4752 4617935.19868
    -13624114.4021 4617971.92343
    -13624082.1194 4618038.99252
    -13624085.459 4618099.53941
    -13624127.9831 4618154.69837
    -13624155.145 4618190.43132
    -13624190.7673 4618235.94847
    -13624238.3007 4618256.50924
    -13624296.0755 4618258.63622
    -13624375.8916 4618243.46378
    -13624420.0854 4618226.16439
    -13624462.6095 4618201.20794
    -13624516.9334 4618177.52774
    -13624540.7558 4618163.348
    -13624583.1685 4618124.49561
    -13624608.6606 4618116.83859
    -13624715.6387 4618113.71906
    -13624764.9532 4618117.97296
    -13624802.2452 4618107.19642
    -13624822.6167 4618082.24026
    -13624820.9469 4618052.03772
    -13624814.1564 4618010.91703
    -13624817.6073 4617982.69983
    -13624834.5279 4617958.87833
    -13624853.2296 4617943.84812
    -13624885.5122 4617942.71377
    -13624950.0775 4617955.75885
    -13625019.7635 4617955.75885
    -13625082.5477 4617952.49758
    -13625140.2112 4617936.19124
    -13625170.8241 4617935.19868
    -13625192.5314 4617952.35578
    -13625245.5194 4617994.6106
    -13625291.3831 4618040.12688
    -13625344.0372 4618107.19642
    -13625374.6501 4618142.78741
    -13625411.9421 4618167.74371
    -13625462.9264 4618199.08098
    -13625505.4505 4618225.03
    -13625546.3047 4618283.45101
    -13625576.8063 4618345.13373
    -13625597.1777 4618407.95124
    -13625614.2096 4618459.85041
    -13625639.7018 4618493.31559
    -13625666.8637 4618537.69966
    -13625673.6542 4618598.24949
    -13625678.7749 4618659.9341
    -13625700.8162 4618722.75352
    -13625724.6385 4618788.55125
    -13625763.7117 4618872.92611
    -13625811.2451 4618972.47516
    -13625814.9186 4618980.70005
    -13625853.8805 4619069.89801
    -13625894.6234 4619115.27724
    -13625947.2775 4619165.05282
    -13625977.7791 4619206.17812
    -13626016.8522 4619258.08131
    -13626035.5539 4619314.38098
    -13626016.5182 4619370.25551
    -13625984.6809 4619422.58498
    -13625943.8266 4619453.92606
    -13625908.2044 4619457.18781
    -13625864.0105 4619470.23481
    -13625840.2995 4619498.31428
    -13625826.6072 4619529.65559
    -13625824.9374 4619568.65509
    -13625808.0168 4619609.782
    -13625782.5247 4619635.73459
    -13625751.9118 4619659.55997
    -13625731.5403 4619685.51268
    -13625717.9594 4619721.25094
    -13625700.9275 4619778.54588
    -13625655.0639 4619955.96365
    -13625648.2734 4619994.96477
    -13625643.1527 4620032.83146
    -13625644.9338 4620062.04705
    -13625656.845 4620103.17593
    -13625670.4259 4620194.08552
    -13625675.4353 4620236.20772
    -13625653.3941 4620291.37812
    -13625627.9019 4620346.69064
    -13625621.1114 4620378.03454
    -13625597.289 4620410.51316
    -13625607.5304 4620438.59519
    -13625656.845 4620550.0731
    -13625677.2164 4620571.63131
    -13625680.556 4620594.46604
    -13625665.3052 4620657.15544
    -13625662.2996 4620669.21114
    -13625655.0639 4620698.2867
    -13625666.975 4620718.85239
    -13625757.0325 4620985.07543
    -13625773.9531 4621038.1223
    -13625755.3627 4621081.38264
    -13625723.0801 4621145.20971
    -13625694.137 4621212.29948
    -13625702.7086 4621279.38969
    -13625724.7499 4621311.87115
    -13625743.4515 4621367.04732
    -13625770.6135 4621463.3581
    -13625797.7754 4621607.32951
    -13625826.6072 4621650.59224
    -13625849.539 4621682.08196
    -13625905.1987 4621767.18977
    -13625906.5346 4621783.64403
    -13625920.1156 4621807.47438
    -13625916.6647 4621839.95751
    -13625899.7441 4621882.22829
    -13625871.8029 4621909.0377
    -13625816.1432 4621965.77741
    -13625814.0281 4621970.74215
    -13625813.5828 4621971.59325
    -13625809.6866 4621980.67164
    -13625790.985 4622008.75796
    -13625773.9531 4622068.33525
    -13625757.0325 4622128.90584
    -13625728.0894 4622196.00202
    -13625699.2577 4622240.40206
    -13625648.2734 4622280.40482
    -13625608.3097 4622307.78268
    -13625598.0683 4622314.73355
    -13625567.6781 4622335.72804
    -13625557.548 4622342.82078
    -13625546.6387 4622350.19723
    -13625542.9651 4622352.89248
    -13625512.2409 4622367.78727
    -13625500.775 4622373.46148
    -13625498.7713 4622374.59632
    -13625458.0284 4622381.12167
    -13625238.8403 4622394.03052
    -13625186.1862 4622410.34392
    -13625114.8304 4622446.09165
    -13625016.3126 4622503.40176
    -13624939.8361 4622528.22678
    -13624921.0231 4622542.41253
    -13624914.344 4622547.37755
    -13624905.8837 4622562.98191
    -13624917.7949 4622599.72317
    -13624946.6266 4622685.26416
    -13625024.7729 4622895.21851
    -13625026.554 4622964.44764
    -13625029.8936 4623009.98591
    -13625057.0555 4623040.203
    -13625070.6365 4623060.77337
    -13625074.0874 4623094.39538
    -13625077.427 4623155.96508
    -13625097.7985 4623194.97833
    -13625153.9035 4623233.99173
    -13625201.5482 4623281.51734
    -13625242.2912 4623350.89094
    -13625327.228 4623478.57363
    -13625386.6726 4623566.25
    -13625432.5362 4623600.86676
    -13625517.473 4623637.75361
    -13625537.8444 4623653.92711
    -13625723.0801 4623906.03845
    -13625736.661 4624122.54416
    -13625765.4928 4624173.33712
    -13625784.1945 4624241.58169
    -13625802.8961 4624326.99444
    -13625811.3564 4624363.88389
    -13625831.7279 4624402.90172
    -13625918.3344 4624481.78913
    -13625926.9061 4624504.63254
    -13625923.4551 4624538.11738
    -13625903.0837 4624610.62095
    -13625904.7535 4624635.59294
    -13625913.3251 4624662.6933
    -13625921.7854 4624690.78693
    -13625998.2618 4624788.26394
    -13626035.5539 4624825.01316
    -13626061.046 4624874.81636
    -13626079.7477 4624904.04569
    -13626094.9985 4624948.45742
    -13626094.9985 4624992.86934
    -13626106.9097 4625030.75442
    -13626269.9927 4624986.34234
    -13626298.8245 4624962.50462
    -13626320.977 4624928.87651
    -13626334.558 4624888.86345
    -13626343.0183 4624842.32364
    -13626350.4767 4624803.02037
    -13626366.8407 4624781.73707
    -13626407.5836 4624744.84612
    -13626460.2377 4624745.98123
    -13626494.1902 4624771.94677
    -13626523.1332 4624808.83781
    -13626545.1745 4624855.37747
    -13626558.7555 4624890.9918
    -13626577.4572 4624967.89648
    -13626579.1269 4625012.30849
    -13626596.1588 4625064.24098
    -13626589.3683 4625102.12632
    -13626589.3683 4625141.14695
    -13626591.0381 4625177.89742
    -13626606.2889 4625221.17518
    -13626604.6191 4625267.7167
    -13626606.2889 4625308.8664
    -13626585.9174 4625350.01626
    -13626579.1269 4625372.7197
    -13626565.546 4625409.6129
    -13626572.3365 4625543.8485
    -13626587.5872 4625576.34343
    -13626621.651 4625599.04737
    -13626757.4608 4625696.53299
    -13626788.0736 4625736.54918
    -13626815.2356 4625786.35679
    -13626852.6389 4625846.94929
    -13626864.5501 4625913.07639
    -13626883.1405 4625977.92678
    -13626935.7946 4626129.48245
    -13627034.3123 4626247.54984
    -13627020.7314 4626378.53244
    -13627008.9315 4626445.65635
    -13626973.1979 4626474.89015
    -13626937.5757 4626522.57265
    -13626912.0835 4626577.77677
    -13626884.9216 4626623.18913
    -13626857.7596 4626678.5357
    -13626840.7277 4626718.55572
    -13626845.8484 4626758.5759
    -13626879.8009 4626784.54652
    -13626940.9153 4626798.59623
    -13626968.0772 4626817.04537
    -13627063.2554 4626959.95637
    -13627088.7476 4627004.37698
    -13627109.119 4627039.00532
    -13627148.1922 4627072.64033
    -13627204.1859 4627106.13353
    -13627285.7831 4627133.2404
    -13627323.0751 4627137.49803
    -13627460.666 4627285.94849
    -13627467.4565 4627312.9139
    -13627469.2376 4627332.49936
    -13627462.4471 4627361.73568
    -13627457.3264 4627382.3147
    -13627426.7135 4627472.15323
    -13627430.2758 4627527.64631
    -13627582.0042 4627511.18286
    -13627593.2475 4627510.04745
    -13627632.3206 4627484.07499
    -13627656.0317 4627446.18087
    -13627674.7334 4627398.49409
    -13627696.7746 4627360.60029
    -13627718.9272 4627338.88592
    -13627746.0892 4627333.49282
    -13627900.6006 4627499.26106
    -13627910.842 4627533.89107
    -13627922.7532 4627581.43655
    -13627909.1722 4627629.12418
    -13627912.5118 4627669.1479
    -13627926.0928 4627704.91391
    -13627985.5374 4627734.15129
    -13628034.8519 4627780.7042
    -13628051.7725 4627814.34164
    -13628044.982 4627859.75945
    -13628044.982 4627910.7128
    -13628092.6267 4627946.47965
    -13628220.7555 4628194.72204
    -13628286.1 4628291.94839
    -13628287.5472 4628294.07744
    -13628308.4752 4628331.97469
    -13628347.4371 4628346.02651
    -13628378.0499 4628360.07835
    -13628418.7929 4628378.5303
    -13628444.285 4628383.92395
    -13628468.1074 4628386.05302
    -13628498.7202 4628396.84033
    -13628534.3425 4628426.07968
    -13628527.552 4628485.69416
    -13628539.4632 4628615.71168
    -13628541.133 4628647.08078
    -13628512.3012 4628665.39129
    -13628496.9391 4628697.89609
    -13628474.8979 4628739.05951
    -13628473.2281 4628780.2231
    -13628483.3582 4628812.58632
    -13628519.0917 4628847.22075
    -13628547.9235 4628865.67356
    -13628585.3268 4628875.46776
    -13628612.4888 4628893.77869
    -13628644.7714 4628896.04981
    -13628677.0541 4628908.96684
    -13628716.1272 4628911.09602
    -13628746.6288 4628910.1024
    -13628768.7813 4628938.20765
    -13628777.2416 4628971.84888
    -13628773.7907 4628995.55394
    -13628770.4511 4629036.71856
    -13628768.7813 4629076.88971
    -13628770.4511 4629129.83637
    -13628843.4767 4629197.12019
    -13628940.3247 4629293.50432
    -13628999.7693 4629331.40525
    -13629052.4234 4629346.4521
    -13629171.3126 4629474.3512
    -13629264.7097 4629547.88327
    -13629376.8084 4629611.90485
    -13629453.2849 4629642.14135
    -13629543.3423 4629680.04357
    -13629589.206 4629716.95222
    -13629606.1265 4629754.85471
    -13629672.3616 4629933.43836
    -13629701.3047 4629967.08285
    -13629728.4667 4629995.19098
    -13629785.2396 4630006.26391
    -13629789.5811 4630007.11567
    -13629828.6542 4630062.33851
    -13629903.4609 4630139.28188
    -13629988.2864 4630191.24027
    -13630093.7059 4630235.67484
    -13630212.5951 4630270.31406
    -13630326.3636 4630262.78996
    -13630416.4211 4630223.74989
    -13630759.5078 4630270.31406
    -13630793.4602 4630303.95965
    -13630817.2826 4630332.06871
    -13630954.8735 4630500.01483
    -13631037.1386 4630550.98127
    -13631212.9121 4630617.84848
    -13631321.6712 4630701.32664
    -13631411.6174 4630806.38514
    -13631482.9732 4630921.0989
    -13631530.5066 4631019.77079
    -13631544.7555 4631093.59786
    -13631545.7573 4631098.85096
    -13631548.763 4631114.61028
    -13631549.3196 4631117.30782
    -13631549.9875 4631119.86339
    -13631571.4721 4631205.04935
    -13631641.1582 4631263.54412
    -13631720.9742 4631287.39644
    -13631787.3206 4631368.60837
    -13631873.9272 4631400.12785
    -13631916.3399 4631432.6413
    -13631933.3718 4631467.28456
    -13631943.5019 4631510.58879
    -13631943.5019 4631540.97286
    -13631916.6739 4631601.59928
    -13631900.1986 4631629.99585
    -13631899.5307 4631631.13172
    -13631884.0573 4631657.82457
    -13631867.1367 4631716.32191
    -13631867.1367 4631771.69592
    -13631855.2255 4631853.90557
    -13631863.6858 4631904.87873
    -13631851.1067 4631923.763
    -13631797.4507 4632005.68989
    -13631722.7553 4632049.99032
    -13631659.8598 4632143.13544
    -13631564.6817 4632281.86075
    -13631506.9068 4632371.74212
    -13631469.5035 4632421.58189
    -13631391.3572 4632489.88123
    -13631313.2109 4632512.60045
    -13631307.7563 4632511.89047
    -13631233.3949 4632502.80278
    -13631189.201 4632487.75131
    -13631163.0409 4632490.16522
    -13631131.5375 4632493.14711
    -13631125.415 4632496.27101
    -13631070.5344 4632524.52806
    -13631070.2005 4632525.38003
    -13631069.0873 4632527.93595
    -13631068.8646 4632528.92991
    -13631022.4444 4632652.89272
    -13630883.0724 4633025.21611
    -13630836.7635 4633149.3269
    -13631104.3756 4633333.93383
    -13631296.2904 4633466.28484
    -13631314.992 4633479.77565
    -13631463.7149 4633586.7087
    -13631549.2083 4633646.35312
    -13631515.8124 4633802.56633
    -13632133.4129 4634311.41182
    -13632239.5004 4634398.89658
    -13632840.6257 4634725.55084
    -13633132.728 4635359.00566
    -13633319.2995 4635733.98387
    -13633085.5285 4636089.0895
    -13633157.6636 4636179.43033
    -13633386.0912 4636486.82238
    -13633363.8273 4636785.13216
    -13633473.477 4636831.72609
    -13633565.2042 4636870.79128
    -13633566.0948 4636871.21745
    -13633898.0495 4637012.42161
    -13633920.4247 4637381.77771
    -13636135.7939 4639427.6829
    -13636324.9257 4639470.31027
    -13636356.5405 4639540.6458
    -13636369.5648 4639569.63271
    -13636253.0133 4639752.64996
    -13636228.4117 4639791.29999
    -13635913.0436 4640237.49095
    -13635990.9673 4640507.48854
    -13635888.5533 4640661.67456
    -13635679.2727 4640976.4486
    -13635317.2617 4640685.97505
    -13635273.8471 4640651.15857
    -13635202.38 4640593.88927
    -13635161.4144 4640841.72697
    -13635109.7622 4641148.69022
    -13635024.2688 4641412.45858
    -13634878.2176 4641487.49737
    -13634856.065 4641545.90862
    -13634803.9675 4641683.48194
    -13634749.9776 4641826.3157
    -13634572.5343 4642022.87525
    -13634482.2542 4642123.2173
    -13634411.5663 4642201.53026
    -13634408.3381 4642679.23805
    -13634408.2267 4642679.23805
    -13634406.223 4643011.13086
    -13634744.189 4643577.43443
    -13635011.3557 4643605.86414
    -13635300.7864 4643748.01392
    -13635306.1297 4643754.83716
    -13635345.3142 4643804.87438
    -13635757.1963 4643833.30473
    -13635823.988 4644018.10391
    -13635935.3075 4644117.61255
    -13636286.5205 4643993.08475
    -13636336.0577 4643975.45765
    -13636580.9606 4644003.88847
    -13636759.0717 4644066.43656
    -13636810.1674 4644033.59876
    -13636898.4437 4644070.4169
    -13636969.7995 4644102.9705
    -13637027.5744 4644159.40646
    -13637090.3585 4644207.17114
    -13637132.8826 4644200.63192
    -13637204.2384 4644195.22995
    -13637321.4578 4644208.16624
    -13637448.8073 4644223.37707
    -13637493.8917 4644259.76941
    -13637537.195 4644298.1521
    -13637606.7697 4644278.67642
    -13637660.8709 4644288.20102
    -13637691.7064 4644311.23068
    -13637720.5382 4644365.5354
    -13637681.5764 4644458.79234
    -13637591.5189 4644497.74442
    -13637622.0204 4644727.76374
    -13637678.1255 4644768.99148
    -13637756.2717 4644920.82473
    -13637749.9265 4644942.1498
    -13637549.5514 4645226.3462
    -13637526.9536 4645252.50574
    -13637489.5502 4645256.91306
    -13637384.242 4645190.66127
    -13637315.7805 4645197.91198
    -13637285.7243 4645252.50574
    -13637304.4259 4645287.19567
    -13637387.6929 4645342.64294
    -13637423.3151 4645413.16092
    -13637560.6834 4645496.47513
    -13637617.0111 4645609.3627
    -13637720.5382 4645632.25315
    -13637805.5863 4645638.65112
    -13637875.161 4645629.97832
    -13638005.9614 4645752.39332
    -13638031.4535 4645779.69164
    -13638112.9394 4645856.75291
    -13638175.8349 4645929.40714
    -13638262.4415 4646010.73499
    -13638366.0799 4646082.39504
    -13638445.896 4646159.45858
    -13638549.5344 4646070.45166
    -13638726.1985 4646118.22525
    -13638899.4116 4646219.03393
    -13638974.4409 4646193.15629
    -13639012.1782 4646181.92371
    -13639087.9868 4646143.10741
    -13639157.5615 4646061.77851
    -13639276.562 4646070.45166
    -13639344.4669 4646110.54733
    -13639398.7908 4646072.58441
    -13639931.7885 4645979.88152
    -13639942.3639 4646007.46481
    -13639952.6053 4646168.13182
    -13639935.5734 4646258.13488
    -13639979.7672 4646401.31674
    -13639935.5734 4646480.51551
    -13639983.1068 4646652.99179
    -13640030.6403 4646722.38125
    -13640071.4945 4646815.65962
    -13640087.9698 4646852.48775
    -13640125.8184 4646937.23561
    -13640073.1643 4647066.34946
    -13640095.2056 4647142.28282
    -13640132.6089 4647249.64273
    -13640185.263 4647329.98566
    -13640268.53 4647426.5402
    -13640370.3873 4647561.06396
    -13640460.4448 4647637.99641
    -13640565.753 4647725.87929
    -13640654.0294 4647789.87216
    -13640706.6835 4647855.99854
    -13640733.9568 4647969.90756
    -13640774.6997 4648032.76426
    -13640805.2013 4648114.25102
    -13640846.7234 4648159.61652
    -13640868.7647 4648218.20801
    -13640868.7647 4648303.96266
    -13640892.5871 4648387.5848
    -13640955.3713 4648445.03986
    -13641019.7139 4648522.4056
    -13641033.8515 4648539.47165
    -13641090.6244 4648572.18166
    -13641150.0691 4648639.45083
    -13641136.4881 4648753.36856
    -13641141.6088 4648844.38988
    -13641173.8914 4648977.93668
    -13641199.2723 4649117.88536
    -13641282.5392 4649243.75546
    -13641357.3459 4649359.81334
    -13641412.3378 4649435.47923
    -13641533.676 4649548.55242
    -13641590.115 4649632.32694
    -13641617.277 4649686.65986
    -13641635.9786 4649773.42243
    -13641576.4227 4649918.07577
    -13641527.1082 4650029.58967
    -13641408.6642 4650140.96254
    -13641316.4917 4650161.87176
    -13641229.8851 4650147.79004
    -13641128.0278 4650102.27349
    -13641078.7133 4650084.92036
    -13641014.148 4650083.78245
    -13640939.4526 4650027.31386
    -13640890.138 4650003.41793
    -13640825.6841 4650122.18696
    -13640811.1012 4650168.98375
    -13640773.9205 4650286.90124
    -13640715.8117 4650371.81975
    -13640693.5478 4650406.95374
    -13640593.249 4650499.69668
    -13640588.4622 4650547.34867
    -13640644.122 4650606.66504
    -13640956.3731 4650685.04283
    -13641035.41 4650775.65456
    -13641044.9835 4650786.74994
    -13641049.8815 4650794.14685
    -13641051.6626 4650796.70733
    -13641097.4149 4650864.98685
    -13641228.2153 4650895.57054
    -13641263.8376 4651014.91891
    -13641312.9295 4651067.26762
    -13641356.678 4651113.92648
    -13641420.1301 4651191.88139
    -13641401.7624 4651261.01708
    -13641398.8681 4651271.54396
    -13641394.7493 4651287.6188
    -13641390.5192 4651303.40916
    -13641387.7362 4651314.07833
    -13641386.8456 4651317.35021
    -13641386.1777 4651319.91082
    -13641391.1871 4651324.17849
    -13641393.5248 4651326.17008
    -13641395.5285 4651327.87715
    -13641401.6511 4651332.99836
    -13641403.7662 4651334.70543
    -13641442.1714 4651367.70888
    -13641523.4346 4651337.12379
    -13641705.6646 4651268.84111
    -13641802.4013 4651424.0426
    -13641785.7033 4651481.65695
    -13641770.1186 4651535.85741
    -13641817.986 4651627.04571
    -13641824.6652 4651639.84912
    -13641834.7952 4651659.19653
    -13641844.814 4651678.40172
    -13641851.6045 4651691.34746
    -13641894.1285 4651772.43653
    -13642028.3798 4651854.80661
    -13642070.7926 4651955.814
    -13641895.1304 4652043.87619
    -13641793.941 4652094.66523
    -13641353.895 4652179.31419
    -13641331.8538 4652317.17255
    -13641410.0001 4652541.96108
    -13641680.1725 4652642.83297
    -13641678.3914 4652704.72243
    -13641486.3652 4652864.35627
    -13641479.5747 4652956.55234
    -13641499.3896 4652971.91844
    -13641573.0831 4653029.25693
    -13641523.7686 4653142.22752
    -13641647.8898 4653258.32957
    -13641742.9567 4653283.22907
    -13641802.0673 4653318.94219
    -13641819.4332 4653337.43907
    -13641871.642 4653392.92991
    -13641889.1192 4653411.42693
    -13642003.2216 4653438.3188
    -13642018.1384 4653441.73365
    -13642097.9545 4653460.23075
    -13642272.9488 4653450.41305
    -13642320.4822 4653542.75669
    -13642348.646 4653597.25264
    -13642421.0037 4653737.26443
    -13642425.3451 4653745.8018
    -13642438.3695 4653776.82096
    -13642481.7841 4653880.55085
    -13642513.2875 4653956.53472
    -13642612.9185 4653999.50713
    -13642997.6386 4653927.50711
    -13643160.1651 4653973.46754
    -13643253.0056 4654045.32558
    -13643528.1873 4654112.63071
    -13643616.575 4654030.38476
    -13643671.3442 4653966.06832
    -13643718.4323 4653910.85895
    -13643879.8456 4653930.35295
    -13644056.3983 4653935.76005
    -13644083.5603 4654038.92237
    -13644080.332 4654046.03705
    -13644039.1438 4654134.97099
    -13644024.227 4654166.98739
    -13644054.7285 4654374.31382
    -13644263.6752 4654417.14568
    -13644282.3769 4654420.98775
    -13644371.3212 4654521.45126
END
END
