06075 San Francisco County
1
    -13692420.9322 4547274.40394
    -13692023.299 4547095.69241
    -13691750.7889 4546862.90729
    -13690896.3005 4546122.05714
    -13690230.0533 4545424.48669
    -13689803.3657 4544869.73045
    -13689564.2514 4544533.08948
    -13689409.8513 4544159.15058
    -13689320.2391 4543979.36621
    -13689007.7653 4543861.95194
    -13688653.992 4543648.66681
    -13688300.8865 4543364.01187
    -13687962.2526 4543036.56977
    -13687665.4749 4542723.91862
    -13687247.9155 4542314.71311
    -13686729.7232 4541661.59417
    -13686233.0157 4540694.23695
    -13685873.565 4540095.12008
    -13685586.0268 4539291.98875
    -13685386.3196 4538532.96197
    -13685359.8256 4538432.35355
    -13685157.892 4537478.09936
    -13685140.6375 4536797.00494
    -13685321.977 4535856.12385
    -13685509.7729 4535239.13876
    -13685580.4608 4534649.61869
    -13685770.0379 4533837.62374
    -13686175.7975 4532880.27383
    -13686627.6433 4531980.80779
    -13687274.1869 4531273.63665
    -13688179.2143 4530378.80828
    -13689293.0772 4529619.16425
    -13690128.0847 4529242.24497
    -13690822.0504 4528944.62754
    -13691472.3788 4528836.80131
    -13692398.8909 4528684.13139
    -13692420.9322 4528670.0735
    -13692420.9322 4528943.50288
    -13693589.2303 4528905.68626
    -13695320.0257 4529427.96142
    -13696827.6256 4530145.97425
    -13698261.8659 4531315.8209
    -13699374.8382 4532534.73808
    -13699932.6601 4533339.88084
    -13700430.7035 4534681.97039
    -13700637.5351 4535734.58081
    -13700886.2229 4536052.22753
    -13701412.2075 4536687.55
    -13701877.189 4537237.65008
    -13702180.7572 4537947.05472
    -13702516.4968 4538802.56916
    -13702633.3823 4539058.11143
    -13702850.5666 4539111.444
    -13703390.0209 4539044.46171
    -13703977.1199 4538911.76487
    -13705163.1177 4539108.34817
    -13705616.188 4539304.79446
    -13706336.3138 4539486.1869
    -13707057.9981 4539860.94328
    -13708048.5189 4540813.30445
    -13708898.1093 4541674.54355
    -13709747.477 4542457.30681
    -13710414.726 4543258.71123
    -13710854.2154 4544159.29137
    -13711220.0112 4545004.05197
    -13711547.4018 4546084.03736
    -13711640.5763 4547243.13977
    -13711647.4781 4547791.82562
    -13711635.2329 4547846.18878
    -13711122.2727 4550135.33265
    -13710777.7389 4550772.07795
    -13710212.6811 4551492.97136
    -13709425.3184 4552206.3063
    -13709366.5417 4552259.70624
    -13708684.5985 4552894.74977
    -13707819.8687 4553566.61082
    -13707021.8193 4553983.30484
    -13706336.3138 4554263.45886
    -13705465.2388 4554459.9094
    -13704348.3704 4554387.19126
    -13702901.7736 4554293.47581
    -13701386.1587 4553768.40307
    -13700144.7238 4553159.51534
    -13697731.6512 4551184.9971
    -13696608.3262 4549644.55821
    -13696204.3477 4548454.34318
    -13696064.5305 4548164.76825
    -13695796.8071 4547992.66089
    -13695174.9764 4547983.788
    -13694186.4593 4547839.99193
    -13693476.0183 4547679.01593
    -13692982.4277 4547481.5667
    -13692420.9322 4547274.40394
END
2
    -13624112.1757 4538304.30789
    -13624278.487 4538304.30789
    -13624691.0371 4538304.30789
    -13624751.5949 4538297.41316
    -13624762.0589 4538296.14679
    -13624813.4885 4538290.23703
    -13624872.0426 4538296.2875
    -13624907.6648 4538299.94592
    -13624930.5966 4538302.33797
    -13624945.7361 4538303.88576
    -13624960.9868 4538305.43356
    -13625036.1275 4538304.30789
    -13625080.544 4538304.30789
    -13625537.0652 4538304.30789
    -13625614.9888 4538304.30789
    -13625651.1677 4538304.30789
    -13625653.3941 4538304.30789
    -13625670.6486 4538304.30789
    -13625682.7824 4538301.2123
    -13625702.152 4538296.2875
    -13625726.3083 4538290.23703
    -13625770.8361 4538304.30789
    -13625804.232 4538304.30789
    -13625837.6278 4538304.30789
    -13625871.0237 4538304.30789
    -13626026.871 4538304.30789
    -13626087.4288 4538295.86537
    -13626093.5513 4538295.02112
    -13626094.5532 4538294.88041
    -13626102.9022 4538293.61403
    -13626112.6983 4538292.20695
    -13626116.4831 4538291.64411
    -13626127.0585 4538290.23703
    -13626227.1347 4538303.18222
    -13626305.1697 4538290.23703
    -13626315.6337 4538290.51845
    -13626326.0977 4538290.79986
    -13626493.077 4538294.17687
    -13626660.0562 4538297.55387
    -13626779.3907 4538298.82025
    -13626882.8065 4538300.36804
    -13626883.8084 4538300.36804
    -13626898.9478 4538300.50875
    -13626941.4719 4538301.2123
    -13626984.1073 4538302.05655
    -13626995.2392 4538300.79017
    -13627006.3712 4538299.52379
    -13627035.0916 4538296.2875
    -13627063.812 4538293.19191
    -13627084.4061 4538290.23703
    -13627099.9908 4538290.23703
    -13627117.802 4538290.23703
    -13627195.7256 4538290.23703
    -13627205.4104 4538291.3627
    -13627205.7444 4538291.3627
    -13627311.4979 4538303.88576
    -13627407.2326 4538304.30789
    -13627421.5929 4538304.30789
    -13627527.7916 4538304.30789
    -13627532.1331 4538303.74505
    -13627586.5683 4538296.99104
    -13627634.9923 4538290.94057
    -13627641.0036 4538290.23703
    -13627710.0217 4538290.23703
    -13627741.1911 4538290.23703
    -13627997.2259 4538290.09632
    -13628153.0732 4538290.09632
    -13628165.0957 4538290.94057
    -13628320.943 4538300.08663
    -13628357.5671 4538302.19726
    -13628398.7553 4538304.5893
    -13628410.1099 4538305.43356
    -13628421.4645 4538306.1371
    -13628430.0361 4538306.55923
    -13628440.7228 4538307.12206
    -13628503.173 4538310.9212
    -13628523.0992 4538311.90616
    -13628529.5557 4538312.32828
    -13628613.1567 4538317.25309
    -13628631.747 4538318.37876
    -13628655.3468 4538315.42388
    -13628754.1985 4538304.30789
    -13628771.8983 4538303.18222
    -13628848.2634 4538297.27246
    -13628943.4416 4538290.23703
    -13628994.5373 4538290.23703
    -13629088.1569 4538289.95561
    -13629100.0681 4538289.95561
    -13629106.8586 4538290.37774
    -13629221.7403 4538290.37774
    -13629288.532 4538276.3069
    -13629325.3788 4538276.3069
    -13629387.3837 4538276.3069
    -13629412.9872 4538276.3069
    -13629444.3793 4538276.3069
    -13629500.0391 4538290.37774
    -13629532.8783 4538290.37774
    -13629535.55 4538290.37774
    -13629577.9627 4538290.37774
    -13629756.0739 4538290.37774
    -13629797.93 4538290.37774
    -13629811.7336 4538290.23703
    -13629835.4447 4538292.62907
    -13629850.8068 4538294.17687
    -13629860.3803 4538295.58395
    -13629869.7311 4538297.69458
    -13629922.4965 4538304.5893
    -13630009.5484 4538305.29285
    -13630013.7785 4538297.41316
    -13630018.12 4538289.39278
    -13630018.2313 4538289.53349
    -13630018.3426 4538289.6742
    -13630027.8048 4538293.47333
    -13630037.6009 4538297.41316
    -13630045.3933 4538300.50875
    -13630053.6309 4538303.74505
    -13630094.5965 4538303.46363
    -13630098.4926 4538301.63442
    -13630098.4926 4538301.49371
    -13630130.5527 4538297.27246
    -13630160.1636 4538293.75474
    -13630189.8859 4538290.23703
    -13630307.7733 4538293.89545
    -13630316.0109 4538296.99104
    -13630457.3867 4538304.4486
    -13630480.7638 4538301.07159
    -13630524.9576 4538295.30254
    -13630557.4629 4538290.37774
    -13630612.4547 4538290.51845
    -13630668.7824 4538289.95561
    -13630762.736 4538292.20695
    -13630768.9699 4538289.95561
    -13630986.2656 4538288.40782
    -13631021.9991 4538288.68924
    -13631043.9291 4538287.70428
    -13631089.2361 4538285.87507
    -13631096.1379 4538285.59365
    -13631114.617 4538286.01578
    -13631258.1078 4538278.69894
    -13631314.6581 4538276.3069
    -13631405.0495 4538282.63878
    -13631495.4409 4538288.97065
    -13631515.0332 4538290.37774
    -13631554.8855 4538290.37774
    -13631556.5553 4538290.37774
    -13631711.4008 4538290.23703
    -13631871.2555 4538290.79986
    -13631952.8527 4538291.92553
    -13632018.8652 4538290.23703
    -13632079.089 4538290.23703
    -13632173.0427 4538290.37774
    -13632326.7749 4538290.37774
    -13632338.7974 4538290.37774
    -13632413.3815 4538290.37774
    -13632438.8736 4538290.37774
    -13632474.3845 4538290.37774
    -13632489.8579 4538290.37774
    -13632494.6447 4538290.37774
    -13632583.7003 4538304.4486
    -13632634.9072 4538291.50341
    -13632639.36 4538290.37774
    -13632680.2143 4538290.37774
    -13632683.8878 4538290.37774
    -13632704.7046 4538287.42286
    -13632729.4175 4538283.90515
    -13632729.8628 4538283.90515
    -13632784.0754 4538276.3069
    -13632825.7089 4538276.3069
    -13632826.2655 4538276.16619
    -13632884.3742 4538276.16619
    -13632922.6681 4538281.51311
    -13632923.1134 4538281.51311
    -13632940.8132 4538284.04586
    -13632958.9583 4538286.71932
    -13632961.7413 4538287.28215
    -13632984.4504 4538290.37774
    -13633062.3741 4538290.37774
    -13633142.9694 4538290.37774
    -13633173.6936 4538290.37774
    -13633177.2558 4538290.37774
    -13633179.9275 4538290.37774
    -13633193.0632 4538290.37774
    -13633212.9894 4538290.37774
    -13633396.3326 4538290.37774
    -13633409.4683 4538293.19191
    -13633417.9285 4538294.88041
    -13633444.8679 4538300.64946
    -13633463.3469 4538304.30789
    -13633468.4676 4538304.4486
    -13633494.0711 4538304.73001
    -13633502.5314 4538304.4486
    -13634531.7914 4538290.37774
    -13634832.354 4538304.4486
    -13634954.8054 4538304.4486
    -13634980.8542 4538297.83529
    -13635010.3539 4538290.23703
    -13635033.5083 4538290.23703
    -13635037.9611 4538290.37774
    -13635045.9761 4538290.37774
    -13635083.8247 4538290.51845
    -13635155.9598 4538290.51845
    -13635923.285 4538290.37774
    -13636390.8269 4538276.3069
    -13636433.7962 4538276.3069
    -13636440.9206 4538276.3069
    -13636914.2511 4538276.44761
    -13636946.8677 4538276.44761
    -13636952.879 4538276.44761
    -13637125.7581 4538276.3069
    -13637409.1776 4538270.11574
    -13637428.3245 4538269.69361
    -13642279.9619 4538163.74088
    -13645007.6234 4538077.7694
    -13645353.2704 4541915.09518
    -13645532.0495 4543898.69655
    -13645685.7817 4545605.70407
    -13645763.7054 4546147.40374
    -13645909.7565 4547163.57145
    -13646069.5 4548274.76634
    -13646453.107 4549712.31301
    -13647795.8427 4551560.73819
    -13649137.1312 4553355.94502
    -13646053.9153 4553356.50867
    -13642302.2258 4553370.5999
    -13641801.2881 4553356.50867
    -13640670.95 4553367.07709
    -13640432.281 4553373.27723
    -13639988.3388 4553384.97297
    -13639887.9287 4553343.40385
    -13639799.0957 4553358.19962
    -13639687.6649 4553316.91243
    -13639677.0896 4553415.69194
    -13639800.6542 4553667.9292
    -13639886.4815 4553891.98866
    -13639652.7106 4554173.8313
    -13639487.6238 4554200.60675
    -13639507.9952 4554272.47803
    -13639463.4675 4554371.1257
    -13639352.148 4554385.2183
    -13639368.8459 4554450.0445
    -13639305.1711 4554572.79262
    -13639261.3113 4554685.818
    -13638783.3054 4554732.0432
    -13638694.5837 4554775.02718
    -13638605.5281 4554761.63871
    -13638505.118 4554678.06685
    -13638427.7509 4554763.18895
    -13637960.0977 4554640.43859
    -13637871.1535 4554655.2362
    -13637215.1477 4554435.95182
    -13637237.9682 4554323.211
    -13637157.4842 4554266.98198
    -13637101.3792 4554168.89899
    -13637012.6575 4554197.78828
    -13636956.7752 4554156.07499
    -13636801.8184 4554269.94139
    -13636779.2206 4554199.76121
    -13636611.3508 4553990.06903
    -13636522.7405 4554061.23425
    -13636624.0412 4554285.4431
    -13636524.2989 4554356.75126
    -13636508.8255 4554357.03312
    -13636222.0665 4554361.68367
    -13636134.792 4554371.1257
    -13636056.8684 4554413.40356
    -13636025.2537 4554511.7707
    -13635912.1531 4554568.42384
    -13635878.7572 4554681.16731
    -13635800.8336 4554709.35337
    -13635756.3058 4554779.81885
    -13635678.3821 4554836.19158
    -13635656.1182 4554934.84459
    -13635110.6527 4554906.65792
    -13634798.9581 4554977.12474
    -13634721.0345 4554822.09837
    -13634565.1872 4554864.37806
    -13634523.999 4554852.3988
    -13634336.8709 4554810.82381
    -13634317.2787 4554815.1927
    -13634306.1468 4554859.30449
    -13634278.4282 4554969.5143
    -13634228.5571 4555167.95128
    -13634269.634 4555266.60744
    -13634274.1981 4555277.31874
    -13634371.4913 4555510.15123
    -13634356.6858 4555497.18463
    -13634321.9541 4555561.454
    -13634274.9773 4555602.18633
    -13634259.8379 4555603.31387
    -13634241.4701 4555604.7233
    -13634228.1118 4555574.13879
    -13634219.9855 4555610.92477
    -13634239.4664 4555609.37441
    -13634247.5927 4555615.57588
    -13634259.0586 4555621.2136
    -13634195.6065 4555784.56764
    -13634140.1694 4555800.77633
    -13633762.1284 4555912.54654
    -13633700.9027 4555710.14891
    -13633614.7414 4555721.70633
    -13633548.2837 4555735.23698
    -13633084.1927 4555957.93151
    -13631515.0332 4556710.61791
    -13630568.8175 4557189.88484
    -13629248.791 4557822.1281
    -13628202.6104 4558320.90141
    -13628007.5787 4558413.94827
    -13627588.4608 4558608.64445
    -13627584.3419 4558610.61822
    -13627596.4758 4558740.32373
    -13627597.8116 4558750.33368
    -13627718.8159 4559727.26655
    -13627721.7102 4559748.98034
    -13627770.1342 4560118.96783
    -13627774.3643 4560150.41174
    -13627972.7357 4561702.9847
    -13628008.4692 4561983.62891
    -13628030.7331 4562223.38123
    -13628186.5804 4563140.1323
    -13628576.1986 4565876.62185
    -13628865.6293 4567908.4018
    -13629099.4002 4569517.03526
    -13629091.9418 4569509.55529
    -13628885.5555 4569302.51758
    -13628868.0783 4569284.87652
    -13628449.4057 4568864.7459
    -13628244.3552 4568658.99112
    -13628030.7331 4568444.49117
    -13627737.2949 4568149.13764
    -13626857.3144 4567263.55078
    -13626563.9875 4566968.37195
    -13625794.3245 4566193.92017
    -13625436.8777 4565834.29733
    -13623472.9792 4563891.7875
    -13622698.4182 4563125.88678
    -13622676.1543 4563103.17862
    -13622609.3626 4563035.47755
    -13622587.0987 4563013.05167
    -13622453.404 4562533.51611
    -13622414.2195 4562392.62149
    -13622241.3403 4561772.22837
    -13622080.1497 4561193.8957
    -13622052.5425 4561095.04226
    -13621919.0704 4560615.73624
    -13621654.0187 4559741.50741
    -13620859.1976 4557119.26206
    -13620594.3685 4556245.46819
    -13620441.0815 4555723.39766
    -13620232.9141 4555013.76768
    -13619981.5547 4554157.3433
    -13619871.4597 4553782.0721
    -13619849.975 4553708.79503
    -13619828.4904 4553635.51849
    -13619777.84 4553460.64328
    -13619625.8889 4552936.458
    -13619592.4931 4552820.91534
    -13619570.2292 4552764.55353
    -13619427.7402 4552471.47704
    -13619000.2734 4551592.29711
    -13618857.7844 4551299.39453
    -13618452.6928 4550523.5736
    -13618445.9023 4550510.47234
    -13618433.2119 4550484.83338
    -13618391.3558 4550399.88714
    -13618391.0218 4550399.32365
    -13618390.3539 4550397.77406
    -13618390.1312 4550397.35144
    -13618288.8305 4550192.10283
    -13617985.2623 4549576.52213
    -13617884.2955 4549371.43056
    -13617803.5888 4549209.7266
    -13617781.2136 4549164.65277
    -13617756.3894 4549114.79008
    -13617731.5651 4549064.92762
    -13617671.3413 4548944.21639
    -13617661.2112 4548923.79281
    -13617650.9698 4548903.22842
    -13617588.1856 4548777.16675
    -13617580.282 4548761.2507
    -13617572.3783 4548745.47551
    -13617561.9142 4548724.62977
    -13617481.4302 4548562.93586
    -13617152.2585 4547909.14337
    -13616773.2156 4547156.38921
    -13616165.0773 4545948.57543
    -13615836.0168 4545295.36946
    -13615540.3523 4544708.23717
    -13615184.1299 4543981.61878
    -13614505.081 4542596.52406
    -13614404.8935 4542399.45267
    -13614114.127 4541803.61591
    -13613759.2404 4541076.4963
    -13613739.2029 4541037.08747
    -13613679.0904 4540918.86188
    -13613659.0529 4540879.45365
    -13613621.2043 4540809.08217
    -13613507.6584 4540597.97061
    -13613469.8098 4540527.60103
    -13613423.0556 4540434.71393
    -13613282.793 4540156.05757
    -13613236.0388 4540063.17377
    -13613133.6249 4539860.52109
    -13612826.2718 4539252.58667
    -13612723.9692 4539049.94974
    -13612648.2719 4538897.97462
    -13612421.1801 4538441.92186
    -13612345.4829 4538290.09632
    -13613770.3724 4538290.09632
    -13621095.3062 4538304.30789
    -13622353.2164 4538304.30789
    -13622792.1492 4538310.21765
    -13622841.0184 4538308.95127
    -13623212.6029 4538314.86104
    -13623222.399 4538315.98671
    -13623399.6197 4538318.37876
    -13624112.1757 4538304.30789
END
END
