06081 San Mateo County
1
    -13646334.4404 4521323.0559
    -13646298.8181 4521664.70889
    -13646261.6374 4522022.66981
    -13646079.2961 4522655.31282
    -13645986.0104 4522979.30606
    -13645879.9229 4523346.86648
    -13645562.1058 4524449.90635
    -13645494.2009 4524685.98606
    -13645450.341 4524814.70795
    -13645346.3686 4525119.65589
    -13645034.7853 4526034.97474
    -13644931.0356 4526340.09883
    -13644862.6854 4526540.662
    -13644726.7643 4526939.8321
    -13644655.9651 4527141.39068
    -13644585.9451 4527341.12587
    -13644447.575 4527735.1256
    -13644151.3538 4528579.40055
    -13644184.4157 4528946.87686
    -13644223.1549 4529375.38126
    -13644252.098 4529696.6305
    -13644338.9272 4530660.43754
    -13644367.9816 4530981.86693
    -13644390.9134 4531236.65526
    -13644459.7088 4532000.91696
    -13644482.752 4532255.87079
    -13644569.9151 4533223.00823
    -13644831.6273 4536125.38049
    -13644918.9017 4537093.01738
    -13644936.6015 4537289.84779
    -13644989.8123 4537880.78342
    -13645007.6234 4538077.7694
    -13642279.9619 4538163.74088
    -13637428.3245 4538269.69361
    -13637409.1776 4538270.11574
    -13637125.7581 4538276.3069
    -13636952.879 4538276.44761
    -13636946.8677 4538276.44761
    -13636914.2511 4538276.44761
    -13636440.9206 4538276.3069
    -13636433.7962 4538276.3069
    -13636390.8269 4538276.3069
    -13635923.285 4538290.37774
    -13635155.9598 4538290.51845
    -13635083.8247 4538290.51845
    -13635045.9761 4538290.37774
    -13635037.9611 4538290.37774
    -13635033.5083 4538290.23703
    -13635010.3539 4538290.23703
    -13634980.8542 4538297.83529
    -13634954.8054 4538304.4486
    -13634832.354 4538304.4486
    -13634531.7914 4538290.37774
    -13633502.5314 4538304.4486
    -13633494.0711 4538304.73001
    -13633468.4676 4538304.4486
    -13633463.3469 4538304.30789
    -13633444.8679 4538300.64946
    -13633417.9285 4538294.88041
    -13633409.4683 4538293.19191
    -13633396.3326 4538290.37774
    -13633212.9894 4538290.37774
    -13633193.0632 4538290.37774
    -13633179.9275 4538290.37774
    -13633177.2558 4538290.37774
    -13633173.6936 4538290.37774
    -13633142.9694 4538290.37774
    -13633062.3741 4538290.37774
    -13632984.4504 4538290.37774
    -13632961.7413 4538287.28215
    -13632958.9583 4538286.71932
    -13632940.8132 4538284.04586
    -13632923.1134 4538281.51311
    -13632922.6681 4538281.51311
    -13632884.3742 4538276.16619
    -13632826.2655 4538276.16619
    -13632825.7089 4538276.3069
    -13632784.0754 4538276.3069
    -13632729.8628 4538283.90515
    -13632729.4175 4538283.90515
    -13632704.7046 4538287.42286
    -13632683.8878 4538290.37774
    -13632680.2143 4538290.37774
    -13632639.36 4538290.37774
    -13632634.9072 4538291.50341
    -13632583.7003 4538304.4486
    -13632494.6447 4538290.37774
    -13632489.8579 4538290.37774
    -13632474.3845 4538290.37774
    -13632438.8736 4538290.37774
    -13632413.3815 4538290.37774
    -13632338.7974 4538290.37774
    -13632326.7749 4538290.37774
    -13632173.0427 4538290.37774
    -13632079.089 4538290.23703
    -13632018.8652 4538290.23703
    -13631952.8527 4538291.92553
    -13631871.2555 4538290.79986
    -13631711.4008 4538290.23703
    -13631556.5553 4538290.37774
    -13631554.8855 4538290.37774
    -13631515.0332 4538290.37774
    -13631495.4409 4538288.97065
    -13631405.0495 4538282.63878
    -13631314.6581 4538276.3069
    -13631258.1078 4538278.69894
    -13631114.617 4538286.01578
    -13631096.1379 4538285.59365
    -13631089.2361 4538285.87507
    -13631043.9291 4538287.70428
    -13631021.9991 4538288.68924
    -13630986.2656 4538288.40782
    -13630768.9699 4538289.95561
    -13630762.736 4538292.20695
    -13630668.7824 4538289.95561
    -13630612.4547 4538290.51845
    -13630557.4629 4538290.37774
    -13630524.9576 4538295.30254
    -13630480.7638 4538301.07159
    -13630457.3867 4538304.4486
    -13630316.0109 4538296.99104
    -13630307.7733 4538293.89545
    -13630189.8859 4538290.23703
    -13630160.1636 4538293.75474
    -13630130.5527 4538297.27246
    -13630098.4926 4538301.49371
    -13630098.4926 4538301.63442
    -13630094.5965 4538303.46363
    -13630053.6309 4538303.74505
    -13630045.3933 4538300.50875
    -13630037.6009 4538297.41316
    -13630027.8048 4538293.47333
    -13630018.3426 4538289.6742
    -13630018.2313 4538289.53349
    -13630018.12 4538289.39278
    -13630013.7785 4538297.41316
    -13630009.5484 4538305.29285
    -13629922.4965 4538304.5893
    -13629869.7311 4538297.69458
    -13629860.3803 4538295.58395
    -13629850.8068 4538294.17687
    -13629835.4447 4538292.62907
    -13629811.7336 4538290.23703
    -13629797.93 4538290.37774
    -13629756.0739 4538290.37774
    -13629577.9627 4538290.37774
    -13629535.55 4538290.37774
    -13629532.8783 4538290.37774
    -13629500.0391 4538290.37774
    -13629444.3793 4538276.3069
    -13629412.9872 4538276.3069
    -13629387.3837 4538276.3069
    -13629325.3788 4538276.3069
    -13629288.532 4538276.3069
    -13629221.7403 4538290.37774
    -13629106.8586 4538290.37774
    -13629100.0681 4538289.95561
    -13629088.1569 4538289.95561
    -13628994.5373 4538290.23703
    -13628943.4416 4538290.23703
    -13628848.2634 4538297.27246
    -13628771.8983 4538303.18222
    -13628754.1985 4538304.30789
    -13628655.3468 4538315.42388
    -13628631.747 4538318.37876
    -13628613.1567 4538317.25309
    -13628529.5557 4538312.32828
    -13628523.0992 4538311.90616
    -13628503.173 4538310.9212
    -13628440.7228 4538307.12206
    -13628430.0361 4538306.55923
    -13628421.4645 4538306.1371
    -13628410.1099 4538305.43356
    -13628398.7553 4538304.5893
    -13628357.5671 4538302.19726
    -13628320.943 4538300.08663
    -13628165.0957 4538290.94057
    -13628153.0732 4538290.09632
    -13627997.2259 4538290.09632
    -13627741.1911 4538290.23703
    -13627710.0217 4538290.23703
    -13627641.0036 4538290.23703
    -13627634.9923 4538290.94057
    -13627586.5683 4538296.99104
    -13627532.1331 4538303.74505
    -13627527.7916 4538304.30789
    -13627421.5929 4538304.30789
    -13627407.2326 4538304.30789
    -13627311.4979 4538303.88576
    -13627205.7444 4538291.3627
    -13627205.4104 4538291.3627
    -13627195.7256 4538290.23703
    -13627117.802 4538290.23703
    -13627099.9908 4538290.23703
    -13627084.4061 4538290.23703
    -13627063.812 4538293.19191
    -13627035.0916 4538296.2875
    -13627006.3712 4538299.52379
    -13626995.2392 4538300.79017
    -13626984.1073 4538302.05655
    -13626941.4719 4538301.2123
    -13626898.9478 4538300.50875
    -13626883.8084 4538300.36804
    -13626882.8065 4538300.36804
    -13626779.3907 4538298.82025
    -13626660.0562 4538297.55387
    -13626493.077 4538294.17687
    -13626326.0977 4538290.79986
    -13626315.6337 4538290.51845
    -13626305.1697 4538290.23703
    -13626227.1347 4538303.18222
    -13626127.0585 4538290.23703
    -13626116.4831 4538291.64411
    -13626112.6983 4538292.20695
    -13626102.9022 4538293.61403
    -13626094.5532 4538294.88041
    -13626093.5513 4538295.02112
    -13626087.4288 4538295.86537
    -13626026.871 4538304.30789
    -13625871.0237 4538304.30789
    -13625837.6278 4538304.30789
    -13625804.232 4538304.30789
    -13625770.8361 4538304.30789
    -13625726.3083 4538290.23703
    -13625702.152 4538296.2875
    -13625682.7824 4538301.2123
    -13625670.6486 4538304.30789
    -13625653.3941 4538304.30789
    -13625651.1677 4538304.30789
    -13625614.9888 4538304.30789
    -13625537.0652 4538304.30789
    -13625080.544 4538304.30789
    -13625036.1275 4538304.30789
    -13624960.9868 4538305.43356
    -13624945.7361 4538303.88576
    -13624930.5966 4538302.33797
    -13624907.6648 4538299.94592
    -13624872.0426 4538296.2875
    -13624813.4885 4538290.23703
    -13624762.0589 4538296.14679
    -13624751.5949 4538297.41316
    -13624691.0371 4538304.30789
    -13624278.487 4538304.30789
    -13624112.1757 4538304.30789
    -13623399.6197 4538318.37876
    -13623222.399 4538315.98671
    -13623212.6029 4538314.86104
    -13622841.0184 4538308.95127
    -13622792.1492 4538310.21765
    -13622353.2164 4538304.30789
    -13621095.3062 4538304.30789
    -13613770.3724 4538290.09632
    -13612345.4829 4538290.09632
    -13612245.2954 4538149.3888
    -13611982.5814 4537749.6491
    -13610907.6804 4536113.98548
    -13610549.4542 4535568.86816
    -13610245.1067 4535105.78699
    -13609332.2869 4533716.94809
    -13609028.0508 4533254.08975
    -13608910.0521 4533065.6331
    -13608556.0561 4532500.28357
    -13608438.0574 4532311.84053
    -13608068.4767 4531744.00067
    -13606960.0686 4530040.66636
    -13606590.5992 4529473.0906
    -13606377.8676 4529146.22482
    -13605739.8956 4528165.97001
    -13605527.2754 4527839.2857
    -13605496.2173 4527791.63338
    -13605403.1542 4527648.67772
    -13605372.2074 4527601.16683
    -13605138.7704 4527242.59311
    -13604438.4595 4526166.94579
    -13604205.1338 4525808.42129
    -13603966.3535 4525441.75803
    -13603250.2352 4524341.84546
    -13603011.5662 4523975.37417
    -13602980.5081 4523927.73947
    -13602887.6676 4523784.97717
    -13602856.7208 4523737.48385
    -13602855.2737 4523735.23565
    -13602851.1548 4523728.91259
    -13602849.819 4523726.80491
    -13602843.2512 4523716.82854
    -13602803.9554 4523656.54898
    -13602732.1543 4523546.24813
    -13602666.6984 4523445.78403
    -13602621.0575 4523375.6705
    -13602452.2971 4523116.57769
    -13601946.1274 4522339.47826
    -13601777.4784 4522080.55162
    -13601773.6935 4522074.65103
    -13601762.3389 4522057.23027
    -13601758.554 4522051.47019
    -13601609.9425 4521819.52408
    -13601164.2193 4521123.71664
    -13601015.7191 4520891.93159
    -13600732.2997 4520449.5876
    -13599882.264 4519122.66785
    -13599598.9559 4518680.39867
    -13599349.4889 4518284.35259
    -13598601.422 4517096.3043
    -13598352.0663 4516700.31817
    -13598226.7206 4516498.67993
    -13597851.0173 4515894.20975
    -13597725.7828 4515692.72745
    -13597697.3964 4515647.0961
    -13597612.237 4515510.20327
    -13597583.9618 4515464.71313
    -13597374.6812 4515141.79494
    -13596746.8392 4514173.10016
    -13596537.5586 4513850.3622
    -13596276.9597 4513446.0764
    -13595495.4969 4512233.31265
    -13595235.0092 4511829.22963
    -13595096.5278 4511616.1765
    -13594681.1948 4510977.32381
    -13594542.8246 4510764.42835
    -13594443.4163 4510611.17998
    -13594145.3027 4510151.86932
    -13594046.0058 4509998.77024
    -13594041.553 4509992.45547
    -13594039.9945 4509990.21022
    -13594033.9833 4509981.65022
    -13594028.9739 4509974.4935
    -13594028.306 4509973.51121
    -13594023.9645 4509967.33679
    -13593970.4198 4509887.35031
    -13593916.8752 4509807.22412
    -13593855.2042 4509715.03065
    -13593391.6698 4509022.5531
    -13593348.9231 4508958.56964
    -13593250.0714 4508810.96017
    -13593215.1171 4508758.76417
    -13593180.1628 4508706.56842
    -13593175.5987 4508699.8335
    -13592554.5472 4508148.28663
    -13590674.1384 4506478.6698
    -13590047.4097 4505922.18996
    -13590387.7133 4505475.14777
    -13591408.9583 4504134.27582
    -13591749.3733 4503687.4501
    -13591750.7092 4503720.12691
    -13591712.304 4504271.02007
    -13591711.97 4504276.06913
    -13591728.4453 4504281.11818
    -13593102.2391 4504298.78989
    -13593360.723 4504302.15594
    -13593395.3433 4504302.71694
    -13593430.9656 4504314.49811
    -13593442.7654 4504323.19374
    -13593535.3833 4504421.9317
    -13593545.5133 4504432.73122
    -13593576.2375 4504465.41036
    -13593586.4789 4504476.35018
    -13593587.4808 4504477.47222
    -13593816.465 4504285.18548
    -13593863.4418 4504281.11818
    -13593892.9415 4504238.76229
    -13593901.1791 4504226.84096
    -13593909.4167 4504215.0599
    -13593917.0978 4504203.9801
    -13593925.0015 4504192.90032
    -13593960.0671 4504182.24129
    -13594014.6137 4504159.10003
    -13594043.7794 4504146.05679
    -13594054.466 4504139.04431
    -13594163.3365 4504052.65086
    -13594509.9854 4503774.26126
    -13594584.4581 4503712.69398
    -13594617.4087 4503689.55375
    -13594661.9365 4503654.77338
    -13594697.8927 4503627.84673
    -13594718.5981 4503613.12124
    -13594730.9546 4503600.77989
    -13594749.3223 4503589.98123
    -13594759.5637 4503583.53008
    -13594769.8051 4503576.9387
    -13594770.473 4503513.68968
    -13594764.3504 4503488.30604
    -13594751.8827 4503475.68436
    -13594752.3279 4503431.36836
    -13594749.3223 4503418.74675
    -13594716.0378 4503279.34908
    -13594703.57 4503260.27671
    -13594703.904 4503228.72322
    -13594685.3136 4503196.88936
    -13594685.6476 4503152.71478
    -13594655.2573 4503038.5629
    -13594650.5819 4502867.89836
    -13594645.4612 4502857.52115
    -13594564.0867 4502690.22507
    -13594563.3074 4502670.31239
    -13594561.8603 4502664.2825
    -13594558.0754 4502648.15607
    -13594553.5113 4502604.40448
    -13594555.5151 4502588.83906
    -13594558.966 4502563.73811
    -13594571.7677 4502538.63722
    -13594583.2336 4502527.41896
    -13594609.9503 4502501.05611
    -13594666.8346 4502469.9256
    -13594698.338 4502463.89582
    -13594793.1822 4502420.56568
    -13594821.346 4502420.84614
    -13594849.8438 4502421.12659
    -13594918.6392 4502459.689
    -13594931.2184 4502459.82923
    -13594962.4991 4502485.35061
    -13595012.2589 4502506.66522
    -13595030.738 4502517.04209
    -13595094.6354 4502513.39616
    -13595106.9918 4502512.55479
    -13595123.1332 4502511.5732
    -13595125.1369 4502511.5732
    -13595160.6478 4502473.29105
    -13595173.1156 4502460.10969
    -13595176.2326 4502456.604
    -13595185.6947 4502446.36743
    -13595188.923 4502443.00198
    -13595195.0455 4502436.41131
    -13595195.4908 4502435.14927
    -13595203.5058 4502417.90138
    -13595208.6265 4502406.54303
    -13595209.1831 4502405.14076
    -13595213.7472 4502395.18468
    -13595220.7603 4502379.7598
    -13595221.5396 4502372.04736
    -13595227.6622 4502310.34809
    -13595259.4995 4502279.07791
    -13595270.9654 4502277.67566
    -13595279.4257 4502276.97454
    -13595297.7934 4502282.30308
    -13595319.2781 4502294.64287
    -13595338.425 4502318.62138
    -13595362.1361 4502352.41573
    -13595365.921 4502362.23154
    -13595368.37 4502363.21313
    -13595369.8171 4502368.68194
    -13595436.4975 4502451.13515
    -13595453.4181 4502461.93264
    -13595485.5894 4502470.4865
    -13595550.8226 4502476.65651
    -13595618.3936 4502488.99653
    -13595629.0802 4502502.03771
    -13595642.1046 4502523.63281
    -13595658.2459 4502590.94249
    -13595652.7913 4502548.31297
    -13595683.5155 4502576.07823
    -13595713.4604 4502586.17471
    -13595783.2577 4502597.67349
    -13595828.4534 4502626.28025
    -13595846.1532 4502630.20668
    -13595883.6679 4502631.7492
    -13595926.6372 4502623.19521
    -13596018.0305 4502593.32639
    -13596066.3432 4502587.85746
    -13596123.1161 4502587.15631
    -13596183.6739 4502621.93314
    -13596196.1417 4502626.14002
    -13596218.183 4502633.43196
    -13596340.9684 4502665.12388
    -13596379.2623 4502671.99515
    -13596426.1278 4502691.34691
    -13596460.6368 4502714.48494
    -13596505.0533 4502756.13352
    -13596529.8776 4502789.64882
    -13596538.0039 4502800.58689
    -13596545.017 4502809.98243
    -13596560.7131 4502835.36443
    -13596568.0601 4502847.28418
    -13596572.2903 4502854.15557
    -13596577.9676 4502863.27068
    -13596584.5354 4502875.75139
    -13596588.4316 4502883.18373
    -13596591.2146 4502888.51258
    -13596594.6655 4502895.10353
    -13596599.5636 4502904.63938
    -13596602.4579 4502910.10848
    -13596605.2409 4502915.29711
    -13596607.8012 4502920.20527
    -13596615.1483 4502929.46068
    -13596618.8218 4502934.08839
    -13596622.9407 4502939.27703
    -13596632.4028 4502951.05666
    -13596635.1858 4502955.40391
    -13596639.082 4502961.1535
    -13596641.4197 4502964.65935
    -13596648.4328 4502975.45737
    -13596650.8818 4502979.10345
    -13596653.4422 4502983.03001
    -13596661.1232 4502994.80969
    -13596663.7949 4502998.87649
    -13596673.925 4503010.09525
    -13596681.1607 4503018.22886
    -13596640.8631 4503037.16056
    -13596665.2421 4503054.68994
    -13596767.0994 4503095.77892
    -13596785.0218 4503101.66882
    -13596822.5365 4503124.52728
    -13596848.5853 4503133.08169
    -13596904.579 4503142.33728
    -13596967.5858 4503140.0935
    -13597034.2662 4503160.14731
    -13597081.1317 4503168.56151
    -13597111.7445 4503167.86033
    -13597134.7877 4503160.98873
    -13597174.5287 4503142.19705
    -13597201.5794 4503129.43555
    -13597219.1678 4503114.00958
    -13597225.4017 4503101.66882
    -13597226.181 4503066.18923
    -13597220.0584 4503043.89183
    -13597220.8376 4503018.36909
    -13597231.5243 4502990.7429
    -13597253.009 4502970.68941
    -13597269.4843 4502961.1535
    -13597281.3954 4502954.56251
    -13597315.2366 4502941.38053
    -13597332.7137 4502937.59423
    -13597354.3097 4502932.96652
    -13597359.653 4502932.40558
    -13597394.9413 4502929.18021
    -13597410.3034 4502932.96652
    -13597432.5673 4502946.14848
    -13597437.4654 4502951.05666
    -13597458.8387 4502972.51245
    -13597466.2971 4502979.94486
    -13597484.8875 4502989.34055
    -13597492.4572 4502993.12688
    -13597507.708 4503003.92493
    -13597535.3152 4503012.339
    -13597570.1582 4503012.89994
    -13597599.7692 4503013.46088
    -13597671.125 4503014.72299
    -13597693.3889 4503017.66792
    -13597771.6465 4503028.60623
    -13597799.2537 4503027.20388
    -13597876.0642 4503008.6929
    -13597883.6339 4503011.77806
    -13597893.6526 4503023.27731
    -13597899.7752 4503035.61797
    -13597905.1185 4503061.14076
    -13597914.3581 4503079.65183
    -13597922.0391 4503088.06596
    -13597935.8427 4503093.53515
    -13597936.5106 4503093.53515
    -13597958.8859 4503095.07774
    -13597976.4743 4503081.19442
    -13598007.6438 4503030.84998
    -13598018.1078 4503013.88158
    -13598023.3398 4503005.60774
    -13598054.7319 4502969.28707
    -13598059.4074 4502964.09841
    -13598066.8658 4502954.28204
    -13598069.0922 4502951.19689
    -13598075.7713 4502942.36217
    -13598078.109 4502939.41726
    -13598081.6713 4502934.78955
    -13598112.3954 4502897.48749
    -13598126.1991 4502880.94
    -13598168.3891 4502843.07721
    -13598212.9169 4502829.33444
    -13598239.5223 4502827.79189
    -13598287.2784 4502825.40795
    -13598293.4009 4502823.024
    -13598300.6367 4502820.35959
    -13598311.1007 4502816.29286
    -13598311.6573 4502815.73194
    -13598317.2233 4502811.80544
    -13598325.6836 4502805.49501
    -13598330.359 4502798.90411
    -13598334.1439 4502793.85577
    -13598335.7023 4502777.72914
    -13598331.9175 4502761.4623
    -13598322.7893 4502740.56787
    -13598321.8987 4502738.4644
    -13598318.8931 4502719.95394
    -13598317.4459 4502717.14932
    -13598313.3271 4502708.73549
    -13598311.9913 4502706.07111
    -13598305.2008 4502682.9331
    -13598301.9725 4502671.43423
    -13598298.1877 4502633.57219
    -13598300.4141 4502624.31704
    -13598306.314 4502612.81823
    -13598311.2121 4502603.56311
    -13598320.4516 4502596.69188
    -13598348.0588 4502594.30799
    -13598359.5247 4502598.2344
    -13598373.3283 4502599.77692
    -13598421.641 4502610.57457
    -13598438.5615 4502609.03205
    -13598461.6047 4502594.30799
    -13598470.065 4502582.10807
    -13598474.6291 4502568.92657
    -13598475.4083 4502528.82125
    -13598482.3101 4502521.24893
    -13598531.402 4502508.0675
    -13598621.9048 4502524.33395
    -13598641.9423 4502535.83265
    -13598655.7459 4502549.71526
    -13598668.7703 4502586.03448
    -13598675.6721 4502636.79747
    -13598685.5795 4502653.76526
    -13598698.6039 4502668.4894
    -13598707.8434 4502673.11699
    -13598735.4506 4502679.98827
    -13598837.5306 4502673.81814
    -13598848.2173 4502670.03193
    -13598863.5794 4502659.23422
    -13598870.4812 4502645.35147
    -13598871.1491 4502633.85265
    -13598871.3717 4502618.70787
    -13598867.6982 4502587.71723
    -13598872.4849 4502569.34725
    -13598876.9377 4502562.75651
    -13598892.0772 4502550.83709
    -13598915.8995 4502539.75905
    -13598956.3085 4502538.07631
    -13599053.7131 4502562.61628
    -13599062.5073 4502559.11057
    -13599089.0013 4502557.00714
    -13599091.339 4502556.86691
    -13599097.239 4502556.306
    -13599099.4654 4502550.4164
    -13599111.8218 4502514.65821
    -13599132.9725 4502468.24287
    -13599174.4947 4502453.09833
    -13599188.187 4502448.19038
    -13599189.6342 4502446.92833
    -13599201.9906 4502437.3929
    -13599217.3527 4502409.76823
    -13599218.7999 4502401.21442
    -13599219.6904 4502396.58695
    -13599226.0356 4502383.40568
    -13599231.1563 4502372.74849
    -13599246.5184 4502363.49358
    -13599259.5428 4502361.10974
    -13599268.0031 4502364.19471
    -13599292.4934 4502393.50197
    -13599307.8555 4502405.84189
    -13599315.8705 4502416.91979
    -13599316.3157 4502417.4807
    -13599330.8986 4502428.97929
    -13599353.1625 4502435.99063
    -13599363.8492 4502435.99063
    -13599370.751 4502430.52178
    -13599379.2112 4502416.63934
    -13599392.1243 4502333.6255
    -13599399.9167 4502305.01953
    -13599401.4751 4502288.75343
    -13599413.8316 4502246.40558
    -13599419.9542 4502199.43053
    -13599428.4145 4502179.37855
    -13599436.8747 4502147.82832
    -13599451.4576 4502125.53288
    -13599464.482 4502113.8944
    -13599468.2668 4502112.21173
    -13599472.163 4502110.8095
    -13599498.2118 4502110.8095
    -13599512.0154 4502116.27818
    -13599529.7152 4502130.86135
    -13599541.1811 4502137.03115
    -13599550.4206 4502145.58475
    -13599573.4638 4502149.93167
    -13599595.6163 4502153.99814
    -13599619.4387 4502147.12721
    -13599637.8064 4502127.77645
    -13599653.1685 4502083.88681
    -13599666.1929 4502010.69108
    -13599666.9721 4501972.27054
    -13599665.525 4501959.08981
    -13599658.6232 4501940.58071
    -13599647.1573 4501927.68046
    -13599639.3649 4501918.98681
    -13599632.4631 4501904.40395
    -13599632.4631 4501892.06461
    -13599638.697 4501864.30116
    -13599657.0647 4501817.32782
    -13599674.4305 4501787.60151
    -13599730.7582 4501720.85785
    -13599762.7069 4501658.32111
    -13599776.1766 4501671.08082
    -13599780.0727 4501655.37656
    -13599788.9783 4501673.74493
    -13599806.6781 4501710.48177
    -13599817.6987 4501716.09046
    -13599823.1534 4501714.54807
    -13599839.9626 4501710.06112
    -13599917.9976 4501637.84952
    -13599935.92 4501623.26704
    -13599963.7499 4501600.55207
    -13599989.7987 4501589.75546
    -13600007.2758 4501586.81094
    -13600053.1394 4501584.42727
    -13600065.7185 4501579.80016
    -13600073.7335 4501576.85564
    -13600076.4052 4501575.45348
    -13600090.5428 4501567.74164
    -13600092.1013 4501566.4797
    -13600104.3464 4501555.54292
    -13600116.7029 4501540.82034
    -13600146.6478 4501493.14737
    -13600179.5984 4501462.30027
    -13600242.4939 4501390.65123
    -13600260.1937 4501365.97378
    -13600290.8066 4501336.66939
    -13600363.7208 4501285.9127
    -13600405.9109 4501242.72764
    -13600422.0522 4501211.18022
    -13600435.0766 4501157.19931
    -13600433.5181 4501129.57802
    -13600431.2918 4501127.19446
    -13600431.2918 4501112.61269
    -13600442.4237 4501085.27193
    -13600446.8765 4501074.19544
    -13600448.8802 4501069.42834
    -13600460.4575 4501053.30436
    -13600466.4687 4501046.57436
    -13600473.9271 4501038.44228
    -13600477.1554 4501034.65666
    -13600487.1741 4501023.58022
    -13600490.5137 4501019.93482
    -13600493.5193 4501016.42962
    -13600502.5362 4501006.47486
    -13600505.6532 4501003.25008
    -13600510.3286 4500992.45409
    -13600510.8852 4500987.82724
    -13600512.555 4500977.03127
    -13600524.0209 4500940.15679
    -13600524.1322 4500940.01658
    -13600525.9133 4500923.47218
    -13600526.6926 4500915.90102
    -13600528.6963 4500897.67418
    -13600530.4774 4500893.74841
    -13600533.5944 4500887.29892
    -13600537.1566 4500880.0082
    -13600540.3849 4500877.90511
    -13600554.0772 4500869.21234
    -13600569.3279 4500863.6041
    -13600579.3467 4500859.95875
    -13600582.7976 4500859.53813
    -13600593.4843 4500858.55669
    -13600597.0465 4500858.27628
    -13600618.0859 4500858.55669
    -13600640.1271 4500858.97731
    -13600669.6268 4500822.66406
    -13600684.7662 4500804.29718
    -13600701.3528 4500795.18385
    -13600722.5035 4500787.19217
    -13600774.935 4500767.56351
    -13600807.9969 4500759.85226
    -13600840.5022 4500759.15124
    -13600880.7999 4500758.31002
    -13600927.6654 4500764.47901
    -13600945.0312 4500764.0584
    -13600976.7573 4500763.63779
    -13600992.008 4500759.01104
    -13600996.6834 4500755.22552
    -13600997.4627 4500742.88753
    -13600993.5665 4500733.63406
    -13600965.18 4500693.53575
    -13600949.9293 4500667.45791
    -13600951.3764 4500619.64871
    -13600958.3895 4500601.42239
    -13600964.5121 4500585.71973
    -13600981.3214 4500560.34317
    -13600999.8004 4500540.29433
    -13601030.4133 4500519.54452
    -13601079.5051 4500507.90782
    -13601124.0329 4500514.07667
    -13601138.3932 4500521.64754
    -13601157.7628 4500531.88224
    -13601180.8059 4500555.71651
    -13601198.3944 4500563.42761
    -13601213.7565 4500564.96983
    -13601239.026 4500555.71651
    -13601257.505 4500542.67776
    -13601271.3086 4500526.41439
    -13601292.7933 4500490.2425
    -13601316.6157 4500407.1037
    -13601324.9646 4500330.8353
    -13601330.4193 4500307.70253
    -13601364.1491 4500242.93105
    -13601387.7488 4500208.1621
    -13601404.0015 4500184.46882
    -13601405.5599 4500161.33637
    -13601403.2222 4500155.16773
    -13601387.9715 4500138.20397
    -13601381.0696 4500115.91281
    -13601380.2904 4500091.23836
    -13601382.5168 4500065.02182
    -13601387.8601 4500045.39451
    -13601392.8695 4500026.46821
    -13601396.3204 4500014.13109
    -13601414.5768 4499973.61495
    -13601422.4805 4499956.3711
    -13601426.3767 4499949.36141
    -13601438.1765 4499928.47258
    -13601442.184 4499921.60311
    -13601507.6399 4499806.22467
    -13601522.8907 4499787.71937
    -13601552.8356 4499763.88684
    -13601586.5654 4499742.29742
    -13601620.0726 4499735.84864
    -13601674.8418 4499725.33434
    -13601736.9581 4499706.82919
    -13601770.6879 4499701.50195
    -13601834.3626 4499685.23988
    -13601867.3132 4499678.37057
    -13601878.7791 4499666.03385
    -13601886.4601 4499650.61298
    -13601899.5958 4499585.98574
    -13601919.522 4499544.34975
    -13601951.6934 4499502.71392
    -13601967.8347 4499490.37741
    -13601992.325 4499478.04092
    -13602036.0735 4499463.46144
    -13602067.1317 4499460.51751
    -13602109.767 4499456.59227
    -13602136.595 4499446.49881
    -13602162.6438 4499429.5362
    -13602173.3305 4499420.28388
    -13602187.1341 4499394.20921
    -13602184.9077 4499347.94785
    -13602182.9039 4499338.55542
    -13602174.8889 4499298.60263
    -13602161.8646 4499259.35091
    -13602141.9384 4499156.87659
    -13602138.8214 4499153.09164
    -13602139.6007 4499146.92359
    -13602121.2329 4499092.25239
    -13602115.1104 4499052.16035
    -13602115.1104 4499049.91745
    -13602115.1104 4499036.74038
    -13602114.5538 4499031.69385
    -13602113.8859 4499025.80623
    -13602108.5425 4498977.72415
    -13602106.6501 4498959.78104
    -13602098.969 4498938.89417
    -13602078.2636 4498912.82069
    -13602070.5826 4498896.55985
    -13602066.7977 4498858.01053
    -13602068.9128 4498851.28194
    -13602072.141 4498841.18906
    -13602085.1654 4498812.59261
    -13602107.4293 4498781.0525
    -13602175.6682 4498700.17007
    -13602249.2504 4498626.29707
    -13602265.3917 4498598.54226
    -13602271.8482 4498582.70243
    -13602274.6312 4498576.11419
    -13602276.0784 4498555.36826
    -13602273.852 4498539.24815
    -13602255.4842 4498479.95436
    -13602247.4692 4498466.91819
    -13602242.2372 4498458.36758
    -13602226.6525 4498432.85599
    -13602223.9808 4498428.37045
    -13602222.0884 4498424.02507
    -13602210.9565 4498399.07426
    -13602207.2829 4498393.74769
    -13602193.2567 4498372.86195
    -13602151.1779 4498333.6137
    -13602144.1648 4498331.23077
    -13602141.4931 4498328.42733
    -13602119.5632 4498306.14
    -13602083.607 4498269.69542
    -13602055.2205 4498247.96891
    -13602004.6814 4498209.56214
    -13601973.178 4498186.43405
    -13601959.3744 4498174.09909
    -13601948.6877 4498157.97955
    -13601938.669 4498134.85157
    -13601922.4163 4498026.22083
    -13601921.0805 4498017.10992
    -13601921.0805 4498003.93415
    -13601913.3995 4497956.97809
    -13601911.841 4497927.68321
    -13601905.941 4497893.76294
    -13601896.4789 4497838.39743
    -13601896.4789 4497814.42917
    -13601903.7147 4497793.26425
    -13601905.7184 4497787.51749
    -13601917.2956 4497763.26902
    -13601919.522 4497758.36326
    -13601926.4238 4497743.78617
    -13601928.7615 4497739.02059
    -13601968.6139 4497695.85013
    -13601993.1042 4497677.34855
    -13602014.5889 4497666.69615
    -13602035.2943 4497661.22978
    -13602090.5088 4497658.98717
    -13602116.4462 4497660.66913
    -13602129.1366 4497658.00603
    -13602141.7157 4497651.41837
    -13602147.0591 4497645.67169
    -13602156.2986 4497621.00305
    -13602158.3023 4497598.71723
    -13602146.7251 4497559.33171
    -13602139.0441 4497541.39102
    -13602132.1423 4497529.4773
    -13602096.4087 4497480.56111
    -13602082.939 4497457.71494
    -13602050.879 4497427.86082
    -13602023.9397 4497414.96611
    -13601995.108 4497410.34084
    -13601902.2675 4497414.82595
    -13601882.23 4497405.85573
    -13601856.5152 4497386.79403
    -13601840.3739 4497365.91029
    -13601833.0268 4497352.59518
    -13601816.2175 4497328.20755
    -13601812.3214 4497298.49396
    -13601818.4439 4497266.25761
    -13601846.2738 4497200.10333
    -13601856.1812 4497152.45007
    -13601856.6265 4497089.09962
    -13601866.6453 4497075.92501
    -13601920.3013 4497058.26546
    -13601998.3362 4497036.54145
    -13602000.8966 4497046.49244
    -13602032.2887 4497043.68935
    -13602079.0429 4497033.5982
    -13602194.8151 4496997.43835
    -13602282.9802 4496998.13912
    -13602307.5818 4496992.81326
    -13602365.8019 4496971.22954
    -13602374.1508 4496966.74461
    -13602388.845 4496958.896
    -13602391.8506 4496952.72924
    -13602390.7374 4496919.37273
    -13602371.7018 4496882.51251
    -13602363.2415 4496844.95165
    -13602365.2453 4496822.38717
    -13602374.3735 4496797.72046
    -13602395.1902 4496775.01594
    -13602450.2934 4496728.90627
    -13602518.9775 4496658.69103
    -13602524.0982 4496647.61921
    -13602530.2208 4496644.67607
    -13602554.5997 4496589.31715
    -13602560.277 4496571.93872
    -13602565.3977 4496477.05858
    -13602564.1732 4496468.08915
    -13602565.2864 4496435.29477
    -13602584.2107 4496322.33711
    -13602595.5653 4496282.81623
    -13602610.7047 4496251.8443
    -13602614.267 4496234.18614
    -13602622.7273 4496156.68677
    -13602630.297 4496128.79834
    -13602632.8573 4496126.41592
    -13602633.5252 4496124.73421
    -13602633.8592 4496122.35179
    -13602633.9705 4496121.0905
    -13602630.4083 4496105.81498
    -13602623.3952 4496075.68442
    -13602600.4634 4496010.93905
    -13602593.5615 4495984.032
    -13602566.6222 4495917.88579
    -13602552.1507 4495891.67968
    -13602549.813 4495880.04811
    -13602534.4509 4495853.14139
    -13602532.1132 4495842.3507
    -13602532.6698 4495840.24862
    -13602530.2208 4495838.0064
    -13602514.4134 4495801.29011
    -13602495.3778 4495756.86637
    -13602480.7949 4495734.58451
    -13602458.0857 4495687.35832
    -13602430.9238 4495630.60309
    -13602418.6786 4495595.98956
    -13602398.7524 4495356.50067
    -13602386.5073 4495275.64463
    -13602374.1508 4495242.5737
    -13602370.366 4495222.53502
    -13602365.8019 4495209.50289
    -13602364.2434 4495170.12633
    -13602364.8 4495168.44477
    -13602379.6055 4495128.64797
    -13602381.0526 4495109.31015
    -13602355.0039 4495033.08023
    -13602337.4154 4495007.71709
    -13602335.189 4495002.39224
    -13602328.7325 4494986.69796
    -13602326.6174 4494981.51325
    -13602294.4461 4494835.22134
    -13602295.2253 4494810.69943
    -13602299.7894 4494796.82706
    -13602313.593 4494775.94848
    -13602325.1703 4494748.20384
    -13602335.8569 4494678.98271
    -13602335.4116 4494659.50559
    -13602334.2984 4494615.08669
    -13602316.71 4494554.97433
    -13602305.1327 4494530.31295
    -13602279.084 4494491.91979
    -13602269.9558 4494468.79988
    -13602271.4029 4494405.60573
    -13602264.5011 4494390.3327
    -13602252.256 4494376.46089
    -13602167.9871 4494334.00484
    -13602141.9384 4494310.18469
    -13602130.3611 4494288.60648
    -13602130.3611 4494280.1994
    -13602139.6007 4494258.62126
    -13602141.1591 4494244.04903
    -13602132.6989 4494218.54768
    -13602132.6989 4494196.26907
    -13602138.0422 4494191.64522
    -13602141.1591 4494184.7795
    -13602145.7232 4494146.94806
    -13602143.3855 4494133.07657
    -13602134.2573 4494114.58127
    -13602130.3611 4494100.84993
    -13602129.5819 4494066.94202
    -13602134.2573 4494053.07063
    -13602146.5025 4494029.25112
    -13602148.0609 4494009.91532
    -13602129.5819 4493953.72961
    -13602114.9991 4493922.20409
    -13602109.6557 4493905.25041
    -13602100.5275 4493876.80752
    -13602094.4049 4493822.86431
    -13602083.607 4493804.36956
    -13602081.2692 4493787.41607
    -13602085.1654 4493778.16872
    -13602095.0729 4493773.54505
    -13602121.2329 4493775.08627
    -13602135.7045 4493768.92138
    -13602144.1648 4493758.27294
    -13602145.7232 4493743.56129
    -13602143.3855 4493735.15465
    -13602143.3855 4493714.27817
    -13602151.8458 4493708.11332
    -13602167.9871 4493699.7067
    -13602191.6982 4493682.05283
    -13602197.8208 4493660.47591
    -13602199.3792 4493608.07501
    -13602196.2623 4493591.96249
    -13602162.5325 4493538.02074
    -13602159.5268 4493525.69124
    -13602164.0909 4493484.91992
    -13602167.9871 4493473.43112
    -13602175.5569 4493465.72523
    -13602197.8208 4493454.93699
    -13602236.8939 4493441.76694
    -13602242.3485 4493434.90171
    -13602244.5749 4493418.64935
    -13602241.5693 4493409.54243
    -13602242.3485 4493396.37244
    -13602253.8145 4493348.59634
    -13602252.256 4493324.0779
    -13602235.4467 4493283.16726
    -13602220.8639 4493256.2672
    -13602216.9677 4493242.39688
    -13602214.7413 4493173.18567
    -13602222.311 4493144.60466
    -13602236.8939 4493105.37594
    -13602246.9126 4493072.31185
    -13602248.3598 4493053.11791
    -13602240.0108 4493036.16563
    -13602193.2567 4492989.93228
    -13602184.0171 4492967.65629
    -13602184.7964 4492942.99863
    -13602197.8208 4492922.96433
    -13602214.63 4492889.06022
    -13602219.3054 4492862.86166
    -13602229.2129 4492839.04485
    -13602240.7901 4492823.634
    -13602270.6237 4492797.43561
    -13602295.8932 4492781.32433
    -13602349.5492 4492732.00996
    -13602374.9301 4492705.95189
    -13602473.5591 4492590.51262
    -13602526.1019 4492543.44066
    -13602542.6885 4492522.70665
    -13602543.3565 4492520.74532
    -13602553.4865 4492491.60571
    -13602562.0581 4492470.59161
    -13602580.4258 4492428.00317
    -13602599.3502 4492399.144
    -13602634.5271 4492364.26093
    -13602657.7929 4492329.23789
    -13602668.0343 4492300.23889
    -13602673.155 4492272.22062
    -13602683.953 4492218.00547
    -13602699.4264 4492187.32571
    -13602741.8391 4492131.57001
    -13602770.5595 4492079.73709
    -13602792.7121 4492029.58549
    -13602809.8553 4491946.51366
    -13602822.5457 4491910.09115
    -13602835.3475 4491897.62347
    -13602847.036 4491890.33899
    -13602863.066 4491876.33039
    -13602871.749 4491861.76146
    -13602874.4206 4491838.50726
    -13602874.5319 4491801.94503
    -13602875.3112 4491776.86986
    -13602876.647 4491768.60488
    -13602879.8753 4491765.24285
    -13602896.7958 4491722.93744
    -13602913.6051 4491693.65995
    -13602949.6726 4491657.51848
    -13603007.1135 4491589.71853
    -13603083.8126 4491552.03652
    -13603100.6218 4491534.38625
    -13603128.1177 4491498.24533
    -13603139.027 4491481.99596
    -13603147.9326 4491467.00734
    -13603151.0496 4491460.28348
    -13603167.0796 4491425.40353
    -13603168.972 4491400.46934
    -13603170.9757 4491373.15386
    -13603170.6418 4491357.04476
    -13603170.5305 4491354.8035
    -13603170.1965 4491331.55042
    -13603162.5155 4491305.35574
    -13603162.5155 4491266.83428
    -13603154.8344 4491249.88489
    -13603152.4967 4491227.61258
    -13603153.6099 4491222.5698
    -13603159.3985 4491197.63609
    -13603166.9682 4491180.40665
    -13603169.9739 4491173.26274
    -13603170.1965 4491172.98259
    -13603187.2284 4491163.17724
    -13603193.1283 4491159.95548
    -13603223.0733 4491151.41083
    -13603239.9938 4491149.58983
    -13603245.2258 4491149.1696
    -13603256.0238 4491145.24747
    -13603294.3177 4491119.05326
    -13603313.4647 4491096.78123
    -13603320.3665 4491081.37294
    -13603331.6098 4491028.84483
    -13603334.1701 4491017.49879
    -13603346.4153 4490987.5229
    -13603353.8737 4490976.45705
    -13603359.4396 4490968.1927
    -13603365.5622 4490954.3254
    -13603375.4696 4490919.02691
    -13603383.1507 4490862.85773
    -13603379.3658 4490801.92641
    -13603379.3658 4490730.35007
    -13603376.2489 4490721.24549
    -13603393.8374 4490597.28382
    -13603406.0825 4490558.76495
    -13603416.1013 4490547.27936
    -13603419.8861 4490527.24963
    -13603418.3276 4490495.73439
    -13603413.7636 4490468.00106
    -13603407.641 4490454.13442
    -13603405.3033 4490441.1082
    -13603388.494 4490387.88297
    -13603390.0525 4490352.58638
    -13603399.9599 4490316.30945
    -13603402.2976 4490251.73963
    -13603406.0825 4490234.79187
    -13603407.641 4490215.60312
    -13603423.671 4490160.13801
    -13603452.0575 4490106.21388
    -13603475.7685 4490076.24059
    -13603488.0137 4490056.21176
    -13603497.2532 4490026.23861
    -13603497.1419 4490024.69793
    -13603496.4739 4490000.88755
    -13603491.1306 4489978.47783
    -13603490.3514 4489958.44918
    -13603494.1362 4489940.80159
    -13603530.983 4489856.20563
    -13603537.1055 4489832.25557
    -13603530.2037 4489786.59655
    -13603525.5283 4489756.06394
    -13603522.5227 4489665.30697
    -13603511.7247 4489623.01002
    -13603512.5039 4489538.27656
    -13603518.6265 4489513.767
    -13603516.8454 4489458.58571
    -13603516.4001 4489443.74003
    -13603506.3814 4489401.30391
    -13603493.357 4489369.09179
    -13603491.0193 4489362.08917
    -13603465.7498 4489302.14691
    -13603445.8236 4489240.52439
    -13603407.5297 4489131.9856
    -13603390.6091 4489102.85538
    -13603361.5547 4489070.50412
    -13603353.8737 4489052.85803
    -13603291.7574 4488948.10244
    -13603243.4447 4488831.16394
    -13603224.2978 4488791.95133
    -13603209.7149 4488769.68423
    -13603199.8075 4488760.44129
    -13603162.2928 4488741.95545
    -13603136.2441 4488708.06483
    -13603105.5199 4488676.55505
    -13603087.3748 4488651.34729
    -13603065.6675 4488621.09806
    -13603041.9565 4488603.45272
    -13603028.1528 4488582.58644
    -13603021.251 4488559.61957
    -13603018.9133 4488537.21293
    -13603011.3436 4488524.88929
    -13602986.742 4488461.03068
    -13602959.1348 4488412.57681
    -13602948.8934 4488379.10737
    -13602934.6445 4488332.61442
    -13602922.3993 4488314.12933
    -13602904.8108 4488300.26554
    -13602854.1605 4488248.17144
    -13602816.6458 4488209.52114
    -13602803.6214 4488188.65565
    -13602782.1368 4488124.0989
    -13602774.567 4488086.42931
    -13602775.235 4488034.0562
    -13602777.5727 4488019.4926
    -13602788.2593 4487990.22543
    -13602794.3819 4487948.63537
    -13602782.1368 4487913.20694
    -13602785.2537 4487767.01341
    -13602781.3575 4487747.82916
    -13602780.133 4487744.18836
    -13602771.4501 4487718.56275
    -13602756.8672 4487693.21726
    -13602737.7203 4487667.87183
    -13602715.4564 4487620.82191
    -13602708.5546 4487588.61524
    -13602679.5002 4487547.02678
    -13602671.0399 4487528.54307
    -13602663.3589 4487517.20081
    -13602655.0099 4487504.73835
    -13602634.3045 4487477.85307
    -13602627.4027 4487462.45008
    -13602613.5991 4487443.12636
    -13602604.3595 4487426.18313
    -13602592.1144 4487398.59792
    -13602557.7167 4487359.25062
    -13602533.1151 4487320.88364
    -13602522.7623 4487309.26156
    -13602518.6435 4487304.64073
    -13602465.0989 4487253.67176
    -13602400.6449 4487192.34129
    -13602353.1114 4487153.13479
    -13602338.5286 4487134.65177
    -13602290.9952 4487093.90524
    -13602284.8726 4487091.52486
    -13602261.9408 4487054.6991
    -13602236.1147 4487006.53176
    -13602230.5487 4486996.17021
    -13602222.0884 4486975.44714
    -13602175.3342 4486908.51751
    -13602160.8627 4486880.79364
    -13602140.1573 4486860.0708
    -13602102.6426 4486814.5647
    -13602087.2805 4486800.70288
    -13602054.3299 4486766.11842
    -13601943.2331 4486659.28537
    -13601887.3507 4486610.69979
    -13601873.5471 4486602.29885
    -13601826.0137 4486555.39372
    -13601802.3026 4486525.29054
    -13601767.1256 4486493.78729
    -13601741.7448 4486480.76598
    -13601678.1814 4486423.08037
    -13601667.4947 4486388.35714
    -13601658.2552 4486271.44711
    -13601639.8875 4486214.6027
    -13601633.9875 4486200.46166
    -13601627.6423 4486185.34056
    -13601623.8575 4486170.63951
    -13601597.8087 4486115.33575
    -13601597.8087 4486109.17535
    -13601540.3678 4485996.04863
    -13601502.0739 4485946.06605
    -13601485.9326 4485899.16384
    -13601469.346 4485882.78312
    -13601447.6387 4485861.50222
    -13601439.9577 4485841.48141
    -13601438.3992 4485839.24133
    -13601419.3636 4485810.68025
    -13601414.6881 4485796.81975
    -13601398.6581 4485761.39857
    -13601395.5412 4485745.99809
    -13601390.1978 4485736.75782
    -13601382.5168 4485713.79717
    -13601366.8208 4485686.07645
    -13601356.468 4485667.59601
    -13601354.2417 4485657.51579
    -13601341.4399 4485636.37535
    -13601331.9778 4485620.69505
    -13601292.9046 4485574.4943
    -13601268.4143 4485553.77403
    -13601256.1692 4485546.35395
    -13601223.9978 4485526.75374
    -13601194.1642 4485501.41354
    -13601164.3306 4485451.43331
    -13601135.9441 4485396.83333
    -13601099.9879 4485337.61367
    -13601086.9636 4485321.37382
    -13601065.4789 4485304.434
    -13601016.4983 4485259.49463
    -13600985.1062 4485230.65513
    -13600926.8861 4485174.51633
    -13600834.8249 4485061.25967
    -13600558.9752 4484721.77698
    -13600467.1366 4484608.66518
    -13600491.4043 4484603.06562
    -13600531.5906 4484593.82635
    -13600564.4299 4484586.9669
    -13600588.9202 4484582.06729
    -13600664.2834 4484566.24857
    -13600853.5266 4484527.05186
    -13600861.3189 4484540.77069
    -13600875.3452 4484565.68862
    -13600919.539 4484644.36246
    -13600922.656 4484649.82206
    -13600932.0068 4484666.62083
    -13600935.2351 4484672.22043
    -13600937.6841 4484672.5004
    -13600945.0312 4484673.48033
    -13600947.5916 4484673.90031
    -13600964.8461 4484702.87827
    -13600974.3082 4484718.83718
    -13601040.8773 4484688.17929
    -13601068.0392 4484675.72017
    -13601078.1693 4484671.94045
    -13601108.7822 4484660.60127
    -13601119.0236 4484656.96153
    -13601139.5064 4484649.2621
    -13601143.0686 4484648.00219
    -13601153.0873 4484640.58275
    -13601180.3606 4484662.98109
    -13601194.3869 4484672.92037
    -13601212.9772 4484686.35942
    -13601223.5526 4484693.91889
    -13601227.2261 4484694.89882
    -13601274.2029 4484707.77793
    -13601289.899 4484712.11763
    -13601271.42 4484719.53713
    -13601268.7483 4484720.65706
    -13601213.9791 4484710.99771
    -13601194.8321 4484707.77793
    -13601261.1786 4484758.31459
    -13601353.5737 4484828.87034
    -13601425.2635 4484700.21845
    -13601469.9026 4484620.28428
    -13601481.4798 4484599.28592
    -13601516.6568 4484536.29107
    -13601528.4567 4484515.43286
    -13601547.4923 4484478.05617
    -13601574.3203 4484425.70102
    -13601604.4879 4484365.92689
    -13601620.1839 4484334.99006
    -13601622.9669 4484328.13077
    -13601658.3665 4484244.69983
    -13601696.5491 4484153.43049
    -13601740.7429 4484089.31846
    -13601832.4702 4484019.88752
    -13601988.4288 4483934.63928
    -13601990.5439 4483933.23948
    -13602097.2993 4483866.18922
    -13602112.9953 4483854.01103
    -13602187.468 4483795.63993
    -13602279.1953 4483732.64989
    -13602369.2528 4483678.19881
    -13602408.3259 4483636.34586
    -13602438.8275 4483616.18931
    -13602461.2027 4483577.69601
    -13602469.4403 4483563.83845
    -13602425.2465 4483526.46515
    -13602311.478 4483512.60766
    -13602275.6331 4483510.50804
    -13602203.3867 4483506.44878
    -13602191.0303 4483505.60894
    -13602182.3473 4483505.18901
    -13602154.9627 4483495.53078
    -13602143.1629 4483491.47153
    -13602139.378 4483488.11215
    -13602128.1348 4483478.17398
    -13602124.4612 4483474.95458
    -13602115.333 4483466.97607
    -13602112.9953 4483464.87646
    -13602090.1748 4483440.24109
    -13602081.8258 4483431.28278
    -13602073.1429 4483420.78478
    -13602062.1223 4483407.76727
    -13602047.0942 4483389.71075
    -13602038.4112 4483379.49274
    -13601969.6158 4483321.26424
    -13601866.4226 4483233.9221
    -13601827.3495 4483213.62635
    -13601784.9368 4483200.74907
    -13601749.7598 4483181.85309
    -13601749.2032 4483181.57315
    -13601725.4922 4483143.22141
    -13601720.3715 4483100.3908
    -13601716.2526 4483090.17306
    -13601707.5697 4483068.33794
    -13601701.6698 4483053.50128
    -13601689.7586 4483012.91052
    -13601693.4321 4483000.87329
    -13601700.5566 4482978.33851
    -13601704.5641 4482970.92024
    -13601712.4678 4482956.78355
    -13601717.3658 4482949.22533
    -13601722.0412 4482942.36695
    -13601727.1619 4482919.97227
    -13601721.1507 4482903.31625
    -13601715.2508 4482886.80023
    -13601684.7492 4482852.64853
    -13601671.0569 4482824.93536
    -13601670.8343 4482821.57619
    -13601669.4984 4482802.40095
    -13601669.3871 4482800.30148
    -13601669.4984 4482760.97138
    -13601660.9268 4482713.80344
    -13601654.025 4482693.64866
    -13601635.4347 4482639.06299
    -13601587.9013 4482558.16475
    -13601523.336 4482479.08662
    -13601443.5199 4482410.78599
    -13601370.4943 4482376.63584
    -13601273.6463 4482339.26675
    -13601210.7508 4482344.58519
    -13601144.5157 4482376.63584
    -13601096.9823 4482424.64203
    -13601052.7885 4482497.28154
    -13600983.2138 4482589.09636
    -13600899.9468 4482650.95985
    -13600835.3815 4482686.23059
    -13600750.4447 4482738.57708
    -13600684.7662 4482755.3728
    -13600646.1384 4482765.31028
    -13600549.7357 4482790.08404
    -13600536.934 4482792.18351
    -13600503.8721 4482797.50218
    -13600399.5657 4482793.0233
    -13600386.6526 4482790.50393
    -13600378.081 4482789.10428
    -13600322.1987 4482774.82787
    -13600237.2619 4482746.13515
    -13600133.6234 4482719.82189
    -13600065.7185 4482710.30435
    -13600033.3246 4482701.76656
    -13599992.5816 4482682.73151
    -13599968.7593 4482648.44051
    -13599968.6479 4482614.28959
    -13599955.067 4482578.03935
    -13599912.6542 4482531.15216
    -13599853.0983 4482478.8067
    -13599812.2441 4482445.91598
    -13599778.1803 4482403.22816
    -13599766.1578 4482346.68457
    -13599764.9333 4482342.06593
    -13599771.2785 4482272.78648
    -13599747.5674 4482198.04916
    -13599711.6112 4482113.79537
    -13599705.1547 4482098.40023
    -13599664.4118 4482046.19689
    -13599628.6782 4482000.15179
    -13599599.9578 4481946.68935
    -13599571.2374 4481874.05364
    -13599521.9228 4481791.90171
    -13599476.0592 4481765.03104
    -13599411.4939 4481776.647
    -13599341.9192 4481779.72593
    -13599311.3064 4481773.28816
    -13599268.8936 4481735.92121
    -13599262.8824 4481729.48347
    -13599221.2489 4481684.69932
    -13599178.8362 4481659.78821
    -13599108.7049 4481641.17489
    -13599085.9957 4481627.31989
    -13599078.426 4481626.48019
    -13599055.8281 4481624.10105
    -13599048.3697 4481623.40131
    -13599041.5792 4481622.70156
    -13599032.451 4481612.62521
    -13599019.4267 4481598.21045
    -13599031.3378 4481572.5998
    -13599038.017 4481554.96628
    -13599046.366 4481533.69413
    -13599053.3791 4481515.50089
    -13599068.2959 4481486.95154
    -13599078.9826 4481466.79911
    -13599085.7731 4481431.6724
    -13599085.7731 4481388.84875
    -13599101.0238 4481336.64893
    -13599103.3615 4481333.15029
    -13599131.3027 4481291.58655
    -13599141.7668 4481281.09068
    -13599162.9175 4481258.83948
    -13599182.5097 4481238.4076
    -13599192.7511 4481212.79783
    -13599192.7511 4481181.73032
    -13599162.1382 4481157.24023
    -13599149.0025 4481152.902
    -13599109.4841 4481140.16718
    -13599101.6918 4481137.50826
    -13599086.441 4481132.33038
    -13599092.1183 4481125.1933
    -13599097.9069 4481118.19616
    -13599092.5636 4481108.12029
    -13599117.9444 4481077.19304
    -13599152.7874 4481034.9306
    -13599162.1382 4481023.73528
    -13599209.6717 4480934.03322
    -13599223.364 4480896.66925
    -13599238.6147 4480843.35235
    -13599267.4465 4480809.20729
    -13599321.993 4480766.94593
    -13599326.8911 4480763.30754
    -13599360.9548 4480724.82468
    -13599376.2056 4480675.84669
    -13599378.5433 4480638.3437
    -13599379.5452 4480623.37052
    -13599374.9811 4480525.83552
    -13599374.5358 4480514.50081
    -13599387.3376 4480493.93044
    -13599388.3394 4480489.59248
    -13599391.1224 4480476.85846
    -13599393.1262 4480468.60235
    -13599418.6183 4480437.95684
    -13599428.8597 4480425.92256
    -13599452.6821 4480407.31143
    -13599465.8178 4480397.23624
    -13599489.3062 4480379.74462
    -13599516.1342 4480356.51579
    -13599524.0379 4480351.89802
    -13599535.1699 4480345.60106
    -13599550.198 4480339.3041
    -13599524.8171 4480332.16756
    -13599517.2474 4480330.06857
    -13599489.3062 4480317.89448
    -13599466.931 4480310.05829
    -13599451.235 4480301.38252
    -13599427.6352 4480288.22893
    -13599425.4088 4480287.94907
    -13599419.0636 4480287.24941
    -13599416.9486 4480287.10948
    -13599369.6378 4480262.62148
    -13599289.4877 4480221.34183
    -13599239.7279 4480196.01439
    -13599227.4828 4480191.39669
    -13599178.6135 4480173.20576
    -13599170.2646 4480169.70751
    -13599145.2177 4480159.21276
    -13599136.7574 4480156.55409
    -13599135.4216 4480158.9329
    -13599135.0876 4480159.35269
    -13599135.0876 4480159.49262
    -13599131.6367 4480166.48912
    -13599130.4122 4480169.00786
    -13599137.314 4480173.62555
    -13599155.3478 4480185.65955
    -13599158.0194 4480188.17829
    -13599164.3646 4480194.1953
    -13599163.5854 4480218.26335
    -13599153.01 4480209.02793
    -13599135.6442 4480193.91544
    -13599106.5898 4480171.80646
    -13599084.2146 4480157.95339
    -13599071.6355 4480145.35971
    -13599068.5185 4480142.28125
    -13599055.6055 4480131.36674
    -13599045.1415 4480122.83104
    -13599034.9001 4480118.07344
    -13599008.0721 4480105.61974
    -13599004.1759 4480104.36038
    -13598993.7119 4480101.00207
    -13598992.71 4480099.88264
    -13598989.8157 4480096.66427
    -13598988.9251 4480095.68477
    -13598981.0214 4480087.42896
    -13598978.9064 4480085.19009
    -13598954.75 4480067.41913
    -13598951.5218 4480065.04035
    -13598946.735 4480059.58313
    -13598932.1522 4480043.07157
    -13598921.7995 4480031.31759
    -13598878.6075 4480046.56978
    -13598859.7945 4480053.28635
    -13598856.9002 4480055.94499
    -13598848.5512 4480064.3407
    -13598845.7682 4480067.27921
    -13598837.6419 4480069.93785
    -13598813.4856 4480078.19365
    -13598805.4706 4480080.99223
    -13598821.278 4480080.43251
    -13598868.8114 4480078.89329
    -13598870.0359 4480078.89329
    -13598884.1735 4480083.93073
    -13598822.5025 4480099.74271
    -13598822.2798 4480099.88264
    -13598749.4769 4480109.81761
    -13598708.066 4480085.19009
    -13598686.804 4480073.01628
    -13598654.41 4480060.56263
    -13598643.2781 4480053.98599
    -13598614.1124 4480037.05465
    -13598591.5145 4480011.02802
    -13598587.9523 4480009.34889
    -13598577.377 4480004.73127
    -13598573.926 4480003.19206
    -13598545.2056 4479978.00508
    -13598459.267 4479902.44449
    -13598430.6579 4479877.39768
    -13598377.2245 4479835.00014
    -13598216.9244 4479707.94845
    -13598163.4911 4479665.69151
    -13598134.4367 4479638.68634
    -13598099.9277 4479610.70178
    -13598092.1353 4479603.56573
    -13598070.9846 4479584.11651
    -13598069.9827 4479583.13706
    -13598053.1735 4479565.92663
    -13598040.9283 4479550.53522
    -13598020.8908 4479519.75246
    -13598003.0797 4479486.17138
    -13597986.3818 4479445.59438
    -13597976.363 4479416.21113
    -13597961.8915 4479357.44487
    -13597955.2123 4479283.28793
    -13597945.8615 4479196.39904
    -13597937.4012 4479116.7865
    -13597929.3862 4479054.52403
    -13597936.5106 4478940.07399
    -13597939.8502 4478885.6477
    -13597948.0879 4478596.1717
    -13597951.3161 4478481.72665
    -13597951.3161 4478413.59185
    -13597951.3161 4477227.38961
    -13597951.3161 4477074.21013
    -13597951.3161 4477066.23646
    -13597962.3368 4475409.9432
    -13597962.5594 4475370.08123
    -13597962.6707 4475330.07955
    -13597966.1216 4474740.00242
    -13597969.5725 4474149.95833
    -13597970.6857 4473963.5398
    -13597971.465 4473958.92483
    -13597971.0197 4473814.74298
    -13597971.0197 4473813.62422
    -13597972.9121 4473671.12248
    -13597973.58 4473625.11399
    -13597968.9046 4473176.92628
    -13597965.4537 4473133.01749
    -13597935.6201 4472736.44835
    -13597933.6163 4472720.78725
    -13597921.9278 4472628.49911
    -13597917.9203 4472597.03743
    -13597915.8052 4472580.39773
    -13597906.5657 4472419.45547
    -13597876.2868 4471886.30809
    -13597866.268 4471708.7381
    -13597860.5908 4471610.44671
    -13597843.5589 4471315.85767
    -13597837.9929 4471217.70975
    -13597837.2137 4471207.78316
    -13597840.8872 4471162.34466
    -13597854.5795 4470996.25114
    -13597859.1436 4470941.02703
    -13597859.4776 4470935.15511
    -13597860.9247 4470917.95881
    -13597861.4813 4470912.22672
    -13597876.1755 4470829.60102
    -13597920.7033 4470581.86761
    -13597929.0522 4470535.593
    -13597936.5106 4470499.66391
    -13597941.9653 4470473.10162
    -13597964.0066 4470365.59495
    -13598006.8646 4470158.13395
    -13598000.1854 4469957.52696
    -13597996.2892 4469837.44418
    -13597995.7326 4469822.62614
    -13597995.7326 4469819.27112
    -13597995.6213 4469708.97529
    -13597995.7326 4469378.23452
    -13597995.7326 4469291.42728
    -13597993.8402 4469271.57773
    -13597993.3949 4469268.22288
    -13597993.2836 4469266.82503
    -13597985.8252 4469192.31971
    -13597984.6007 4469179.59934
    -13598157.0346 4469179.59934
    -13598217.9263 4469179.59934
    -13598220.8206 4469179.59934
    -13598221.8225 4469179.59934
    -13598229.7262 4469179.59934
    -13598232.7318 4469179.59934
    -13598284.8293 4469179.59934
    -13598441.1219 4469179.59934
    -13598493.3307 4469179.59934
    -13598585.8372 4469179.59934
    -13598714.8565 4469177.08323
    -13598843.9871 4469174.7069
    -13599322.5496 4469165.76072
    -13599332.5684 4469165.76072
    -13600066.3865 4469152.34147
    -13600208.6528 4469144.65336
    -13600287.133 4469140.59963
    -13600327.8759 4469143.67487
    -13600426.839 4469151.36298
    -13600450.4387 4469153.18017
    -13600491.293 4469156.3952
    -13600509.3267 4469156.81455
    -13600581.1278 4469155.13714
    -13600850.4096 4469149.12644
    -13601061.5827 4469156.81455
    -13601118.6896 4469154.01887
    -13601119.8028 4469154.01887
    -13601123.4763 4469154.29844
    -13601124.7009 4469154.43822
    -13601125.1461 4469154.71779
    -13601126.5933 4469155.55649
    -13601127.1499 4469155.83606
    -13601135.3875 4469154.99736
    -13601160.2118 4469152.34147
    -13601168.5607 4469151.64255
    -13601485.5987 4469151.64255
    -13601736.2901 4469151.64255
    -13602304.1309 4469151.64255
    -13602436.935 4469151.64255
    -13602529.1076 4469151.64255
    -13602754.0842 4469151.64255
    -13603013.57 4469151.64255
    -13603792.2498 4469151.64255
    -13604051.8469 4469151.64255
    -13604141.3477 4469151.36298
    -13604229.0675 4469151.08341
    -13604760.8407 4469149.54579
    -13604938.1727 4469149.12644
    -13604963.4422 4469149.54579
    -13605039.2508 4469151.22319
    -13605053.8336 4469151.64255
    -13605064.5203 4469150.38449
    -13605067.5259 4469149.96514
    -13605076.6541 4469148.98665
    -13605079.7711 4469148.70709
    -13605099.0293 4469146.47055
    -13605115.0593 4469144.65336
    -13605142.3326 4469141.57812
    -13605163.4833 4469139.2018
    -13605176.285 4469137.66418
    -13605232.0561 4469137.38461
    -13605332.1323 4469151.64255
    -13605376.7715 4469143.67487
    -13605418.7389 4469136.68569
    -13605460.2611 4469129.69651
    -13605492.7664 4469128.15889
    -13605504.0096 4469126.90084
    -13605629.1327 4469130.95456
    -13605730.7674 4469140.59963
    -13605745.3503 4469141.99747
    -13605749.8031 4469142.41682
    -13605763.2727 4469143.67487
    -13605764.2746 4469143.81466
    -13605767.8368 4469144.09422
    -13605780.5272 4469145.21249
    -13605818.8211 4469148.98665
    -13605831.6229 4469150.24471
    -13605850.2132 4469147.02968
    -13605906.3183 4469137.38461
    -13605925.0199 4469134.30937
    -13605963.6478 4469140.18028
    -13606079.8654 4469157.93282
    -13606118.6045 4469163.94353
    -13606120.6083 4469164.08331
    -13606121.0536 4469163.94353
    -13606128.512 4469163.80374
    -13606131.0723 4469163.80374
    -13606150.7759 4469163.52418
    -13606677.4284 4469145.07271
    -13606725.0731 4469141.7179
    -13606818.6928 4469145.07271
    -13606966.3025 4469150.24471
    -13607110.7952 4469134.8685
    -13607122.929 4469134.8685
    -13607146.5287 4469134.58894
    -13607170.1284 4469134.30937
    -13607220.5562 4469135.70721
    -13607248.9426 4469136.68569
    -13607426.9425 4469137.24482
    -13607448.6498 4469136.96526
    -13607691.9942 4469133.75023
    -13607745.5389 4469133.05132
    -13607969.8477 4469136.12656
    -13607980.9796 4469136.26634
    -13607981.0909 4469124.24496
    -13607981.6475 4468895.00261
    -13607981.4249 4468710.63387
    -13607992.7795 4468523.1933
    -13607992.3342 4468503.3452
    -13607982.2041 4468096.74695
    -13607986.6569 4467999.88691
    -13608000.7945 4467697.01284
    -13608000.5718 4467683.17616
    -13608000.2379 4467658.99696
    -13607995.3398 4467362.28212
    -13607990.5531 4467065.57562
    -13607990.5531 4467041.25808
    -13607990.6644 4467026.0247
    -13607990.1078 4466968.72505
    -13607989.8852 4466944.54748
    -13607988.2154 4466774.60731
    -13607983.6513 4466264.80323
    -13607982.2041 4466094.87401
    -13607982.0928 4466083.13558
    -13607981.9815 4466072.09587
    -13607981.7589 4466047.92036
    -13607981.7589 4466036.32172
    -13607981.6475 4466026.95898
    -13607981.6475 4466022.34748
    -13607981.6475 4466015.36037
    -13607981.9815 4465999.29002
    -13607982.3155 4465990.06705
    -13607983.8739 4465917.68099
    -13607988.9946 4465700.66552
    -13607990.6644 4465628.42118
    -13608056.1203 4465624.3688
    -13608252.4879 4465612.77063
    -13608318.055 4465608.858
    -13608330.4115 4465608.15932
    -13608367.5922 4465607.04142
    -13608516.5377 4465602.98906
    -13608560.5089 4465601.87116
    -13608566.1862 4465601.87116
    -13608583.1067 4465601.73142
    -13608634.2024 4465601.73142
    -13608651.2343 4465601.73142
    -13608910.2747 4465601.59169
    -13609687.3961 4465601.59169
    -13609946.5479 4465601.59169
    -13610203.1393 4465601.59169
    -13610453.1629 4465601.59169
    -13610909.5728 4465601.59169
    -13610972.357 4465589.15512
    -13611226.0541 4465539.68848
    -13611387.2447 4465508.1082
    -13611871.1505 4465413.50767
    -13611986.0323 4465391.15021
    -13612032.5638 4465382.06751
    -13612193.6431 4465350.4877
    -13612623.8929 4465266.50824
    -13612676.9923 4465255.60912
    -13612822.3756 4465225.98594
    -13612838.0716 4465222.77211
    -13612892.8408 4465211.45385
    -13613057.2597 4465177.91831
    -13613102.5668 4465168.69606
    -13613112.2515 4465168.83579
    -13613818.4624 4465175.40315
    -13613906.4048 4465176.10181
    -13614583.116 4465182.66917
    -13615061.9011 4465182.66917
    -13615937.3176 4465192.1709
    -13616342.0753 4465196.64231
    -13616297.6588 4464822.30851
    -13616290.8683 4464765.57973
    -13616273.1685 4464616.77291
    -13616270.7195 4464595.53492
    -13616265.8214 4464554.03714
    -13616264.0403 4464538.94708
    -13616243.5575 4464351.30117
    -13616182.2205 4463788.66287
    -13616161.849 4463601.17
    -13616146.4869 4463460.20327
    -13616100.4006 4463037.59377
    -13616086.0404 4462905.29602
    -13616084.3706 4462896.91396
    -13616084.148 4462896.21546
    -13616083.814 4462894.25965
    -13616083.7027 4462893.70084
    -13616081.699 4462883.64238
    -13616078.3594 4462866.7386
    -13616077.8028 4462863.94459
    -13616075.6877 4462853.60675
    -13616074.9085 4462849.41574
    -13616074.1292 4462843.54833
    -13615994.9811 4462202.34363
    -13615872.7523 4461211.41671
    -13615793.2702 4460567.51771
    -13615762.4347 4460317.51111
    -13615757.7592 4460279.80113
    -13615685.2903 4459692.66016
    -13615661.5792 4459647.55053
    -13615646.7737 4459619.33966
    -13615602.3572 4459534.70749
    -13615587.6631 4459506.63657
    -13615569.9633 4459472.9795
    -13615517.1978 4459372.4279
    -13615499.7207 4459338.91091
    -13615482.4661 4459305.95264
    -13615430.7026 4459207.35776
    -13615413.5594 4459174.53955
    -13615406.9915 4459162.11055
    -13615337.9734 4459029.7217
    -13615111.6609 4458595.55936
    -13615036.2976 4458450.8891
    -13615030.9543 4458440.69522
    -13615028.5053 4458435.9474
    -13615022.2714 4458424.35712
    -13615014.9243 4458410.67223
    -13615009.5809 4458400.75768
    -13614941.3421 4458273.68468
    -13614736.6256 4457892.47486
    -13614668.498 4457765.54761
    -13614661.1509 4457751.72394
    -13614600.1479 4457633.73479
    -13614448.642 4457340.513
    -13614442.2968 4457328.36542
    -13614436.0629 4457316.21785
    -13614395.654 4457237.8873
    -13614327.5264 4457106.08106
    -13614289.5665 4457032.77851
    -13614100.7686 4456683.58611
    -13613982.9926 4456458.80223
    -13613622.6514 4455770.37898
    -13613622.5401 4455770.37898
    -13613622.2061 4455770.51858
    -13613374.5203 4455302.84635
    -13613366.06 4455273.11147
    -13613191.7337 4454935.14486
    -13613235.5935 4454837.8471
    -13613454.6703 4454323.87293
    -13613492.8529 4454245.28538
    -13613521.462 4454186.38
    -13613542.3901 4454143.24807
    -13613547.956 4454135.98964
    -13613573.1142 4454102.0705
    -13613581.1292 4454091.46207
    -13613589.1442 4454080.85364
    -13613678.8678 4453905.39748
    -13613684.4337 4453893.25384
    -13613690.111 4453880.97063
    -13613804.5475 4453633.35544
    -13613999.0226 4453213.51159
    -13614308.0455 4452546.09468
    -13614630.5381 4451385.12411
    -13615598.2384 4447903.25571
    -13615920.9536 4446742.93396
    -13616995.1867 4446616.55892
    -13617347.5129 4446616.55892
    -13618427.312 4446616.55892
    -13619740.214 4446869.58949
    -13621053.2274 4447249.14669
    -13621557.1708 4447486.42917
    -13622127.2379 4447755.10464
    -13622843.5788 4448261.22627
    -13623469.5283 4449075.00567
    -13623918.1458 4449690.57865
    -13623981.7093 4449800.5261
    -13624328.0242 4450399.53652
    -13624740.5742 4451263.29866
    -13624988.928 4452181.14068
    -13625157.7997 4453440.45969
    -13625214.6839 4454036.74506
    -13625162.3638 4454434.84568
    -13625994.9223 4454999.49867
    -13626069.2837 4455072.36833
    -13626538.4953 4455532.21256
    -13626993.1241 4456096.50535
    -13627258.8438 4456537.127
    -13627480.8148 4457124.79074
    -13627705.0123 4457505.41435
    -13627882.0103 4457951.54054
    -13628674.605 4458325.49118
    -13629885.0932 4459290.31146
    -13630537.0914 4459989.01981
    -13630585.4041 4460040.69506
    -13631240.074 4461187.11265
    -13631444.9019 4461666.63928
    -13631675.6672 4462354.46906
    -13632034.5612 4462798.28554
    -13632299.9469 4463292.97362
    -13632643.1449 4463925.58226
    -13632842.7407 4464485.57315
    -13633081.2984 4465339.02957
    -13633139.0732 4466109.82655
    -13633131.1695 4466435.85317
    -13633238.0362 4466942.73067
    -13633355.4783 4467322.31081
    -13633474.2562 4468041.95733
    -13633546.8365 4468728.10613
    -13633914.5248 4469271.57773
    -13634307.8166 4470051.60906
    -13634600.8095 4471095.23586
    -13634760.9982 4471877.21979
    -13634821.1107 4472903.8278
    -13634861.631 4474003.2566
    -13634754.4304 4475255.81109
    -13634608.7131 4476960.62093
    -13633976.4184 4480187.47864
    -13633886.6949 4480706.9127
    -13633820.6825 4481088.80824
    -13633622.5338 4482234.85793
    -13633556.6326 4482616.94888
    -13633555.7421 4482622.40742
    -13633551.0667 4482649.28029
    -13633548.5063 4482663.97642
    -13633477.4845 4483075.47634
    -13633173.137 4484837.82983
    -13632838.1766 4486778.58001
    -13632964.6356 4487989.66529
    -13633470.4713 4489200.8901
    -13633783.6131 4489938.98081
    -13634445.4074 4491498.52549
    -13634452.3093 4491514.77488
    -13634459.2111 4491531.0243
    -13634868.1989 4492495.10806
    -13635241.0078 4493373.81537
    -13636267.5962 4495256.02627
    -13636759.1831 4496157.38748
    -13636980.8202 4496579.64689
    -13637032.0271 4496677.19081
    -13637293.8506 4497404.31397
    -13637442.9074 4497977.58266
    -13637498.5671 4498191.48017
    -13637532.7422 4498469.44131
    -13637574.3757 4498807.68636
    -13637678.5707 4499410.19045
    -13637747.7001 4500167.22462
    -13637741.4662 4500613.3396
    -13637738.4606 4500833.74029
    -13638261.9962 4500968.89924
    -13639709.5948 4501470.57289
    -13640794.0693 4502121.46642
    -13641869.193 4503119.75926
    -13642157.6218 4503495.59857
    -13642533.2137 4503984.91105
    -13643263.8035 4504803.98907
    -13643406.2925 4504985.76574
    -13643649.9709 4505296.58871
    -13643748.3773 4505422.12678
    -13644217.9229 4506115.20811
    -13644302.637 4506311.31594
    -13644468.5031 4506695.26586
    -13644536.6306 4506852.80583
    -13644739.1208 4507513.57362
    -13644810.5879 4508139.58783
    -13644881.3871 4508822.04484
    -13644982.4652 4509022.97404
    -13644982.4652 4509023.39499
    -13644995.0443 4509180.68933
    -13645302.7313 4513014.29394
    -13645494.5348 4515470.32918
    -13645963.3012 4516846.49428
    -13646261.6374 4517722.32995
    -13646390.1001 4519368.73997
    -13646420.6017 4519760.33242
    -13646453.4409 4520179.47056
    -13646374.9607 4520932.6692
    -13646334.4404 4521323.0559
END
END
