48017 Bailey County
1
    -11470747.6118 4043962.9568
    -11470744.6062 4044105.7483
    -11470744.6062 4044172.30427
    -11470739.0402 4044604.59143
    -11470730.3573 4045102.51517
    -11470725.7932 4045499.87476
    -11470738.0384 4045727.13573
    -11470750.0609 4045928.17807
    -11470767.3154 4046292.21495
    -11470776.5549 4046442.56679
    -11470790.2472 4046705.88902
    -11470790.1359 4047019.38224
    -11470790.1359 4047389.90982
    -11470789.6906 4047544.98357
    -11470791.0264 4047714.4508
    -11470788.3548 4047854.19591
    -11470790.5812 4048694.31682
    -11470786.7963 4049163.76782
    -11470785.3492 4049334.73889
    -11470788.4661 4049486.34167
    -11470787.1303 4049975.33158
    -11470789.6906 4050395.05911
    -11470794.8113 4050584.07609
    -11470792.8076 4050858.39174
    -11470786.2397 4051789.15012
    -11470784.7926 4051871.08957
    -11470781.119 4051961.90985
    -11470763.1966 4052840.14579
    -11470763.0853 4053023.68645
    -11470760.5249 4053166.86098
    -11470768.9852 4053607.96831
    -11470770.8776 4053782.63971
    -11470775.3304 4053943.9911
    -11470776.4436 4054034.42425
    -11470777.2228 4054377.18855
    -11470786.7963 4054967.5964
    -11470787.0189 4055561.26517
    -11470787.0189 4055667.0548
    -11470758.7438 4056309.6201
    -11470757.2966 4056344.75092
    -11470787.2416 4056348.38515
    -11470787.4642 4057242.84477
    -11470787.1303 4057245.80622
    -11470787.0189 4057245.80622
    -11470786.9076 4057245.80622
    -11470773.438 4057433.18734
    -11470757.5193 4057623.12925
    -11470756.1834 4057936.65479
    -11470757.5193 4058615.02503
    -11470756.74 4059343.11666
    -11470754.8476 4059540.49571
    -11470756.0721 4059889.48535
    -11470755.5155 4060002.72079
    -11470754.625 4060085.52745
    -11470755.1816 4060249.12287
    -11470747.9458 4060817.75314
    -11470748.2798 4061154.79752
    -11470751.1741 4061390.72108
    -11470750.8401 4061668.39541
    -11470776.4436 4061821.24038
    -11470777.5568 4061827.30035
    -11470777.0002 4061947.15387
    -11470777.7794 4062266.05118
    -11470776.8889 4062422.94441
    -11470776.8889 4062433.17959
    -11470775.6644 4062958.55252
    -11470779.6719 4063252.5619
    -11470779.7832 4063350.88099
    -11470779.8945 4063424.95757
    -11470761.3041 4063809.35549
    -11470762.7513 4063809.49018
    -11470776.4436 4063810.5677
    -11470778.67 4063895.55724
    -11470766.5362 4064381.26245
    -11470759.523 4064639.4786
    -11470767.6494 4064992.39701
    -11470768.3173 4065023.10951
    -11470777.2228 4065357.71955
    -11470779.5605 4065461.57999
    -11470779.3379 4065596.9637
    -11470756.2948 4065758.34859
    -11470757.408 4065771.41575
    -11470759.9683 4065929.56997
    -11470764.755 4066222.71344
    -11470768.6512 4066468.71193
    -11470778.4473 4067131.15613
    -11470778.1134 4067207.95205
    -11470778.336 4067554.88746
    -11470780.8964 4067717.37815
    -11470781.5643 4067742.0349
    -11470782.7888 4067855.61833
    -11470787.9095 4068428.80762
    -11470787.9095 4068472.46498
    -11470788.6887 4068696.14419
    -11470788.5774 4068696.27894
    -11470797.0377 4069215.74382
    -11470799.8207 4069344.03038
    -11470798.4849 4069504.52539
    -11470801.4905 4069669.20022
    -11470801.3792 4069675.53391
    -11470803.049 4070693.82256
    -11470779.1153 4070874.418
    -11470753.1778 4070872.39639
    -11470675.5881 4070866.46635
    -11470649.762 4070864.57951
    -11470522.4125 4070863.23178
    -11470140.698 4070859.45811
    -11470013.4598 4070858.24515
    -11469627.1812 4070854.33672
    -11468468.234 4070842.61143
    -11468082.0666 4070838.83777
    -11468075.2762 4070838.703
    -11467691.8918 4070834.79457
    -11466521.7013 4070823.0693
    -11466132.9737 4070819.16088
    -11466131.6378 4070819.16088
    -11466123.1776 4070819.02611
    -11465936.8287 4070817.40883
    -11465352.5127 4070812.42222
    -11465157.8149 4070810.80495
    -11465137.7774 4070810.67018
    -11464962.7832 4070811.61359
    -11464377.6879 4070815.11768
    -11464184.4373 4070816.33064
    -11464182.7675 4070816.33064
    -11464173.0827 4070816.46542
    -11463983.3943 4070817.5436
    -11463385.2747 4070821.18248
    -11463186.0128 4070822.39543
    -11462996.1017 4070823.47362
    -11462426.5912 4070826.97772
    -11462238.1273 4070828.19068
    -11462236.7915 4070828.19068
    -11462218.2011 4070828.32546
    -11462038.4202 4070829.40364
    -11461443.3062 4070833.04252
    -11461244.9348 4070834.25548
    -11461053.354 4070835.33366
    -11460478.8341 4070838.83777
    -11460289.7023 4070840.05073
    -11460287.3646 4070840.05073
    -11460281.4646 4070840.05073
    -11460278.5703 4070840.18551
    -11460263.9875 4070840.32028
    -11460258.1989 4070840.45505
    -11460066.1727 4070841.53324
    -11459490.317 4070845.17212
    -11459298.4022 4070846.38508
    -11459107.6006 4070847.46327
    -11458535.4184 4070851.10215
    -11458344.7281 4070852.31512
    -11458304.9871 4070852.58466
    -11458145.1323 4070853.52808
    -11457546.4561 4070857.16696
    -11457346.9715 4070858.5147
    -11457157.2831 4070859.59289
    -11456588.3292 4070863.23178
    -11456398.7521 4070864.44474
    -11456374.0392 4070864.57951
    -11456203.1638 4070865.52293
    -11455616.7327 4070869.16182
    -11455421.367 4070870.50956
    -11455227.0032 4070871.58775
    -11454643.9117 4070875.22664
    -11454449.6592 4070876.4396
    -11454449.2139 4070876.4396
    -11454433.9631 4070876.57438
    -11454253.2916 4070877.65257
    -11453664.1888 4070881.29146
    -11453467.8212 4070882.6392
    -11453416.169 4070882.90875
    -11453338.802 4070883.44784
    -11453261.4349 4070883.71739
    -11453209.894 4070884.25649
    -11453205.1073 4070884.25649
    -11453190.8584 4070884.25649
    -11453186.2943 4070884.39126
    -11453185.2924 4070884.39126
    -11453182.732 4070884.39126
    -11453181.8415 4070884.39126
    -11453160.9134 4070884.52603
    -11453136.4231 4070884.79558
    -11453131.6364 4070884.79558
    -11453098.7971 4070884.79558
    -11453090.6708 4070885.06513
    -11453078.3144 4070885.1999
    -11453066.9598 4070885.1999
    -11453033.23 4070885.33468
    -11453021.9867 4070885.46945
    -11452919.5728 4070886.00855
    -11452612.5536 4070888.03016
    -11452510.251 4070888.70403
    -11452501.0115 4070888.8388
    -11452312.3249 4070889.78222
    -11452047.9411 4070891.66905
    -11451718.7694 4070888.2997
    -11451520.9547 4070886.41287
    -11451329.3738 4070886.27809
    -11450754.7426 4070886.14332
    -11450563.3844 4070886.14332
    -11450556.3713 4070886.14332
    -11450368.13 4070886.00855
    -11449782.3669 4070886.00855
    -11449587.2238 4070886.00855
    -11449390.5223 4070885.87377
    -11448800.7516 4070885.87377
    -11448604.1614 4070885.87377
    -11448407.0146 4070885.60422
    -11447816.1307 4070885.60422
    -11447619.3178 4070885.739
    -11447430.186 4070885.60422
    -11446863.1245 4070885.60422
    -11446674.3267 4070885.739
    -11446668.5381 4070885.60422
    -11446484.6383 4070885.46945
    -11445916.0183 4070885.46945
    -11445726.5525 4070885.46945
    -11445718.5375 4070885.46945
    -11445694.9378 4070885.46945
    -11445687.0341 4070885.46945
    -11445686.1436 4070885.46945
    -11445658.0911 4070885.46945
    -11445571.1505 4070885.46945
    -11445542.3188 4070885.46945
    -11445380.015 4070885.1999
    -11444893.4375 4070885.1999
    -11444731.245 4070885.33468
    -11444711.4301 4070885.33468
    -11444531.8718 4070885.1999
    -11443934.0861 4070885.1999
    -11443734.8242 4070885.1999
    -11443544.3566 4070885.06513
    -11442973.2876 4070884.93036
    -11442782.9312 4070884.93036
    -11442773.1351 4070884.93036
    -11442585.4505 4070884.79558
    -11441993.1195 4070884.79558
    -11441795.75 4070884.79558
    -11441603.8352 4070884.66081
    -11441028.2021 4070884.66081
    -11440836.3986 4070884.66081
    -11440817.8083 4070884.66081
    -11440636.2462 4070884.52603
    -11440036.4568 4070884.52603
    -11439836.527 4070884.52603
    -11439647.3951 4070884.39126
    -11439080.3337 4070884.39126
    -11438891.3132 4070884.39126
    -11438880.6265 4070884.39126
    -11438877.8435 4070884.39126
    -11438848.9004 4070884.39126
    -11438838.3251 4070884.39126
    -11438764.075 4070884.39126
    -11438652.7555 4070884.39126
    -11438541.436 4070884.39126
    -11438467.2972 4070884.39126
    -11438352.4155 4070884.39126
    -11438132.6708 4070884.39126
    -11438008.6609 4070890.05177
    -11437894.1132 4070895.44273
    -11437702.6436 4070895.44273
    -11437128.6804 4070896.1166
    -11436939.5485 4070896.38614
    -11436937.5448 4070896.38614
    -11436934.8731 4070896.38614
    -11436931.4222 4070896.38614
    -11436926.8581 4070896.38614
    -11436924.1864 4070896.38614
    -11436916.0601 4070896.38614
    -11436824.4442 4070896.52092
    -11436548.8171 4070896.65569
    -11435423.0431 4070897.73388
    -11435057.3586 4070898.13821
    -11435047.8964 4070897.73388
    -11435045.2248 4070897.73388
    -11435037.2098 4070897.73388
    -11435034.5381 4070897.73388
    -11435026.7457 4070898.13821
    -11435024.6307 4070898.27298
    -11435012.1629 4070898.27298
    -11435003.7026 4070898.27298
    -11434996.0215 4070898.27298
    -11434990.2329 4070898.27298
    -11434987.2273 4070898.27298
    -11434973.3124 4070898.27298
    -11434967.7464 4070898.27298
    -11434959.954 4070898.27298
    -11434948.2655 4070898.27298
    -11434936.5769 4070898.27298
    -11434928.7846 4070898.27298
    -11434745.7753 4070898.40776
    -11434471.4841 4070898.81208
    -11434196.9702 4070899.08163
    -11434014.1836 4070899.35117
    -11433821.0443 4070899.48595
    -11433241.9603 4070900.02504
    -11433051.938 4070900.29459
    -11433048.9323 4070900.29459
    -11433036.3532 4070900.29459
    -11432851.1176 4070900.42937
    -11432258.3413 4070901.10324
    -11432060.9719 4070901.37279
    -11431865.7175 4070901.50756
    -11431280.2883 4070902.18143
    -11431085.2565 4070902.45098
    -11430890.5587 4070902.58575
    -11430847.4781 4070902.72053
    -11430306.9106 4070903.25962
    -11430112.4355 4070903.52917
    -11429920.8546 4070903.66395
    -11429346.3347 4070904.20304
    -11429157.6482 4070904.60736
    -11429154.8652 4070904.60736
    -11429141.9522 4070904.60736
    -11429064.5851 4070904.60736
    -11428793.7448 4070904.87691
    -11428703.576 4070905.01169
    -11428552.0702 4070905.14646
    -11428097.7753 4070905.68556
    -11427946.3808 4070905.95511
    -11427706.9326 4070906.08988
    -11426989.2559 4070907.0333
    -11426752.5906 4070907.30285
    -11426750.0303 4070907.30285
    -11426741.6813 4070907.30285
    -11426555.7778 4070907.43762
    -11425973.1315 4070907.97672
    -11425779.1017 4070908.38104
    -11425583.402 4070908.51582
    -11425290.0751 4070908.92014
    -11424996.5256 4070909.18969
    -11424800.9373 4070909.45923
    -11424719.1175 4070909.45923
    -11424596.4434 4070909.72878
    -11424473.658 4070909.86356
    -11424391.8382 4070909.99833
    -11424216.8439 4070910.13311
    -11424126.6751 4070908.78536
    -11423331.2974 4070897.19479
    -11423066.2457 4070893.42111
    -11423066.9136 4070527.9199
    -11423068.9173 4069432.29562
    -11423069.6966 4069069.40188
    -11423069.6966 4069067.3806
    -11423069.6966 4069067.11109
    -11423070.0305 4068871.58725
    -11423070.9211 4068285.30546
    -11423071.4777 4068089.92986
    -11423071.4777 4067980.79048
    -11423072.1456 4067653.51337
    -11423072.4796 4067544.51293
    -11423072.5909 4067457.87921
    -11423073.0362 4067198.25148
    -11423073.2588 4067111.75514
    -11423073.3701 4067012.46031
    -11423073.9267 4066714.85049
    -11423074.1494 4066615.82859
    -11423075.0399 4066129.08453
    -11423077.8229 4064669.78605
    -11423078.8248 4064183.395
    -11423078.8248 4064182.31745
    -11423079.0474 4063989.70645
    -11423080.2719 4063409.06474
    -11423080.7172 4063215.52411
    -11423080.8285 4063116.53279
    -11423081.3851 4062820.10274
    -11423081.7191 4062721.38423
    -11423081.8304 4062622.93593
    -11423082.053 4062430.48612
    -11423089.8454 4062328.80822
    -11423097.6378 4062231.17135
    -11423097.4151 4062035.09214
    -11423097.5265 4061447.00951
    -11423097.6378 4061251.34784
    -11423097.5265 4061053.26572
    -11423097.1925 4060459.71338
    -11423097.3038 4060266.89635
    -11423097.3038 4060261.91438
    -11423097.3038 4060260.8372
    -11423097.3038 4060255.31666
    -11423097.3038 4060235.92743
    -11423097.3038 4060229.46437
    -11423097.4151 4059737.20498
    -11423097.7491 4058260.9589
    -11423097.9717 4057769.05419
    -11423097.8604 4057685.1875
    -11423097.8604 4057433.99502
    -11423097.9717 4057350.40004
    -11423097.9717 4057349.9962
    -11423097.8604 4057172.30845
    -11423097.6378 4056638.85806
    -11423097.6378 4056461.04683
    -11423097.5265 4056285.2574
    -11423097.1925 4055758.30924
    -11423097.3038 4055582.66528
    -11423097.1925 4055394.23801
    -11423096.8585 4054829.10956
    -11423096.8585 4054640.82938
    -11423096.7472 4054463.99151
    -11423096.5246 4053933.89816
    -11423096.5246 4053757.20588
    -11423096.4133 4053570.96201
    -11423096.1906 4053012.65239
    -11423096.1906 4052826.55529
    -11423096.0793 4052818.75085
    -11423096.0793 4052795.47212
    -11423096.0793 4052787.80227
    -11423095.968 4052763.58169
    -11423095.968 4052691.05484
    -11423095.968 4052666.96903
    -11423095.7453 4052190.24197
    -11423095.0774 4050760.58447
    -11423094.9661 4050284.07196
    -11423094.8548 4050250.03612
    -11423094.7435 4050134.61098
    -11423094.6321 4049686.64338
    -11423094.6321 4049537.32478
    -11423094.5208 4049264.52072
    -11423094.0755 4048446.28235
    -11423094.1869 4048173.63899
    -11423094.0755 4048077.73787
    -11423093.9642 4047790.30838
    -11423093.9642 4047694.54499
    -11423093.8529 4047675.58071
    -11423093.8529 4047645.72212
    -11423093.8529 4047624.20246
    -11423093.8529 4047618.95705
    -11423093.8529 4047601.06887
    -11423093.8529 4047600.12739
    -11423093.8529 4047558.29876
    -11423093.8529 4047432.6793
    -11423093.8529 4047390.98578
    -11423093.7416 4047041.30422
    -11423093.4076 4045993.13097
    -11423093.4076 4045661.78093
    -11423093.4076 4045644.29926
    -11423093.4076 4045643.76136
    -11423093.4076 4045610.00836
    -11423092.7397 4045563.21154
    -11423089.7341 4045321.56549
    -11423088.8435 4045241.28689
    -11423087.1737 4045113.40708
    -11423082.4983 4044730.44857
    -11423080.9398 4044602.84342
    -11423080.9398 4044401.28668
    -11423081.4964 4043796.9068
    -11423081.9417 4043595.63324
    -11423082.053 4043385.08635
    -11423082.721 4042753.73796
    -11423082.9436 4042545.89541
    -11423082.9436 4042543.87885
    -11423082.9436 4042543.3411
    -11423083.0549 4042341.01424
    -11423083.6115 4041734.05524
    -11423083.9455 4041532.28048
    -11423083.9455 4041531.8772
    -11423084.0568 4041329.29948
    -11423084.6134 4040721.72237
    -11423084.9473 4040519.29348
    -11423085.0587 4040313.2391
    -11423085.6153 4039695.23271
    -11423085.8379 4039489.86525
    -11423085.8379 4039489.32764
    -11423086.0605 4039285.30789
    -11423086.5058 4038673.67373
    -11423086.8398 4038469.80298
    -11423086.9511 4038263.78569
    -11423087.619 4037646.02493
    -11423087.8417 4037448.89145
    -11423087.8417 4037440.15692
    -11423087.8417 4037439.61941
    -11423088.1756 4037027.62583
    -11423089.4001 4035790.92835
    -11423089.9567 4035378.7257
    -11423090.068 4035246.6574
    -11423090.2907 4034850.32736
    -11423090.6246 4034718.39953
    -11423090.6246 4034686.15671
    -11423090.6246 4034678.6334
    -11423090.6246 4034560.1419
    -11423090.736 4034527.76518
    -11423090.736 4034520.645
    -11423090.8473 4034282.05443
    -11423091.5152 4033566.85003
    -11423091.8492 4033328.81674
    -11423091.8492 4033124.10135
    -11423092.4058 4032510.38019
    -11423092.9624 4032305.94813
    -11423093.0737 4032100.04227
    -11423093.519 4031483.28718
    -11423094.0755 4031277.93341
    -11423094.0755 4031074.86647
    -11423094.8548 4030465.95595
    -11423095.1887 4030263.17206
    -11423095.3001 4030057.03452
    -11423095.968 4029438.77853
    -11423096.3019 4029234.26726
    -11423096.4133 4029234.13298
    -11423096.3019 4029232.79017
    -11423095.0774 4029026.26842
    -11423093.9642 4028813.03662
    -11423093.6303 4028406.85987
    -11423093.6303 4028215.65968
    -11423093.7416 4028200.48734
    -11423095.1887 4027996.66959
    -11423099.9755 4027385.50673
    -11423101.534 4027182.24058
    -11423101.534 4027181.83781
    -11423101.6453 4027174.05093
    -11423101.7566 4026767.79828
    -11423102.4245 4025526.17253
    -11423102.7585 4025112.3273
    -11423102.7585 4025110.71651
    -11423102.7585 4025105.88416
    -11423103.4264 4024906.95395
    -11423105.6528 4024290.9903
    -11423106.432 4024085.90017
    -11423107.0999 4023881.08216
    -11423109.4376 4023266.65017
    -11423110.2169 4023062.6521
    -11423110.2169 4023061.98106
    -11423110.2169 4023055.13645
    -11423110.9961 4022650.775
    -11423114.1131 4021417.51405
    -11423115.3376 4021006.76975
    -11423115.3376 4021005.29372
    -11423115.3376 4020957.52436
    -11423115.3376 4020810.05784
    -11423115.3376 4020760.94749
    -11423115.3376 4020550.41942
    -11423115.3376 4019919.66352
    -11423115.5602 4019760.4035
    -11423115.5602 4019709.41929
    -11423115.5602 4019709.28512
    -11423115.5602 4019673.99882
    -11423115.5602 4019568.27473
    -11423115.6715 4019532.98886
    -11423115.6715 4019507.09474
    -11423115.6715 4019419.35033
    -11423115.6715 4019078.57565
    -11423115.7828 4019017.66661
    -11423115.7828 4018965.20996
    -11423115.7828 4018962.79508
    -11423115.7828 4018955.95293
    -11423115.7828 4018756.19071
    -11423115.7828 4018129.02174
    -11423115.8942 4017920.28608
    -11423115.7828 4017720.13952
    -11423115.7828 4017120.79399
    -11423115.8942 4017051.98126
    -11423115.6715 4016921.06384
    -11423115.5602 4016914.22291
    -11423115.0036 4016712.6185
    -11423113.5565 4016087.4394
    -11423113.2225 4015879.27751
    -11423112.7772 4015677.95959
    -11423111.8867 4015265.40976
    -11423112.2206 4015074.0271
    -11423112.6659 4014873.12569
    -11423112.6659 4014872.85747
    -11423112.6659 4014859.04395
    -11423113.4451 4014464.76221
    -11423115.1149 4013651.02913
    -11423114.447 4013240.5638
    -11423114.0017 4012832.52677
    -11423113.5565 4012626.97173
    -11423112.8885 4012042.23946
    -11423112.2206 4012010.32876
    -11423108.6584 4011804.92257
    -11423108.6584 4011803.31366
    -11423108.6584 4011801.83882
    -11423106.3207 4011582.09051
    -11423105.0962 4011450.6994
    -11423105.5415 4010914.2907
    -11423105.9867 4010691.87818
    -11423105.9867 4010485.69128
    -11423106.6547 4009867.15287
    -11423106.9886 4009724.65515
    -11423106.766 4009661.11488
    -11423106.2094 4009458.83395
    -11423104.8735 4008852.2807
    -11423104.4283 4008651.08637
    -11423104.4283 4008650.1481
    -11423103.7603 4008444.26604
    -11423102.4245 4007827.04417
    -11423102.2019 4007630.82686
    -11423102.0906 4007621.31094
    -11423101.7566 4007416.6536
    -11423101.0887 4006803.64164
    -11423100.866 4006600.74111
    -11423100.866 4006599.26694
    -11423100.866 4006597.25672
    -11423100.5321 4006347.99157
    -11423099.5302 4005595.13655
    -11423099.3076 4005344.1512
    -11423231.8891 4005344.4192
    -11423630.1902 4005345.8932
    -11423762.9944 4005346.4292
    -11423801.5109 4005346.2952
    -11423859.6197 4005346.2952
    -11423917.1719 4005345.6252
    -11423955.7997 4005345.2232
    -11424103.0754 4005339.32719
    -11424215.8421 4005335.03918
    -11424545.1251 4005332.89518
    -11424692.5121 4005332.09118
    -11424832.552 4005331.28718
    -11424983.7239 4005330.48318
    -11425252.7831 4005330.48318
    -11425392.9344 4005330.48318
    -11425517.3895 4005329.67917
    -11425890.7551 4005328.20517
    -11426013.6518 4005327.93717
    -11426015.3216 4005327.93717
    -11426021.6668 4005327.93717
    -11426095.6943 4005327.66917
    -11426305.7542 4005327.26717
    -11426337.035 4005327.13317
    -11426417.5189 4005327.13317
    -11426513.4763 4005326.99917
    -11426801.6825 4005326.99917
    -11426897.7512 4005326.99917
    -11426999.052 4005326.86517
    -11427303.2881 4005326.86517
    -11427404.7002 4005326.86517
    -11427474.6088 4005326.86517
    -11427553.757 4005326.86517
    -11427684.3348 4005326.59717
    -11427754.2434 4005326.46317
    -11427828.3822 4005326.19517
    -11428050.9098 4005325.92717
    -11428125.1599 4005325.92717
    -11428217.7778 4005325.65917
    -11428495.7425 4005325.25717
    -11428588.4717 4005325.25717
    -11428689.8837 4005325.12317
    -11428818.4577 4005324.98917
    -11429508.8612 4005324.31917
    -11429739.0699 4005324.18517
    -11429934.213 4005324.05117
    -11430178.5593 4005323.91717
    -11430519.9761 4005322.04117
    -11430715.2305 4005320.96917
    -11430804.0635 4005320.29917
    -11431071.4529 4005318.95917
    -11431160.5085 4005318.55717
    -11431365.7816 4005317.21717
    -11431481.3313 4005316.81517
    -11431981.935 4005315.34117
    -11432187.4308 4005315.07317
    -11432745.698 4005313.73317
    -11433206.8947 4005312.39317
    -11433223.5926 4005312.25917
    -11433391.1284 4005311.85717
    -11433944.3863 4005310.51717
    -11433970.8804 4005310.38317
    -11434128.8427 4005310.11517
    -11434160.4574 4005309.98117
    -11434255.1903 4005309.71317
    -11434287.0277 4005309.71317
    -11434450.4447 4005309.44517
    -11435246.3791 4005307.83717
    -11435256.0639 4005307.70317
    -11436057.6755 4005306.09517
    -11436265.1751 4005305.69317
    -11436469.5576 4005305.02317
    -11437083.1507 4005303.54917
    -11437204.2663 4005303.68317
    -11437287.7559 4005303.41518
    -11437301.5595 4005303.28118
    -11438132.2256 4005299.93118
    -11438324.4743 4005301.53918
    -11438524.8494 4005303.14718
    -11438890.8679 4005306.36317
    -11439126.5313 4005305.96117
    -11439326.2384 4005305.82717
    -11439327.129 4005305.82717
    -11439591.2901 4005305.42517
    -11440384.2189 4005304.62117
    -11440606.6352 4005304.35317
    -11440648.8253 4005304.35317
    -11440666.0798 4005304.21917
    -11441922.7655 4005302.74517
    -11442685.0814 4005305.55917
    -11442699.219 4005305.55917
    -11442775.3615 4005306.09517
    -11443250.4731 4005296.17918
    -11443333.9627 4005296.98318
    -11443355.4474 4005297.25118
    -11443412.109 4005298.72518
    -11443491.3685 4005299.39518
    -11443620.4991 4005301.67318
    -11443669.7023 4005301.80718
    -11443670.9268 4005301.80718
    -11443776.2351 4005303.54917
    -11443965.1442 4005303.14718
    -11444325.2628 4005302.47718
    -11444532.2057 4005308.37317
    -11444721.2262 4005314.00117
    -11444923.1598 4005311.45517
    -11445529.4057 4005304.75517
    -11445731.6732 4005302.61118
    -11445935.7219 4005302.20918
    -11446548.313 4005301.80718
    -11446674.6606 4005301.80718
    -11446752.3616 4005301.40518
    -11446753.4748 4005301.40518
    -11446763.4936 4005301.40518
    -11446958.0801 4005300.73518
    -11447574.9014 4005298.99318
    -11447780.7311 4005298.72518
    -11447837.1701 4005298.59118
    -11447982.2194 4005298.45718
    -11448586.6842 4005298.45718
    -11448788.2838 4005298.45718
    -11449421.803 4005298.45718
    -11449809.0835 4005297.65318
    -11450802.3874 4005295.77719
    -11450821.2004 4005295.77719
    -11451540.3243 4005299.93118
    -11451771.9801 4005301.40518
    -11452047.3845 4005302.61118
    -11452217.0355 4005303.68317
    -11452631.0326 4005288.2732
    -11452737.2314 4005285.86121
    -11452740.6823 4005285.59321
    -11452798.4572 4005284.38721
    -11452890.6297 4005284.25321
    -11453346.149 4005284.25321
    -11453351.1584 4005284.25321
    -11453504.8906 4005284.38721
    -11453738.2163 4005284.38721
    -11454244.4973 4005284.38721
    -11454438.1933 4005284.11921
    -11454670.7397 4005283.98521
    -11454671.5189 4005283.98521
    -11454737.1974 4005283.98521
    -11454865.1035 4005283.71722
    -11455445.9686 4005283.31522
    -11455639.7758 4005283.31522
    -11455832.1359 4005283.04722
    -11456266.3932 4005282.77922
    -11456409.4388 4005282.64522
    -11456602.0215 4005282.77922
    -11457341.7395 4005282.77922
    -11457580.6312 4005282.77922
    -11458297.974 4005282.77922
    -11458537.1995 4005282.77922
    -11458827.6321 4005282.64522
    -11460774.3873 4005277.95523
    -11461026.9713 4005279.42923
    -11461091.0913 4005279.83123
    -11461283.4514 4005281.03722
    -11461347.6827 4005281.57322
    -11461484.2717 4005283.18122
    -11461504.1979 4005283.44922
    -11461894.0388 4005284.52121
    -11462030.7391 4005284.92321
    -11462234.7877 4005285.45921
    -11462486.2585 4005286.12921
    -11462847.2676 4005284.78921
    -11463050.9823 4005284.38721
    -11463051.4275 4005284.38721
    -11463055.769 4005284.38721
    -11463455.1833 4005283.18122
    -11464535.205 4005280.09923
    -11464666.562 4005280.09923
    -11465070.4291 4005280.50122
    -11465248.8743 4005283.58322
    -11465784.2097 4005292.96319
    -11465962.7662 4005296.17918
    -11465992.2658 4005295.91119
    -11466080.9875 4005295.64319
    -11466110.8211 4005295.77719
    -11466114.3833 4005295.77719
    -11468144.5169 4005291.0872
    -11468147.0772 4005291.0872
    -11470501.9297 4005285.86121
    -11471178.0843 4005284.38721
    -11471177.0824 4005343.7492
    -11471161.0524 4006257.26577
    -11471157.8242 4006772.9517
    -11471148.696 4006831.24926
    -11471139.4565 4007190.15432
    -11471142.4621 4007214.68036
    -11471139.3451 4007571.58704
    -11471138.5659 4007644.89971
    -11471129.2151 4008718.64223
    -11471080.6798 4012049.34563
    -11471066.5422 4012612.62458
    -11471066.3196 4012621.07197
    -11471066.2082 4012626.16722
    -11470988.6185 4015588.501
    -11470991.6242 4015600.84008
    -11470985.3903 4016190.44875
    -11470994.6298 4016227.19971
    -11470921.7155 4020563.30057
    -11470919.8231 4020674.93778
    -11470910.1383 4021243.20422
    -11470904.6836 4021497.49081
    -11470904.795 4021500.97974
    -11470903.6818 4021557.74212
    -11470903.4591 4021561.36526
    -11470903.4591 4021597.46254
    -11470899.7856 4021717.1614
    -11470870.6199 4023239.13706
    -11470868.0595 4023378.71644
    -11470866.2784 4023439.91718
    -11470866.2784 4023441.12509
    -11470864.72 4023495.34707
    -11470861.937 4023641.10347
    -11470858.3747 4023868.59992
    -11470854.4786 4024048.05017
    -11470851.9182 4024206.69888
    -11470853.588 4024339.71317
    -11470848.6899 4024510.04351
    -11470837.892 4025282.26647
    -11470837.7806 4025337.03413
    -11470834.8863 4025358.51172
    -11470829.543 4025377.03617
    -11470824.8676 4025386.16418
    -11470821.0827 4025645.24139
    -11470818.5224 4025852.91011
    -11470807.6131 4026585.21752
    -11470776.8889 4028787.12144
    -11470762.9739 4029290.79956
    -11470762.0834 4029442.00133
    -11470763.7532 4029627.85066
    -11470763.8645 4029814.77731
    -11470765.8682 4029998.75266
    -11470765.8682 4030189.17699
    -11470767.538 4030212.67809
    -11470757.8532 4030303.99714
    -11470755.1816 4030822.51518
    -11470754.9589 4030850.71808
    -11470765.089 4031178.41404
    -11470765.3116 4031196.67934
    -11470765.3116 4031199.36541
    -11470766.7588 4031202.58871
    -11470771.8795 4031216.69062
    -11470770.655 4031225.82329
    -11470769.0965 4031239.65663
    -11470766.9814 4031269.47221
    -11470747.5005 4031546.81464
    -11470757.2966 4033181.59323
    -11470756.4061 4033199.99606
    -11470759.9683 4033278.04053
    -11470781.119 4033612.25423
    -11470771.4342 4033684.5252
    -11470781.2303 4033723.6162
    -11470781.3417 4033809.32132
    -11470778.7813 4034152.14827
    -11470780.1171 4034380.9292
    -11470774.5512 4034485.98458
    -11470779.6719 4034650.55537
    -11470774.1059 4034780.46722
    -11470773.7719 4034933.21965
    -11470770.2097 4035185.52763
    -11470774.2172 4035346.88407
    -11470772.9927 4035427.0929
    -11470777.1115 4035515.901
    -11470776.8889 4035546.53391
    -11470776.5549 4035638.56749
    -11470776.5549 4035669.33508
    -11470776.5549 4035670.40993
    -11470776.5549 4035673.76884
    -11470776.5549 4035674.97805
    -11470776.4436 4035678.47132
    -11470776.4436 4035683.84559
    -11470776.4436 4035689.21986
    -11470776.4436 4035692.84749
    -11470775.3304 4035968.81963
    -11470772.4361 4036796.77619
    -11470771.4342 4037072.90946
    -11470770.655 4037275.00831
    -11470760.8589 4038827.15036
    -11470760.8589 4038827.28475
    -11470758.1872 4039287.99587
    -11470751.7307 4039466.07619
    -11470757.6306 4040617.28152
    -11470760.5249 4041270.82549
    -11470760.5249 4041275.93355
    -11470753.5118 4042510.40392
    -11470751.1741 4042879.03686
    -11470747.8345 4043261.39524
    -11470751.1741 4043311.14041
    -11470770.2097 4043589.44853
    -11470769.8757 4043593.61649
    -11470747.7232 4043960.26771
    -11470747.6118 4043962.9568
END
END
