48077 Clay County
1
    -10956408.8177 3982734.18934
    -10956408.8177 3982865.6533
    -10956408.8177 3982896.14567
    -10956408.8177 3983013.70251
    -10956409.4856 3983709.17145
    -10956409.8196 3984736.26871
    -10956409.8196 3984768.9062
    -10956409.8196 3984809.03438
    -10956409.9309 3984984.93125
    -10956410.0422 3985160.69705
    -10956410.1535 3985394.92185
    -10956410.1535 3985395.85822
    -10956410.3762 3985859.77389
    -10956410.4875 3986070.33464
    -10956410.7101 3986535.34775
    -10956410.9328 3986645.44999
    -10956411.0441 3986874.21985
    -10956416.3874 3987053.49298
    -10956418.9478 3987134.96953
    -10956418.9478 3987223.67125
    -10956419.1704 3987387.1625
    -10956419.2817 3987435.99626
    -10956419.3931 3987484.69644
    -10956419.6157 3987577.14707
    -10956421.2855 3988910.33835
    -10956421.6194 3989117.20826
    -10956423.6232 3990543.05268
    -10956424.5137 3991129.76778
    -10956425.0703 3991544.39427
    -10956425.7383 3992001.73208
    -10956427.1854 3992936.54061
    -10956430.0797 3994624.18046
    -10956430.0797 3994624.98371
    -10956429.5231 3994671.97399
    -10956429.5231 3994673.44662
    -10956429.5231 3994682.28242
    -10956462.919 3995295.85168
    -10956465.2567 3995503.63993
    -10956467.1491 3995678.62947
    -10956485.1829 3997365.33342
    -10956485.7395 3997408.7194
    -10956486.1847 3997456.39061
    -10956486.7413 3998407.98156
    -10956486.7413 3998739.97226
    -10956486.7413 3998865.72679
    -10956485.7395 3999075.05289
    -10956486.4074 3999082.55281
    -10956487.4093 3999093.93662
    -10956487.1866 3999108.40078
    -10956486.63 3999119.51676
    -10956486.63 3999132.64167
    -10956486.5187 3999227.73076
    -10956486.63 3999239.91829
    -10956486.7413 3999251.03441
    -10956486.7413 3999256.65943
    -10956486.4074 3999315.72235
    -10956486.7413 3999327.64212
    -10956486.7413 3999339.5619
    -10956485.0715 3999381.8839
    -10956485.1829 3999398.75918
    -10956486.8527 3999603.2734
    -10956485.9621 3999628.31895
    -10956479.9509 3999883.46515
    -10956486.7413 3999913.06516
    -10956485.6281 4000003.8747
    -10956479.9509 4000482.17696
    -10956479.9509 4000695.81883
    -10956479.9509 4000896.06984
    -10956477.9471 4001252.11003
    -10956477.9471 4001258.80766
    -10956477.9471 4001280.64195
    -10956478.0584 4001302.47628
    -10956477.6131 4001424.91005
    -10956476.6113 4001520.1521
    -10956476.6113 4001525.64428
    -10956475.7207 4001671.65691
    -10956475.6094 4001696.97488
    -10956475.1641 4001804.14153
    -10956473.6056 4002081.57386
    -10956473.4943 4002093.22857
    -10956472.3811 4002273.00741
    -10956471.6019 4002458.14773
    -10956470.2661 4002746.84935
    -10956464.5888 4004712.6251
    -10956464.5888 4006130.62607
    -10956462.8077 4006702.72699
    -10956462.4737 4006808.33225
    -10956398.5763 4006809.53841
    -10956396.9065 4007169.1129
    -10956397.3518 4007849.02501
    -10956397.6857 4008274.44294
    -10956396.9065 4008575.62266
    -10956397.2405 4008604.843
    -10956384.884 4009956.03052
    -10956383.4369 4010135.12845
    -10956398.6876 4010651.9275
    -10956397.6857 4010667.21063
    -10956397.7971 4011324.80667
    -10956397.9084 4012338.4232
    -10956397.9084 4012365.91008
    -10956398.131 4012969.43143
    -10956399.3555 4013007.37884
    -10956398.9103 4013218.5726
    -10956398.9103 4013230.37275
    -10956398.9103 4013239.49106
    -10956398.7989 4013281.73035
    -10956398.6876 4013389.67593
    -10956398.5763 4013451.35958
    -10956398.465 4013494.80652
    -10956398.465 4013531.81701
    -10956398.465 4013543.21519
    -10956398.6876 4015716.5866
    -10956398.7989 4016912.07673
    -10956400.1348 4017355.2701
    -10956398.6876 4018208.43888
    -10956401.9159 4019361.25692
    -10956402.1385 4019437.46265
    -10956402.8064 4019647.03103
    -10956403.363 4019837.0144
    -10956404.6989 4020334.93072
    -10956406.9253 4021101.50397
    -10956407.0366 4021134.51353
    -10956407.2592 4021227.23602
    -10956407.5932 4021264.00318
    -10956407.4819 4021289.23035
    -10956407.3705 4021297.81833
    -10956407.2592 4021321.43532
    -10956407.2592 4021333.51221
    -10956407.2592 4021339.41647
    -10956407.1479 4021356.32415
    -10956407.0366 4021376.58656
    -10956407.0366 4021380.47802
    -10956406.9253 4021402.88748
    -10956406.8139 4021430.53036
    -10956401.9159 4022407.46717
    -10956396.5726 4023471.72558
    -10956396.016 4023522.18973
    -10956396.3499 4023536.55058
    -10956396.2386 4023671.7045
    -10956395.1254 4024817.42307
    -10956399.5782 4025324.28184
    -10956404.6989 4025899.62603
    -10956412.3799 4026754.50737
    -10956412.4912 4026776.92739
    -10956419.5044 4027561.11872
    -10956425.0703 4028093.61012
    -10956429.0778 4028472.65281
    -10956435.8683 4029114.48954
    -10956459.0228 4031305.86882
    -10956467.0378 4032068.2098
    -10956464.9227 4033665.31559
    -10956461.5831 4034060.26104
    -10956457.4643 4036108.28619
    -10956457.4643 4037049.52857
    -10956457.5756 4038349.79375
    -10956457.5756 4038432.17397
    -10956457.5756 4039931.24859
    -10956325.662 4039898.991
    -10956211.7822 4039858.40034
    -10956109.7022 4039860.14762
    -10955931.2571 4039905.98014
    -10955820.8281 4039956.24828
    -10955803.5736 4039970.22662
    -10955739.3423 4040002.48441
    -10955628.9133 4040105.97876
    -10955540.5257 4040162.43061
    -10955443.789 4040231.11409
    -10955377.5539 4040322.37907
    -10955326.5696 4040394.02057
    -10955229.7217 4040533.54135
    -10955178.7373 4040563.24686
    -10955149.9056 4040600.21084
    -10955127.753 4040632.06717
    -10955112.3909 4040650.48205
    -10955090.3496 4040675.08007
    -10955068.1971 4040703.97945
    -10955046.1558 4040749.14329
    -10955046.1558 4040785.03254
    -10955046.1558 4040814.73871
    -10955037.5842 4040865.14528
    -10955030.7937 4040889.74377
    -10955030.7937 4040919.45021
    -10955015.4316 4040965.69025
    -10955008.6411 4041001.7146
    -10954986.5999 4041036.52929
    -10954971.3491 4041074.43575
    -10954957.6568 4041124.70905
    -10954949.0852 4041162.75022
    -10954935.5042 4041201.73248
    -10954927.044 4041215.17467
    -10954920.2535 4041230.49878
    -10954927.044 4041266.38955
    -10954927.044 4041303.49023
    -10954920.2535 4041342.47297
    -10954920.1421 4041379.30506
    -10954911.6819 4041406.99641
    -10954906.1159 4041440.33367
    -10954914.7988 4041473.5366
    -10954922.3685 4041491.01186
    -10954978.3622 4041621.53949
    -10955031.0164 4041754.89161
    -10955075.2102 4041901.55387
    -10955084.7837 4041934.22042
    -10955119.2927 4042051.30995
    -10955134.6548 4042177.54214
    -10955104.0419 4042281.05627
    -10954942.6287 4042405.14003
    -10954786.4474 4042429.74185
    -10954698.0598 4042421.54124
    -10954587.6308 4042390.75539
    -10954455.1606 4042307.67434
    -10954404.1763 4042256.45477
    -10954351.5222 4042220.56088
    -10954263.2458 4042140.57303
    -10954203.8012 4042111.80443
    -10954130.7756 4042079.00294
    -10954078.1215 4042056.41836
    -10953967.6926 4042071.87804
    -10953894.667 4042108.71248
    -10953813.0698 4042233.86984
    -10953768.9873 4042398.01493
    -10953724.7935 4042582.59696
    -10953694.1806 4042693.3745
    -10953672.1393 4042754.94792
    -10953658.5584 4042851.34192
    -10953658.5584 4043007.29488
    -10953649.9868 4043146.71326
    -10953665.3488 4043255.47961
    -10953649.9868 4043427.84077
    -10953656.7772 4043589.85188
    -10953648.317 4043761.14249
    -10953678.9298 4044005.31002
    -10953687.3901 4044352.07457
    -10953678.9298 4044610.50776
    -10953672.1393 4044813.68179
    -10953641.5265 4045025.06192
    -10953633.0662 4045114.21388
    -10953892.8859 4045165.58079
    -10953945.54 4045227.1676
    -10953915.0385 4045374.81593
    -10953877.6351 4045439.49673
    -10953855.5939 4045513.32203
    -10953826.6508 4045566.70785
    -10953766.093 4045611.3531
    -10953673.5865 4045915.67165
    -10953664.347 4046063.59789
    -10953633.6228 4046109.72437
    -10953572.2858 4046162.17162
    -10953452.6173 4046242.18776
    -10953415.8819 4046279.1702
    -10953388.2746 4046337.66994
    -10953283.9683 4046448.48407
    -10953173.5393 4046528.50223
    -10953032.3862 4046596.28276
    -10952842.2525 4046660.83601
    -10952658.2414 4046703.87172
    -10952578.4253 4046703.87172
    -10952474.2303 4046679.12617
    -10952348.4393 4046623.71785
    -10952253.4837 4046561.98899
    -10952198.2693 4046506.58123
    -10952121.6815 4046364.83544
    -10952032.8485 4046259.93932
    -10951940.8986 4046210.58468
    -10951867.3164 4046213.67774
    -10951799.8568 4046250.66009
    -10951707.7956 4046343.04924
    -10951646.4586 4046371.4251
    -10951621.857 4046382.99064
    -10951585.0102 4046429.11842
    -10951588.1271 4046518.55036
    -10951603.3779 4046577.05134
    -10951618.6287 4046737.22451
    -10951658.3697 4046848.17702
    -10951728.9463 4046912.8662
    -10951780.8212 4046939.49512
    -10951854.626 4046977.55575
    -10951958.8211 4047073.1786
    -10952026.2807 4047119.44367
    -10952164.2055 4047165.70893
    -10952256.1554 4047248.95997
    -10952305.2473 4047310.55807
    -10952375.7125 4047464.55477
    -10952403.2085 4047671.00777
    -10952400.0915 4047738.79511
    -10952338.6432 4047840.47688
    -10952209.8465 4047997.5743
    -10952151.4038 4048133.15328
    -10952108.4344 4048314.86931
    -10952117.5626 4048422.74357
    -10952099.1949 4048465.78595
    -10951970.1756 4048666.06967
    -10951795.2927 4048853.84728
    -10951749.3178 4048887.74442
    -10951690.9864 4048906.17268
    -10951528.4599 4048924.60096
    -10951405.7858 4048955.40451
    -10951267.6383 4049035.44032
    -10951091.4196 4049040.01381
    -10950994.9056 4049063.15033
    -10950648.4793 4049189.72943
    -10950618.4231 4049203.85365
    -10950602.5044 4049211.38657
    -10950553.4125 4049248.37867
    -10950507.4375 4049313.08152
    -10950406.3594 4049510.42073
    -10950299.4927 4049690.14096
    -10950292.9249 4049701.44083
    -10950265.3176 4049744.62258
    -10950219.3427 4049793.99257
    -10950139.6379 4049855.60446
    -10950067.8369 4049881.43313
    -10950010.8413 4049901.88086
    -10949832.9527 4049917.48574
    -10949255.0933 4049804.08183
    -10949111.9364 4049775.96644
    -10948829.7415 4049699.01943
    -10948608.8836 4049655.97237
    -10948406.5048 4049637.67743
    -10948148.8002 4049566.78478
    -10948066.9803 4049566.78478
    -10947915.6971 4049566.9193
    -10947510.8282 4049514.72538
    -10947449.4911 4049489.9737
    -10947369.675 4049409.93469
    -10947320.5831 4049385.31776
    -10947146.7021 4049346.03841
    -10947108.7422 4049337.42925
    -10947075.1237 4049329.89624
    -10946756.1933 4049289.94449
    -10946661.0152 4049268.42172
    -10946446.3912 4049188.24975
    -10946210.1712 4049148.29849
    -10945869.7562 4049182.19652
    -10945538.4694 4049099.06583
    -10945382.0655 4049028.17654
    -10945219.5391 4048923.52486
    -10944928.1047 4048600.02542
    -10944793.1854 4048479.77476
    -10944559.9711 4048331.95158
    -10944480.2663 4048270.34795
    -10944329.985 4048113.11224
    -10944222.5617 4048042.36361
    -10944047.7901 4047962.20029
    -10943925.116 4047875.98501
    -10943799.4363 4047761.92897
    -10943796.3194 4047737.31562
    -10943780.9573 4047731.12866
    -10943719.7316 4047638.72822
    -10943667.5227 4047583.18072
    -10943446.7762 4047453.79511
    -10943405.0314 4047421.91967
    -10943256.6425 4047308.94414
    -10943020.5339 4047111.91213
    -10942839.6397 4047007.1436
    -10942729.2108 4046887.04428
    -10942621.8988 4046850.05986
    -10942355.1773 4046834.59369
    -10942186.5282 4046739.10733
    -10942027.0074 4046677.37785
    -10941686.5924 4046597.22415
    -10941208.2526 4046507.79159
    -10940809.7288 4046455.34275
    -10940680.9321 4046402.89415
    -10940515.2887 4046372.09752
    -10940311.5741 4046386.89065
    -10940303.7817 4046387.42858
    -10940132.0157 4046411.90453
    -10939920.3974 4046476.59123
    -10939699.6508 4046568.84773
    -10939540.13 4046578.12722
    -10939293.2233 4046501.33634
    -10939251.9238 4046488.56032
    -10939181.3473 4046494.7466
    -10939106.3179 4046520.43315
    -10939064.7958 4046534.68853
    -10938945.2386 4046547.06114
    -10938779.5952 4046528.50223
    -10938666.3833 4046507.79159
    -10938644.7873 4046503.75706
    -10938442.4085 4046482.10508
    -10938391.8694 4046462.87385
    -10938353.4642 4046448.21511
    -10938025.517 4046247.7015
    -10938016.2775 4046226.18449
    -10937948.9292 4046215.426
    -10937859.8736 4046201.43997
    -10937504.2078 4046235.19473
    -10937357.0434 4046275.13575
    -10937175.9266 4046304.31833
    -10936912.2108 4046367.65958
    -10936697.4755 4046472.5567
    -10936186.9643 4046670.11558
    -10936139.5422 4046688.54023
    -10936032.2302 4046777.97421
    -10935931.1521 4046882.74063
    -10935802.3554 4046910.57988
    -10935523.2775 4046916.76639
    -10935188.985 4046895.3826
    -10935121.5254 4046870.77112
    -10935029.5755 4046812.26864
    -10934649.1968 4046436.6495
    -10934419.0994 4046174.81279
    -10934403.7374 4046128.68604
    -10934388.3753 4045900.74466
    -10934317.3534 4045768.68867
    -10934305.5536 4045746.63467
    -10934231.8601 4045657.2088
    -10934201.1359 4045611.3531
    -10934056.8658 4045516.14596
    -10933928.0692 4045454.55759
    -10933744.0581 4045392.96955
    -10933571.2902 4045271.40811
    -10933477.2252 4045205.11464
    -10933406.6487 4045171.36295
    -10933268.0559 4045147.1586
    -10932811.8686 4045103.72538
    -10932600.2503 4045060.56126
    -10932465.4424 4044998.97536
    -10932241.5789 4044774.14929
    -10932149.5177 4044703.42144
    -10931987.1025 4044614.00378
    -10931766.356 4044530.90649
    -10931582.3449 4044493.92973
    -10930622.7709 4044355.43605
    -10930150.5536 4044300.03905
    -10929822.495 4044287.66888
    -10929660.0799 4044253.78545
    -10928783.3276 4044198.25448
    -10928326.4724 4044142.72379
    -10928170.7364 4044142.72379
    -10928157.1554 4044142.72379
    -10928143.4632 4044142.72379
    -10928136.45 4044142.72379
    -10928118.6389 4044148.63988
    -10928101.0504 4044154.1526
    -10928099.7146 4044154.95934
    -10927927.9486 4044327.4686
    -10927814.5141 4044422.9347
    -10927685.7174 4044512.2164
    -10927492.4668 4044613.73485
    -10927219.5114 4044789.20927
    -10927130.5671 4044813.81625
    -10926833.1214 4044989.29376
    -10926612.3749 4045167.86676
    -10926492.7064 4045294.13355
    -10926239.7885 4045611.3531
    -10925910.1715 4046125.45852
    -10925851.8401 4046180.9989
    -10925723.0435 4046362.68372
    -10925722.3755 4046369.54234
    -10925713.8039 4046473.49809
    -10925704.5644 4046531.99884
    -10925557.2887 4046800.03022
    -10925483.5952 4046880.05085
    -10925317.9518 4046997.05682
    -10925201.4003 4047126.43724
    -10925072.4924 4047326.56287
    -10925047.6681 4047382.91608
    -10925005.0327 4047480.55979
    -10924958.9465 4047634.69329
    -10924903.6207 4047751.70703
    -10924791.522 4047867.64597
    -10924707.3644 4047954.9372
    -10924642.9104 4048050.43377
    -10924593.5959 4048152.11833
    -10924559.8661 4048259.85653
    -10924535.2645 4048287.56465
    -10924495.4121 4048305.99193
    -10924397.2283 4048318.36647
    -10924354.3703 4048355.08665
    -10924335.8913 4048392.07597
    -10924311.2897 4048515.28489
    -10924249.9526 4048626.25476
    -10924074.9584 4048838.78191
    -10923872.4682 4049032.75003
    -10923835.6215 4049044.99085
    -10923676.212 4049060.32552
    -10923581.0338 4049103.37031
    -10923501.3291 4049177.35394
    -10923396.9114 4049331.37594
    -10923335.5743 4049386.79747
    -10923260.4337 4049423.79014
    -10923185.4044 4049464.01141
    -10923044.3626 4049571.89657
    -10922943.1731 4049590.46045
    -10922788.6617 4049551.71847
    -10922771.4072 4049547.41381
    -10922691.7024 4049550.50778
    -10922582.0527 4049584.67605
    -10922562.9058 4049590.7295
    -10922476.9671 4049600.01145
    -10922353.5138 4049599.0698
    -10922056.8474 4049597.05198
    -10921909.7943 4049583.86893
    -10921851.3516 4049578.75713
    -10921495.3518 4049514.1873
    -10921418.6527 4049477.19433
    -10921228.519 4049301.64751
    -10921179.3158 4049203.04655
    -10921063.4322 4049041.22444
    -10921022.8006 4048984.45946
    -10920962.7994 4048918.54787
    -10920795.8202 4048734.93903
    -10920657.6727 4048534.7886
    -10920596.3356 4048390.05837
    -10920504.2744 4048085.00104
    -10920504.1631 4047903.28869
    -10920550.138 4047727.63169
    -10920562.3832 4047718.35126
    -10920626.7259 4047539.7382
    -10920672.5895 4047324.00748
    -10920746.1717 4047148.35943
    -10920795.1522 4046969.75532
    -10920810.403 4046828.00376
    -10920798.1579 4046760.22185
    -10920764.3167 4046621.56607
    -10920702.9797 4046529.17465
    -10920598.6733 4046483.04647
    -10920497.4839 4046455.34275
    -10920417.7792 4046452.24962
    -10919822.9991 4046591.17231
    -10919733.9435 4046595.74481
    -10919701.3269 4046597.62761
    -10919696.8741 4046597.08967
    -10919593.0131 4046560.37517
    -10919553.1607 4046532.67126
    -10919439.6148 4046418.76319
    -10919353.7875 4046295.57699
    -10919316.9407 4046178.44376
    -10919301.5786 4046030.65051
    -10919329.0746 4045879.63173
    -10919372.0439 4045762.63727
    -10919399.4285 4045611.3531
    -10919390.0776 4045260.51605
    -10919402.3228 4045192.74349
    -10919485.0332 4044970.87186
    -10919537.0194 4044755.32435
    -10919598.3564 4044511.94748
    -10919898.5851 4043741.91587
    -10920027.1591 4043483.09907
    -10920098.8488 4043363.7092
    -10920125.2315 4043319.87945
    -10920327.3877 4042922.73046
    -10920367.2401 4042814.90839
    -10920383.4928 4042786.27252
    -10920465.3126 4042642.42207
    -10920728.6945 4042241.93588
    -10920921.7225 4041995.52087
    -10921062.653 4041844.69009
    -10921123.99 4041755.2949
    -10921326.2575 4041561.18204
    -10921408.9679 4041453.37286
    -10921467.188 4041401.08175
    -10921546.7814 4041287.09064
    -10921657.0991 4041203.88323
    -10921766.7488 4041093.52345
    -10921820.5161 4041039.35211
    -10921850.1271 4041009.77977
    -10922064.5284 4040714.19507
    -10922499.4536 4040304.36795
    -10922603.5374 4040150.46817
    -10922615.7825 4040042.67236
    -10922664.7631 4039974.93088
    -10922713.7437 4039820.90115
    -10922784.0976 4039719.29105
    -10922784.0976 4039593.08613
    -10922753.3734 4039531.52981
    -10922750.9244 4039520.50885
    -10922742.0188 4039480.05394
    -10922735.0057 4039448.33524
    -10922722.3153 4038795.70226
    -10922691.5911 4038491.03654
    -10922581.0508 4038146.33196
    -10922449.1372 4037810.77577
    -10922317.2236 4037564.59106
    -10922188.427 4037364.63708
    -10922163.9367 4037306.31783
    -10922065.8642 4037167.77722
    -10922004.5272 4037109.32461
    -10921912.5773 4037038.64438
    -10921832.8725 4037004.78252
    -10921652.0897 4036844.7463
    -10921336.3876 4036487.86423
    -10921143.2483 4036220.21001
    -10920956.2315 4036011.00876
    -10920652.7746 4035647.97242
    -10920573.0699 4035564.94056
    -10920511.8441 4035515.63229
    -10920398.4096 4035460.2783
    -10920300.4484 4035395.6542
    -10919914.3924 4035198.82837
    -10919721.3644 4035140.52021
    -10919356.7931 4034937.38444
    -10919340.7631 4034926.36792
    -10919047.4362 4034725.1168
    -10918915.634 4034611.32685
    -10918845.1687 4034568.33685
    -10918643.0125 4034405.245
    -10918609.2827 4034359.03159
    -10918597.0376 4034272.91931
    -10918581.6755 4034232.88605
    -10918520.4498 4034158.99954
    -10918489.8369 4034097.47259
    -10918489.8369 4033995.91355
    -10918511.2103 4033931.29775
    -10918581.6755 4033789.84283
    -10918639.7843 4033725.09387
    -10918844.9461 4033568.19334
    -10919120.5731 4033389.66789
    -10919221.6512 4033346.54817
    -10919527.8912 4033321.83164
    -10919592.2338 4033358.77213
    -10919687.1894 4033441.7879
    -10919776.0223 4033543.342
    -10919880.2174 4033709.51118
    -10919953.7995 4033810.93334
    -10920057.9946 4033912.49073
    -10920168.2009 4033983.2859
    -10920287.6467 4034020.09419
    -10920630.7334 4034047.63332
    -10920722.6833 4034035.40862
    -10920835.8952 4033976.83775
    -10921001.4273 4033844.51703
    -10921028.9232 4033804.48528
    -10921056.5304 4033739.87057
    -10921129.89 4033487.46027
    -10921139.0182 4033388.99625
    -10921139.0182 4033327.47345
    -10921080.7981 4033253.59281
    -10920985.7312 4033078.29611
    -10920912.149 4032884.46543
    -10920844.6894 4032724.48708
    -10920786.4693 4032644.5659
    -10920654.667 4032543.01981
    -10920575.0736 4032460.01058
    -10920568.951 4032441.47462
    -10920360.561 4032217.03073
    -10920299.3352 4032124.75615
    -10920268.6111 4032014.08138
    -10920035.842 4031823.35794
    -10919946.1185 4031727.86312
    -10919934.7639 4031715.77522
    -10919904.5963 4031699.38943
    -10919469.2258 4031463.67836
    -10919349.78 4031426.74401
    -10919279.3147 4031389.80979
    -10919230.3342 4031306.80896
    -10919205.8439 4031282.23116
    -10919159.8689 4031189.96415
    -10919071.036 4031069.89729
    -10919006.6933 4031014.56488
    -10918832.1443 4030943.92245
    -10918786.2807 4030891.54526
    -10918764.7961 4030842.3915
    -10918663.718 4030731.59488
    -10918614.7374 4030624.02245
    -10918584.0132 4030399.34575
    -10918513.548 4030251.75718
    -10918482.9351 4030122.5684
    -10918492.1746 4030110.21362
    -10918580.8963 4030094.90446
    -10918617.6317 4030076.37235
    -10918654.3671 4030033.26516
    -10918681.9744 4029947.18555
    -10918727.838 4029925.69932
    -10919006.4707 4029922.47639
    -10919049.3287 4029910.25612
    -10919122.7995 4029867.14956
    -10919168.7745 4029824.04315
    -10919196.2704 4029765.6282
    -10919180.9083 4029636.44492
    -10919128.8108 4029538.01415
    -10918975.7465 4029371.90576
    -10918801.1975 4029255.08078
    -10918801.1975 4029239.63849
    -10918709.3589 4029190.49185
    -10918531.693 4029125.90329
    -10918087.7509 4029009.08082
    -10917876.5778 4028972.28871
    -10917784.7393 4028972.28871
    -10917466.1429 4028938.45081
    -10917429.4074 4028926.09732
    -10917325.3237 4028865.67281
    -10917261.0924 4028814.91648
    -10916954.6298 4028744.95904
    -10916731.2116 4028671.10809
    -10916412.8379 4028594.30361
    -10916201.5535 4028529.58414
    -10915987.2634 4028418.94425
    -10915939.6187 4028385.51081
    -10915916.9095 4028369.66688
    -10915546.8835 4028268.69593
    -10915454.5997 4028243.5876
    -10915368.8837 4028225.59557
    -10914778.1111 4028101.93469
    -10914686.2725 4028074.27566
    -10914666.569 4028060.04336
    -10914560.8155 4028045.81109
    -10914545.4534 4028065.01124
    -10914285.1884 4028034.26416
    -10913887.2212 4027923.36054
    -10913525.9895 4027926.44864
    -10913011.6934 4027981.6318
    -10912834.4728 4027961.49193
    -10912583.2247 4027946.99125
    -10912498.0653 4027942.15769
    -10912390.5307 4027910.0683
    -10912214.9799 4027986.33111
    -10912102.6585 4028008.61928
    -10911995.2352 4027976.5297
    -10911820.4636 4027944.30594
    -10911627.4356 4027952.6304
    -10911479.158 4027970.08494
    -10911344.3501 4028005.79969
    -10911240.9343 4028037.08376
    -10911191.6198 4028036.94949
    -10911178.1501 4028027.81937
    -10911128.8356 4028009.55914
    -10911070.7268 4028014.66126
    -10911061.5986 4028005.39689
    -10910991.1334 4028014.66126
    -10910911.5399 4028048.36215
    -10910645.1524 4028103.68017
    -10910280.8037 4028164.90624
    -10910197.648 4028188.13464
    -10909940.9453 4028260.1027
    -10909502.1239 4028342.67855
    -10909345.0521 4028373.82927
    -10909279.2622 4028408.20258
    -10909268.2416 4028413.97623
    -10909228.5006 4028405.51716
    -10909191.8764 4028402.42893
    -10909159.7051 4028421.09259
    -10909102.7095 4028435.45961
    -10909045.8253 4028450.90081
    -10908979.1449 4028454.52614
    -10908927.604 4028475.33824
    -10908814.8373 4028520.31935
    -10908560.361 4028596.3177
    -10908329.2617 4028641.83639
    -10908292.7489 4028650.69846
    -10908192.784 4028681.58147
    -10908008.105 4028750.19576
    -10907906.1363 4028778.25927
    -10907839.4559 4028814.91648
    -10907681.0483 4028930.79701
    -10907650.2128 4028931.33412
    -10907475.6639 4029011.36355
    -10907396.0704 4029063.7321
    -10907273.9529 4029174.6468
    -10907151.2789 4029285.29402
    -10907114.5434 4029343.70652
    -10907028.9387 4029436.09287
    -10906888.1196 4029525.39144
    -10906790.1584 4029549.96545
    -10906731.9383 4029614.55642
    -10906578.9854 4029682.37061
    -10906435.0493 4029703.85638
    -10906370.7066 4029688.54777
    -10906260.5003 4029627.04494
    -10906156.4166 4029531.70279
    -10906015.4861 4029258.03496
    -10905981.7563 4029214.93086
    -10905899.0459 4029088.84224
    -10905880.6782 4029082.79968
    -10905843.9428 4029039.69625
    -10905776.5945 4028993.63886
    -10905727.6139 4028929.05141
    -10905715.3687 4028879.36901
    -10905733.7365 4028877.75769
    -10905773.4775 4028907.43283
    -10905785.7227 4028898.302
    -10905785.7227 4028873.19229
    -10905733.4025 4028814.91648
    -10905687.4276 4028725.89202
    -10905471.8017 4028422.83812
    -10905396.5497 4028317.03298
    -10905396.5497 4028304.68016
    -10905322.9675 4028187.8661
    -10905194.3935 4028027.95363
    -10905071.9421 4027895.70194
    -10904670.858 4027572.93369
    -10904579.0194 4027526.74796
    -10904490.2977 4027496.00234
    -10904395.3422 4027477.60871
    -10904124.6132 4027475.32629
    -10904043.35 4027474.65499
    -10903838.4108 4027510.77097
    -10903816.8148 4027514.66452
    -10903608.5361 4027585.28572
    -10903473.8395 4027600.72577
    -10903388.1235 4027579.24396
    -10903351.4994 4027557.62793
    -10903333.7996 4027537.75734
    -10903299.4018 4027499.22458
    -10903268.789 4027437.73356
    -10903271.7946 4027339.32177
    -10903293.2793 4027243.99873
    -10903369.7558 4027068.66014
    -10903452.4661 4026841.0999
    -10903593.174 4026466.00461
    -10903724.8649 4026007.82512
    -10904049.1386 4024716.34931
    -10904098.1192 4024587.22319
    -10904199.086 4024427.22694
    -10904244.9496 4024298.10409
    -10904394.7856 4023772.36636
    -10904422.2815 4023627.81621
    -10904477.3847 4023449.58048
    -10904495.7524 4023351.20307
    -10904514.1201 4023252.8265
    -10904514.1201 4023231.21866
    -10904685.3295 4022911.53483
    -10904734.3101 4022696.26998
    -10904859.6558 4022465.71027
    -10904896.3912 4022348.95596
    -10904933.1267 4022284.4061
    -10904972.8677 4022238.24177
    -10905110.57 4022142.96133
    -10905141.0715 4022084.58567
    -10905297.1414 4021946.22986
    -10905352.1332 4021866.38415
    -10905495.958 4021740.24249
    -10905547.9442 4021728.03098
    -10905593.8079 4021743.32891
    -10905673.4013 4021678.78248
    -10905719.2649 4021626.4478
    -10905847.7276 4021537.34521
    -10906132.2602 4021432.67738
    -10906266.8455 4021355.7874
    -10906315.7148 4021309.76101
    -10906347.6635 4021254.34172
    -10906416.6815 4021134.51353
    -10906435.0493 4021128.341
    -10906441.0605 4020860.91278
    -10906422.6928 4020787.11281
    -10906339.9824 4020602.74917
    -10906248.1438 4020467.49738
    -10906174.673 4020403.09233
    -10906101.3134 4020363.10771
    -10905844.2767 4020289.44514
    -10905520.003 4020237.251
    -10905351.354 4020241.0079
    -10905238.5874 4020243.42305
    -10905165.1165 4020252.68112
    -10905104.0021 4020261.9392
    -10904697.1294 4020431.13532
    -10904541.1708 4020477.15817
    -10904357.6049 4020504.93298
    -10904241.3874 4020449.65178
    -10904207.6576 4020412.75307
    -10904122.0529 4020271.33147
    -10904076.0779 4019991.71365
    -10904078.9722 4019750.07247
    -10904079.0835 4019736.52139
    -10904063.8328 4019595.24233
    -10904045.4651 4019475.29737
    -10904042.3481 4019337.10732
    -10904085.2061 4019214.07933
    -10904115.7077 4018928.31604
    -10904155.4487 4018651.68251
    -10904192.1842 4018596.41028
    -10904213.5575 4018541.1383
    -10904351.0371 4017954.09134
    -10904540.6142 4017321.06419
    -10904589.4834 4017222.73953
    -10904659.8373 4017112.20914
    -10904925.7796 4016771.10085
    -10905038.9915 4016645.01542
    -10905353.9144 4016374.60711
    -10905457.8868 4016310.09099
    -10905570.9874 4016267.03573
    -10905717.7065 4016239.27122
    -10905831.0297 4016190.1805
    -10905956.3754 4016186.96144
    -10906029.735 4016226.93146
    -10906130.7018 4016315.99266
    -10906167.4372 4016334.36832
    -10906320.3902 4016457.23119
    -10906402.9892 4016592.43553
    -10906500.8391 4016684.58463
    -10906525.3294 4016761.44319
    -10906537.5745 4016770.56431
    -10906555.9422 4016838.16813
    -10906620.2849 4016942.65974
    -10906691.3067 4017012.27664
    -10906745.6306 4017065.52915
    -10906788.4886 4017086.99119
    -10906880.2159 4017090.07636
    -10906950.5698 4017065.39501
    -10907042.2971 4016979.27898
    -10907082.0381 4016911.67433
    -10907189.9067 4016637.36986
    -10907262.2644 4016453.87793
    -10907479.1148 4015919.11232
    -10907524.9784 4015713.23356
    -10907589.0984 4015476.64522
    -10907591.9927 4015258.56982
    -10907570.5081 4015117.34609
    -10907503.2711 4015006.83605
    -10907295.215 4014754.97371
    -10907282.1906 4014733.51604
    -10907087.1588 4014410.98538
    -10907050.8687 4014343.1277
    -10907047.7517 4014337.36115
    -10906955.5792 4014165.30493
    -10906845.3729 4014031.73851
    -10906845.4842 4014017.7919
    -10906845.4842 4014013.50065
    -10906845.4842 4014000.62688
    -10906845.5955 4013996.46973
    -10906846.4861 4013872.02409
    -10906848.2672 4013658.9409
    -10906850.8275 4013498.96349
    -10906852.8313 4013374.65735
    -10906856.2822 4013276.23253
    -10906859.8444 4013179.28357
    -10906866.9689 4012980.96314
    -10906870.5311 4012882.67579
    -10906872.6462 4012855.99219
    -10906879.4367 4012775.94178
    -10906881.663 4012749.25843
    -10906880.9951 4012732.63165
    -10906879.1027 4012682.88555
    -10906878.5461 4012666.39296
    -10906881.4404 4012581.51681
    -10906880.1046 4012559.52688
    -10906861.7369 4012239.60505
    -10906855.7256 4012133.01111
    -10906855.8369 4012100.56385
    -10906856.1709 4012043.17801
    -10906854.0558 4012003.75892
    -10906852.4973 4011971.58018
    -10906852.6087 4011879.33496
    -10906852.8313 4011602.8719
    -10906853.0539 4011510.76372
    -10906853.0539 4011506.4734
    -10906853.0539 4011493.8706
    -10906853.0539 4011489.71435
    -10906853.2766 4011357.92209
    -10906852.72 4011142.60655
    -10906851.0502 4010415.98003
    -10906850.1596 4010101.48035
    -10906850.0483 4010062.06796
    -10906849.1578 4009754.54869
    -10906847.9332 4009322.10533
    -10906847.8219 4009261.91844
    -10906848.2672 4008884.8528
    -10906849.0464 4008168.42206
    -10906849.0464 4008024.87323
    -10906849.0464 4007592.62921
    -10906848.7125 4007476.83079
    -10906848.7125 4007472.27393
    -10906847.488 4007129.84462
    -10906847.154 4007014.31892
    -10906846.7087 4006779.11649
    -10906845.3729 4006073.53816
    -10906845.0389 4005838.48904
    -10906845.1503 4005830.58269
    -10906845.5955 4005806.72964
    -10906845.8182 4005798.95731
    -10906845.5955 4005770.14614
    -10906845.2616 4005684.11505
    -10906845.1503 4005655.43817
    -10906844.5937 4005353.12922
    -10906844.371 4005183.08395
    -10906844.371 4005169.55011
    -10906843.2578 4004446.38423
    -10906842.8125 4004144.24116
    -10906842.8125 4004090.64677
    -10906842.9239 4003929.8651
    -10906843.0352 4003876.4057
    -10906843.3691 4003781.27805
    -10906843.3691 4003767.87985
    -10906843.4805 4003733.44656
    -10906843.7031 4003637.6502
    -10906846.2635 4002921.68148
    -10906847.154 4002691.9218
    -10906848.7125 4002683.34777
    -10906852.386 4002664.05622
    -10906855.169 4002357.53927
    -10906860.735 4001761.40871
    -10906864.4085 4001379.0977
    -10906867.6368 4001053.05836
    -10906872.0896 4000604.73592
    -10906872.5349 4000544.46086
    -10906873.2028 4000478.56049
    -10906886.2271 3999018.66973
    -10906890.2347 3998576.05149
    -10906890.7912 3998518.4655
    -10906890.346 3998510.29635
    -10906892.5724 3998256.92161
    -10906894.2422 3998076.80396
    -10906897.2478 3997743.0916
    -10906897.6931 3997497.09877
    -10906898.361 3997243.88031
    -10906898.9176 3997101.27163
    -10906899.1402 3997064.71589
    -10906903.1477 3996527.6411
    -10906904.5949 3996348.75565
    -10906910.2722 3996077.75486
    -10906914.5023 3995746.10894
    -10906917.9532 3995533.6303
    -10906921.8494 3995295.98556
    -10906928.0833 3994620.83359
    -10906931.3115 3994287.6233
    -10906942.6661 3993088.73528
    -10906950.5698 3992273.84132
    -10906950.6811 3991955.2881
    -10906951.0151 3990999.8153
    -10906951.1264 3990974.65474
    -10906951.2377 3990681.43123
    -10906951.3491 3990300.29201
    -10906951.9056 3989157.21782
    -10906952.017 3989033.04147
    -10906952.2396 3988776.26295
    -10906952.2396 3988595.35729
    -10906952.2396 3988052.92501
    -10906952.3509 3987872.16453
    -10906952.4622 3987558.54985
    -10906952.4622 3987447.10095
    -10906953.0188 3986172.27204
    -10906953.2415 3985770.81514
    -10906953.3528 3985747.40505
    -10906953.3528 3985493.64281
    -10906953.6868 3984904.40627
    -10906953.6868 3984732.79095
    -10906953.9094 3984479.18485
    -10906953.6868 3984408.16009
    -10906953.0188 3984195.2222
    -10906952.9075 3984124.33294
    -10906953.0188 3983920.36159
    -10906953.2415 3983308.60296
    -10906953.4641 3983104.7798
    -10906953.6868 3982535.85947
    -10906954.6886 3980829.66831
    -10906954.8 3980782.33343
    -10906954.8 3980766.28776
    -10906954.8 3980750.2421
    -10906955.1339 3980260.99411
    -10906955.1339 3980096.13332
    -10906955.3566 3979837.14753
    -10906955.4679 3979601.96621
    -10906955.6905 3979437.24855
    -10906955.8018 3979121.45716
    -10906956.2471 3978573.05424
    -10906966.1545 3978174.66967
    -10906971.2752 3977975.08151
    -10906974.5035 3977859.31393
    -10906974.3922 3977857.04137
    -10906974.2809 3977850.49105
    -10906974.2809 3977848.35217
    -10906974.2809 3977846.48065
    -10906974.3922 3977841.13345
    -10906974.5035 3977839.39561
    -10906974.5035 3977832.44426
    -10906974.5035 3977811.85759
    -10906974.5035 3977805.03993
    -10906974.2809 3977758.9206
    -10906973.9469 3977620.5637
    -10906973.8356 3977574.44511
    -10906972.945 3977243.86707
    -10906972.945 3977221.27636
    -10906971.9432 3976804.35868
    -10906975.3941 3976252.59086
    -10906977.5091 3975922.1844
    -10906977.2865 3975888.90369
    -10906976.6186 3975789.32946
    -10906976.5073 3975756.18279
    -10906975.1714 3975551.55769
    -10906973.9469 3975360.56863
    -10906973.6129 3975327.69049
    -10906973.6129 3975309.91496
    -10906973.1677 3975196.71349
    -10906972.7224 3975141.38284
    -10906972.2771 3975086.05245
    -10906972.0545 3975060.52572
    -10906971.9432 3975034.8654
    -10906971.2752 3974938.10512
    -10906971.2752 3974932.35833
    -10906969.6054 3974733.62818
    -10906968.047 3974544.12273
    -10906966.8225 3974379.34373
    -10906965.264 3974173.00578
    -10906965.5979 3973976.02598
    -10906966.0432 3973786.66661
    -10906966.4885 3973426.13071
    -10906967.9357 3972344.72424
    -10906968.4923 3971984.36703
    -10906970.0507 3971779.40803
    -10906971.0526 3971651.41071
    -10906970.496 3971164.68649
    -10906970.3847 3970959.87566
    -10906969.7168 3970625.61295
    -10906968.3809 3969931.46763
    -10906967.713 3969623.15011
    -10906967.1564 3969289.05971
    -10906966.9338 3969145.46125
    -10906966.2659 3968714.54302
    -10906966.0432 3968571.21886
    -10906965.9319 3968481.85921
    -10906965.8206 3968214.58584
    -10906965.8206 3968125.49609
    -10906965.7093 3968115.61211
    -10906965.5979 3968101.05329
    -10906965.3753 3968086.36093
    -10906965.3753 3968076.61055
    -10906965.0413 3968048.428
    -10906964.93 3967943.17813
    -10906964.7074 3967622.22538
    -10906964.7074 3967543.15724
    -10906964.8187 3967409.86455
    -10906964.7074 3967390.63206
    -10906964.7074 3967333.60258
    -10906964.7074 3967314.63734
    -10906964.7074 3967170.79633
    -10906964.93 3966739.28406
    -10906965.0413 3966595.58377
    -10906965.0413 3966505.17103
    -10906965.1527 3966234.20415
    -10906965.264 3966143.92778
    -10906965.1527 3966094.38291
    -10906965.1527 3965946.15022
    -10906965.1527 3965896.73974
    -10906965.1527 3965842.92263
    -10906965.3753 3965681.60633
    -10906965.4866 3965627.92375
    -10906965.8206 3965252.68685
    -10906965.8206 3965217.43391
    -10906965.8206 3965213.0273
    -10906966.3772 3964394.76218
    -10906966.7111 3964076.8455
    -10906964.3734 3963721.15236
    -10906963.0376 3963716.47929
    -10906964.3734 3963709.53644
    -10906962.815 3963472.68104
    -10906958.1395 3962740.91664
    -10906956.5811 3962497.27248
    -10906956.3584 3962465.36548
    -10906955.9131 3962401.28476
    -10906954.0207 3962113.3264
    -10906953.4641 3962017.47537
    -10906954.132 3961988.90711
    -10906956.1358 3961903.46975
    -10906956.915 3961875.16877
    -10906957.0263 3961866.62509
    -10906957.249 3961841.26107
    -10906957.4716 3961832.85091
    -10906957.6943 3961664.51549
    -10906958.3622 3961159.52393
    -10906958.6961 3960991.3318
    -10906958.6961 3960962.36562
    -10906958.9188 3960876.13495
    -10906959.0301 3960847.43603
    -10906959.0301 3960836.08996
    -10906959.0301 3960802.98621
    -10906959.1414 3960791.90716
    -10906959.2527 3960597.02428
    -10906959.8093 3960012.52886
    -10906960.1433 3959817.79259
    -10906960.2546 3959704.34255
    -10906960.4772 3959364.39949
    -10906960.6999 3959251.35429
    -10906960.6999 3959236.67318
    -10906960.6999 3959193.03034
    -10906960.8112 3959178.48276
    -10906960.9225 3959098.40469
    -10906961.1452 3958858.8411
    -10906961.3678 3958779.16562
    -10906961.3678 3958773.15995
    -10906961.3678 3958755.54335
    -10906961.4791 3958749.93807
    -10906961.5904 3958696.55461
    -10906961.9244 3958537.20643
    -10906962.147 3958484.09086
    -10906962.0357 3958476.48387
    -10906961.7018 3958453.5295
    -10906961.7018 3958446.05599
    -10906961.8131 3958355.9739
    -10906962.147 3958085.73185
    -10906962.2584 3957995.65258
    -10906962.2584 3957979.90546
    -10906962.2584 3957943.74054
    -10906962.481 3957788.27273
    -10906962.5923 3957736.49507
    -10906962.7036 3957683.65007
    -10906963.1489 3957525.51685
    -10906963.3716 3957472.9397
    -10907541.0084 3957461.99728
    -10908037.2707 3957452.12242
    -10908120.649 3957451.98898
    -10908454.1622 3957451.4552
    -10909013.9879 3957450.65454
    -10909027.6802 3957450.65454
    -10909329.356 3957450.12076
    -10909562.6817 3957448.91977
    -10909626.8017 3957448.51943
    -10910478.3958 3957443.18168
    -10910546.3007 3957442.78135
    -10910556.9874 3957442.78135
    -10910567.674 3957442.51446
    -10910875.3611 3957440.64624
    -10911040.0026 3957439.57869
    -10911132.6204 3957438.77803
    -10911140.8581 3957438.77803
    -10911229.4684 3957438.24425
    -10911395.6684 3957437.31015
    -10911450.1036 3957436.90982
    -10911512.2199 3957436.77637
    -10911575.3381 3957436.10915
    -10911650.8127 3957435.70882
    -10911697.1216 3957435.44194
    -10911774.3773 3957435.0416
    -10912800.743 3957429.03663
    -10913965.1449 3957422.23101
    -10914135.7977 3957421.16346
    -10914339.9576 3957419.82902
    -10914955.9997 3957416.22604
    -10915287.6204 3957414.35783
    -10915335.7105 3957413.29029
    -10915695.1611 3957412.08929
    -10916519.4819 3957407.15188
    -10917613.4186 3957400.7466
    -10918143.7446 3957397.6774
    -10918260.0735 3957397.01018
    -10918284.8977 3957396.7433
    -10918309.8333 3957396.7433
    -10918324.7501 3957396.60985
    -10918339.5556 3957396.34297
    -10918437.8507 3957395.94264
    -10918723.2739 3957394.07443
    -10918841.1612 3957393.54066
    -10919135.3786 3957391.00523
    -10919424.9206 3957390.20457
    -10919955.9146 3957385.6675
    -10921276.943 3957371.92286
    -10922042.5985 3957365.11727
    -10922062.9699 3957364.98382
    -10922073.1 3957364.85038
    -10922082.5622 3957364.85038
    -10922090.5772 3957364.85038
    -10922091.3564 3957364.85038
    -10922210.5796 3957363.64939
    -10923113.8259 3957354.70872
    -10923260.9903 3957353.1074
    -10923267.7808 3957353.1074
    -10923302.7351 3957352.70707
    -10923337.6894 3957352.30675
    -10923378.321 3957351.63953
    -10923631.4616 3957351.2392
    -10923735.434 3957352.03986
    -10923736.2132 3957352.03986
    -10923756.696 3957352.03986
    -10923898.9623 3957352.03986
    -10923913.8791 3957352.03986
    -10923928.7959 3957352.03986
    -10924420.8281 3957352.44019
    -10924759.0167 3957353.50773
    -10925092.8638 3957353.90806
    -10925370.3833 3957354.44183
    -10925578.4394 3957354.84216
    -10926825.8857 3957355.64282
    -10927300.9972 3957356.57692
    -10927302.8897 3957356.57692
    -10927568.9433 3957357.24413
    -10927571.1696 3957357.24413
    -10927572.9508 3957357.24413
    -10927592.209 3957357.51102
    -10927613.4711 3957357.64446
    -10927614.4729 3957357.64446
    -10927615.4748 3957357.64446
    -10927626.4954 3957358.04479
    -10927983.6084 3957357.91135
    -10928511.9307 3957358.84545
    -10929013.7589 3957359.11233
    -10929818.2649 3957359.91299
    -10929819.1554 3957359.91299
    -10930392.8961 3957360.31332
    -10931209.4246 3957363.11562
    -10931239.8148 3957363.24906
    -10931617.0765 3957363.64939
    -10932904.5978 3957360.71365
    -10933014.3588 3957360.71365
    -10933222.7489 3957360.71365
    -10933526.6511 3957361.64775
    -10933548.581 3957361.78119
    -10933570.511 3957361.78119
    -10936221.362 3957369.254
    -10936391.0129 3957369.254
    -10937040.8961 3957371.78942
    -10937176.2606 3957365.5176
    -10938029.6358 3957361.38086
    -10938146.8552 3957360.98053
    -10938399.3278 3957361.78119
    -10938414.4673 3957361.78119
    -10938429.6067 3957361.78119
    -10938543.3753 3957362.31496
    -10938685.9755 3957362.84874
    -10938794.512 3957363.11562
    -10939174.3341 3957364.04972
    -10939184.2416 3957363.91628
    -10939185.2434 3957363.91628
    -10939192.5905 3957363.91628
    -10939200.9395 3957364.04972
    -10939742.2862 3957365.11727
    -10939743.5107 3957365.11727
    -10940077.8031 3957365.91792
    -10940081.0314 3957365.91792
    -10940227.4165 3957366.31825
    -10940254.4672 3957366.31825
    -10940340.8511 3957366.31825
    -10940692.9546 3957367.11891
    -10940914.7031 3957368.18646
    -10941213.5959 3957367.65268
    -10941597.2028 3957369.65433
    -10941619.4667 3957370.45499
    -10941641.0627 3957371.1222
    -10941641.7306 3957371.1222
    -10942030.9036 3957369.92121
    -10942219.1448 3957370.32154
    -10942408.1653 3957370.72187
    -10942817.9324 3957371.52253
    -10942907.9899 3957371.92286
    -10943290.0383 3957372.85696
    -10943469.2627 3957373.25729
    -10943671.6416 3957372.32319
    -10943674.0906 3957372.32319
    -10943684.4433 3957372.32319
    -10943685.1112 3957372.32319
    -10943686.8923 3957372.32319
    -10943689.1187 3957372.32319
    -10943830.8284 3957373.79106
    -10943955.3949 3957375.52582
    -10943994.2454 3957374.45828
    -10944038.9959 3957374.59172
    -10944075.954 3957374.59172
    -10944076.6219 3957374.59172
    -10944086.418 3957374.59172
    -10944112.1328 3957375.25894
    -10944137.8476 3957376.0596
    -10944252.1727 3957374.99205
    -10944590.8066 3957375.65927
    -10944699.8997 3957375.92615
    -10945229.3352 3957377.39403
    -10945301.5815 3957377.39403
    -10945415.1274 3957377.26058
    -10948515.4866 3957384.7334
    -10948567.6954 3957385.00029
    -10948912.0066 3957385.40062
    -10949131.7513 3957386.20128
    -10949486.9718 3957387.66915
    -10950568.5519 3957408.7532
    -10951091.3083 3957419.1618
    -10951126.4852 3957418.09425
    -10951183.0355 3957418.09425
    -10952208.7333 3957420.22935
    -10952957.3569 3957421.69723
    -10952965.8172 3957421.69723
    -10952973.6095 3957421.83067
    -10952976.9491 3957421.83067
    -10952985.8547 3957421.83067
    -10952994.7602 3957421.56379
    -10953004.5564 3957421.2969
    -10953005.5582 3957421.2969
    -10953576.1819 3957423.03167
    -10953955.5588 3957425.16677
    -10954349.7411 3957424.89988
    -10954451.2645 3957424.89988
    -10954517.2769 3957425.43365
    -10954583.178 3957425.96743
    -10954842.7751 3957426.36776
    -10954972.351 3957426.63465
    -10955582.8271 3957427.7022
    -10955831.4035 3957428.10253
    -10955920.1251 3957425.70054
    -10955930.8118 3957425.43365
    -10955990.2564 3957423.432
    -10956065.9537 3957425.03332
    -10956087.1044 3957425.83398
    -10956114.3776 3957426.76809
    -10956143.432 3957427.43531
    -10956171.1506 3957428.10253
    -10956222.2462 3957428.6363
    -10956230.9292 3958490.22983
    -10956231.1518 3958519.18981
    -10956231.2631 3958537.33989
    -10956231.4857 3958560.29443
    -10956231.5971 3958578.97839
    -10956231.7084 3958597.66239
    -10956231.8197 3958615.01184
    -10956234.6027 3958934.37984
    -10956236.2725 3959119.89225
    -10956241.7271 3959726.49859
    -10956253.861 3961083.30322
    -10956256.4213 3961384.45136
    -10956256.7553 3961413.95255
    -10956257.4232 3961443.58731
    -10956260.8741 3961874.50129
    -10956278.2399 3963644.51421
    -10956303.0642 3966059.39449
    -10956310.6339 3966821.55195
    -10956319.7621 3967577.08168
    -10956323.4356 3967963.07936
    -10956323.4356 3967968.82268
    -10956324.5488 3968062.18535
    -10956324.7715 3968101.32043
    -10956324.9941 3968130.43808
    -10956325.2168 3968148.73683
    -10956325.4394 3968175.45038
    -10956325.4394 3968176.11822
    -10956328.779 3968386.62316
    -10956331.1167 3968427.36219
    -10956331.1167 3968429.76647
    -10956330.7827 3968714.00873
    -10956335.5695 3969229.48283
    -10956336.46 3969241.37147
    -10956336.46 3969242.97443
    -10956337.4619 3969284.65155
    -10956336.6827 3969364.53311
    -10956338.0185 3969468.72728
    -10956338.1298 3969507.06563
    -10956338.1298 3969514.54629
    -10956338.2411 3969522.02697
    -10956339.7996 3969657.74859
    -10956339.9109 3969684.06488
    -10956339.9109 3969686.06866
    -10956340.6902 3969856.52487
    -10956340.8015 3969867.61263
    -10956341.2468 3969940.28445
    -10956341.3581 3969945.22722
    -10956341.9147 3970004.27344
    -10956341.9147 3970009.7506
    -10956342.6939 3970110.21006
    -10956342.6939 3970112.61469
    -10956346.1448 3970545.45547
    -10956346.1448 3970546.39064
    -10956346.3675 3970575.24727
    -10956346.5901 3970605.03915
    -10956346.5901 3970606.10792
    -10956346.9241 3970651.93145
    -10956354.1598 3971534.10335
    -10956360.9503 3971946.15406
    -10956360.9503 3971947.22295
    -10956364.9578 3972194.54063
    -10956366.7389 3972321.60866
    -10956371.9709 3972455.6262
    -10956378.5388 3973091.66289
    -10956384.9953 3973720.38489
    -10956394.4575 3974441.75366
    -10956395.0141 3974525.68019
    -10956399.8008 3975176.66612
    -10956402.0272 3975470.16308
    -10956404.5876 3975701.65138
    -10956414.3837 3976575.78886
    -10956426.2949 3977638.20913
    -10956427.4081 3977740.60659
    -10956427.4081 3978102.61434
    -10956408.5951 3978528.93715
    -10956406.7026 3978573.05424
    -10956406.7026 3978640.83447
    -10956406.8139 3979024.79624
    -10956407.2592 3979770.16248
    -10956407.3705 3979944.1105
    -10956407.5932 3980351.24737
    -10956407.5932 3980364.8857
    -10956407.5932 3980378.39034
    -10956408.1498 3981548.13933
    -10956408.4837 3982260.50356
    -10956408.8177 3982734.18934
END
END
