48107 Crosby County
1
    -11295130.4284 4006170.69499
    -11293200.4824 4006193.20869
    -11291339.1092 4006214.91837
    -11291263.6346 4006215.85644
    -11289580.8179 4006235.28798
    -11287414.6519 4006260.61604
    -11286427.1367 4006272.141
    -11285973.5098 4006277.36743
    -11285061.6918 4006268.92473
    -11284493.5171 4006256.32769
    -11284484.3889 4006256.05967
    -11280635.2949 4006298.40722
    -11278310.1647 4006324.00344
    -11277699.132 4006330.70403
    -11277625.9951 4006331.5081
    -11277406.5844 4006333.7863
    -11277333.5588 4006334.72439
    -11277324.6533 4006334.72439
    -11277297.9366 4006334.99241
    -11277289.1423 4006335.26043
    -11277253.5201 4006335.52846
    -11277146.9874 4006336.60055
    -11277142.3119 4006336.73456
    -11277111.4764 4006336.46654
    -11277083.3126 4006336.19852
    -11276999.0437 4006335.39445
    -11276970.9912 4006335.26043
    -11276926.6861 4006335.66247
    -11276793.9932 4006337.1366
    -11276749.7994 4006337.80666
    -11276689.6869 4006338.47672
    -11276509.5719 4006340.4869
    -11276449.5707 4006341.29097
    -11276384.3375 4006342.09504
    -11276188.9718 4006344.77528
    -11276123.8499 4006345.84738
    -11275718.313 4006351.6099
    -11274501.7023 4006369.1655
    -11274465.3008 4006369.70155
    -11274398.1752 4006370.63963
    -11274368.8981 4006371.17568
    -11274340.9569 4006371.57772
    -11274178.8758 4006373.85593
    -11274114.0878 4006374.66
    -11274096.2767 4006374.92803
    -11273841.3551 4006377.34025
    -11273805.0649 4006377.74229
    -11273369.917 4006381.76266
    -11272147.4064 4006393.15373
    -11271288.7991 4006401.46251
    -11271149.7611 4006376.13414
    -11269991.4818 4006369.56753
    -11268940.9598 4006363.53698
    -11268053.8547 4006369.03149
    -11266126.6917 4006381.0926
    -11264760.5789 4006389.53539
    -11262926.813 4006400.92646
    -11260940.3166 4006413.38964
    -11259891.0191 4006419.95627
    -11257230.9286 4006434.29567
    -11256726.9852 4006437.51198
    -11254800.8241 4006447.56297
    -11253943.4414 4006451.9854
    -11252854.8481 4006457.61396
    -11250918.6682 4006467.79898
    -11249418.638 4006475.57177
    -11247850.2577 4006483.74659
    -11247849.3672 4006316.23076
    -11247846.6955 4005814.09996
    -11247845.8049 4005646.72792
    -11247838.3465 4004249.15291
    -11247829.8863 4002654.67839
    -11247828.7731 4002461.36293
    -11247825.7674 4001881.97194
    -11247824.8769 4001708.62921
    -11247824.7656 4001688.80347
    -11247824.3203 4001604.27654
    -11247822.9844 4001351.10135
    -11247822.5392 4001266.71086
    -11247822.3165 4001237.10736
    -11247822.0939 4001204.42304
    -11247820.9807 4001017.96347
    -11247820.9807 4000999.07657
    -11247820.7581 4000955.81095
    -11247819.1996 4000677.46824
    -11247814.7468 3999842.48066
    -11247813.2997 3999564.2989
    -11247813.2997 3999561.62024
    -11247811.9638 3999319.0706
    -11247808.0676 3998583.95285
    -11247806.8431 3998338.87942
    -11247805.1733 3998037.70073
    -11247800.4979 3997134.21207
    -11247798.9394 3996833.19889
    -11247798.9394 3996827.70896
    -11247797.9376 3996637.16964
    -11247794.8206 3996049.10199
    -11247793.8187 3995853.22002
    -11247794.3753 3995464.81323
    -11247794.7093 3995293.44179
    -11247791.481 3994300.07333
    -11247790.2565 3993911.85295
    -11247789.032 3993718.81859
    -11247785.5811 3993139.73501
    -11247784.4679 3992947.78448
    -11247784.4679 3992946.84749
    -11247783.2434 3992751.15229
    -11247779.6812 3992164.22054
    -11247778.568 3991968.67252
    -11247765.0983 3989777.18296
    -11247765.2096 3989770.22439
    -11247765.321 3989770.09057
    -11247761.0908 3989069.70546
    -11247761.0908 3989062.4797
    -11247767.1021 3987615.54574
    -11247767.2134 3987594.80776
    -11247769.2171 3987126.94226
    -11247769.2171 3987123.32999
    -11247767.9926 3986979.7766
    -11247764.3191 3986549.26098
    -11247763.6512 3986458.15642
    -11247763.5398 3986441.30014
    -11247763.2059 3986405.84854
    -11247762.8719 3986370.26327
    -11247718.6781 3980428.66517
    -11247720.4592 3980336.94051
    -11247726.0252 3980062.17202
    -11247727.9176 3979975.53106
    -11247727.8063 3979970.58398
    -11247725.3573 3979858.67375
    -11247718.3441 3979523.08327
    -11247717.0083 3979457.70443
    -11247716.2291 3979411.31108
    -11247703.0934 3978570.51416
    -11247685.2822 3976300.44177
    -11247685.5049 3976121.0687
    -11247685.5049 3976120.93505
    -11247686.0615 3976056.24381
    -11247686.1728 3976048.49157
    -11247686.0615 3976046.48669
    -11247686.0615 3975956.40081
    -11247686.0615 3975956.26715
    -11247685.8388 3975862.03861
    -11247685.8388 3975861.37033
    -11247686.2841 3975698.84463
    -11247686.5068 3975648.45678
    -11247682.1653 3975056.64994
    -11247674.2616 3973986.31588
    -11247669.1409 3973281.41172
    -11247664.9108 3972689.86
    -11247664.7995 3972683.71348
    -11247659.5674 3971758.03051
    -11247652.7769 3970673.97491
    -11247652.2203 3970591.67955
    -11247651.3298 3970457.28288
    -11247648.7694 3970054.10227
    -11247647.9902 3969919.71187
    -11247647.6562 3969883.37597
    -11247646.9883 3969774.36894
    -11247646.877 3969738.03349
    -11247645.0959 3969457.90707
    -11247639.9752 3968617.96932
    -11247638.3054 3968338.00366
    -11247634.2979 3967687.00289
    -11247630.4017 3966487.94328
    -11247630.4017 3966487.80973
    -11247627.6187 3965555.41261
    -11247626.8395 3965279.3937
    -11247625.0584 3964701.87186
    -11247624.8358 3964685.04738
    -11247624.2792 3964490.36588
    -11247622.7207 3963930.24092
    -11247622.2754 3963906.34108
    -11247619.6037 3963711.80622
    -11247593.8889 3961871.96489
    -11247596.004 3960973.31136
    -11247592.2191 3960552.70891
    -11247592.5531 3960534.28871
    -11247592.9984 3960525.47907
    -11247593.1097 3960514.80071
    -11247594.8908 3960440.05252
    -11247593.6663 3959903.21454
    -11247591.8852 3959034.87648
    -11247591.1059 3958292.98359
    -11247590.5494 3957756.37873
    -11247590.3267 3957583.03172
    -11247589.7701 3957063.4066
    -11247589.6588 3956890.20342
    -11247588.4343 3955827.42247
    -11247586.6532 3954102.09575
    -11247586.0966 3952639.79856
    -11247585.8739 3951746.13005
    -11247585.4287 3951577.54122
    -11247585.3173 3951528.32548
    -11247584.9834 3951381.07964
    -11247584.8721 3951331.99811
    -11247584.6494 3951199.42566
    -11247584.6494 3951190.08964
    -11247584.8721 3950764.37465
    -11247584.9834 3950622.47313
    -11247585.206 3950400.95553
    -11247585.54 3950254.39083
    -11247586.2079 3949990.20564
    -11247586.8758 3949751.36394
    -11247587.5437 3949493.32442
    -11247588.6569 3949068.60522
    -11247588.6569 3949068.47187
    -11247590.438 3948383.61997
    -11247589.1022 3948302.81651
    -11247586.4305 3948146.94477
    -11247656.2278 3948147.87813
    -11248188.8916 3948146.6781
    -11248190.6727 3948146.6781
    -11248415.8721 3948146.14475
    -11248768.1982 3948145.34473
    -11248795.2489 3948145.34473
    -11248947.4226 3948144.67805
    -11248956.3282 3948144.67805
    -11249040.4857 3948144.1447
    -11249102.0454 3948144.1447
    -11249145.5713 3948144.01136
    -11249250.8796 3948143.47802
    -11249398.3779 3948143.07801
    -11250245.4079 3948139.74459
    -11251071.0645 3948136.67785
    -11251306.394 3948137.21119
    -11251352.3689 3948137.47787
    -11251451.1093 3948137.87788
    -11251816.9051 3948139.07791
    -11252589.4624 3948139.34458
    -11253569.2966 3948139.74459
    -11253965.5939 3948134.54446
    -11254349.0896 3948134.6778
    -11254406.0852 3948134.6778
    -11254462.9694 3948134.81113
    -11254504.269 3948134.94447
    -11254545.4572 3948134.94447
    -11255933.6112 3948135.74449
    -11255934.7244 3948136.01116
    -11256028.7894 3948136.01116
    -11256882.2759 3948134.54446
    -11257229.7041 3948133.74444
    -11257623.6637 3948134.27779
    -11257983.671 3948133.21109
    -11258786.9524 3948130.94437
    -11258790.1807 3948130.94437
    -11258863.6515 3948130.81103
    -11259072.153 3948130.27769
    -11259791.0542 3948127.61096
    -11260862.727 3948123.47752
    -11261232.6416 3948122.14416
    -11261304.9993 3948121.74415
    -11261708.6438 3948120.54412
    -11261810.1671 3948120.14411
    -11262867.9249 3948116.67736
    -11263612.875 3948113.47729
    -11263697.1438 3948113.07728
    -11263699.2589 3948113.07728
    -11263699.8155 3948113.07728
    -11265570.6509 3948105.61045
    -11265844.2742 3948104.27708
    -11266425.5846 3948101.87703
    -11266525.1042 3948101.47702
    -11267208.8285 3948100.14366
    -11267879.6397 3948098.41029
    -11268629.5992 3948096.94359
    -11269030.572 3948095.8769
    -11269428.3165 3948095.21022
    -11269673.5533 3948094.67687
    -11270977.4385 3948089.6101
    -11271012.7268 3948089.47677
    -11271145.197 3948089.74344
    -11271388.0961 3948088.1434
    -11271397.7809 3948088.1434
    -11272112.5634 3948092.01015
    -11272124.0293 3948092.01015
    -11272313.4951 3948091.34347
    -11272541.5887 3948090.54345
    -11273280.6388 3948078.40987
    -11273824.1006 3948076.80984
    -11273824.1006 3948076.67651
    -11275505.4701 3948071.74308
    -11275554.7847 3948071.60974
    -11275567.3638 3948071.4764
    -11275666.7721 3948071.34307
    -11275686.3643 3948071.20973
    -11276014.0889 3948070.27638
    -11276014.3115 3948070.14304
    -11276564.1185 3948068.54301
    -11276564.3411 3948068.40968
    -11276959.6366 3948067.60966
    -11279418.9068 3948060.54287
    -11280306.0119 3948058.00948
    -11280397.7391 3948057.74281
    -11280399.2976 3948057.74281
    -11281374.2337 3948054.94276
    -11281527.9659 3948054.40942
    -11281639.842 3948054.27609
    -11283246.5162 3948049.87601
    -11283256.3123 3948049.87601
    -11283265.9971 3948049.87601
    -11283276.2385 3948049.74267
    -11283286.3686 3948049.74267
    -11283389.2278 3948049.476
    -11283701.9242 3948048.67599
    -11283901.6314 3948048.14264
    -11284219.3372 3948047.6093
    -11284219.5599 3948047.20929
    -11284223.0108 3948047.20929
    -11284508.6566 3948024.54226
    -11284508.9906 3948024.54226
    -11285014.2697 3947984.54172
    -11285014.381 3947984.40838
    -11285060.69 3947980.80834
    -11285526.562 3947977.60831
    -11285851.5036 3947975.34161
    -11285851.6149 3947975.20828
    -11286182.3451 3947972.94159
    -11287460.0703 3947964.67484
    -11287626.7155 3947963.60816
    -11287862.4902 3947962.00814
    -11287862.4902 3947961.87481
    -11288173.5169 3947959.87479
    -11290085.6518 3947942.67463
    -11290194.7449 3947941.87463
    -11290937.9138 3947934.0079
    -11291857.6354 3947928.54119
    -11291938.8986 3947928.00786
    -11292229.4425 3947926.27451
    -11292433.2685 3947925.0745
    -11292906.8216 3947922.27448
    -11293085.0441 3947921.07448
    -11293085.0441 3947920.94114
    -11293445.9419 3947919.07447
    -11293456.4059 3947919.2078
    -11293740.9386 3947917.47445
    -11293827.7678 3947916.94112
    -11293867.6201 3947916.80778
    -11294218.8331 3947915.34111
    -11294218.8331 3947915.20778
    -11294471.8623 3947914.27444
    -11294737.248 3947913.3411
    -11294737.582 3947913.20776
    -11295362.1956 3947910.40775
    -11295560.233 3947909.74108
    -11295849.775 3947908.54107
    -11296507.3392 3947908.2744
    -11297029.205 3947903.60771
    -11297041.4501 3947903.60771
    -11297054.1406 3947903.74105
    -11297062.2669 3947903.60771
    -11297070.6159 3947903.74105
    -11297195.5163 3947904.27438
    -11297216.8897 3947904.67439
    -11297233.8102 3947904.27438
    -11297250.8421 3947904.14105
    -11297470.6981 3947902.54104
    -11297503.426 3947902.94104
    -11297528.3616 3947902.00771
    -11297529.2522 3947901.87437
    -11297536.2653 3947901.87437
    -11297546.0614 3947901.2077
    -11297555.9688 3947900.8077
    -11298971.6188 3947833.60759
    -11299264.8343 3947832.94092
    -11299627.7359 3947832.14092
    -11299627.7359 3947832.00759
    -11300019.0239 3947831.34092
    -11301336.3787 3947828.4076
    -11302700.0425 3947825.34093
    -11303334.2296 3947824.0076
    -11303372.4122 3947823.87427
    -11305149.1826 3947820.00761
    -11305260.6134 3947819.74095
    -11305271.968 3948961.66111
    -11305271.968 3948965.6615
    -11305291.2263 3950901.07653
    -11305292.2282 3951006.17137
    -11305297.6828 3951563.53672
    -11305298.6847 3951674.23942
    -11305311.1525 3952917.65016
    -11305315.0487 3953324.10184
    -11305318.0543 3953628.64981
    -11305317.943 3953629.71701
    -11305336.3107 3955469.84832
    -11305336.422 3955485.72545
    -11305336.5333 3955486.92624
    -11305336.756 3955513.61053
    -11305337.6465 3955601.00203
    -11305337.7578 3955608.60713
    -11305338.871 3955720.94961
    -11305341.5427 3955988.20102
    -11305341.5427 3955990.86956
    -11305344.437 3956274.93942
    -11305357.4614 3957594.37459
    -11305359.3538 3957786.5379
    -11305362.1368 3958070.11806
    -11305370.7084 3958928.37409
    -11305387.5177 3960618.11419
    -11305398.093 3961689.47864
    -11305397.9817 3961692.68247
    -11305420.0229 3961871.83139
    -11305431.1549 3962687.64824
    -11305457.315 3964599.45655
    -11305457.315 3964599.59008
    -11305472.0091 3965674.92937
    -11305475.3487 3965917.97287
    -11305483.6977 3966533.48337
    -11305483.5864 3966535.88725
    -11305502.1767 3967538.48262
    -11305504.6258 3967724.93463
    -11305544.5895 3970409.45622
    -11305544.5895 3970411.86091
    -11305572.642 3972609.28731
    -11305572.642 3972611.02436
    -11305597.3549 3974548.66655
    -11305597.3549 3974549.4684
    -11305621.9565 3976481.42159
    -11305622.0678 3976490.24343
    -11305646.8921 3978425.73056
    -11305646.8921 3978430.00853
    -11305651.7901 3978570.38048
    -11305680.6219 3980367.02505
    -11305680.6219 3980370.50149
    -11305708.1178 3982305.43735
    -11305708.1178 3982309.58303
    -11305734.9458 3984187.06322
    -11305735.1684 3984203.51493
    -11305735.8363 3984246.04872
    -11305736.5043 3984286.97761
    -11305737.6175 3984357.60036
    -11305744.9645 3984868.02307
    -11305745.0759 3984888.08732
    -11305763.7775 3986184.84705
    -11305785.8188 3988129.45806
    -11305785.8188 3988134.27484
    -11305812.4241 3990071.58779
    -11305812.3128 3990071.98925
    -11305878.6592 3994922.85978
    -11305878.6592 3994926.4745
    -11305877.3234 3995293.44179
    -11305874.0951 3995575.6705
    -11305873.9838 3995580.22263
    -11305873.8725 3995590.66577
    -11305892.6855 3996735.18385
    -11305918.6229 3998499.31487
    -11305929.087 3999787.96882
    -11305929.1983 3999803.50534
    -11305929.1983 3999812.07722
    -11305929.3096 3999820.6491
    -11305939.217 4001036.5825
    -11305948.4566 4001723.76645
    -11305948.5679 4001729.66061
    -11305948.5679 4001731.53602
    -11305975.0619 4003672.61913
    -11305975.0619 4003673.95893
    -11305975.1732 4003681.32788
    -11305977.7336 4003869.43858
    -11305997.4371 4005403.37949
    -11306000.2201 4005612.55698
    -11306000.2201 4005618.58714
    -11306006.0087 4006058.39517
    -11305965.3771 4006058.79719
    -11303839.7315 4006082.51675
    -11302847.8748 4006093.6395
    -11301902.995 4006104.22623
    -11299968.3735 4006125.93574
    -11299025.3861 4006136.52249
    -11299014.9221 4006135.45041
    -11298976.9621 4006131.56414
    -11298601.3702 4006134.78037
    -11298582.5572 4006134.91438
    -11298563.7442 4006135.1824
    -11297079.4101 4006148.04732
    -11295130.4284 4006170.69499
END
END
