48111 Dallam County
1
    -11470506.1599 4332190.31395
    -11470508.3863 4333606.29154
    -11470500.9279 4335080.01643
    -11470518.2937 4338312.78521
    -11470519.0729 4338523.90978
    -11470522.5238 4339524.90916
    -11470527.7559 4340578.34426
    -11470527.7559 4340589.531
    -11470529.4256 4340926.38164
    -11470529.6483 4340962.56712
    -11470537.552 4342564.79429
    -11470537.6633 4342579.71269
    -11470545.9009 4344248.63272
    -11470546.6802 4344401.98575
    -11470554.5839 4344503.25521
    -11470539.7784 4349037.73204
    -11470535.2143 4350468.78133
    -11470535.1029 4350516.19595
    -11470534.8803 4350563.61079
    -11470534.8803 4350578.67852
    -11470534.8803 4350593.74628
    -11470537.552 4352348.10881
    -11470539.667 4353017.57931
    -11470539.7784 4353037.21331
    -11470543.1179 4354016.05544
    -11470536.8841 4354107.45915
    -11470537.6633 4354135.8069
    -11470539.4444 4354206.19262
    -11470539.5557 4354292.89629
    -11470540.001 4354963.73252
    -11470540.6689 4355351.37354
    -11470541.7821 4356316.73371
    -11470542.45 4356918.26057
    -11470542.45 4356960.03259
    -11470538.6652 4357452.59514
    -11470539.1104 4358889.60698
    -11470539.1104 4358930.00324
    -11470539.2218 4359335.35765
    -11470539.3331 4359697.83769
    -11470539.5557 4360848.72371
    -11470539.667 4361261.34596
    -11470540.335 4364151.94521
    -11470540.4463 4364352.36607
    -11470544.1198 4364511.26593
    -11470544.7877 4364539.64115
    -11470546.1236 4366647.36863
    -11470546.1236 4366665.50469
    -11470552.8027 4367850.09119
    -11470569.278 4369214.82613
    -11470573.6195 4369575.00886
    -11470574.0648 4369643.97257
    -11470574.3987 4369688.97924
    -11470506.7165 4369693.2722
    -11470284.6341 4369699.64239
    -11468572.8743 4369698.67301
    -11468551.5009 4369698.67301
    -11468526.6767 4369698.67301
    -11468488.4941 4369698.67301
    -11467483.0565 4369697.28819
    -11466178.5033 4369695.48791
    -11466142.3245 4369695.90336
    -11466138.651 4369695.90336
    -11466134.7548 4369695.90336
    -11466133.7529 4369695.90336
    -11466132.8624 4369695.90336
    -11466130.7473 4369696.04184
    -11466104.9212 4369696.45729
    -11465961.319 4369698.25756
    -11465604.5401 4369697.28819
    -11465603.6495 4369697.28819
    -11465602.7589 4369697.28819
    -11465600.9778 4369697.28819
    -11465597.6382 4369697.28819
    -11465590.9591 4369697.28819
    -11465577.4894 4369697.28819
    -11465548.8803 4369697.28819
    -11464714.2068 4369695.76488
    -11464181.6543 4369694.7955
    -11464003.9884 4369694.51854
    -11463872.2975 4369694.38005
    -11462741.1801 4369692.4413
    -11461455.9966 4369690.0871
    -11461440.7458 4369690.0871
    -11460667.4093 4369688.70228
    -11457922.4933 4369683.71691
    -11457183.7772 4369682.47057
    -11456178.7848 4369680.6703
    -11455246.7067 4369679.00852
    -11455243.9237 4369679.00852
    -11455241.1407 4369679.00852
    -11454127.3892 4369677.06976
    -11454117.9271 4369677.06976
    -11453550.643 4369676.10039
    -11452045.7148 4369673.46923
    -11451223.0637 4369706.15107
    -11448601.1558 4369717.0912
    -11448176.2493 4369718.89147
    -11446006.2984 4369728.03134
    -11444456.9537 4369709.47465
    -11443099.9692 4369710.85948
    -11442775.9181 4369706.56651
    -11442761.6692 4369706.42803
    -11442176.6853 4369698.67301
    -11442172.2325 4369698.67301
    -11441716.4905 4369698.39605
    -11441613.7426 4369698.25756
    -11438130.2218 4369695.90336
    -11435820.899 4369733.57065
    -11432175.1856 4369703.38142
    -11432173.8498 4369703.38142
    -11429190.9327 4369705.73562
    -11429062.47 4369705.8741
    -11428714.9306 4369706.15107
    -11428703.3534 4369706.15107
    -11428625.7637 4369706.15107
    -11426178.4047 4369708.08982
    -11426176.4009 4369708.08982
    -11424214.7289 4369690.91799
    -11419626.2508 4369695.21095
    -11419102.4926 4369695.76488
    -11418117.649 4369696.73426
    -11414175.0466 4369700.47328
    -11413043.2614 4369700.61177
    -11413028.0106 4369700.61177
    -11412163.1695 4369700.75025
    -11410299.2359 4369701.02721
    -11406098.261 4369711.82885
    -11404217.9635 4369712.79823
    -11404211.173 4369712.79823
    -11402139.4059 4369713.90609
    -11397182.7943 4369716.53727
    -11396383.743 4369716.95271
    -11395385.5411 4369695.34943
    -11395383.9826 4369695.34943
    -11394158.1324 4369694.7955
    -11393310.1005 4369694.51854
    -11393299.7478 4369694.51854
    -11391380.4885 4369693.96461
    -11391178.7775 4369693.82612
    -11390176.6795 4369693.68764
    -11390168.6645 4369693.68764
    -11385920.1561 4369692.4413
    -11385341.2948 4369692.30282
    -11383595.9165 4369691.88737
    -11382470.5877 4369691.61041
    -11382468.3613 4369691.61041
    -11382072.2866 4369718.47602
    -11382071.5074 4369718.47602
    -11382070.6168 4369718.47602
    -11382063.715 4369718.89147
    -11381936.3655 4369717.36816
    -11381860.223 4369738.00211
    -11381790.7596 4369736.61728
    -11381756.6958 4369735.92486
    -11379142.9142 4369686.62504
    -11378658.2291 4369686.48656
    -11378582.4206 4369686.48656
    -11375447.775 4369686.07111
    -11372673.3593 4369685.65566
    -11372669.0179 4369644.11105
    -11372707.6457 4369349.97979
    -11372704.4175 4369167.74431
    -11372704.4175 4369064.85741
    -11372705.5307 4367922.50529
    -11372707.2005 4366350.96607
    -11372707.6457 4365904.78559
    -11372709.8721 4363894.78084
    -11372711.3193 4363252.03527
    -11372718.3324 4360079.4234
    -11372718.7777 4359188.98559
    -11372718.7777 4359185.52692
    -11372718.7777 4359091.86648
    -11372719.1117 4358364.05446
    -11372720.4475 4355897.52439
    -11372721.4494 4353863.80984
    -11372721.7833 4353279.18464
    -11372721.7833 4353247.24411
    -11372721.7833 4353237.0121
    -11372721.7833 4353234.2467
    -11372721.7833 4353232.86399
    -11372721.7833 4353232.17264
    -11372721.8946 4353231.48129
    -11372721.8946 4353225.81221
    -11372721.8946 4353206.31613
    -11372721.8946 4353157.64522
    -11372721.8946 4353118.92988
    -11372721.8946 4353108.55972
    -11372722.3399 4352348.10881
    -11372726.7927 4351381.86066
    -11372727.0153 4351336.7924
    -11372727.1267 4351305.13413
    -11372727.1267 4351304.30466
    -11372727.1267 4351302.36922
    -11372727.238 4351271.12579
    -11372727.6833 4351180.57565
    -11372728.1285 4351089.19682
    -11372729.5757 4350777.04926
    -11372743.1567 4347847.47845
    -11372742.1548 4346231.06169
    -11372740.7076 4343856.41811
    -11372741.0416 4343839.42569
    -11372741.0416 4343838.18234
    -11372766.8677 4342410.50049
    -11372753.0641 4339203.84461
    -11372752.5075 4339080.39265
    -11372752.5075 4339071.83116
    -11372750.949 4338728.41045
    -11372747.1642 4337836.14769
    -11372744.4925 4337210.14421
    -11372739.0378 4335898.60941
    -11372724.5663 4335079.87839
    -11372743.9359 4333520.1683
    -11372740.9303 4333213.77387
    -11372739.7058 4331832.07071
    -11372739.7058 4331825.9989
    -11372737.4794 4329181.77132
    -11372737.4794 4329165.9057
    -11372737.4794 4329112.2387
    -11372737.3681 4329024.63375
    -11372736.3662 4327833.69081
    -11372735.253 4326597.08666
    -11372725.0116 4324185.94326
    -11372728.1285 4324072.31574
    -11372725.0116 4324037.56581
    -11372728.1285 4321832.69072
    -11372728.2399 4317839.38666
    -11372753.2867 4316842.04888
    -11372740.5963 4310170.77996
    -11372740.5963 4310170.09136
    -11372735.4756 4308563.15942
    -11372734.8077 4308226.21454
    -11374222.4814 4308226.90301
    -11376563.8642 4308196.47246
    -11377182.0214 4308188.48618
    -11378151.9481 4308220.01827
    -11378796.2653 4308210.37963
    -11382137.1859 4308224.6999
    -11382469.3632 4308213.6843
    -11382533.4832 4308214.09739
    -11384138.599 4308223.46064
    -11386150.5875 4308242.04948
    -11387137.1008 4308251.13736
    -11387979.4554 4308243.42643
    -11388134.4121 4308242.04948
    -11389852.7398 4308252.37662
    -11390131.2611 4308253.61588
    -11393058.5185 4308271.79168
    -11393863.1357 4308276.74872
    -11394685.2302 4308281.84346
    -11395847.8509 4308268.76237
    -11395855.198 4308268.76237
    -11396187.2641 4308270.41472
    -11396384.8562 4308247.41959
    -11398835.6661 4308240.53483
    -11399775.8705 4308247.97037
    -11399829.7491 4308250.99967
    -11399830.9736 4308250.99967
    -11399837.4302 4308251.27506
    -11400345.047 4308251.96353
    -11400835.966 4308252.65201
    -11401818.9171 4308253.89127
    -11403806.0813 4308256.36978
    -11404799.1625 4308257.47135
    -11407016.5355 4308260.22526
    -11407267.5609 4308253.89127
    -11407780.2985 4308231.99773
    -11409769.9117 4308229.24383
    -11409798.0756 4308229.24383
    -11409830.8035 4308229.24383
    -11410260.3854 4308223.32294
    -11410269.0683 4308220.70674
    -11410300.6831 4308211.2058
    -11410302.6868 4308211.2058
    -11410305.3585 4308211.2058
    -11410310.5905 4308211.2058
    -11410320.4979 4308211.2058
    -11410338.643 4308211.2058
    -11410342.3166 4308211.2058
    -11410343.3184 4308211.0681
    -11410344.209 4308211.0681
    -11410345.9901 4308211.0681
    -11410352.1127 4308211.0681
    -11410360.573 4308211.0681
    -11410369.3672 4308211.0681
    -11410639.317 4308210.10424
    -11410862.9578 4308210.37963
    -11410869.5257 4308210.37963
    -11410876.3162 4308210.37963
    -11410983.6281 4308210.24193
    -11411012.9052 4308209.82885
    -11411102.2947 4308210.24193
    -11411507.1637 4308209.82885
    -11411558.7046 4308209.82885
    -11411634.0679 4308209.27807
    -11411760.3042 4308209.14037
    -11411864.054 4308209.14037
    -11412002.6468 4308209.00268
    -11412132.6679 4308208.86499
    -11412265.9174 4308208.72729
    -11412397.497 4308208.5896
    -11412538.3162 4308208.4519
    -11412678.4674 4308208.31421
    -11412820.3997 4308208.31421
    -11412966.7849 4308208.17651
    -11413107.8267 4308208.03882
    -11413237.0686 4308207.90112
    -11413378.667 4308207.76343
    -11413514.3654 4308207.62573
    -11413645.4998 4308207.48804
    -11413740.4553 4308208.86499
    -11414671.3089 4308206.66187
    -11414673.3127 4308206.66187
    -11414724.1857 4308208.4519
    -11414885.0423 4308208.4519
    -11418823.0806 4308206.52417
    -11418825.0844 4308206.52417
    -11418913.6947 4308206.52417
    -11419719.3139 4308223.87372
    -11419721.095 4308223.87372
    -11419723.6553 4308223.87372
    -11419728.8873 4308224.01142
    -11419746.9211 4308224.42451
    -11419753.3776 4308224.5622
    -11423729.5985 4308229.24383
    -11423731.0457 4308229.24383
    -11424229.9796 4308234.61394
    -11429677.1763 4308228.41766
    -11430210.508 4308227.04071
    -11430259.3772 4308227.04071
    -11433674.7705 4308217.81515
    -11434546.8474 4308215.61203
    -11435427.2733 4308214.78586
    -11435538.5927 4308226.35223
    -11435580.5602 4308251.68814
    -11436043.204 4308231.58465
    -11438130.8897 4308212.03196
    -11440414.3864 4308213.822
    -11445156.1515 4308217.26437
    -11448386.0865 4308212.99583
    -11451207.0337 4308209.27807
    -11452021.8924 4308227.04071
    -11452035.9186 4308227.59149
    -11452036.9205 4308227.59149
    -11452037.6998 4308227.72918
    -11452038.479 4308227.72918
    -11452046.9393 4308228.00457
    -11452057.0693 4308228.27996
    -11452058.0712 4308228.27996
    -11452073.322 4308228.83074
    -11452074.1012 4308228.83074
    -11452074.8805 4308228.83074
    -11452075.771 4308228.83074
    -11452076.7729 4308228.83074
    -11452077.6634 4308228.83074
    -11452078.7766 4308228.83074
    -11455921.1915 4308219.32979
    -11455922.0821 4308219.32979
    -11455936.5536 4308219.32979
    -11456997.9849 4308216.71359
    -11457007.7811 4308216.71359
    -11457916.5934 4308214.51047
    -11461742.199 4308205.14723
    -11463871.4069 4308200.05252
    -11463941.7608 4308200.05252
    -11465961.7643 4308198.95097
    -11466521.1447 4308219.60518
    -11468626.3076 4308221.8083
    -11470452.0586 4308223.73603
    -11470448.3851 4312107.70532
    -11470448.3851 4312122.71947
    -11470450.7228 4312491.46784
    -11470450.8341 4312500.97254
    -11470454.6189 4313140.5616
    -11470464.3037 4314675.83973
    -11470470.649 4315676.69821
    -11470472.2074 4315916.31724
    -11470484.3413 4317839.52448
    -11470485.3431 4318518.5716
    -11470485.3431 4318523.53334
    -11470488.2374 4320455.19951
    -11470488.2374 4320486.3538
    -11470490.0185 4321675.52213
    -11470491.2431 4322463.31822
    -11470491.3544 4322543.83824
    -11470494.4713 4324544.20875
    -11470494.4713 4324548.62164
    -11470494.4713 4324553.72405
    -11470497.5883 4326570.88018
    -11470503.8222 4330584.79806
    -11470503.8222 4330603.83931
    -11470506.1599 4332174.30591
    -11470506.1599 4332190.31395
END
END
