48115 Dawson County
1
    -11377408.5565 3855874.52376
    -11377412.1188 3856168.73795
    -11377422.8054 3857051.95372
    -11377426.3676 3857346.32956
    -11377427.9261 3857495.83561
    -11377432.9355 3857944.49743
    -11377434.6053 3858094.14337
    -11377437.4996 3858361.81719
    -11377446.1825 3859164.74276
    -11377449.0768 3859432.70553
    -11377451.5258 3859630.67107
    -11377459.0956 3860225.11698
    -11377461.6559 3860423.22816
    -11377463.9936 3860622.79843
    -11377471.0068 3861222.45595
    -11377473.4558 3861422.30444
    -11377469.7822 3861816.18796
    -11377466.4427 3862180.17132
    -11377470.2275 3862998.18219
    -11377472.12 3863392.38311
    -11377473.4558 3863694.85984
    -11377477.7973 3864602.73378
    -11377479.2444 3864905.37397
    -11377479.801 3864993.67858
    -11377481.4708 3865258.86119
    -11377482.0274 3865347.30086
    -11377482.8066 3865466.98672
    -11377484.2538 3865683.98666
    -11377484.5877 3865826.31642
    -11377485.033 3865946.40436
    -11377486.9254 3866527.13355
    -11377492.6027 3868269.75778
    -11377494.6065 3868850.73398
    -11377494.7178 3868896.55644
    -11377495.1631 3869034.28975
    -11377495.3857 3869080.37779
    -11377497.3895 3869442.99635
    -11377503.4007 3870503.36874
    -11377503.5121 3870531.18394
    -11377505.4045 3870894.11211
    -11377506.0724 3870969.48071
    -11377508.1875 3871195.45696
    -11377508.9667 3871271.09241
    -11377508.7441 3871276.39089
    -11377508.5214 3871293.21356
    -11377508.5214 3871298.77697
    -11377509.3007 3871400.50832
    -11377509.412 3871400.64079
    -11377509.6346 3871428.45811
    -11377509.8573 3871456.01057
    -11377509.8573 3871456.14303
    -11377509.9686 3871461.97144
    -11377510.0799 3871470.05175
    -11377510.0799 3871478.13206
    -11377513.4195 3871846.12323
    -11377514.4214 3871981.37413
    -11377516.7591 3872277.05047
    -11377518.5402 3872388.06349
    -11377520.8779 3872523.58558
    -11377524.3288 3872732.23701
    -11377534.9041 3873358.21349
    -11377538.4664 3873567.01221
    -11377540.1362 3873907.37796
    -11377543.2531 3874491.41502
    -11377552.1587 3874928.66683
    -11377559.2831 3875269.2045
    -11377575.4244 3876061.62216
    -11377588.1149 3876677.43911
    -11377637.5407 3878439.06314
    -11377646.001 3878736.49247
    -11377655.7971 3879231.82709
    -11377656.6877 3879276.49704
    -11377659.3593 3879411.17068
    -11377660.2499 3879456.10642
    -11377662.1423 3879554.32939
    -11377668.0423 3879849.13578
    -11377670.046 3879947.4946
    -11377671.9384 3880042.40766
    -11377677.6157 3880327.68169
    -11377679.5082 3880422.86295
    -11377680.51 3880526.66178
    -11377683.5157 3880838.19635
    -11377684.6289 3880942.26399
    -11377686.41 3881048.05599
    -11377691.976 3881365.30513
    -11377693.8684 3881471.36609
    -11377702.8853 3881987.23377
    -11377720.1398 3882968.91658
    -11377734.3887 3883535.23799
    -11377747.5244 3884051.19636
    -11377752.7564 3884236.05049
    -11377754.2035 3884479.38875
    -11377762.3299 3885764.72278
    -11377765.1129 3886193.24296
    -11377767.1166 3886516.86498
    -11377770.1222 3886992.3668
    -11377778.2486 3887488.0499
    -11377783.5919 3887811.84029
    -11377783.5919 3887825.90103
    -11377783.9258 3887868.21602
    -11377784.0372 3887882.54213
    -11377785.373 3888095.7114
    -11377789.3805 3888735.24249
    -11377790.7163 3888948.42727
    -11377791.9409 3889070.60897
    -11377795.837 3889437.1617
    -11377797.1729 3889559.34849
    -11377797.7295 3889618.784
    -11377799.7332 3889797.62303
    -11377800.4011 3889857.3251
    -11376729.619 3889863.29532
    -11376023.0741 3889867.27547
    -11375775.0543 3889870.06157
    -11374793.773 3889881.60402
    -11374791.4353 3889881.60402
    -11373443.3563 3889897.65733
    -11372905.0152 3889898.85138
    -11371962.807 3889901.50482
    -11371693.8591 3889902.16818
    -11371288.0996 3889903.36223
    -11370968.8353 3889905.61765
    -11370288.6732 3889910.52652
    -11370286.1129 3889910.52652
    -11370284.1091 3889910.52652
    -11370265.6301 3889910.65919
    -11370263.4037 3889910.65919
    -11369369.7308 3889917.29281
    -11369048.2401 3889919.68091
    -11369040.893 3889919.68091
    -11368552.9797 3889923.26306
    -11368447.5602 3889901.77016
    -11367845.2104 3889907.74041
    -11366854.133 3889917.8235
    -11366620.5847 3889920.34427
    -11366453.2715 3889921.93634
    -11366369.2253 3889922.73237
    -11366333.0464 3889923.13039
    -11366259.019 3889923.79375
    -11366245.5493 3889923.92642
    -11366232.191 3889924.05909
    -11366219.5005 3889924.19177
    -11366206.6988 3889924.32444
    -11366202.3573 3889924.32444
    -11366196.7914 3889924.32444
    -11366181.9859 3889924.45711
    -11365929.068 3889926.84521
    -11365927.8435 3889926.84521
    -11365582.4191 3889930.56004
    -11364013.5935 3889945.81738
    -11364012.8143 3889945.81738
    -11363987.8787 3889946.2154
    -11363388.7572 3889952.84903
    -11363072.1646 3889956.29852
    -11362103.2397 3889966.77967
    -11362087.0984 3889967.17769
    -11361133.4243 3889977.52617
    -11359810.0582 3889991.98753
    -11359225.9649 3889996.89644
    -11358270.1757 3890004.85683
    -11358260.3796 3890005.12218
    -11357656.1374 3890010.29643
    -11356811.8904 3890017.59347
    -11356348.9126 3890023.03308
    -11356338.7825 3890023.16575
    -11356138.2961 3890025.68655
    -11356049.1292 3890026.88061
    -11355959.9623 3890027.80933
    -11355959.9623 3890027.942
    -11355876.6953 3890029.00339
    -11355793.4284 3890029.9321
    -11355793.2057 3890029.9321
    -11355649.6036 3890031.78953
    -11354780.1984 3890038.15786
    -11354637.2641 3890039.21925
    -11354409.6158 3890040.28064
    -11354356.6277 3890040.54599
    -11353894.9858 3890042.5361
    -11353449.8191 3890044.39353
    -11352485.5697 3890048.63909
    -11351531.673 3890052.88465
    -11350749.7649 3890056.33417
    -11350576.5517 3890057.13021
    -11348660.7433 3890065.48867
    -11348648.9434 3890065.62134
    -11346753.8404 3890074.24515
    -11345325.834 3890080.61351
    -11345275.5176 3890080.74618
    -11345225.2012 3890081.01153
    -11344824.451 3890082.86897
    -11344195.7185 3890085.65512
    -11342808.3437 3890091.89081
    -11341646.8362 3890097.06511
    -11340883.9637 3890100.38197
    -11340872.6091 3890100.51464
    -11340722.2165 3890100.91266
    -11340323.2474 3890110.33255
    -11339905.354 3890119.88511
    -11338925.6312 3890126.51884
    -11337938.5613 3890132.88722
    -11337434.9519 3890136.20409
    -11337409.6824 3890136.33677
    -11336854.1981 3890140.05166
    -11336736.1995 3890140.84771
    -11336697.6829 3890141.11306
    -11336353.1491 3890143.50121
    -11335956.5177 3890146.02203
    -11335951.8423 3890145.88935
    -11335807.127 3890147.08343
    -11335688.3491 3890148.2775
    -11335686.9019 3890148.01215
    -11335465.9327 3890149.3389
    -11335016.3133 3890152.39042
    -11335015.2001 3890152.65577
    -11334892.0808 3890153.45182
    -11334288.3952 3890157.56475
    -11334041.7112 3890159.9529
    -11333531.0887 3890165.2599
    -11333085.3654 3890169.90353
    -11333081.8032 3890169.90353
    -11332185.9039 3890178.92544
    -11332125.1235 3890178.39474
    -11331149.4082 3890164.46385
    -11330186.0493 3890150.79832
    -11329426.739 3890155.44195
    -11329219.1282 3890156.7687
    -11328277.4766 3890162.47372
    -11328172.8363 3890163.1371
    -11328110.8313 3890163.53512
    -11327891.198 3890164.99455
    -11327735.0167 3890167.9134
    -11327708.7453 3890166.98467
    -11327708.634 3890166.98467
    -11327290.4067 3890168.84212
    -11326805.6103 3890171.76098
    -11326312.465 3890199.35744
    -11325351.1099 3890205.06249
    -11325345.5439 3890205.06249
    -11324220.7717 3890212.35964
    -11323279.6768 3890255.08127
    -11322297.9502 3890251.23366
    -11321554.2247 3890247.91676
    -11321554.1133 3890247.91676
    -11321270.36 3890246.32465
    -11321213.921 3890246.72268
    -11320949.5372 3890244.59986
    -11320661.665 3890243.53845
    -11320372.3456 3890240.75226
    -11320221.953 3890239.69085
    -11320227.0737 3889274.38063
    -11320224.1794 3888318.43565
    -11320218.6134 3886402.53519
    -11320215.7191 3885429.18556
    -11320212.2682 3884236.44832
    -11320207.8154 3882737.54283
    -11320206.3683 3882234.76814
    -11320204.0306 3881304.18793
    -11320200.8023 3880227.99407
    -11320196.3495 3878737.42029
    -11320177.9818 3878166.4262
    -11320175.4214 3876747.14627
    -11320177.0912 3876685.65553
    -11320175.4214 3875752.20188
    -11320172.7498 3874309.09907
    -11320172.7498 3874250.13848
    -11320167.7404 3873325.35718
    -11320166.6272 3873093.11335
    -11320165.1801 3872798.07889
    -11320164.7348 3872703.09182
    -11320164.5121 3872643.4769
    -11320163.8442 3872523.32063
    -11320163.6216 3872470.72781
    -11320159.0575 3871401.96542
    -11320154.716 3870370.51895
    -11320146.3671 3868333.19099
    -11320146.1444 3868269.09564
    -11320145.5878 3868121.04202
    -11320139.5766 3867311.15013
    -11320123.3239 3865114.28761
    -11320121.5428 3864866.58369
    -11320115.4202 3864142.83089
    -11320112.4146 3863782.75826
    -11320103.0638 3862909.49542
    -11320101.9506 3862778.58438
    -11320097.0525 3862393.27224
    -11320094.3809 3862181.23019
    -11320095.1601 3861749.48095
    -11320096.0507 3861293.65986
    -11320090.1507 3860681.69083
    -11320079.6867 3859596.26506
    -11320076.6811 3858800.19084
    -11320076.3471 3858695.9218
    -11320074.1207 3858414.34707
    -11320073.4528 3858289.70476
    -11320074.0094 3857609.62024
    -11320070.3358 3857045.60322
    -11320063.434 3856327.35736
    -11320054.6398 3855066.39851
    -11320052.5247 3854771.0213
    -11320047.0701 3853983.60532
    -11320044.2871 3853574.77288
    -11320043.6192 3853465.39176
    -11320039.2777 3852761.11806
    -11320033.3778 3851904.93649
    -11320030.7061 3851512.17702
    -11320024.5835 3850628.58204
    -11320022.8024 3850287.30092
    -11320020.1308 3849774.93494
    -11320016.3459 3849217.10934
    -11320012.0044 3848566.76473
    -11320007.2177 3847858.9491
    -11320000.3159 3846841.98449
    -11319999.0914 3846465.12303
    -11319998.9801 3846449.39319
    -11319998.8687 3846427.84731
    -11319996.531 3846079.02102
    -11319993.748 3845648.25655
    -11319993.5254 3845639.40086
    -11319994.6386 3845430.17067
    -11319994.7499 3845379.9454
    -11319996.1971 3845011.72138
    -11319994.082 3844568.04385
    -11319990.2971 3843751.30833
    -11319989.5179 3843612.15173
    -11319988.85 3843456.08156
    -11319984.6198 3842564.63127
    -11319982.95 3842195.70202
    -11319982.2821 3842056.43157
    -11319979.1652 3841400.66686
    -11319976.9388 3840965.44835
    -11319976.7162 3840913.12808
    -11319970.1483 3839503.34228
    -11319969.1464 3839285.76588
    -11319966.1408 3838643.62837
    -11319963.2465 3838003.90327
    -11319962.4673 3837843.54811
    -11319958.3484 3836949.08614
    -11319957.6805 3836798.783
    -11319957.0126 3836665.65141
    -11319956.5673 3836655.74584
    -11319956.9013 3836636.06681
    -11319956.5673 3836558.67175
    -11319955.6768 3836388.82701
    -11319951.7806 3835521.01915
    -11319947.6618 3834678.49673
    -11319941.0939 3833247.27025
    -11319938.5336 3832702.1054
    -11319938.7562 3832453.36329
    -11319977.718 3832453.36329
    -11320094.8261 3832454.15545
    -11320133.8993 3832454.41951
    -11320233.9755 3832454.81559
    -11320534.4268 3832456.66397
    -11320634.6143 3832457.32411
    -11320677.2497 3832457.45614
    -11320798.0314 3832458.2483
    -11320805.1558 3832458.2483
    -11320847.7912 3832459.17249
    -11321089.7997 3832463.92548
    -11321106.8316 3832464.05751
    -11321716.4172 3832465.24575
    -11321758.9412 3832465.37778
    -11322278.024 3832466.96211
    -11322307.301 3832466.69806
    -11322396.0226 3832466.434
    -11322425.6336 3832466.434
    -11322433.76 3832466.30197
    -11322458.2502 3832466.30197
    -11322466.4879 3832466.30197
    -11322488.6405 3832466.30197
    -11322556.8793 3832462.47318
    -11322566.0075 3832461.94507
    -11322697.5872 3832452.04301
    -11322701.4833 3832451.77896
    -11322829.6121 3832448.21422
    -11322855.8835 3832447.29003
    -11322934.809 3832444.64949
    -11322961.1917 3832443.85732
    -11322979.6707 3832443.19719
    -11323035.4418 3832441.48083
    -11323054.1435 3832440.95272
    -11323061.7132 3832440.68867
    -11323064.9415 3832441.08475
    -11323096.1109 3832446.89395
    -11323097.3354 3832446.89395
    -11323108.3561 3832446.89395
    -11323177.2628 3832447.02598
    -11323383.9831 3832447.42206
    -11323453.0012 3832447.55409
    -11323478.9387 3832447.42206
    -11323557.0849 3832447.42206
    -11323583.1337 3832447.68611
    -11323619.3125 3832447.68611
    -11323728.9622 3832447.81814
    -11323765.5863 3832448.08219
    -11323773.1561 3832448.08219
    -11323795.8652 3832448.08219
    -11323803.5463 3832448.08219
    -11323952.937 3832448.21422
    -11324401.1093 3832449.27044
    -11324550.6114 3832449.66652
    -11324643.1179 3832449.66652
    -11324921.3053 3832450.32666
    -11325014.1458 3832450.59071
    -11325216.4133 3832450.72274
    -11325824.2177 3832451.91099
    -11326026.9305 3832452.4391
    -11326192.1286 3832451.38288
    -11326687.8343 3832448.74233
    -11326804.3858 3832448.21422
    -11326853.1437 3832447.81814
    -11326889.4339 3832447.42206
    -11326998.6383 3832446.62989
    -11327035.0398 3832446.49787
    -11327049.8453 3832446.36584
    -11327094.707 3832445.96976
    -11327109.7352 3832445.96976
    -11327198.0115 3832445.17759
    -11327463.0632 3832443.32921
    -11327551.4509 3832442.80111
    -11327643.7348 3832442.14097
    -11327920.475 3832440.02853
    -11328012.8702 3832439.50043
    -11328079.8845 3832438.84029
    -11328282.152 3832437.25596
    -11328349.5003 3832436.85988
    -11328400.0394 3832436.33177
    -11328551.5452 3832435.14353
    -11328602.1956 3832435.0115
    -11328632.3632 3832434.08731
    -11328722.7546 3832431.05069
    -11328753.1448 3832430.39055
    -11328804.2405 3832429.99447
    -11328957.8614 3832428.80623
    -11329009.0683 3832428.54217
    -11329066.6205 3832428.14609
    -11329239.277 3832426.82582
    -11329296.9405 3832426.56177
    -11329631.6782 3832424.18528
    -11330635.8914 3832417.31988
    -11330970.7404 3832415.20745
    -11331263.8446 3832413.09502
    -11332143.1573 3832406.88975
    -11332436.3728 3832405.17341
    -11332447.7274 3832405.04138
    -11332481.7912 3832404.6453
    -11332493.2571 3832404.6453
    -11332583.7598 3832403.98516
    -11332855.1567 3832402.00476
    -11332945.7708 3832401.47666
    -11332977.3855 3832401.2126
    -11333072.5637 3832400.55247
    -11333104.2897 3832400.42044
    -11333460.1782 3832396.85572
    -11334527.9547 3832386.16156
    -11334883.9544 3832382.72887
    -11334890.2997 3832382.59684
    -11334909.3353 3832382.59684
    -11334915.7918 3832382.59684
    -11335057.8355 3832381.67266
    -11335484.0778 3832379.03213
    -11335626.2328 3832378.372
    -11335784.6404 3832377.44781
    -11336259.8634 3832374.54323
    -11336418.271 3832373.75107
    -11336510.2209 3832373.09094
    -11336786.4045 3832371.24257
    -11336878.4658 3832370.97851
    -11337272.8707 3832368.60204
    -11338456.3082 3832361.60464
    -11338850.8245 3832359.49222
    -11338922.6256 3832358.30398
    -11339138.0288 3832355.13535
    -11339209.9412 3832354.21117
    -11339479.1117 3832353.02293
    -11340286.8459 3832350.11836
    -11340556.2391 3832349.3262
    -11340565.9239 3832349.3262
    -11340606.2216 3832348.13796
    -11340720.1014 3832344.96934
    -11340756.5029 3832344.57326
    -11340806.708 3832344.44123
    -11341199.1092 3832342.46084
    -11342376.6467 3832336.51967
    -11342769.2706 3832334.6713
    -11342787.193 3832334.53928
    -11343100.0008 3832332.95496
    -11344092.3027 3832328.07
    -11344423.1443 3832326.48569
    -11344484.9266 3832326.08961
    -11344670.2735 3832325.16543
    -11344732.1672 3832324.90138
    -11344792.725 3832324.37328
    -11344974.621 3832323.58112
    -11345035.2901 3832323.4491
    -11345368.1354 3832321.99681
    -11346367.0052 3832317.90401
    -11346699.9618 3832316.58375
    -11346836.5508 3832315.7916
    -11347246.3179 3832313.81121
    -11347383.0182 3832313.15108
    -11347639.4983 3832311.6988
    -11348409.3839 3832307.73802
    -11348665.9753 3832306.54979
    -11348862.4542 3832305.49359
    -11349451.8909 3832302.457
    -11349648.4811 3832301.53282
    -11349843.7355 3832300.34459
    -11350429.8327 3832297.308
    -11350625.1984 3832296.51584
    -11350824.015 3832295.45964
    -11351420.7988 3832292.42305
    -11351619.7267 3832291.49887
    -11351771.1212 3832290.57469
    -11352225.416 3832288.33026
    -11352376.9219 3832287.67013
    -11352419.5572 3832287.27406
    -11352547.7973 3832286.74596
    -11352590.544 3832286.61393
    -11352982.8339 3832284.50152
    -11354159.7035 3832278.29633
    -11354552.1047 3832276.44797
    -11354635.817 3832276.18392
    -11354895.0801 3832276.31595
    -11355924.1174 3832277.1081
    -11356267.2041 3832277.37215
    -11357648.4564 3832274.99569
    -11358524.2068 3832273.54341
    -11358763.5437 3832271.69506
    -11359481.777 3832266.41405
    -11359721.2253 3832264.82974
    -11359805.8281 3832264.56569
    -11360060.0818 3832263.77354
    -11360144.7959 3832263.64152
    -11360263.0172 3832263.11342
    -11360618.1264 3832262.05721
    -11360736.459 3832261.79316
    -11360740.0213 3832261.26506
    -11360751.7098 3832259.81279
    -11360754.4928 3832259.68076
    -11360755.606 3832259.68076
    -11360961.2131 3832258.62456
    -11361579.0363 3832257.04026
    -11361784.9773 3832256.38013
    -11361991.8089 3832255.58798
    -11362612.5264 3832253.47558
    -11362819.4693 3832252.94748
    -11363027.5255 3832252.15533
    -11363651.8052 3832250.17495
    -11363859.9726 3832249.51483
    -11364065.4684 3832248.59065
    -11364682.401 3832246.7423
    -11364888.0081 3832246.2142
    -11364890.4571 3832246.2142
    -11364891.2364 3832246.2142
    -11364901.2551 3832246.61027
    -11364904.5947 3832246.7423
    -11364938.9924 3832248.19458
    -11365515.0708 3832246.34622
    -11367346.833 3832240.66915
    -11367957.5318 3832238.8208
    -11368376.6496 3832232.61563
    -11368551.1986 3832230.23918
    -11369634.2259 3832225.61831
    -11370053.7891 3832224.03401
    -11370672.3915 3832221.39352
    -11372528.1987 3832214.00013
    -11373146.9125 3832211.49167
    -11373171.0688 3832211.35964
    -11373243.8717 3832211.09559
    -11373268.2507 3832211.09559
    -11375210.7758 3832203.43817
    -11376944.4656 3832196.57289
    -11376968.7332 3832196.30884
    -11376993.0009 3832196.30884
    -11377058.4567 3832196.17682
    -11377080.6093 3832196.17682
    -11377094.8582 3832195.91277
    -11377138.3841 3832195.78074
    -11377152.8557 3832195.78074
    -11377152.967 3832207.66295
    -11377153.3009 3832243.30965
    -11377153.5236 3832255.32393
    -11377154.3028 3832278.1643
    -11377156.7518 3832346.68568
    -11377157.6424 3832369.79028
    -11377158.533 3832462.47318
    -11377161.2046 3832740.52623
    -11377162.0952 3832833.34406
    -11377164.0989 3833042.48391
    -11377170.2215 3833669.92558
    -11377172.3366 3833879.21223
    -11377173.6724 3834018.38659
    -11377177.6799 3834436.18358
    -11377179.1271 3834575.62858
    -11377181.1308 3834782.55425
    -11377187.1421 3835403.485
    -11377189.2571 3835610.55718
    -11377190.259 3835711.32129
    -11377193.2646 3836014.54324
    -11377194.2665 3836115.57492
    -11377197.1608 3836411.80742
    -11377205.9551 3837300.54933
    -11377208.9607 3837596.81145
    -11377210.9644 3837804.58239
    -11377216.9757 3838428.04917
    -11377218.9794 3838635.96679
    -11377220.9832 3838842.30287
    -11377226.9944 3839461.8611
    -11377229.1095 3839668.47578
    -11377229.1095 3839686.04612
    -11377229.3321 3839738.88941
    -11377229.4435 3839756.59196
    -11377230.4453 3839858.31611
    -11377233.7849 3840164.55069
    -11377234.8981 3840266.54256
    -11377237.5698 3840550.59192
    -11377245.9187 3841403.17727
    -11377248.7017 3841687.38603
    -11377250.9281 3841909.6312
    -11377257.6073 3842576.12746
    -11377259.8337 3842798.65359
    -11377261.9488 3842994.09419
    -11377268.4053 3843580.96396
    -11377270.6317 3843776.81394
    -11377274.7505 3844199.8451
    -11377287.4409 3845469.69017
    -11377289.222 3845647.19915
    -11377291.8937 3845893.04621
    -11377294.2314 3846104.26729
    -11377301.5785 3846737.82095
    -11377304.1388 3846949.1893
    -11377304.3615 3846975.62713
    -11377305.3634 3847055.20536
    -11377305.6973 3847081.90782
    -11377308.2577 3847305.17968
    -11377316.05 3847975.41716
    -11377316.1613 3847978.45777
    -11377318.7217 3848198.83809
    -11377320.2802 3848334.61134
    -11377325.0669 3848742.07264
    -11377326.7367 3848878.11655
    -11377331.1895 3849268.1442
    -11377344.8818 3850438.83328
    -11377349.4459 3850829.04467
    -11377354.9005 3851304.82644
    -11377371.5985 3852732.68348
    -11377377.1644 3853208.67418
    -11377379.5021 3853411.42903
    -11377386.6266 3854020.24354
    -11377389.0756 3854223.27686
    -11377392.9718 3854553.4284
    -11377404.6603 3855544.07071
    -11377408.5565 3855874.52376
END
END
