48127 Dimmit County
1
    -11064703.8692 3302827.43295
    -11064701.7542 3302573.51309
    -11064701.6429 3302558.82993
    -11064701.3089 3302486.5536
    -11064701.1976 3302470.35161
    -11064701.1976 3302469.59214
    -11064701.1976 3302468.57952
    -11064701.1976 3302466.80742
    -11064701.1976 3302464.02271
    -11064701.1976 3302460.85826
    -11064701.1976 3302458.07355
    -11064701.1976 3302455.79514
    -11064701.0863 3302455.16226
    -11064701.0863 3302454.27621
    -11064700.9749 3302420.98627
    -11064700.8636 3302388.96219
    -11064700.307 3302264.15761
    -11064699.1938 3302011.38759
    -11064693.7392 3301356.25824
    -11064692.9599 3301270.69889
    -11064692.5147 3301219.31291
    -11064688.8411 3300777.35103
    -11064688.7298 3300769.25106
    -11064686.8374 3300538.65717
    -11064682.3846 3299975.2249
    -11064682.3846 3299970.03617
    -11064681.828 3299902.9625
    -11064681.6053 3299877.65177
    -11064681.6053 3299875.24726
    -11064681.6053 3299873.60206
    -11064681.494 3299872.96929
    -11064681.494 3299871.07099
    -11064681.494 3299868.16026
    -11064680.8261 3299795.64533
    -11064680.1582 3299714.65181
    -11064679.9356 3299686.93695
    -11064679.8242 3299677.57213
    -11064679.8242 3299673.90213
    -11064675.4828 3299149.10287
    -11064674.7035 3299056.47104
    -11064674.5922 3299049.38448
    -11064674.3696 3299021.29136
    -11064674.3696 3299020.40554
    -11064674.3696 3299016.98881
    -11064673.9243 3298961.68858
    -11064671.364 3298612.42923
    -11064657.2264 3297098.31796
    -11064654.8887 3296826.03394
    -11064653.8868 3296704.69726
    -11064651.1038 3296369.54042
    -11064631.8455 3294976.1166
    -11064627.0588 3294976.74913
    -11064559.5992 3293149.85477
    -11064535.5542 3293146.56602
    -11064543.2352 3292477.32371
    -11064543.2352 3292474.2881
    -11064550.9163 3291811.78258
    -11064562.0482 3290838.82633
    -11064564.4972 3290626.36118
    -11064564.8312 3290595.75636
    -11064564.8312 3290594.99756
    -11064568.0595 3290296.54098
    -11064581.7518 3289163.47803
    -11064597.3365 3287347.10924
    -11064597.0025 3287338.00589
    -11064606.4647 3286829.23935
    -11064607.3552 3286753.76047
    -11064609.025 3286604.95326
    -11064609.1364 3286596.86183
    -11064609.1364 3286594.96541
    -11064613.7005 3286187.4927
    -11064613.7005 3286186.22846
    -11064615.3703 3286044.00153
    -11064615.5929 3286022.63601
    -11064615.7042 3286020.48682
    -11064615.7042 3286019.72828
    -11064615.7042 3286018.96974
    -11064615.7042 3286017.19982
    -11064615.7042 3286016.18844
    -11064625.055 3285223.03387
    -11064630.7323 3284697.78749
    -11064640.4171 3283815.34386
    -11064650.1019 3282932.1997
    -11064652.217 3282757.27147
    -11064660.566 3282066.42831
    -11064675.5941 3280817.66689
    -11064675.1488 3280794.6668
    -11064668.247 3280584.88761
    -11064622.8287 3279166.689
    -11064619.6004 3279066.4869
    -11064619.3778 3279059.15815
    -11064619.2664 3279055.49378
    -11064619.2664 3279054.73563
    -11064619.1551 3279054.10385
    -11064619.1551 3279053.3457
    -11064619.0438 3279049.42861
    -11064618.2646 3279025.6734
    -11064618.0419 3279019.10282
    -11064618.0419 3279018.21832
    -11064618.0419 3279016.82838
    -11064617.9306 3279013.41674
    -11064617.708 3279006.84616
    -11064616.0382 3278954.53437
    -11064610.9175 3278795.57853
    -11064610.3609 3278779.91049
    -11064601.9006 3278462.38385
    -11064524.8675 3275409.80928
    -11064521.5279 3275277.0439
    -11064517.9657 3275138.7217
    -11064509.1715 3274797.15405
    -11064560.3784 3274796.90142
    -11064713.9993 3274796.64878
    -11064765.3176 3274796.64878
    -11064868.6221 3274795.51192
    -11065178.5356 3274792.10134
    -11065281.9514 3274791.0908
    -11065417.7611 3274789.57498
    -11065825.4131 3274785.15387
    -11065961.3342 3274783.76437
    -11066063.9708 3274782.62751
    -11066371.9918 3274779.34325
    -11066474.7397 3274778.33271
    -11066576.2631 3274777.19585
    -11066880.9445 3274774.03791
    -11066982.5792 3274773.02737
    -11067086.4403 3274771.89052
    -11067398.0236 3274768.60626
    -11067501.996 3274767.59572
    -11067662.5187 3274765.82727
    -11068144.4207 3274760.77457
    -11068305.0548 3274759.13245
    -11068442.423 3274757.61664
    -11068854.8617 3274753.32185
    -11068992.3413 3274751.93236
    -11068995.9035 3274751.80604
    -11069006.8128 3274751.80604
    -11069010.4864 3274751.80604
    -11069243.1441 3274749.27969
    -11069941.4513 3274741.95329
    -11070174.2203 3274739.55326
    -11070264.7231 3274738.54272
    -11070536.454 3274735.63742
    -11070627.068 3274734.7532
    -11070865.5144 3274732.22686
    -11071580.8534 3274724.52151
    -11071819.4111 3274722.12149
    -11071821.1922 3274722.12149
    -11071826.7582 3274722.12149
    -11071828.6506 3274722.12149
    -11072248.6591 3274717.57407
    -11073508.907 3274704.18447
    -11073929.0268 3274699.8897
    -11073982.2375 3274699.25811
    -11074141.8696 3274697.61599
    -11074160.0147 3274697.48968
    -11074195.0804 3274696.35282
    -11074288.8114 3274692.94227
    -11074570.0044 3274682.83693
    -11074663.8467 3274679.55269
    -11074907.9704 3274670.71053
    -11075640.6753 3274644.31038
    -11075884.9102 3274635.59455
    -11075887.8045 3274635.46824
    -11075896.5988 3274635.08929
    -11075899.6044 3274635.08929
    -11076279.0925 3274621.44714
    -11076523.5501 3274618.54187
    -11078395.944 3274596.94183
    -11079020.1124 3274589.86814
    -11079244.0872 3274587.2155
    -11079916.1229 3274579.51024
    -11080140.2091 3274576.98392
    -11080411.0494 3274573.95235
    -11081223.9043 3274565.11025
    -11081494.856 3274562.20499
    -11081775.3811 3274559.0471
    -11082617.2904 3274550.0787
    -11082897.9268 3274547.04713
    -11083044.5346 3274545.40503
    -11083484.4692 3274540.60504
    -11083631.1883 3274539.08926
    -11083780.3564 3274537.32084
    -11084227.9721 3274532.26823
    -11084377.2515 3274530.62613
    -11084507.8293 3274529.11034
    -11084900.0079 3274524.94194
    -11085030.6969 3274523.55247
    -11085095.0396 3274522.66827
    -11085288.2902 3274520.26828
    -11085352.7442 3274519.51039
    -11085610.3375 3274516.60514
    -11086383.5627 3274508.26834
    -11086641.2673 3274505.61572
    -11086693.3649 3274504.98415
    -11086849.8801 3274503.46837
    -11086902.0889 3274502.96311
    -11086907.0983 3274502.83679
    -11086914.7793 3274502.83679
    -11086922.4604 3274502.71048
    -11086927.5811 3274502.71048
    -11086929.6961 3274502.58416
    -11086936.0413 3274502.58416
    -11086938.2677 3274502.58416
    -11086964.6505 3274502.20522
    -11087044.0213 3274501.44733
    -11087070.5153 3274501.1947
    -11087183.6159 3274499.67892
    -11087522.9177 3274495.63684
    -11087636.1296 3274494.37368
    -11087670.5273 3274494.12105
    -11087730.9738 3274492.98422
    -11088015.6178 3274488.18425
    -11088110.5733 3274486.66848
    -11088280.7808 3274484.64744
    -11088791.5146 3274478.96327
    -11088961.8334 3274477.19486
    -11088970.8503 3274477.06855
    -11088997.901 3274476.81592
    -11089007.0292 3274476.81592
    -11089035.9722 3274476.43697
    -11089306.9239 3274475.04751
    -11090206.7193 3274470.50018
    -11090232.1002 3274470.37386
    -11090506.7253 3274467.216
    -11090552.589 3274466.58442
    -11090690.4025 3274464.94233
    -11090736.3774 3274464.56339
    -11091116.8675 3274460.395
    -11092258.6715 3274447.88986
    -11092639.2728 3274443.84779
    -11092654.4123 3274443.59516
    -11092699.8306 3274443.08991
    -11092715.0814 3274442.96359
    -11092734.0057 3274442.71096
    -11092791.1126 3274441.82676
    -11092810.2596 3274441.70045
    -11092893.0813 3274441.44782
    -11092912.8961 3274442.07939
    -11093047.4814 3274440.68993
    -11093066.4057 3274439.42679
    -11093115.6089 3274438.79522
    -11093136.203 3274438.6689
    -11093360.1778 3274436.0163
    -11093622.3352 3274433.11107
    -11094408.8074 3274424.39538
    -11094670.9648 3274421.49015
    -11094702.5796 3274420.98489
    -11094797.5351 3274419.97438
    -11094829.2612 3274419.59543
    -11094982.3255 3274417.82703
    -11095441.5184 3274413.02709
    -11095594.694 3274411.38501
    -11095668.0535 3274410.50081
    -11095888.5774 3274408.22715
    -11095962.0483 3274407.46927
    -11096004.5723 3274406.96401
    -11096132.2558 3274405.57456
    -11096174.8912 3274405.19562
    -11096237.4527 3274404.56404
    -11096425.36 3274402.79565
    -11096488.0329 3274402.29039
    -11096524.323 3274401.78513
    -11096633.1935 3274400.77462
    -11096669.595 3274400.39568
    -11096730.0415 3274399.76411
    -11096911.4922 3274398.24834
    -11096972.05 3274397.74308
    -11097187.2306 3274395.84837
    -11097833.1063 3274390.29056
    -11098048.3982 3274388.52216
    -11098194.0041 3274386.88008
    -11098631.0444 3274382.33278
    -11098776.7616 3274380.81701
    -11098878.1737 3274379.68018
    -11099182.5212 3274376.77497
    -11099284.0445 3274375.76445
    -11099318.9989 3274375.38551
    -11099320.78 3274375.38551
    -11099424.0845 3274374.375
    -11099459.1501 3274374.12237
    -11099684.4608 3274371.5961
    -11100360.504 3274364.52253
    -11100585.926 3274362.12257
    -11100627.1142 3274361.61731
    -11100750.6788 3274360.35417
    -11100791.9784 3274359.97523
    -11100798.4349 3274359.84892
    -11100818.2498 3274359.7226
    -11100824.8176 3274359.7226
    -11100850.6437 3274359.21735
    -11100928.3447 3274358.08053
    -11100954.2822 3274357.70159
    -11101042.6699 3274356.81739
    -11101307.8329 3274354.67006
    -11101396.3319 3274353.91218
    -11101468.0216 3274353.15429
    -11101683.4249 3274351.00696
    -11101755.2259 3274350.37539
    -11101820.9044 3274349.4912
    -11102018.1626 3274347.21755
    -11102074.6015 3274346.58599
    -11102083.9524 3274346.7123
    -11102216.9792 3274346.08073
    -11102616.1709 3274344.69128
    -11102749.309 3274344.18603
    -11102840.9249 3274343.80709
    -11103116.218 3274342.67027
    -11103207.9453 3274342.41764
    -11103358.8945 3274341.65976
    -11103812.0762 3274339.89137
    -11103963.1367 3274339.38611
    -11104155.6081 3274338.75455
    -11105717.9772 3274323.47062
    -11106199.6566 3274317.53389
    -11106251.5315 3274316.90233
    -11107129.063 3274306.29201
    -11107224.5751 3274306.29201
    -11107580.3522 3274300.98686
    -11108175.1323 3274294.6712
    -11108338.9946 3274292.90282
    -11108407.1221 3274292.52388
    -11108913.5145 3274287.09242
    -11109068.9165 3274285.32404
    -11109535.5678 3274280.27152
    -11109691.0811 3274278.62945
    -11109746.2956 3274277.99789
    -11109912.2729 3274276.22951
    -11109967.5987 3274275.72425
    -11110067.341 3274274.58744
    -11110366.6791 3274271.3033
    -11110466.5327 3274270.2928
    -11110573.7333 3274269.02967
    -11110895.3354 3274265.61922
    -11111002.6473 3274264.60872
    -11111140.3496 3274262.96666
    -11111553.5675 3274258.4194
    -11111691.381 3274257.02995
    -11111758.3954 3274256.27208
    -11111959.5497 3274254.12476
    -11112026.6753 3274253.4932
    -11112213.9147 3274251.47219
    -11112775.8555 3274245.91444
    -11112963.2062 3274244.01975
    -11112977.5664 3274243.64081
    -11113020.6471 3274243.00925
    -11113035.1186 3274242.88294
    -11113072.6333 3274242.37768
    -11113185.5112 3274241.11456
    -11113223.2485 3274240.73562
    -11113285.2535 3274239.85143
    -11113471.2684 3274237.45149
    -11113533.3846 3274236.69362
    -11113593.3859 3274236.06206
    -11113773.6121 3274234.5463
    -11113833.7246 3274234.16737
    -11113884.5976 3274233.5358
    -11114037.2167 3274232.02005
    -11114088.201 3274231.5148
    -11114144.306 3274230.88324
    -11114312.7324 3274229.11487
    -11114368.9487 3274228.60962
    -11114513.6641 3274226.96755
    -11114947.9214 3274222.16768
    -11115092.7481 3274220.65193
    -11115134.0476 3274220.14668
    -11115258.3915 3274219.00987
    -11115299.8023 3274218.63093
    -11115430.9367 3274217.11519
    -11115824.5624 3274213.07319
    -11115955.8081 3274211.68376
    -11116056.5522 3274210.54695
    -11116358.7846 3274207.26283
    -11116459.6401 3274206.25233
    -11116531.8865 3274205.36814
    -11116748.7368 3274203.09452
    -11116821.0945 3274202.33665
    -11116860.8355 3274201.8314
    -11116980.17 3274200.56828
    -11117020.0224 3274200.18934
    -11117049.5221 3274199.8104
    -11117138.1324 3274198.7999
    -11117167.7434 3274198.54728
    -11117277.8384 3274197.28416
    -11117608.4572 3274193.74742
    -11117718.6635 3274192.61061
    -11117768.312 3274191.97905
    -11117917.5915 3274190.4633
    -11117967.3513 3274189.95805
    -11118004.7546 3274189.70543
    -11118070.7671 3274221.2835
    -11118138.8946 3274220.273
    -11118670.3339 3274213.07319
    -11118847.5545 3274210.67326
    -11118881.8409 3274210.0417
    -11118984.8114 3274208.65226
    -11119019.2092 3274208.27332
    -11119172.7187 3274206.12602
    -11119633.5814 3274200.06303
    -11119787.3136 3274198.04203
    -11120040.4542 3274194.50529
    -11120799.8757 3274184.27401
    -11121053.1276 3274180.86358
    -11121267.4176 3274178.96891
    -11121910.2876 3274173.53749
    -11122124.689 3274171.76912
    -11122297.2342 3274169.62182
    -11122814.8698 3274163.30622
    -11122987.5264 3274161.28523
    -11123439.7061 3274155.6012
    -11124796.6907 3274138.67543
    -11125248.9818 3274133.11772
    -11125297.8511 3274132.61248
    -11125444.9041 3274131.47567
    -11125493.8847 3274131.09674
    -11125713.1841 3274128.31788
    -11126371.1936 3274120.23395
    -11126590.6043 3274117.58141
    -11126795.8775 3274114.92887
    -11127411.9195 3274107.4765
    -11127617.304 3274104.95027
    -11127785.953 3274102.80298
    -11128292.3454 3274096.61372
    -11128461.1057 3274094.59274
    -11128971.3943 3274088.15087
    -11130502.4825 3274069.33052
    -11131012.8824 3274063.14129
    -11131473.6338 3274057.58361
    -11131975.5734 3274051.647
    -11132855.9992 3274049.3734
    -11133316.8619 3274048.36292
    -11133521.5785 3274047.98398
    -11134136.062 3274047.35243
    -11134340.8899 3274047.09981
    -11134357.3652 3274046.72088
    -11134407.125 3274046.08932
    -11134423.7116 3274045.8367
    -11134525.6803 3274044.6999
    -11134831.6975 3274041.41582
    -11134933.7775 3274040.40534
    -11135378.6102 3274035.2266
    -11136713.1083 3274019.81671
    -11137158.0523 3274014.76429
    -11137323.5843 3274012.74332
    -11137820.1806 3274007.05935
    -11137985.824 3274005.16469
    -11138059.9628 3274004.91207
    -11138282.3791 3274004.40683
    -11138356.6292 3274004.28052
    -11138412.7342 3274003.52266
    -11138581.3833 3274001.75432
    -11138637.5996 3274001.24907
    -11138833.2993 3273998.97549
    -11139420.7322 3273992.65997
    -11139616.6545 3273990.5127
    -11139679.7727 3273990.63901
    -11139869.2385 3273991.39687
    -11139932.4679 3273991.7758
    -11139988.3503 3273991.39687
    -11140156.4427 3273990.26008
    -11140212.4364 3273989.88115
    -11140255.7397 3273989.37591
    -11140385.8722 3273987.98649
    -11140429.2868 3273987.60756
    -11140544.7251 3273985.83922
    -11140891.4853 3273980.53419
    -11141007.035 3273978.89216
    -11141111.0074 3273977.12382
    -11141423.1472 3273972.32403
    -11141527.231 3273970.80831
    -11141713.6911 3273968.66104
    -11142273.4055 3273962.59816
    -11142459.977 3273960.5772
    -11142557.3815 3273959.44041
    -11142849.8178 3273956.28266
    -11142947.3337 3273955.27219
    -11143056.7608 3273953.88277
    -11143385.1533 3273949.96717
    -11143494.6916 3273948.70407
    -11143717.3306 3273946.30418
    -11144385.4702 3273939.48345
    -11144608.2205 3273937.20988
    -11144608.2205 3274163.81147
    -11144608.8884 3274677.40531
    -11144611.6714 3276780.74192
    -11144611.7827 3278386.95185
    -11144611.7827 3278465.1636
    -11144611.7827 3278521.76948
    -11144611.7827 3278802.149
    -11144611.7827 3278802.90713
    -11144611.7827 3278804.67611
    -11144611.7827 3278810.86752
    -11144611.7827 3278833.73787
    -11144611.7827 3278979.17395
    -11144611.5601 3279007.09887
    -11144611.2261 3279039.57272
    -11144611.1148 3279524.16258
    -11144611.1148 3279525.17348
    -11144611.1148 3279531.99703
    -11144611.5601 3279816.69397
    -11144612.6733 3280563.90987
    -11144612.562 3280567.95377
    -11144612.562 3280568.712
    -11144612.562 3280569.47023
    -11144612.562 3280570.35483
    -11144612.562 3280571.36581
    -11144612.562 3280572.37678
    -11144612.562 3280573.76688
    -11144612.562 3280574.65148
    -11144612.562 3280575.78883
    -11144612.562 3280577.30529
    -11144612.562 3280579.32724
    -11144612.562 3280582.10743
    -11144612.562 3280586.2777
    -11144612.562 3280593.10179
    -11144612.562 3280606.62362
    -11144612.3393 3280807.30421
    -11144612.3393 3280811.7273
    -11144612.3393 3280815.89765
    -11144612.1167 3280973.36081
    -11144610.7808 3281877.35629
    -11144610.7808 3281880.13674
    -11144610.7808 3281886.0768
    -11144611.2261 3282015.2421
    -11144614.0091 3282795.06285
    -11144616.0129 3283602.35761
    -11144617.3487 3284151.70468
    -11144617.3487 3284152.46311
    -11144621.6902 3285869.03286
    -11144621.6902 3285885.34126
    -11144621.6902 3285894.8229
    -11144622.5807 3286379.65949
    -11144623.1373 3286733.02598
    -11144623.1373 3286734.03741
    -11144624.2505 3287380.74113
    -11144625.2524 3287950.72593
    -11144625.2524 3287983.72712
    -11144626.0316 3288443.09692
    -11144626.6995 3288791.20676
    -11144626.6995 3288792.8506
    -11144627.5901 3289289.4254
    -11144627.5901 3289305.10568
    -11144627.5901 3289309.27866
    -11144628.9259 3290073.46166
    -11144629.9278 3290649.25161
    -11144630.4844 3290948.85425
    -11144630.9297 3291203.06012
    -11144631.1523 3291380.62767
    -11144631.5976 3291611.06427
    -11144631.7089 3291730.45779
    -11144631.7089 3291742.72603
    -11144631.8202 3291755.12077
    -11144631.8202 3291770.9304
    -11144631.8202 3291786.74005
    -11144632.3768 3292155.42636
    -11144621.1336 3292352.61129
    -11144622.4694 3292399.15696
    -11144623.8052 3292441.9083
    -11144623.9165 3292451.14159
    -11144625.475 3292472.39084
    -11144628.592 3292500.59674
    -11144638.6107 3292654.14919
    -11144638.6107 3292694.75107
    -11144642.5069 3292767.48062
    -11144643.2861 3292782.65901
    -11144643.9541 3293001.98865
    -11144644.1767 3293120.76207
    -11144643.8427 3293166.55147
    -11144632.4882 3294951.44769
    -11144628.8146 3295528.45887
    -11144623.9165 3296299.95436
    -11144623.9165 3296300.71348
    -11144623.9165 3296301.4726
    -11144623.9165 3296302.35824
    -11144623.9165 3296303.37039
    -11144623.9165 3296304.63559
    -11144623.9165 3296305.39471
    -11144623.9165 3296306.15383
    -11144623.9165 3296307.03947
    -11144623.9165 3296307.92511
    -11144623.9165 3296308.93727
    -11144623.9165 3296309.94943
    -11144623.9165 3296311.0881
    -11144623.9165 3296312.3533
    -11144623.9165 3296313.6185
    -11144623.9165 3296315.01022
    -11144623.9165 3296316.52846
    -11144623.9165 3296318.0467
    -11144623.9165 3296319.69146
    -11144623.9165 3296321.33622
    -11144623.9165 3296323.1075
    -11144623.9165 3296324.87878
    -11144623.9165 3296326.77658
    -11144623.9165 3296328.67438
    -11144623.9165 3296330.57218
    -11144623.9165 3296332.46998
    -11144623.9165 3296334.36778
    -11144623.9165 3296336.26559
    -11144623.9165 3296338.16339
    -11144623.9165 3296340.06119
    -11144623.9165 3296341.95899
    -11144623.9165 3296343.73028
    -11144623.9165 3296345.50156
    -11144623.9165 3296347.14632
    -11144623.9165 3296348.79109
    -11144623.9165 3296350.30933
    -11144623.9165 3296351.82757
    -11144623.9165 3296353.21929
    -11144623.9165 3296354.4845
    -11144623.9165 3296355.7497
    -11144623.9165 3296356.88838
    -11144623.9165 3296357.90055
    -11144623.9165 3296358.91271
    -11144623.9165 3296359.79835
    -11144623.9165 3296360.68399
    -11144623.9165 3296361.44312
    -11144623.9165 3296362.20224
    -11144623.9165 3296363.46744
    -11144623.9165 3296364.47961
    -11144623.9165 3296365.36525
    -11144623.9165 3296366.12437
    -11144623.9165 3296366.88349
    -11144623.9165 3296367.64261
    -11144623.9165 3296368.40174
    -11144623.4713 3296369.16086
    -11144623.1373 3296816.16502
    -11144623.1373 3296899.03892
    -11144622.5807 3297597.85709
    -11144622.5807 3297603.93063
    -11144622.5807 3297612.15522
    -11144622.4694 3297749.44331
    -11144622.4694 3297778.92564
    -11144622.0241 3298371.62274
    -11144621.6902 3298897.53047
    -11144621.4675 3299360.8171
    -11144621.2449 3299768.18341
    -11144621.2449 3299775.90312
    -11144624.8071 3301298.67015
    -11144624.8071 3301313.60506
    -11144631.4863 3304638.93507
    -11144632.7108 3305206.61481
    -11144632.7108 3305216.36331
    -11144633.49 3305927.8965
    -11144634.1579 3306530.45035
    -11144634.2693 3306616.67639
    -11144634.2693 3306623.89358
    -11144634.6032 3306886.12052
    -11144634.7145 3306949.17731
    -11144634.8259 3307027.17568
    -11144634.8259 3307044.52278
    -11144634.8259 3307076.81123
    -11144635.4938 3307675.11148
    -11144635.4938 3307698.41091
    -11144636.1617 3308279.77013
    -11144636.1617 3308308.26257
    -11144636.1617 3308318.2666
    -11144636.1617 3308320.9259
    -11144636.1617 3308322.31886
    -11144636.1617 3308323.07866
    -11144636.273 3308323.83847
    -11144636.273 3308329.41033
    -11144636.273 3308348.15209
    -11144636.9409 3308971.9637
    -11144636.9409 3308993.23916
    -11144640.2805 3309846.9446
    -11144640.3918 3309886.58541
    -11144641.7277 3310860.41853
    -11144641.7277 3310873.33759
    -11144641.7277 3310875.9974
    -11144641.7277 3310901.7089
    -11144641.839 3310992.64949
    -11144641.839 3311011.6483
    -11144641.839 3311019.6278
    -11144641.9503 3311020.2611
    -11144641.9503 3311021.27437
    -11144641.9503 3311023.30091
    -11144641.9503 3311026.84736
    -11144641.9503 3311038.24667
    -11144642.0616 3311125.00841
    -11144643.2861 3312114.63871
    -11144643.2861 3312142.75932
    -11144643.3975 3312193.04722
    -11144642.9522 3312330.35821
    -11144639.1673 3313515.67417
    -11144639.1673 3313524.28859
    -11144639.1673 3313526.06214
    -11144639.6126 3314138.84012
    -11144640.2805 3314921.54429
    -11144640.5032 3315239.04792
    -11144640.5032 3315243.73577
    -11144641.839 3316950.22597
    -11144642.5069 3317836.50094
    -11144642.8409 3318197.6679
    -11144642.8409 3318308.55445
    -11144642.9522 3318392.82884
    -11144642.9522 3318407.90958
    -11144642.9522 3318414.24603
    -11144643.6201 3319312.91177
    -11144644.3993 3320272.47629
    -11144644.5107 3320440.03645
    -11144644.5107 3320441.05043
    -11144644.5107 3320443.3319
    -11144644.5107 3320449.92281
    -11144644.5107 3320468.30134
    -11144644.5107 3320513.29714
    -11144644.5107 3320523.69056
    -11144644.5107 3320526.60579
    -11144644.5107 3320528.12678
    -11144644.622 3320528.76052
    -11144644.622 3320529.64777
    -11144644.622 3320535.35148
    -11144644.622 3320554.23712
    -11144644.622 3320576.79852
    -11144644.622 3320595.55747
    -11144644.8446 3320794.42929
    -11144645.1786 3321286.4882
    -11144645.2899 3321465.59606
    -11144645.5125 3321736.98772
    -11144645.8465 3322172.41745
    -11144646.1804 3322610.14324
    -11144646.4031 3322820.83481
    -11144646.4031 3322869.1346
    -11144646.4031 3322874.07869
    -11144647.071 3323733.87005
    -11144647.1823 3323944.45259
    -11144647.6276 3324378.5598
    -11144647.8502 3324847.4216
    -11144647.8502 3324854.14149
    -11144648.0729 3325137.1403
    -11144648.1842 3325348.37899
    -11144648.2955 3325444.99709
    -11144648.2955 3325501.80175
    -11144648.2955 3325532.61331
    -11144648.2955 3325556.9583
    -11144648.2955 3325573.18832
    -11144648.2955 3325589.41835
    -11144648.4068 3325617.18698
    -11144648.4068 3325645.08245
    -11144648.4068 3325675.00676
    -11144649.2974 3326776.03972
    -11144649.6314 3327178.53608
    -11144668.5557 3328035.68843
    -11144668.8896 3328220.08675
    -11144669.4462 3328593.07632
    -11144669.4462 3328597.26157
    -11144671.2273 3329645.89923
    -11144671.2273 3329710.83935
    -11144672.5632 3329907.69104
    -11144673.4537 3330035.41788
    -11144673.4537 3330039.34991
    -11144673.4537 3330045.31138
    -11144673.565 3330058.75639
    -11144675.2348 3330304.95473
    -11144676.348 3330475.8122
    -11144676.5707 3330494.07772
    -11144677.7952 3330683.07656
    -11144677.9065 3330690.81415
    -11144677.5725 3330735.5908
    -11144677.5725 3330738.38142
    -11144676.9046 3330935.62885
    -11144627.9241 3330935.12146
    -11144592.6358 3330935.37516
    -11144439.5715 3330932.83819
    -11144308.9937 3330931.69656
    -11144166.3934 3330930.55493
    -11142910.9322 3330920.28023
    -11142123.5695 3330913.81099
    -11139190.6348 3330889.7099
    -11137680.3633 3330877.40567
    -11137338.6125 3330874.61503
    -11136570.2853 3330868.27265
    -11135527.333 3330859.39333
    -11135189.701 3330857.11007
    -11134192.9463 3330848.86499
    -11133976.4299 3330847.08913
    -11133077.525 3330839.73199
    -11132839.0787 3330837.95613
    -11132320.1072 3330833.51647
    -11132000.0637 3330830.59899
    -11131986.594 3330830.85268
    -11131915.6835 3330848.3576
    -11130078.5779 3330820.95861
    -11128714.0236 3330798.88723
    -11128658.4752 3330797.99931
    -11128347.3372 3330793.05228
    -11127914.9723 3330784.68039
    -11127728.7348 3330781.00184
    -11127520.79 3330776.94275
    -11126989.4621 3330766.66817
    -11124818.2867 3330724.68203
    -11124377.1276 3330731.65857
    -11124057.7519 3330736.60557
    -11122820.8811 3330755.12514
    -11122695.2014 3330757.02784
    -11122395.5293 3330761.34062
    -11122304.8039 3330762.22854
    -11122269.9609 3330762.35539
    -11122072.0349 3330744.3432
    -11122071.367 3330744.21635
    -11119714.2881 3330529.72092
    -11119716.0692 3330519.31969
    -11119716.5144 3330515.26068
    -11119712.3956 3330514.88014
    -11118935.9422 3330454.12193
    -11118935.3856 3330450.06294
    -11118071.2124 3330404.39935
    -11118065.9804 3330404.39935
    -11117915.1424 3330404.52619
    -11116495.2623 3330405.92146
    -11115731.8333 3330406.68252
    -11115701.2204 3330406.80937
    -11115445.8535 3330407.31674
    -11115048.3316 3330407.69727
    -11114699.2337 3330407.57042
    -11114078.1822 3330407.57042
    -11113098.0141 3330407.69727
    -11112742.237 3330405.79462
    -11111551.5638 3330404.90672
    -11111323.0248 3330400.7209
    -11111312.7834 3330400.59405
    -11111302.5421 3330400.34037
    -11111290.9648 3330400.34037
    -11111279.3876 3330400.21352
    -11111040.496 3330399.07194
    -11110862.9414 3330398.31088
    -11109447.6254 3330395.1398
    -11108480.1477 3330392.85663
    -11107665.9569 3330391.08083
    -11107571.6693 3330390.95398
    -11107562.7638 3330390.95398
    -11107553.8582 3330390.82714
    -11107546.8451 3330390.95398
    -11107539.9433 3330390.95398
    -11106936.4803 3330389.55871
    -11106335.1324 3330388.29028
    -11106003.8456 3330389.17818
    -11105920.5786 3330389.55871
    -11105811.9308 3330389.8124
    -11105458.1575 3330390.95398
    -11105142.4554 3330391.96873
    -11104978.2591 3330389.05134
    -11104856.5869 3330389.30503
    -11104650.5346 3330389.93924
    -11104060.3186 3330395.26665
    -11100368.9643 3330366.60016
    -11098846.8929 3330354.04273
    -11098431.6712 3330350.61798
    -11097239.2168 3330340.09005
    -11097090.16 3330338.4411
    -11096985.965 3330338.4411
    -11096655.9027 3330337.42636
    -11096360.3494 3330335.14319
    -11095876.8889 3330337.68004
    -11095299.4747 3330342.11953
    -11094386.9888 3330349.98377
    -11093842.1912 3330354.93063
    -11093573.6886 3330355.438
    -11093403.2585 3330347.44692
    -11093177.3912 3330337.80688
    -11092958.7598 3330329.1816
    -11092663.2065 3330320.04895
    -11091516.9497 3330300.26157
    -11090240.2265 3330279.84001
    -11090085.3811 3330269.05845
    -11089505.7405 3330263.73109
    -11089491.1576 3330263.73109
    -11088890.7003 3330261.57478
    -11088867.1006 3330261.44794
    -11087147.9937 3330255.2327
    -11086400.9286 3330253.07639
    -11086335.3614 3330252.1885
    -11086070.8663 3330249.52482
    -11085885.9646 3330246.86115
    -11085344.7292 3330239.12381
    -11085027.8026 3330235.57225
    -11084126.894 3330224.15652
    -11084032.1611 3330222.88811
    -11083823.9937 3330220.35128
    -11083041.6403 3330222.88811
    -11081711.929 3330226.94703
    -11081431.4038 3330227.83492
    -11080983.4542 3330229.35702
    -11080275.5736 3330231.00596
    -11079411.623 3330230.24491
    -11079373.2178 3330230.62543
    -11079268.3548 3330231.76701
    -11078201.1349 3330158.96021
    -11077765.8757 3330129.15267
    -11077761.2002 3330124.07905
    -11076723.2573 3330067.88886
    -11076687.969 3330069.41094
    -11076672.273 3330077.14817
    -11076590.2305 3330077.14817
    -11076557.7252 3330074.73821
    -11076536.9085 3330074.86505
    -11076518.5408 3330073.08929
    -11076511.7503 3330072.45509
    -11076495.7203 3330065.22522
    -11076473.0111 3330050.5118
    -11076456.4245 3330048.73605
    -11076442.3982 3330056.72695
    -11076432.6021 3330070.93302
    -11076423.0286 3330070.80618
    -11076326.7373 3330070.17197
    -11076324.6222 3330070.17197
    -11076282.0982 3330073.85033
    -11075862.535 3330072.58193
    -11075705.3519 3330072.07457
    -11075571.1006 3330067.63518
    -11075552.5102 3330074.86505
    -11075556.963 3330083.23649
    -11075531.0256 3330083.23649
    -11075506.424 3330083.23649
    -11074315.0828 3330061.03951
    -11074270.8889 3330060.27847
    -11074216.3424 3330059.26375
    -11074164.8014 3330058.37587
    -11072998.6185 3330042.90142
    -11072620.5775 3330038.08152
    -11072441.1305 3330031.73954
    -11071779.5587 3330021.46554
    -11071372.9086 3330017.40668
    -11071269.3815 3330016.39196
    -11071186.4485 3330015.50409
    -11070016.3693 3330004.46906
    -11069524.5598 3329999.26865
    -11069417.9157 3329998.1271
    -11068200.5258 3329986.20422
    -11067424.4063 3329979.10123
    -11066826.5093 3329973.1398
    -11066532.0692 3329970.34934
    -11066161.598 3329977.19864
    -11066139.7794 3329977.45232
    -11066074.5461 3329978.72071
    -11066052.8388 3329979.22807
    -11066029.1278 3329979.73542
    -11065778.7702 3329984.30163
    -11064956.6758 3329999.64917
    -11064682.7185 3330004.84958
    -11064681.828 3328954.15437
    -11064681.828 3328947.55925
    -11064683.3865 3328125.60449
    -11064681.494 3328119.00978
    -11064679.4903 3328111.65414
    -11064679.4903 3328035.68843
    -11064682.2733 3327937.5297
    -11064689.6204 3327703.93006
    -11064698.8599 3327403.62993
    -11064706.3183 3327157.61205
    -11064706.4296 3327156.09031
    -11064719.7879 3326731.27638
    -11064720.3445 3325972.98551
    -11064721.6804 3323899.19165
    -11064722.3483 3322658.56905
    -11064723.1275 3322008.76519
    -11064729.2501 3321101.67878
    -11064729.3614 3321090.39763
    -11064729.3614 3321087.86254
    -11064729.3614 3321085.2007
    -11064729.4727 3321084.56693
    -11064729.4727 3321083.42614
    -11064729.4727 3321082.1586
    -11064729.584 3321066.0608
    -11064729.584 3321060.48362
    -11064729.8067 3321031.20344
    -11064729.8067 3321025.87978
    -11064729.918 3321010.03556
    -11064730.3633 3320946.27861
    -11064730.8086 3320874.91682
    -11064732.2557 3320658.67899
    -11064745.5027 3318684.18157
    -11064744.1669 3317738.29056
    -11064743.165 3316653.9693
    -11064742.6084 3316521.93573
    -11064743.499 3315765.61886
    -11064744.9461 3315459.50579
    -11064746.5046 3314781.92617
    -11064746.5046 3314780.02575
    -11064746.9499 3314666.76132
    -11064728.8048 3313572.80812
    -11064728.8048 3313571.28792
    -11064728.6935 3313562.92684
    -11064728.5822 3313558.87299
    -11064722.3483 3313186.05027
    -11064713.9993 3312685.67594
    -11064713.6654 3312659.58098
    -11064706.8749 3312254.48231
    -11064706.7636 3312245.99539
    -11064706.7636 3312244.98202
    -11064706.6522 3312231.93497
    -11064706.4296 3312217.36788
    -11064705.873 3312193.17389
    -11064787.9155 3312193.80724
    -11064775.225 3311214.17727
    -11064775.225 3311212.91066
    -11064775.559 3311079.41093
    -11064775.559 3311076.49776
    -11064765.4289 3309996.00986
    -11064759.9743 3309416.22243
    -11064758.7498 3309255.13261
    -11064750.2895 3308286.10178
    -11064750.2895 3308282.30279
    -11064747.1725 3307912.79289
    -11064747.1725 3307907.72771
    -11064742.9424 3307399.70011
    -11064726.6897 3305452.98821
    -11064724.686 3305283.97
    -11064724.686 3305282.32414
    -11064724.5747 3305281.3113
    -11064724.5747 3305280.42507
    -11064724.5747 3305278.01958
    -11064724.5747 3305275.7407
    -11064723.9068 3305218.64218
    -11064723.9068 3305215.09727
    -11064718.1181 3304515.2489
    -11064715.4465 3304199.89865
    -11064715.2238 3304178.75741
    -11064713.888 3304020.38905
    -11064712.9974 3303918.73553
    -11064712.6635 3303879.74535
    -11064712.3295 3303840.12232
    -11064711.8842 3303788.47331
    -11064711.5503 3303746.19216
    -11064710.8824 3303671.88399
    -11064710.6597 3303645.42684
    -11064710.4371 3303618.84315
    -11064710.2145 3303593.39882
    -11064710.2145 3303590.86704
    -11064710.1031 3303590.10751
    -11064710.1031 3303588.71504
    -11064710.1031 3303585.8035
    -11064709.9918 3303575.42324
    -11064709.3239 3303506.05295
    -11064704.6485 3302944.39466
    -11064703.8692 3302827.43295
END
END
