48141 El Paso County
1
    -11836594.3316 3718579.92224
    -11836597.4485 3718584.23801
    -11836770.773 3718818.99213
    -11836942.6503 3719044.33419
    -11837006.5477 3719104.49587
    -11837049.4057 3719151.70991
    -11837095.158 3719227.56666
    -11837126.884 3719300.02337
    -11837466.5198 3720183.53303
    -11837468.8575 3720189.68054
    -11837470.6386 3720194.25848
    -11837472.7537 3720199.62121
    -11837474.5348 3720204.46075
    -11837476.9838 3720211.00068
    -11837478.765 3720215.70942
    -11837481.3253 3720222.24935
    -11837483.7743 3720228.92008
    -11837486.2234 3720235.46002
    -11837488.7837 3720241.99996
    -11837733.6866 3720887.90171
    -11837975.0272 3721504.27416
    -11838023.2286 3721627.89253
    -11838080.8921 3721779.76824
    -11838317.446 3722391.0839
    -11838490.8818 3722831.30781
    -11838512.5891 3722895.15141
    -11838591.8485 3723131.42799
    -11838652.4063 3723293.39655
    -11838711.4057 3723435.0881
    -11838779.4219 3723564.87534
    -11838863.1341 3723657.89911
    -11839022.4323 3723810.84691
    -11839371.5303 3724084.56156
    -11839607.7502 3724281.21601
    -11839768.2729 3724416.50774
    -11839944.8256 3724538.45477
    -11840077.1845 3724633.71038
    -11840444.2049 3724923.27634
    -11840864.3246 3725247.39429
    -11840989.893 3725335.19681
    -11841069.7091 3725396.4365
    -11841158.0968 3725483.71667
    -11841318.0629 3725639.6972
    -11841409.3449 3725773.95721
    -11841503.5211 3725937.53135
    -11841537.9189 3726073.365
    -11841563.2997 3726173.86717
    -11841749.4259 3726928.57611
    -11841903.3808 3727523.26801
    -11841949.1331 3727699.6919
    -11841991.1005 3727762.25233
    -11842041.7509 3727855.96269
    -11842118.784 3727992.47223
    -11842203.1641 3728101.23596
    -11842286.9877 3728193.37833
    -11842588.1069 3728395.8584
    -11842700.317 3728471.24939
    -11842813.9742 3728533.42112
    -11842893.9016 3728582.24252
    -11843038.9509 3728693.36757
    -11843250.5692 3728815.61938
    -11843409.7561 3728922.95069
    -11843805.9422 3729131.59499
    -11844053.4054 3729318.38311
    -11844166.2834 3729400.19381
    -11844368.8848 3729526.24883
    -11844546.7734 3729653.87595
    -11844797.9102 3729785.16967
    -11844852.4567 3729834.65062
    -11844878.6168 3729843.68288
    -11845297.2894 3730145.41656
    -11845611.9896 3730308.26423
    -11845736.1108 3730380.2635
    -11845815.3703 3730451.60865
    -11845981.3477 3730568.64179
    -11846139.7553 3730655.69737
    -11846319.2023 3730747.20459
    -11846401.4674 3730777.96898
    -11846535.9414 3730831.25046
    -11846654.0513 3730871.83356
    -11846826.04 3730922.10443
    -11847215.4355 3730973.29192
    -11847580.0069 3731020.68308
    -11847715.2601 3731040.18944
    -11847912.1842 3731075.92936
    -11847926.9897 3731079.595
    -11847941.6839 3731083.26064
    -11848076.0465 3731113.50221
    -11848220.9845 3731166.13059
    -11848343.3246 3731218.1046
    -11848359.6886 3731224.9123
    -11848369.93 3731229.36349
    -11848411.0069 3731253.84505
    -11848565.1844 3731345.61862
    -11848622.4026 3731387.38172
    -11848671.3832 3731423.25359
    -11848689.9735 3731439.35669
    -11848700.1036 3731446.95003
    -11848792.2761 3731516.07581
    -11848914.7276 3731605.23294
    -11849305.9043 3731896.27466
    -11849354.2169 3731931.36248
    -11849709.5487 3732197.40481
    -11849870.4054 3732305.55164
    -11850023.4697 3732391.3104
    -11850066.9956 3732409.50967
    -11850078.2389 3732414.22315
    -11850089.4822 3732418.93664
    -11850097.7198 3732421.29338
    -11850100.3915 3732422.07896
    -11850109.7423 3732424.8285
    -11850118.9818 3732427.57803
    -11850272.1574 3732446.432
    -11850404.6276 3732430.19664
    -11850522.9602 3732393.79807
    -11851127.0911 3732125.13289
    -11851522.164 3731956.50009
    -11851755.9349 3731848.88008
    -11851914.1199 3731744.53409
    -11852019.2055 3731618.71785
    -11852101.8046 3731433.46531
    -11852145.5531 3731246.51367
    -11852249.1916 3730897.09988
    -11852340.5849 3730765.00865
    -11852376.3185 3730740.39716
    -11852417.284 3730676.11952
    -11852507.0075 3730626.37331
    -11852524.7073 3730623.36237
    -11852543.1864 3730603.33304
    -11852586.9349 3730594.03839
    -11852672.5396 3730564.71448
    -11852802.0042 3730526.61969
    -11853222.1239 3730411.55059
    -11853569.9973 3730324.88948
    -11853589.7009 3730318.86773
    -11853595.1556 3730317.29684
    -11853600.6102 3730315.85686
    -11853605.9535 3730314.54779
    -11853611.2969 3730312.71508
    -11853725.956 3730274.09746
    -11853816.1247 3730251.97419
    -11853823.4718 3730251.31966
    -11853830.7076 3730250.66512
    -11853901.3955 3730244.77432
    -11853971.972 3730238.88352
    -11854050.007 3730238.88352
    -11854062.5861 3730240.4544
    -11854073.0501 3730241.76347
    -11854084.0708 3730243.07254
    -11854123.0326 3730247.52336
    -11854161.6604 3730251.97419
    -11854217.3202 3730276.58469
    -11854361.4789 3730330.25669
    -11854473.689 3730397.93611
    -11854573.4312 3730481.97956
    -11854647.0134 3730555.68169
    -11854706.458 3730595.21658
    -11854774.9195 3730629.38426
    -11854802.1928 3730655.69737
    -11854812.2115 3730686.06879
    -11854849.2809 3730729.92421
    -11854933.2158 3730774.95799
    -11854961.3797 3730803.36602
    -11854979.5247 3730851.93473
    -11855004.7943 3730896.57623
    -11855080.6028 3730992.14363
    -11855133.8136 3731041.89134
    -11855177.2282 3731065.06336
    -11855233.3332 3731089.5446
    -11855422.6876 3731200.69263
    -11855535.6769 3731262.3547
    -11855617.1628 3731372.58788
    -11855680.6149 3731460.6966
    -11855913.384 3731608.11321
    -11856087.265 3731788.91703
    -11856173.4263 3731909.7599
    -11856274.6157 3731981.24498
    -11856341.2961 3732004.02603
    -11856472.7644 3731985.43459
    -11856502.4867 3731981.24498
    -11856533.2109 3731990.80254
    -11856569.1671 3731990.14791
    -11856598.5554 3731989.88606
    -11856609.1308 3731987.92218
    -11856645.6436 3732012.66712
    -11856713.3258 3732134.03593
    -11856755.2933 3732273.60502
    -11856783.791 3732383.32368
    -11856852.3639 3732813.82847
    -11856846.4639 3732840.801
    -11856850.3601 3732862.14337
    -11856867.058 3732896.71025
    -11856889.2106 3732973.30767
    -11856943.3119 3733092.32922
    -11857049.3994 3733250.37176
    -11857071.7746 3733273.67895
    -11857118.4174 3733320.55535
    -11857147.5831 3733345.17208
    -11857181.2016 3733365.20594
    -11857210.9239 3733367.95569
    -11857337.1602 3733370.96732
    -11857437.6817 3733360.75397
    -11857476.1983 3733372.40767
    -11857511.9318 3733394.66757
    -11857712.9748 3733566.59395
    -11857810.3794 3733625.78014
    -11857862.143 3733658.64693
    -11857992.7207 3733792.472
    -11858158.1415 3733972.1299
    -11858199.775 3734079.37593
    -11858234.3953 3734112.24396
    -11858303.0795 3734208.22957
    -11858311.8737 3734228.91961
    -11858344.1564 3734294.00181
    -11858352.9506 3734301.07313
    -11858411.0594 3734348.73921
    -11858466.2738 3734416.44109
    -11858481.7472 3734448.13146
    -11858516.0336 3734484.40524
    -11858548.7616 3734508.50053
    -11858583.4933 3734527.61964
    -11858636.5927 3734577.51283
    -11858698.1523 3734662.76386
    -11858707.0579 3734684.89518
    -11858713.6257 3734703.22885
    -11858713.9597 3734715.53861
    -11858714.071 3734768.83741
    -11858702.8278 3734803.67165
    -11858693.0316 3734825.14844
    -11858676.445 3734861.81623
    -11858669.6545 3734878.97155
    -11858659.3018 3734905.5558
    -11858656.5188 3734911.18696
    -11858655.8509 3734916.03237
    -11858653.1793 3734934.89022
    -11858648.3925 3734969.2011
    -11858647.2793 3734987.92807
    -11858648.2812 3735001.41675
    -11858650.8415 3735038.73986
    -11858656.5188 3735119.54152
    -11858652.8453 3735142.06655
    -11858651.0642 3735153.06716
    -11858635.5908 3735215.79704
    -11858624.0136 3735262.55
    -11858620.34 3735275.64609
    -11858615.8872 3735292.01624
    -11858602.1949 3735354.09202
    -11858599.9685 3735362.73551
    -11858584.1612 3735396.65471
    -11858580.265 3735413.54887
    -11858574.699 3735424.54973
    -11858574.3651 3735436.5983
    -11858574.2537 3735455.84985
    -11858538.1862 3735607.63692
    -11858538.1862 3735625.05523
    -11858536.4051 3735634.22277
    -11858534.7353 3735648.23603
    -11858536.2938 3735650.06954
    -11858538.2975 3735651.51016
    -11858543.4182 3735668.40467
    -11858543.4182 3735697.34804
    -11858545.1994 3735712.40909
    -11858549.7635 3735730.74432
    -11858565.7935 3735762.17619
    -11858576.1462 3735777.76119
    -11858586.2762 3735787.32175
    -11858592.5101 3735791.77462
    -11858606.0911 3735814.03896
    -11858606.2024 3735814.03896
    -11858616.1099 3735830.40984
    -11858686.2411 3735907.28774
    -11858820.7151 3735984.03517
    -11858863.1278 3736011.80057
    -11858905.6519 3736039.43506
    -11858991.3679 3736029.35043
    -11859065.7293 3736023.98069
    -11859065.8406 3736024.11166
    -11859076.6386 3736027.25492
    -11859089.1064 3736034.45823
    -11859097.2327 3736037.07762
    -11859129.8493 3736062.35471
    -11859176.4922 3736096.40685
    -11859183.6166 3736111.4684
    -11859211.6691 3736150.36658
    -11859216.1219 3736161.63005
    -11859236.3821 3736230.38984
    -11859248.4046 3736283.56433
    -11859259.9818 3736320.49848
    -11859273.2288 3736367.2557
    -11859283.9155 3736400.26091
    -11859290.9286 3736422.00249
    -11859303.619 3736455.92466
    -11859309.7416 3736467.84328
    -11859318.2019 3736482.11945
    -11859329.1112 3736505.69481
    -11859347.0336 3736537.91455
    -11859363.0637 3736563.7166
    -11859371.6353 3736576.2902
    -11859380.8748 3736589.64967
    -11859413.1574 3736631.95476
    -11859431.4138 3736655.92334
    -11859455.4588 3736687.09566
    -11859469.9304 3736705.82529
    -11859489.9679 3736763.58608
    -11859510.0054 3736821.47812
    -11859521.9166 3736855.92533
    -11859533.8277 3736890.37263
    -11859675.9827 3737019.91108
    -11859797.8776 3737140.41322
    -11859834.8357 3737161.23925
    -11859871.1258 3737181.67237
    -11859907.416 3737201.97455
    -11859960.404 3737231.5765
    -11860049.0144 3737281.21886
    -11860095.5459 3737307.02249
    -11860203.7484 3737362.82139
    -11860211.9861 3737367.14385
    -11860217.2181 3737362.03549
    -11860215.3257 3737356.92713
    -11860228.3501 3737373.43107
    -11860267.8685 3737412.3333
    -11860275.5495 3737417.17972
    -11860337.7771 3737457.26096
    -11860339.7809 3737458.96376
    -11860382.5275 3737493.41278
    -11860397.4444 3737505.33242
    -11860416.7026 3737520.78869
    -11860441.3042 3737540.56749
    -11860451.2117 3737555.1069
    -11860466.6851 3737577.63646
    -11860480.3774 3737597.67733
    -11860495.4055 3737630.68589
    -11860503.3092 3737647.58317
    -11860508.2073 3737654.1325
    -11860513.1053 3737660.68185
    -11860520.8977 3737671.29178
    -11860528.69 3737681.77075
    -11860573.9971 3737742.6799
    -11860578.5612 3737749.0983
    -11860611.2891 3737793.89622
    -11860615.1853 3737799.00476
    -11860640.2322 3737832.93079
    -11860650.0283 3737863.58219
    -11860653.1452 3737871.44154
    -11860656.2622 3737878.51496
    -11860658.9338 3737883.49255
    -11860698.2296 3737939.03213
    -11860707.0239 3737951.34518
    -11860773.3703 3738042.12159
    -11860850.0694 3738063.47315
    -11860933.7817 3738086.00366
    -11860969.8492 3738096.35199
    -11860987.215 3738101.06768
    -11861119.0173 3738139.18631
    -11861163.9904 3738147.5698
    -11861179.3525 3738150.58262
    -11861229.4462 3738160.14505
    -11861540.2503 3738272.27495
    -11861700.3277 3738329.91222
    -11861978.4038 3738429.99213
    -11861998.4413 3738437.06587
    -11862031.7258 3738448.98645
    -11862269.3929 3738485.79621
    -11862278.9664 3738487.23716
    -11862288.5399 3738488.80912
    -11862441.7155 3738521.16513
    -11862533.4427 3738540.68357
    -11862584.5384 3738754.34057
    -11862907.6989 3738840.40702
    -11862925.3987 3738845.64701
    -11863190.0051 3738638.53827
    -11863195.4598 3738634.21535
    -11863208.5955 3738623.08058
    -11863211.2671 3738619.80565
    -11863222.8444 3738606.31294
    -11863256.3515 3738575.52866
    -11863298.319 3738537.14667
    -11863329.1545 3738508.98249
    -11863392.9405 3738450.2964
    -11863398.1726 3738445.71157
    -11863423.2194 3738422.91839
    -11863492.1262 3738426.32427
    -11863636.8415 3738433.66
    -11863646.1924 3738434.05298
    -11863799.4793 3738441.9127
    -11863847.0127 3738443.09166
    -11863954.9926 3738445.84256
    -11863995.7356 3738446.75953
    -11864032.0257 3738447.80749
    -11864046.1633 3738435.36294
    -11864066.7574 3738439.42379
    -11864124.5322 3738449.11744
    -11864371.5502 3738686.35243
    -11864581.0535 3738906.95501
    -11864658.1979 3739089.17788
    -11864669.5525 3739116.9504
    -11864734.563 3739202.88843
    -11865090.6741 3739670.71118
    -11865108.2626 3739693.89972
    -11865262.2174 3739896.70316
    -11865327.562 3739982.12268
    -11865439.9947 3740060.73013
    -11865559.5518 3740124.53356
    -11865944.0493 3740326.42711
    -11865961.8604 3740334.02602
    -11865970.3207 3740347.65167
    -11866103.2362 3740339.00462
    -11866357.9352 3740321.71054
    -11866960.1736 3740362.71852
    -11866970.0811 3740363.3736
    -11867247.3779 3740717.38435
    -11867245.4855 3740727.60391
    -11867243.7044 3740737.82348
    -11867205.0765 3740954.00871
    -11867186.2635 3741049.91758
    -11867173.907 3741122.63587
    -11867146.9677 3741198.36819
    -11867134.3886 3741232.17273
    -11867107.6719 3741305.15417
    -11867085.2967 3741409.0585
    -11867074.944 3741463.56604
    -11867059.0253 3741592.23626
    -11867049.6745 3741671.24727
    -11867046.7802 3741721.9561
    -11867044.7764 3741744.88652
    -11867042.2161 3741775.15474
    -11867041.6595 3741783.80282
    -11867041.3255 3741790.48543
    -11867000.6939 3741909.20063
    -11866983.3281 3741958.73116
    -11866959.7283 3742026.21355
    -11866931.4532 3742106.79982
    -11866874.1237 3742274.13269
    -11866867.2218 3742405.4323
    -11866863.7709 3742465.84109
    -11866862.6577 3742484.05551
    -11866867.6671 3742568.57603
    -11866875.2368 3742721.76278
    -11866884.4764 3742884.51764
    -11866885.1443 3742903.78105
    -11867104.1097 3743024.73494
    -11867159.1015 3743055.00637
    -11867197.1728 3743075.97363
    -11867241.7006 3743100.21708
    -11867243.7044 3743101.78963
    -11867277.4342 3743128.39195
    -11867288.2322 3743136.90995
    -11867297.3604 3743143.98645
    -11867318.3997 3743141.49657
    -11867341.3316 3743139.00669
    -11867341.1089 3743148.83516
    -11867347.8994 3743155.38748
    -11867489.9431 3743175.1755
    -11867518.2182 3743181.33469
    -11867601.0399 3743190.37691
    -11867670.5033 3743198.50181
    -11867751.6552 3743196.14297
    -11867861.5275 3743192.34261
    -11867885.3499 3743192.60471
    -11867925.6476 3743188.01807
    -11867953.8114 3743184.61086
    -11867978.079 3743182.7762
    -11868064.0177 3743177.27224
    -11868071.6987 3743176.74806
    -11868083.7212 3743176.35492
    -11868214.9669 3743170.71991
    -11868303.9112 3743166.78852
    -11868322.5015 3743186.18342
    -11868336.1938 3743200.59856
    -11868338.0863 3743202.56427
    -11869003.6655 3743901.85071
    -11869050.0857 3743950.73413
    -11869053.0914 3743965.80547
    -11869088.9362 3743980.74576
    -11869085.9306 3744004.85997
    -11869106.4134 3744036.1823
    -11869109.6417 3744054.79225
    -11869321.9279 3744253.47498
    -11869496.2543 3744416.64365
    -11869526.7558 3744444.8216
    -11869565.161 3744552.68475
    -11869696.6293 3744921.36647
    -11869714.5518 3744968.15695
    -11869736.8157 3744995.54979
    -11869753.6249 3745025.30188
    -11869793.9226 3745094.24314
    -11869900.678 3745187.17029
    -11869950.4378 3745220.72385
    -11870219.8309 3745434.76106
    -11870263.6908 3745469.75709
    -11870384.8064 3745560.72104
    -11870656.5373 3745764.93367
    -11870651.0827 3746393.71529
    -11870653.1977 3746455.32375
    -11870590.8588 3746668.59633
    -11870567.4817 3746749.21356
    -11870551.7857 3746803.48302
    -11870545.3291 3746826.292
    -11870539.8745 3746845.03734
    -11870530.5236 3746861.02989
    -11870498.1297 3746916.8729
    -11870465.9583 3746966.81722
    -11870465.1791 3746968.1281
    -11870308.6639 3747157.94463
    -11870150.2563 3747417.8985
    -11870138.679 3747437.8246
    -11870102.6115 3747500.48714
    -11870086.8042 3747528.41009
    -11870074.1137 3747556.98857
    -11870013.6673 3747690.57423
    -11870012.3314 3747693.45833
    -11869991.7373 3747751.79602
    -11869966.8017 3747827.83208
    -11869943.4247 3747931.00592
    -11869907.2458 3748053.97665
    -11870027.2482 3748333.61517
    -11870035.7085 3748350.92072
    -11870073.6685 3748408.99938
    -11870227.9573 3748563.57125
    -11870250.6664 3748588.87456
    -11870261.3531 3748600.93625
    -11870270.2587 3748610.76917
    -11870327.4769 3748675.53549
    -11870433.8983 3748772.55453
    -11870471.079 3748798.90713
    -11870578.391 3748877.83417
    -11870609.4492 3748898.54933
    -11870619.5792 3748905.23587
    -11870762.0682 3748998.58567
    -11870806.3733 3749029.39651
    -11870905.1137 3749098.09841
    -11871003.4088 3749143.46285
    -11871042.7046 3749158.14733
    -11871112.3906 3749183.97633
    -11871284.8245 3749222.12992
    -11871375.6612 3749243.10789
    -11871409.6137 3749252.54799
    -11871433.436 3749264.61035
    -11871560.1176 3749381.82565
    -11871699.9349 3749517.00488
    -11871720.195 3749554.24172
    -11871732.1062 3749578.62929
    -11871733.8873 3749597.64113
    -11871739.008 3749620.32427
    -11871720.3064 3750016.69606
    -11871550.4328 3750314.21292
    -11871539.8575 3750331.65243
    -11871537.0745 3750336.24178
    -11871497.89 3750395.90349
    -11871459.1508 3750454.90987
    -11871404.7156 3750537.65041
    -11871269.2398 3750710.34524
    -11871203.8952 3750794.26769
    -11871180.5182 3750817.87099
    -11871154.3581 3750844.75258
    -11871117.4 3750882.64916
    -11871069.7553 3750922.51282
    -11871062.5195 3750928.67596
    -11871053.8366 3750935.6259
    -11870888.0819 3751065.05271
    -11870880.6234 3751071.21593
    -11870871.2726 3751078.95274
    -11870854.1294 3751093.24618
    -11870838.0994 3751107.27736
    -11870798.581 3751142.55211
    -11870754.4985 3751181.76096
    -11870671.3428 3751255.85162
    -11870526.7388 3751365.21812
    -11870504.1409 3751382.39688
    -11870405.5119 3751475.37244
    -11870387.3668 3751485.73224
    -11870359.6482 3751498.84593
    -11870330.9278 3751505.92733
    -11869878.5254 3751643.09743
    -11869812.2903 3751669.32516
    -11869700.3029 3751713.1256
    -11869622.0453 3751758.10645
    -11869546.4593 3751794.56336
    -11869503.9353 3751821.44713
    -11869492.692 3751833.11863
    -11869451.5038 3751870.49375
    -11869437.7002 3751888.59122
    -11869426.0117 3751899.47595
    -11869406.7534 3751916.91775
    -11869387.9404 3751936.32671
    -11869267.604 3752031.79824
    -11869239.1062 3752058.15796
    -11869207.3802 3752087.79632
    -11869131.1263 3752159.13851
    -11869115.2076 3752175.00696
    -11869065.2252 3752225.10419
    -11869017.4691 3752258.15273
    -11868991.309 3752282.28347
    -11868934.4248 3752334.61062
    -11868895.129 3752369.75781
    -11868892.4573 3752372.24959
    -11868892.0121 3752372.51189
    -11868881.7707 3752381.2987
    -11868878.765 3752385.88883
    -11868877.2066 3752387.46259
    -11868810.8602 3752455.00328
    -11868788.2623 3752474.28195
    -11868774.1247 3752494.08525
    -11868745.0703 3752524.77386
    -11868738.0572 3752525.03616
    -11868718.0197 3752525.9542
    -11868698.0935 3752526.08535
    -11868687.6295 3752523.46238
    -11868678.2786 3752520.83942
    -11868670.9316 3752518.8722
    -11868455.0831 3752460.24917
    -11868330.6279 3752518.74105
    -11868303.0206 3752532.11816
    -11868287.9925 3752539.33131
    -11868255.0419 3752552.315
    -11868105.3172 3752692.6446
    -11868087.1721 3752709.6941
    -11867999.675 3752792.4501
    -11867976.5206 3752814.35234
    -11868120.7906 3752875.99358
    -11868193.7049 3752907.73238
    -11868276.8606 3752942.61894
    -11868343.8749 3752971.73486
    -11868352.8918 3752973.571
    -11868392.6328 3752985.76823
    -11868401.2044 3752988.39129
    -11868420.0174 3752994.16203
    -11868443.7285 3753003.86737
    -11868450.9642 3753007.67082
    -11868475.0093 3753020.13039
    -11868503.0618 3753034.68844
    -11868576.31 3753072.85421
    -11868655.9034 3753087.67463
    -11868660.9128 3753088.72386
    -11868677.8334 3753096.72427
    -11868706.9991 3753109.44625
    -11868732.7139 3753125.70941
    -11868742.3987 3753131.61137
    -11868760.7664 3753147.87456
    -11868791.8245 3753175.67943
    -11868817.6506 3753196.79543
    -11868938.321 3753296.6051
    -11869028.0445 3753370.05296
    -11869063.6667 3753390.51351
    -11869071.1251 3753396.67792
    -11869085.9306 3753408.74442
    -11869119.7717 3753432.09051
    -11869206.4896 3753466.97858
    -11869321.8166 3753513.53988
    -11869337.9579 3753516.95002
    -11869350.871 3753519.31087
    -11869376.1405 3753519.70435
    -11869395.0648 3753519.57319
    -11869412.4307 3753513.14641
    -11869440.2606 3753502.26023
    -11869471.43 3753485.60308
    -11869606.9058 3753412.15452
    -11869699.0784 3753362.18352
    -11869723.1234 3753347.49393
    -11869847.4673 3753287.16184
    -11869948.8793 3753612.04058
    -11869968.5829 3753675.25983
    -11869838.0051 3753816.12714
    -11869576.5156 3754054.71343
    -11869539.0009 3754090.91495
    -11869478.4431 3754129.60872
    -11869418.7759 3754218.53929
    -11869407.31 3754237.82078
    -11869379.9254 3754283.59806
    -11869376.5858 3754290.15642
    -11869363.4501 3754316.12757
    -11869350.2031 3754342.49228
    -11869348.088 3754346.16499
    -11869336.7334 3754370.2999
    -11869332.7259 3754378.5635
    -11869330.4995 3754380.39986
    -11869310.0168 3754398.63226
    -11869271.3889 3754479.30114
    -11869262.4833 3754498.18954
    -11869216.6197 3754625.29351
    -11869211.499 3754635.78719
    -11869165.6354 3754763.4173
    -11869153.2789 3754811.42651
    -11869141.9243 3754856.41892
    -11869124.8924 3754913.47951
    -11869119.7717 3754955.06176
    -11869119.7717 3754994.02066
    -11869124.8924 3755088.20464
    -11869130.5697 3755151.95633
    -11869131.349 3755160.48282
    -11869131.6829 3755163.76224
    -11869148.0469 3755550.47764
    -11869152.3884 3755568.84299
    -11869270.0531 3756069.30967
    -11869275.7303 3756093.05448
    -11869291.4264 3756160.09118
    -11868965.5942 3756287.73742
    -11868826.4449 3756342.44337
    -11868808.8564 3756349.39642
    -11868780.0247 3756360.80993
    -11868686.9616 3756403.18432
    -11868454.0812 3756544.47708
    -11868416.2326 3756570.71548
    -11868411.3345 3756574.25766
    -11868355.6748 3756613.35299
    -11868326.3977 3756674.0953
    -11868299.5697 3756753.59866
    -11868282.5379 3756840.97425
    -11868260.1626 3756925.85774
    -11868251.925 3756961.01831
    -11868254.2627 3756997.75335
    -11868256.0438 3757025.82949
    -11868257.9362 3757054.29928
    -11868257.9362 3757110.45189
    -11868257.9362 3757389.90683
    -11868257.9362 3757535.14724
    -11868543.916 3757536.32806
    -11868582.9892 3757541.83857
    -11868628.8528 3757537.37768
    -11868693.1955 3757506.93871
    -11868706.9991 3757496.44253
    -11868716.2386 3757489.48882
    -11868716.6839 3757489.09521
    -11868728.7064 3757480.04227
    -11869075.9119 3757219.6091
    -11869197.8067 3757128.42603
    -11869303.1149 3757216.59152
    -11869454.3981 3757343.46176
    -11869481.5601 3757573.32726
    -11869492.1354 3757662.80805
    -11869500.1504 3757729.98468
    -11869494.0279 3757750.97746
    -11869362.5596 3758199.70676
    -11869139.03 3758347.84358
    -11869101.738 3758372.905
    -11869087.3778 3758382.61467
    -11869067.7855 3758395.73586
    -11869053.648 3758415.6801
    -11868993.3128 3758461.73567
    -11868934.5361 3758507.6602
    -11868814.0884 3758687.94847
    -11868792.6038 3758776.12538
    -11868782.251 3758818.50827
    -11868744.4024 3758973.73848
    -11868745.5156 3758983.05498
    -11868753.7533 3759048.53313
    -11868811.3054 3759506.36522
    -11868814.645 3759516.07581
    -11868836.1297 3759580.2446
    -11869089.0476 3759756.21845
    -11869238.7723 3759756.21845
    -11869545.4575 3759525.91762
    -11869557.0347 3759509.5146
    -11869576.9609 3759490.35589
    -11869599.4474 3759471.066
    -11869610.2454 3759461.88034
    -11869626.9433 3759466.99806
    -11869671.9164 3759480.77655
    -11869713.3273 3759487.73142
    -11870008.6579 3759538.38394
    -11870050.4027 3759577.22643
    -11870164.6165 3759683.51902
    -11870179.422 3759696.64163
    -11870243.4307 3759753.46268
    -11870394.6025 3759887.44596
    -11870412.8589 3759907.13021
    -11870427.8871 3759922.87763
    -11870628.2622 3760074.44763
    -11870638.7262 3760081.6653
    -11870737.2439 3760149.38034
    -11870771.3077 3760179.4323
    -11870789.7867 3760190.84943
    -11870800.2508 3760197.80471
    -11870821.1788 3760211.71527
    -11870838.8786 3760223.0012
    -11870909.3439 3760268.80122
    -11870922.3683 3760311.84551
    -11870934.6134 3760350.16557
    -11870950.7547 3760401.34665
    -11870976.4695 3760482.05572
    -11871003.1862 3760563.55275
    -11871058.846 3760730.61682
    -11871029.6802 3760784.1618
    -11871020.6634 3760800.30408
    -11871007.639 3760824.97688
    -11871005.7466 3760829.57023
    -11870986.9336 3760862.64238
    -11870984.8185 3760866.71078
    -11870963.4451 3760909.23226
    -11870948.9736 3760946.24181
    -11870758.506 3761359.65416
    -11870743.0326 3761388.92167
    -11870720.546 3761435.11985
    -11870703.2915 3761451.39426
    -11870398.7214 3761728.7187
    -11870391.0403 3761735.80611
    -11870385.9196 3761740.3998
    -11870200.4614 3761907.87395
    -11870151.5921 3761952.23661
    -11870129.3282 3761973.1055
    -11870010.6616 3761997.91195
    -11869991.0694 3762002.11199
    -11869971.3658 3762006.18078
    -11869947.2095 3762012.21835
    -11869943.202 3762013.00586
    -11869939.4172 3762013.79336
    -11869938.9719 3762013.92462
    -11869934.6304 3762014.44962
    -11869930.7342 3762015.10588
    -11869902.1251 3762019.69968
    -11869856.0389 3762027.04976
    -11869834.6655 3762031.24981
    -11869802.3829 3762037.54989
    -11869788.3566 3762039.38741
    -11869653.3261 3762063.53775
    -11869281.2963 3762129.03264
    -11869170.0882 3762248.60441
    -11869157.509 3762262.38608
    -11869148.6035 3762271.96763
    -11869119.8831 3762303.86245
    -11868925.9645 3762510.72142
    -11868886.2234 3762552.19864
    -11868876.4273 3762562.43671
    -11868858.2823 3762581.46905
    -11868822.7713 3762619.53381
    -11868781.9171 3762948.20834
    -11868759.2079 3763094.1721
    -11868744.5137 3763188.41944
    -11868733.9384 3763256.15196
    -11868731.2667 3763273.47894
    -11868729.0403 3763288.83697
    -11868727.3705 3763297.89428
    -11868728.1498 3763298.28808
    -11868729.4856 3763299.07567
    -11868729.9309 3763299.20694
    -11868730.2648 3763299.46947
    -11868731.1554 3763299.86326
    -11868733.6044 3763301.17592
    -11868717.0178 3763369.9592
    -11868715.5707 3763375.60365
    -11867748.4269 3763390.04295
    -11867714.5858 3763390.69928
    -11867694.2143 3763391.22434
    -11867472.2433 3763393.71841
    -11867450.8699 3763394.11221
    -11867432.8362 3763394.506
    -11867415.9156 3763394.76854
    -11867396.546 3763395.2936
    -11867389.8669 3763395.42487
    -11867348.9013 3763395.6874
    -11867331.2015 3763396.0812
    -11867312.1658 3763396.60627
    -11867261.5155 3763396.73753
    -11867234.7988 3763397.13134
    -11867210.9764 3763397.52513
    -11867160.3261 3763398.31273
    -11867145.7432 3763398.444
    -11867065.8158 3763399.6254
    -11867051.6782 3763399.75667
    -11866961.0642 3763400.8068
    -11866908.5214 3763401.85693
    -11866707.701 3763404.35099
    -11866587.8099 3763405.92619
    -11866557.0857 3763406.58252
    -11866531.3709 3763406.31999
    -11866504.0977 3763399.88793
    -11866499.4222 3763402.64453
    -11866488.2903 3763402.64453
    -11866464.134 3763401.06933
    -11866429.9589 3763403.03833
    -11866376.4142 3763404.08846
    -11866339.1222 3763402.64453
    -11866315.8564 3763401.85693
    -11866315.1885 3763401.85693
    -11866133.6264 3763398.8378
    -11865941.155 3763400.28173
    -11865910.9874 3763401.72566
    -11865797.7755 3763401.46313
    -11865769.389 3763401.33186
    -11865754.8062 3763400.8068
    -11865687.9032 3763399.49413
    -11865646.047 3763401.85693
    -11865639.9245 3763402.25073
    -11865569.1253 3763401.85693
    -11865557.7707 3763401.72566
    -11865437.323 3763401.33186
    -11865399.363 3763401.72566
    -11865397.3593 3763404.87606
    -11865396.3574 3763403.82593
    -11865396.2461 3763403.82593
    -11865396.1348 3763403.82593
    -11865395.9121 3763403.82593
    -11865395.8008 3763403.82593
    -11865393.7971 3763410.91432
    -11865318.7677 3763408.94532
    -11865310.3074 3763404.74479
    -11865302.0698 3763404.61353
    -11865295.6133 3763404.48226
    -11864809.9263 3763405.40113
    -11864755.9364 3763404.48226
    -11864725.4348 3763404.35099
    -11864721.5387 3763404.35099
    -11864673.226 3763404.87606
    -11864545.8765 3763404.74479
    -11863658.3262 3763405.26986
    -11863368.005 3763407.37012
    -11863066.1065 3763406.84506
    -11862937.4212 3763406.45126
    -11862913.1535 3763406.05746
    -11862879.0898 3763407.76392
    -11862823.764 3763405.40113
    -11862787.5851 3763405.26986
    -11862777.3438 3763405.40113
    -11862683.7241 3763409.73292
    -11862673.8166 3763409.99546
    -11862410.88 3763409.99546
    -11861894.6915 3763409.99546
    -11861072.1518 3763409.99546
    -11859923.446 3763410.65179
    -11858381.0031 3763410.65179
    -11857424.9913 3763410.38926
    -11856665.3471 3763421.54692
    -11855807.8531 3763434.67361
    -11855241.5708 3763439.92428
    -11853426.7292 3763448.32537
    -11853410.6992 3763448.45664
    -11853219.1183 3763449.24424
    -11852342.1434 3763453.18225
    -11852288.2647 3763453.31352
    -11851382.1241 3763457.51407
    -11851255.5538 3763458.03914
    -11849864.7281 3763464.33996
    -11849429.8028 3763466.1777
    -11849424.7935 3763466.1777
    -11849282.5272 3763466.5715
    -11849238.556 3763468.01544
    -11849238.3333 3763466.83404
    -11849222.3033 3763467.09657
    -11848261.6161 3763471.29713
    -11847616.1857 3763481.27344
    -11847535.2564 3763481.27344
    -11847527.9093 3763481.14218
    -11847322.0796 3763480.35457
    -11847295.9195 3763480.61711
    -11847292.9139 3763480.2233
    -11847137.7345 3763481.27344
    -11846831.9399 3763483.37372
    -11846366.5131 3763487.70555
    -11845974.7798 3763486.91794
    -11845628.3536 3763489.14949
    -11845467.9422 3763485.99907
    -11845432.0973 3763486.13034
    -11845409.3881 3763486.13034
    -11845405.2693 3763490.98724
    -11845391.6883 3763491.90611
    -11845036.0225 3763493.08752
    -11843740.2637 3763497.94442
    -11843740.1524 3763500.8323
    -11843740.041 3763500.8323
    -11843737.1467 3763497.28808
    -11843445.0444 3763495.5816
    -11841851.8398 3763463.94616
    -11841810.7629 3763463.94616
    -11841671.057 3763483.50499
    -11840031.2096 3763489.67456
    -11839965.6424 3763489.80583
    -11839956.9595 3763489.80583
    -11839769.9427 3763490.19963
    -11837161.1704 3763497.55061
    -11836718.1189 3763501.88244
    -11836308.6858 3763501.88244
    -11836263.4901 3763502.01371
    -11836257.0335 3763502.27625
    -11836245.011 3763502.67005
    -11836185.3438 3763505.03287
    -11835906.3771 3763502.80132
    -11835873.0926 3763504.5078
    -11835870.1983 3763504.24526
    -11835826.6724 3763505.03287
    -11835795.7256 3763505.16414
    -11834743.1998 3763509.10217
    -11834686.3155 3763497.02554
    -11833124.0578 3763487.96808
    -11831048.8398 3763498.33822
    -11830876.7399 3763499.25709
    -11829929.5224 3763503.85146
    -11827755.6754 3763514.61541
    -11823797.0429 3763553.73327
    -11822815.3163 3763538.89997
    -11822788.377 3763541.91914
    -11822486.0333 3763541.91914
    -11822207.7346 3763544.9383
    -11820108.3603 3763579.59313
    -11815827.124 3763622.78053
    -11815503.8522 3763626.19353
    -11814874.2292 3763632.62571
    -11813840.405 3763643.12724
    -11813840.405 3763631.57556
    -11813054.3781 3763630.1316
    -11810970.8112 3763626.58733
    -11809084.0572 3763623.56815
    -11806952.0663 3763620.8115
    -11805482.8716 3763617.66105
    -11803731.1481 3763614.64186
    -11803336.8545 3763614.11679
    -11800174.713 3763608.73477
    -11799925.1347 3763608.73477
    -11799925.1347 3763617.26724
    -11799643.7191 3763616.21709
    -11799641.27 3763584.45006
    -11799634.1456 3763489.41203
    -11799631.8079 3763457.90787
    -11799622.3457 3763332.81093
    -11799621.7891 3763324.27866
    -11799618.4495 3762956.47782
    -11799617.4477 3762831.12357
    -11799617.1137 3762803.16516
    -11799616.4458 3762719.68408
    -11799616.2231 3762691.85719
    -11799612.5496 3762171.16482
    -11799601.7516 3760609.48529
    -11799598.746 3760168.01517
    -11799597.0762 3760106.20539
    -11799596.6309 3760089.0142
    -11799596.5196 3760086.12713
    -11799596.1856 3760077.46593
    -11799596.1856 3760074.57886
    -11799596.0743 3760071.03564
    -11799595.7404 3760060.406
    -11799595.7404 3760056.86279
    -11799595.629 3760048.59529
    -11799595.4064 3760024.05531
    -11799595.4064 3760015.91907
    -11799594.8498 3759965.78946
    -11799593.514 3759815.40188
    -11799593.0687 3759765.40433
    -11799590.1744 3759451.25123
    -11799581.8254 3758509.10354
    -11799579.0424 3758195.11442
    -11799578.9311 3758192.2278
    -11799578.9311 3758183.56796
    -11799578.9311 3758180.68135
    -11799578.2632 3758112.84616
    -11799576.2595 3757909.47409
    -11799575.5915 3757841.77163
    -11799570.0256 3757281.92887
    -11799553.5503 3755602.95015
    -11799548.8749 3755120.21162
    -11799548.0956 3755043.47371
    -11799547.539 3754983.39549
    -11799545.8692 3754803.16262
    -11799545.424 3754743.08559
    -11799545.09 3754708.84969
    -11799544.1994 3754606.27374
    -11799543.9768 3754572.1694
    -11799539.0787 3753984.5405
    -11799537.6316 3753816.2583
    -11799534.1807 3753370.97106
    -11799524.7185 3752221.82557
    -11799520.0431 3751651.75258
    -11799519.9318 3751634.44229
    -11799517.4828 3751387.38004
    -11799512.4734 3750868.61823
    -11799510.3583 3750646.22364
    -11799508.3546 3750419.11263
    -11799507.9093 3750399.31274
    -11799507.464 3750382.2665
    -11799506.2395 3750322.60486
    -11799501.5641 3750092.61527
    -11799500.3396 3750029.93928
    -11799500.2282 3750016.04046
    -11799500.2282 3750010.40227
    -11799499.5603 3749934.87694
    -11799497.7792 3749691.38964
    -11799497.5566 3749658.47924
    -11799497.2226 3749610.35942
    -11799496.8887 3749566.17326
    -11799495.9981 3749435.97583
    -11799495.8868 3749433.74688
    -11799495.6641 3749389.69249
    -11799495.4415 3749367.00978
    -11799494.8849 3749298.96192
    -11799494.7736 3749276.4105
    -11799494.5509 3749251.76132
    -11799494.4396 3749225.27662
    -11799493.3264 3749185.02522
    -11799493.1038 3749178.20741
    -11799492.8812 3749168.50515
    -11799492.4359 3749153.68954
    -11799491.9906 3749141.36507
    -11799490.9887 3749104.78506
    -11799490.9887 3749102.29396
    -11799490.7661 3749092.59175
    -11799490.6548 3749034.24759
    -11799490.6548 3748882.9474
    -11799490.6548 3748859.34789
    -11799490.6548 3748801.13596
    -11799490.2095 3748740.82659
    -11799489.6529 3748657.96727
    -11799486.7586 3748228.47138
    -11799485.868 3748085.44057
    -11799485.3114 3748004.29003
    -11799483.6416 3747761.23495
    -11799483.085 3747680.21768
    -11799482.8624 3747649.54138
    -11799482.8624 3747649.41029
    -11799482.7511 3747635.9075
    -11799482.6398 3747622.40472
    -11799482.4171 3747599.46314
    -11799482.3058 3747576.65271
    -11799482.0832 3747557.64404
    -11799481.9718 3747527.09915
    -11799481.7492 3747503.37119
    -11799481.3039 3747432.58088
    -11799481.1926 3747408.98421
    -11799476.4059 3746884.36332
    -11799471.1739 3746299.99237
    -11799462.4909 3745344.32234
    -11799462.0457 3745311.16164
    -11799462.0457 3745305.52565
    -11799460.9325 3745184.28679
    -11799457.3702 3744786.76292
    -11799456.8136 3744686.63038
    -11799455.4778 3744386.23776
    -11799455.0325 3744286.2396
    -11799452.4722 3743687.57855
    -11799452.1382 3743607.637
    -11799447.1288 3742356.03098
    -11799445.793 3742033.81353
    -11799441.3402 3740932.65206
    -11799440.4497 3740747.12592
    -11799429.9856 3738497.97883
    -11799423.7517 3737156.13097
    -11799423.3065 3737051.21533
    -11799422.9725 3736998.82333
    -11799421.9706 3736842.04165
    -11799421.6367 3736789.78154
    -11799421.6367 3736788.60274
    -11799420.1895 3736470.06984
    -11799415.9594 3735511.11636
    -11799414.6236 3735191.56939
    -11799414.6236 3735189.99786
    -11799413.5104 3734956.49821
    -11799412.5085 3734706.24081
    -11799407.4991 3733557.42797
    -11799406.052 3733250.63364
    -11799403.9369 3732771.40579
    -11799403.9369 3732765.51376
    -11799403.8256 3732755.56279
    -11799403.8256 3732725.70991
    -11799403.8256 3732715.88991
    -11799402.3784 3732459.52506
    -11799398.2596 3731690.85582
    -11799396.9238 3731434.64358
    -11799396.2558 3731213.39158
    -11799394.6974 3730553.06348
    -11799394.1408 3730550.05255
    -11799360.5223 3730332.61303
    -11799360.411 3730331.82758
    -11799360.077 3730329.60215
    -11799359.9657 3730328.94761
    -11799356.7374 3730308.00242
    -11799355.4016 3730299.62435
    -11799350.1696 3729660.81367
    -11799347.4979 3729341.94454
    -11799328.4623 3726997.67614
    -11799323.3416 3726380.37035
    -11799316.4398 3725519.44022
    -11799315.4379 3725393.42685
    -11799314.8813 3725321.71888
    -11799313.1002 3725124.52418
    -11799306.1984 3724318.24444
    -11799303.972 3724049.49644
    -11799300.9664 3723681.84205
    -11799292.1721 3722578.9457
    -11799289.2778 3722211.46667
    -11799288.4986 3722121.72446
    -11799286.3835 3721852.50181
    -11799285.7156 3721762.76225
    -11799284.9363 3721677.73267
    -11799282.9326 3721422.64749
    -11799282.2647 3721337.7511
    -11799280.1496 3721087.38216
    -11799274.1384 3720336.82947
    -11799272.1346 3720086.61195
    -11799271.3554 3720004.47162
    -11799269.3516 3719758.44634
    -11799268.6837 3719676.43902
    -11799265.3441 3719252.93954
    -11799255.4367 3717982.92196
    -11799252.2084 3717559.61226
    -11799248.7575 3717215.56139
    -11799238.5161 3716183.4672
    -11799235.1765 3715840.76279
    -11799235.1765 3715839.58603
    -11799234.3973 3715688.43829
    -11799232.1709 3715235.00635
    -11799231.503 3715083.99687
    -11799225.3804 3714425.5913
    -11799221.8182 3714033.78108
    -11799196.326 3712451.11126
    -11799185.7507 3711793.10958
    -11799185.6394 3711783.30649
    -11799179.1828 3711115.79976
    -11799159.5906 3709084.22706
    -11799153.1341 3708407.19859
    -11799149.4605 3708002.12331
    -11799138.5512 3706787.23961
    -11799134.989 3706382.34885
    -11799132.9852 3706181.54161
    -11799122.8552 3705130.13392
    -11799118.7363 3704707.27099
    -11799088.0122 3701522.09658
    -11799086.565 3701374.52193
    -11799074.6538 3700122.95176
    -11799073.318 3699983.75125
    -11799069.3105 3699566.55095
    -11799067.9747 3699427.48736
    -11799052.8352 3697869.56112
    -11799056.7314 3697688.86917
    -11799115.1741 3695034.54626
    -11796931.9763 3695036.37366
    -11795449.5346 3695037.80947
    -11795331.0907 3695037.80947
    -11795319.2908 3694011.76834
    -11795297.4722 3692111.84233
    -11795280.4403 3690517.7924
    -11795268.0838 3689353.44262
    -11795265.7461 3689144.82644
    -11795259.4009 3688570.40015
    -11795258.733 3688519.39063
    -11795256.5066 3688311.04958
    -11795251.6086 3687866.59186
    -11794797.2024 3687867.63547
    -11794781.8403 3687867.50502
    -11794790.3006 3687859.1561
    -11796756.6481 3685913.36089
    -11796779.4686 3685890.53547
    -11796831.0095 3685839.14583
    -11797909.584 3684765.75156
    -11797916.1519 3684759.23062
    -11799055.7295 3683632.20332
    -11799056.2861 3683631.55129
    -11799067.1954 3683617.85858
    -11799077.7708 3683604.68752
    -11799186.7526 3683502.31885
    -11799188.645 3683500.36277
    -11799253.3216 3683435.68187
    -11799343.9357 3683345.31175
    -11799447.2402 3683241.90203
    -11799457.3702 3683231.86104
    -11799485.868 3683203.30292
    -11799511.9168 3683177.2225
    -11799516.0356 3683173.04964
    -11799539.6353 3683150.09893
    -11799548.9862 3683141.10122
    -11799558.7823 3683131.71231
    -11799924.6895 3683452.50409
    -11799927.9177 3683455.63381
    -11799962.0928 3683499.31953
    -11800051.2597 3683574.17244
    -11800122.5042 3683651.89476
    -11800413.8273 3683822.5987
    -11800532.7165 3683840.59513
    -11800636.8002 3683870.58924
    -11801668.5093 3683961.35447
    -11802269.1893 3683994.86996
    -11803482.4604 3684085.63611
    -11804853.2486 3684217.09172
    -11804986.9433 3684230.52427
    -11808249.161 3684495.39625
    -11808421.7062 3684531.52153
    -11808671.3958 3684594.38238
    -11808799.3019 3684639.24592
    -11808956.9303 3684705.10694
    -11809108.5474 3684812.70244
    -11809325.6205 3684995.03006
    -11810089.6061 3685835.23292
    -11810623.0491 3686403.7916
    -11810931.1815 3686732.23465
    -11811288.517 3687153.82339
    -11811341.6164 3687216.56727
    -11811763.6286 3687596.29849
    -11811956.9906 3687724.92191
    -11812123.6359 3687808.67135
    -11812352.6201 3687880.41977
    -11812712.516 3687901.42257
    -11813661.9599 3687901.55302
    -11813729.8648 3687901.55302
    -11813833.9485 3687919.425
    -11813839.8484 3687919.81635
    -11814018.4049 3687931.42663
    -11814301.0451 3687982.30325
    -11814449.8793 3688031.09282
    -11814592.5908 3688077.92577
    -11815618.8452 3688651.8071
    -11815761.6681 3688736.08473
    -11816368.6933 3689094.20591
    -11817076.9079 3689488.60797
    -11817335.8371 3689679.87733
    -11817612.5773 3689934.03797
    -11817889.4289 3690301.71912
    -11817984.7184 3690448.11618
    -11818151.3636 3690654.53641
    -11818487.6598 3691102.87958
    -11818821.0617 3691497.34643
    -11819056.2798 3691730.66593
    -11819416.5097 3692008.48898
    -11819555.4364 3692083.00248
    -11819722.9722 3692172.78468
    -11819937.3736 3692256.56459
    -11820303.1694 3692367.09753
    -11820738.3173 3692498.51167
    -11821142.741 3692620.79203
    -11821458.4431 3692708.35962
    -11821500.1879 3692719.97444
    -11821510.318 3692758.8646
    -11821533.6951 3692771.91502
    -11821566.9796 3692780.3978
    -11821716.259 3692819.15765
    -11821829.2483 3692851.65338
    -11821965.726 3692906.85717
    -11822017.1556 3692919.12471
    -11822143.1693 3692948.74957
    -11822194.2649 3692984.5083
    -11822285.7695 3693042.32283
    -11822363.9158 3693083.04112
    -11822473.2316 3693145.81543
    -11822618.9488 3693235.0834
    -11822707.2251 3693304.77551
    -11822754.4246 3693346.14723
    -11822805.6316 3693393.00055
    -11822876.6534 3693460.47487
    -11822979.4013 3693561.23024
    -11823216.4005 3693848.88359
    -11823537.6685 3694272.54508
    -11823602.1225 3694357.51408
    -11823935.4131 3694795.8121
    -11824070.7776 3694973.06753
    -11824133.3391 3695066.13418
    -11824178.9801 3695141.8411
    -11824219.5004 3695205.1481
    -11824253.2302 3695280.98641
    -11824275.1602 3695336.20118
    -11824299.0938 3695410.08231
    -11824314.0107 3695448.19784
    -11824324.252 3695505.24083
    -11824439.0224 3696066.28651
    -11824549.7853 3696600.72672
    -11824672.6821 3697197.85492
    -11824752.8321 3697603.87699
    -11824792.2392 3697760.28395
    -11824819.4011 3697834.44087
    -11824853.3536 3697913.29838
    -11824886.6381 3697976.61975
    -11824924.7094 3698040.4637
    -11824955.9902 3698099.60778
    -11824991.2784 3698149.3517
    -11825048.9419 3698215.28555
    -11825270.4677 3698460.87595
    -11825341.7122 3698539.08467
    -11825465.3881 3698678.39928
    -11825664.4274 3698900.88813
    -11825952.4109 3699216.47934
    -11826052.2645 3699322.63576
    -11826138.5371 3699438.19455
    -11826174.1593 3699489.51083
    -11826209.5589 3699546.31155
    -11826243.1774 3699600.76215
    -11826273.679 3699664.74517
    -11826300.173 3699742.96161
    -11826338.2443 3699870.146
    -11826403.9228 3700110.5464
    -11826441.5488 3700248.31194
    -11826557.2097 3700643.85785
    -11826656.1727 3701042.28962
    -11826689.4573 3701168.05102
    -11826713.9476 3701240.92271
    -11826724.0776 3701291.20181
    -11826760.0338 3701427.93591
    -11826776.9544 3701498.58899
    -11826790.6467 3701555.13787
    -11826823.9312 3701681.68816
    -11826871.4646 3701832.79275
    -11826914.3226 3702000.09397
    -11826923.7848 3702060.69388
    -11826944.1563 3702130.04458
    -11826997.8123 3702338.8827
    -11827025.6421 3702421.94876
    -11827052.8041 3702526.04335
    -11827094.5489 3702691.1337
    -11827123.0467 3702812.3407
    -11827165.5707 3702964.24298
    -11827203.642 3703077.09336
    -11827273.662 3703229.39079
    -11827314.1823 3703295.74395
    -11827359.1553 3703352.03993
    -11827404.0171 3703405.72381
    -11827442.0883 3703466.33071
    -11827447.9883 3703473.12288
    -11827500.5311 3703534.38321
    -11827724.9512 3703725.08899
    -11827752.1131 3703747.16403
    -11828012.4894 3703954.59298
    -11828141.5087 3704067.71378
    -11828223.7738 3704129.36898
    -11828275.0921 3704164.2461
    -11828343.9989 3704211.14097
    -11828467.0069 3704283.37771
    -11828553.8361 3704335.89004
    -11828637.2144 3704395.84842
    -11828722.3738 3704449.01437
    -11828748.4226 3704470.43758
    -11828758.7753 3704476.3159
    -11828889.1304 3704548.03169
    -11828967.6106 3704600.41453
    -11828967.722 3704600.54516
    -11829124.3485 3704691.59516
    -11829645.9916 3705014.52119
    -11830378.9192 3705468.61772
    -11830440.9241 3705504.5438
    -11830741.2641 3705694.10462
    -11830905.683 3705793.00141
    -11830989.7292 3705840.03319
    -11831051.2889 3705882.36195
    -11831088.0243 3705919.98763
    -11831123.4239 3705965.19087
    -11831150.9198 3706015.22817
    -11831162.497 3706040.18157
    -11831180.3082 3706105.8968
    -11831531.9664 3707453.98645
    -11831621.4673 3707791.4895
    -11831770.0788 3708351.1406
    -11831833.0857 3708601.77018
    -11831851.8987 3708672.59554
    -11831879.1719 3708781.1865
    -11831893.9774 3708826.53103
    -11831909.2282 3708881.28445
    -11831929.5997 3708947.40704
    -11831943.6259 3709005.95066
    -11831967.2256 3709102.6528
    -11831976.6878 3709141.33386
    -11832008.4139 3709239.73592
    -11832081.4394 3709397.59905
    -11832276.5825 3709777.75963
    -11832385.453 3709994.17811
    -11832436.326 3710086.96741
    -11832475.1765 3710174.00702
    -11832475.8444 3710176.62083
    -11832483.0802 3710197.26997
    -11832488.8688 3710214.25978
    -11832703.6041 3710835.45001
    -11832780.0806 3711053.71709
    -11832891.2887 3711376.81184
    -11832967.9879 3711433.14517
    -11833012.627 3711480.98297
    -11833209.1059 3711849.57555
    -11833360.8344 3712176.08994
    -11833360.723 3712370.72178
    -11833330.5555 3712651.62977
    -11833487.2933 3713098.69076
    -11833569.6697 3713337.91435
    -11833577.1281 3713359.48392
    -11833572.898 3713476.87535
    -11833581.1356 3713635.0549
    -11833608.7429 3713729.83289
    -11833644.0311 3713819.12097
    -11833664.18 3713857.81703
    -11833695.6834 3713917.95305
    -11833793.7559 3714100.71607
    -11833899.6207 3714301.91544
    -11834108.3447 3714703.67048
    -11834146.1934 3714776.88468
    -11834317.2914 3715021.89395
    -11834410.5772 3715164.40428
    -11834604.2731 3715443.02334
    -11834711.0285 3715604.75869
    -11834815.2235 3715725.70205
    -11834846.7269 3715793.69235
    -11834877.5624 3715841.5473
    -11834938.5655 3715913.06856
    -11835023.057 3716050.22843
    -11835061.0169 3716109.98303
    -11835122.4653 3716182.02889
    -11835176.5666 3716256.29804
    -11835231.5584 3716357.50355
    -11835250.594 3716390.71588
    -11835265.6222 3716410.46026
    -11835301.6897 3716450.34139
    -11835418.2412 3716617.18976
    -11835430.709 3716646.61076
    -11835447.0729 3716673.28585
    -11835462.435 3716694.59982
    -11835492.8252 3716727.42078
    -11835502.9553 3716743.5044
    -11835503.0666 3716749.65017
    -11835571.7508 3716832.94537
    -11835593.0128 3716871.38949
    -11835673.6081 3716987.63796
    -11835742.0696 3717085.3189
    -11835784.4823 3717147.82466
    -11835973.2802 3717420.73537
    -11836013.1325 3717482.32747
    -11836028.272 3717506.25824
    -11836059.998 3717560.52765
    -11836166.0855 3717766.8844
    -11836168.7572 3717773.68455
    -11836203.0436 3717835.67076
    -11836318.5932 3718054.84815
    -11836360.1154 3718135.79832
    -11836389.7264 3718199.48647
    -11836427.4637 3718270.36772
    -11836448.837 3718312.08585
    -11836479.0046 3718351.18855
    -11836482.1216 3718384.01399
    -11836502.6043 3718429.78666
    -11836549.5812 3718499.88457
    -11836571.8451 3718541.60349
    -11836573.2922 3718543.69598
    -11836574.962 3718546.18081
    -11836576.6318 3718548.79642
    -11836584.7581 3718565.144
    -11836594.3316 3718579.92224
END
END
