48153 Floyd County
1
    -11306111.9849 4036819.88782
    -11306115.4358 4038773.39298
    -11306122.115 4039744.02147
    -11306128.9055 4040723.06653
    -11306133.2469 4042672.80529
    -11306137.4771 4044623.68505
    -11306144.1562 4045609.20152
    -11306146.6053 4046086.72835
    -11306148.3864 4046446.19785
    -11306150.8354 4046930.6188
    -11306151.058 4047735.16363
    -11306151.5033 4048703.06
    -11306151.9486 4049604.98873
    -11306152.0599 4049637.40838
    -11306152.0599 4049683.81842
    -11306152.7278 4051369.23653
    -11306154.175 4051635.63297
    -11306159.407 4052613.41529
    -11306164.7503 4053605.94978
    -11306168.2012 4054251.89737
    -11306168.5352 4054316.09042
    -11306174.7691 4055494.77703
    -11306174.3238 4055505.94809
    -11306170.8729 4055579.16589
    -11306174.8804 4056513.81111
    -11306175.5483 4056552.44226
    -11306174.3238 4057501.43683
    -11306172.7653 4058756.25068
    -11306172.5427 4058924.53904
    -11306172.4314 4059092.96452
    -11306172.3201 4059113.56349
    -11306170.3163 4059455.53882
    -11306159.407 4061381.16016
    -11306159.2957 4061399.87804
    -11306140.0374 4062429.27406
    -11306140.7053 4063317.20997
    -11306141.4846 4064140.69703
    -11306142.4864 4065275.8173
    -11306143.711 4066595.21598
    -11306147.3845 4067992.37806
    -11306147.6071 4069558.83278
    -11306148.0524 4070839.78119
    -11305227.4402 4070834.6598
    -11304978.4185 4070834.52503
    -11304698.6726 4070831.69479
    -11304197.401 4070828.46023
    -11303280.0171 4070824.5518
    -11302996.7089 4070822.39543
    -11302713.4008 4070820.37384
    -11302533.6199 4070818.62179
    -11302353.8389 4070816.86974
    -11301899.4327 4070814.84814
    -11301444.9152 4070812.96132
    -11300465.9716 4070807.83994
    -11299499.7185 4070802.98812
    -11298970.0603 4070800.83175
    -11298907.4988 4070812.69177
    -11297554.967 4070812.69177
    -11296628.0096 4070812.557
    -11295764.6156 4070812.42222
    -11295499.2299 4070811.47881
    -11293552.9199 4070811.47881
    -11292584.663 4070812.28745
    -11291607.9458 4070811.61359
    -11290675.4224 4070810.80495
    -11290666.1829 4070810.67018
    -11290503.5451 4070811.34404
    -11290481.8378 4070811.34404
    -11289658.9642 4070811.47881
    -11289150.1228 4070812.28745
    -11288709.5202 4070812.28745
    -11287712.3202 4070811.47881
    -11286963.808 4070812.28745
    -11285770.6857 4070810.80495
    -11285355.464 4070812.28745
    -11284798.4212 4070811.61359
    -11283827.8266 4070819.43042
    -11283192.5263 4070824.5518
    -11282384.3468 4070833.85116
    -11281881.0713 4070834.79457
    -11281658.0984 4070829.40364
    -11281578.3936 4070827.92113
    -11280649.4325 4070836.81617
    -11280640.4156 4070837.22049
    -11280308.4609 4070850.29351
    -11280299.5553 4070849.88919
    -11280246.5673 4070847.05895
    -11280124.6724 4070845.44167
    -11280022.4811 4070848.00237
    -11279920.2898 4070850.69783
    -11279915.7257 4070850.69783
    -11279911.1616 4070850.83261
    -11277983.5533 4070830.75137
    -11277053.3677 4070817.81315
    -11276804.346 4070814.44382
    -11276021.3247 4070808.10949
    -11275872.3792 4070806.49221
    -11273861.9492 4070805.68357
    -11273107.537 4070845.57644
    -11272091.524 4070805.00971
    -11271529.0266 4070804.74016
    -11271474.2574 4070804.74016
    -11271419.5995 4070804.74016
    -11271382.0849 4070804.74016
    -11271146.6442 4070804.74016
    -11270997.0308 4070804.60539
    -11270996.2515 4070804.60539
    -11270965.75 4070804.60539
    -11270934.3579 4070804.60539
    -11270763.0372 4070804.60539
    -11270626.7821 4070804.87494
    -11270490.4158 4070805.27925
    -11270181.2815 4070805.95312
    -11269595.8523 4070812.01791
    -11269396.3678 4070814.0395
    -11269392.5829 4070814.0395
    -11269079.3299 4070810.80495
    -11268980.8121 4070813.23086
    -11268443.9182 4070813.23086
    -11268281.0578 4070812.42222
    -11268255.343 4070812.28745
    -11268229.6282 4070812.15268
    -11268131.1105 4070811.74836
    -11268022.4626 4070811.74836
    -11268021.3495 4070811.74836
    -11267695.7399 4070811.34404
    -11267690.9532 4070811.34404
    -11266286.3239 4070802.5838
    -11266108.658 4070808.64858
    -11265871.8814 4070808.51381
    -11265541.5965 4070808.37903
    -11265467.7917 4070808.24426
    -11265385.9718 4070807.97472
    -11265182.4798 4070808.24426
    -11264789.522 4070808.10949
    -11264403.466 4070807.97472
    -11264013.8478 4070807.97472
    -11263715.4002 4070810.13108
    -11263549.9795 4070812.01791
    -11263319.3255 4070813.09609
    -11263222.4775 4070812.82654
    -11262475.0785 4070805.27925
    -11262349.3988 4070813.09609
    -11261686.3799 4070814.44382
    -11261666.3424 4070814.30905
    -11261650.6463 4070814.30905
    -11261646.4162 4070814.30905
    -11261636.6201 4070814.0395
    -11261610.126 4070814.71337
    -11261593.5394 4070814.71337
    -11261092.2678 4070811.20927
    -11261086.4791 4070811.07449
    -11261079.466 4070810.80495
    -11261074.7906 4070810.80495
    -11261070.6718 4070810.93972
    -11261069.3359 4070810.93972
    -11261042.9532 4070810.80495
    -11260962.1353 4070809.45722
    -11260949.4448 4070809.32245
    -11260948.2203 4070809.45722
    -11260936.7544 4070809.32245
    -11260919.8339 4070809.45722
    -11260902.3567 4070810.40063
    -11260693.6327 4070811.74836
    -11260677.38 4070812.15268
    -11260668.5858 4070812.42222
    -11260659.9028 4070812.557
    -11260652.4444 4070812.42222
    -11260645.8766 4070812.42222
    -11260645.7653 4070812.42222
    -11260420.232 4070819.29565
    -11260407.4302 4070819.69997
    -11260392.8474 4070817.5436
    -11260387.838 4070817.13928
    -11260385.2777 4070816.86974
    -11260383.8305 4070816.73496
    -11260378.4872 4070816.19587
    -11260342.9763 4070814.98291
    -11260241.3416 4070818.75656
    -11260177.7781 4070818.62179
    -11260114.1034 4070818.48701
    -11260086.6075 4070818.35224
    -11260045.6419 4070819.83474
    -11260045.3079 4070819.83474
    -11260033.2854 4070819.69997
    -11259329.6349 4070816.60019
    -11259322.9558 4070816.73496
    -11259317.6124 4070816.86974
    -11259316.1653 4070816.86974
    -11259307.9276 4070816.86974
    -11259299.8013 4070816.73496
    -11259177.6838 4070816.46542
    -11259150.2992 4070815.79155
    -11259122.8033 4070815.25246
    -11259112.4506 4070814.98291
    -11259108.7771 4070814.84814
    -11259094.8621 4070814.30905
    -11259055.9003 4070812.42222
    -11259021.2799 4070810.67018
    -11259009.814 4070811.07449
    -11258999.684 4070810.93972
    -11258370.1722 4070807.43562
    -11257227.9229 4070808.37903
    -11255784.3318 4070807.83994
    -11255621.9167 4070810.13108
    -11254840.8991 4070806.62698
    -11253514.0821 4070814.30905
    -11253352.0009 4070812.01791
    -11253265.7283 4070812.28745
    -11252434.7283 4070814.30905
    -11252224.5571 4070814.71337
    -11252057.8005 4070815.52201
    -11251502.2049 4070817.13928
    -11251499.5333 4070817.13928
    -11251491.5183 4070817.13928
    -11251483.5033 4070817.13928
    -11249857.7934 4070827.92113
    -11249417.0796 4070829.13409
    -11247981.5034 4070832.77297
    -11247886.5479 4070833.17729
    -11247886.5479 4070771.18175
    -11247886.5479 4070585.46669
    -11247886.6592 4070523.60727
    -11247886.6592 4070381.15669
    -11247886.6592 4069954.22001
    -11247886.7705 4069811.91136
    -11247886.7705 4069775.25639
    -11247886.7705 4069665.56171
    -11247886.7705 4069629.04198
    -11247886.7705 4069522.04388
    -11247886.7705 4069477.16966
    -11247886.7705 4069021.69967
    -11247886.8818 4068905.40953
    -11247886.8818 4068869.97025
    -11247886.8818 4068778.61017
    -11247886.8818 4068721.74631
    -11247886.8818 4068504.80387
    -11247886.9932 4068413.58148
    -11247886.9932 4068411.29083
    -11247886.9932 4068404.82309
    -11247886.9932 4068402.66719
    -11247887.1045 4067850.63303
    -11247887.2158 4067775.98855
    -11247887.5498 4066421.96372
    -11247887.5498 4066194.69204
    -11247887.7724 4065642.90023
    -11247887.7724 4065444.06778
    -11247887.995 4064847.86077
    -11247888.1063 4064649.17698
    -11247888.1063 4064451.70894
    -11247888.1063 4063859.46018
    -11247888.2177 4063687.46196
    -11247888.4403 4063662.14059
    -11247888.4403 4063268.45452
    -11247888.6629 4062429.94743
    -11247874.9707 4060989.97713
    -11247875.9725 4058997.24038
    -11247874.1914 4057821.15146
    -11247871.2971 4056585.15097
    -11247871.4084 4056379.34344
    -11247871.5197 4056341.25129
    -11247871.6311 4056301.40946
    -11247872.1877 4055762.07787
    -11247872.4103 4055556.41987
    -11247871.6311 4055306.6204
    -11247869.516 4054601.53184
    -11247869.2934 4054557.25498
    -11247868.6254 4054307.61207
    -11247868.7368 4054171.82479
    -11247869.2934 4053764.33811
    -11247869.516 4053649.68466
    -11247869.516 4053628.6919
    -11247869.516 4053580.92006
    -11247869.7386 4053437.7403
    -11247869.85 4053390.10383
    -11247870.0726 4053256.74968
    -11247870.0726 4053251.09797
    -11247870.6292 4052834.4943
    -11247870.9631 4052695.6298
    -11247871.0745 4052589.4642
    -11247871.4084 4052405.66145
    -11247871.6311 4052271.24245
    -11247871.8537 4052165.21536
    -11247871.2971 4052080.71733
    -11247869.6273 4051827.36155
    -11247869.0707 4051743.00057
    -11247868.9594 4051731.83322
    -11247869.4047 4051495.03407
    -11247870.7405 4050935.61568
    -11247871.0745 4050751.16703
    -11247871.7424 4050503.35671
    -11247873.0782 4050358.33234
    -11247874.0801 4050253.26481
    -11247877.0857 4049923.67388
    -11247878.5329 4049778.79143
    -11247878.7555 4049530.73328
    -11247879.5347 4048786.72584
    -11247879.8687 4048538.82386
    -11247879.6461 4048328.45442
    -11247879.0895 4047697.63846
    -11247878.9782 4047487.41909
    -11247879.8687 4047078.82723
    -11247880.7593 4046671.32595
    -11247880.8706 4046619.27981
    -11247881.3159 4046378.28374
    -11247882.5404 4045853.40873
    -11247883.097 4045617.5389
    -11247883.097 4045608.52915
    -11247883.9875 4045445.01008
    -11247884.3215 4045334.60914
    -11247885.6573 4045003.68169
    -11247886.1026 4044913.32041
    -11247885.9913 4044893.41951
    -11247883.4309 4044541.39446
    -11247882.763 4044447.54088
    -11247882.9857 4043485.6536
    -11247883.2083 4043133.80657
    -11247883.7649 4043107.85879
    -11247885.6573 4043030.41912
    -11247886.3252 4043004.60602
    -11247886.2139 4042494.80921
    -11247886.2139 4042373.41318
    -11247886.2139 4042051.9821
    -11247886.3252 4040776.02661
    -11247886.3252 4040475.74352
    -11247886.1026 4040447.51678
    -11247886.2139 4039367.15727
    -11247886.3252 4039334.09489
    -11247886.5479 4038384.33155
    -11247886.5479 4038317.0031
    -11247886.5479 4038286.63152
    -11247886.7705 4037779.1961
    -11247886.8818 4037381.70291
    -11247886.8818 4037189.00836
    -11247886.9932 4037147.75549
    -11247886.3252 4036611.34739
    -11247886.1026 4036418.93461
    -11247885.9913 4036378.08762
    -11247885.9913 4036255.54753
    -11247885.9913 4036236.87103
    -11247885.9913 4036214.70113
    -11247885.88 4036124.81269
    -11247885.546 4035855.42034
    -11247885.546 4035765.66909
    -11247885.4347 4035665.43874
    -11247885.3234 4035632.92453
    -11247885.1007 4035285.88811
    -11247884.9894 4035234.96883
    -11247884.8781 4035102.3648
    -11247884.7668 4035059.2386
    -11247884.7668 4034930.12965
    -11247884.7668 4034887.13845
    -11247884.6554 4034809.48599
    -11247884.4328 4034576.53181
    -11247884.4328 4034498.88147
    -11247884.4328 4034465.83322
    -11247884.4328 4034442.18899
    -11247884.4328 4034370.71926
    -11247884.4328 4033986.50998
    -11247884.5441 4033858.48788
    -11247884.5441 4033774.12572
    -11247884.5441 4033521.04301
    -11247884.6554 4033436.81768
    -11247884.6554 4033346.81683
    -11247884.7668 4033076.81853
    -11247884.8781 4032986.95484
    -11247884.8781 4032960.89584
    -11247885.212 4032764.38071
    -11247885.3234 4032738.72519
    -11247886.4366 4032097.08736
    -11247886.8818 4031874.66492
    -11247887.3271 4031645.53137
    -11247888.4403 4031019.39974
    -11247889.1082 4030655.04511
    -11247890.2214 4030342.80796
    -11247894.8968 4029085.75382
    -11247894.7855 4029064.13494
    -11247887.5498 4028812.23097
    -11247883.5422 4027489.15507
    -11247883.4309 4027425.78447
    -11247878.3102 4025763.50605
    -11247881.3159 4025595.70752
    -11247898.5704 4024648.16195
    -11247917.606 4023820.81858
    -11247914.9343 4023748.47586
    -11247913.0419 4023694.65533
    -11247907.3646 4023533.32945
    -11247905.4722 4023479.64414
    -11247900.9081 4023445.01725
    -11247896.2327 4023409.04835
    -11247893.561 4023340.73458
    -11247892.3365 4023305.83969
    -11247891.2233 4023277.92385
    -11247888.1063 4023194.17675
    -11247887.1045 4023166.3954
    -11247886.3252 4022944.147
    -11247884.3215 4022277.56196
    -11247883.6536 4022055.46506
    -11247880.0913 4021537.47939
    -11247877.4197 4021137.33143
    -11247877.0857 4019983.66333
    -11247876.9744 4019465.7716
    -11247876.9744 4019232.19133
    -11247876.6404 4017753.81004
    -11247876.5291 4017211.33768
    -11247877.197 4016091.46319
    -11247877.197 4016084.08625
    -11247877.4197 4015667.76637
    -11247880.2027 4013964.95588
    -11247881.2045 4013448.40948
    -11247881.0932 4013323.96981
    -11247880.5366 4012687.44449
    -11247879.8687 4012040.63051
    -11247876.1952 4011353.09554
    -11247875.082 4011152.66167
    -11247871.8537 4010551.78329
    -11247870.8518 4010351.49751
    -11247866.6217 4009577.73556
    -11247854.2652 4007257.16548
    -11247850.2577 4006483.74659
    -11249418.638 4006475.57177
    -11250918.6682 4006467.79898
    -11252854.8481 4006457.61396
    -11253943.4414 4006451.9854
    -11254800.8241 4006447.56297
    -11256726.9852 4006437.51198
    -11257230.9286 4006434.29567
    -11259891.0191 4006419.95627
    -11260940.3166 4006413.38964
    -11262926.813 4006400.92646
    -11264760.5789 4006389.53539
    -11266126.6917 4006381.0926
    -11268053.8547 4006369.03149
    -11268940.9598 4006363.53698
    -11269991.4818 4006369.56753
    -11271149.7611 4006376.13414
    -11271288.7991 4006401.46251
    -11272147.4064 4006393.15373
    -11273369.917 4006381.76266
    -11273805.0649 4006377.74229
    -11273841.3551 4006377.34025
    -11274096.2767 4006374.92803
    -11274114.0878 4006374.66
    -11274178.8758 4006373.85593
    -11274340.9569 4006371.57772
    -11274368.8981 4006371.17568
    -11274398.1752 4006370.63963
    -11274465.3008 4006369.70155
    -11274501.7023 4006369.1655
    -11275718.313 4006351.6099
    -11276123.8499 4006345.84738
    -11276188.9718 4006344.77528
    -11276384.3375 4006342.09504
    -11276449.5707 4006341.29097
    -11276509.5719 4006340.4869
    -11276689.6869 4006338.47672
    -11276749.7994 4006337.80666
    -11276793.9932 4006337.1366
    -11276926.6861 4006335.66247
    -11276970.9912 4006335.26043
    -11276999.0437 4006335.39445
    -11277083.3126 4006336.19852
    -11277111.4764 4006336.46654
    -11277142.3119 4006336.73456
    -11277146.9874 4006336.60055
    -11277253.5201 4006335.52846
    -11277289.1423 4006335.26043
    -11277297.9366 4006334.99241
    -11277324.6533 4006334.72439
    -11277333.5588 4006334.72439
    -11277406.5844 4006333.7863
    -11277625.9951 4006331.5081
    -11277699.132 4006330.70403
    -11278310.1647 4006324.00344
    -11280635.2949 4006298.40722
    -11284484.3889 4006256.05967
    -11284493.5171 4006256.32769
    -11285061.6918 4006268.92473
    -11285973.5098 4006277.36743
    -11286427.1367 4006272.141
    -11287414.6519 4006260.61604
    -11289580.8179 4006235.28798
    -11291263.6346 4006215.85644
    -11291339.1092 4006214.91837
    -11293200.4824 4006193.20869
    -11295130.4284 4006170.69499
    -11297079.4101 4006148.04732
    -11298563.7442 4006135.1824
    -11298582.5572 4006134.91438
    -11298601.3702 4006134.78037
    -11298976.9621 4006131.56414
    -11299014.9221 4006135.45041
    -11299025.3861 4006136.52249
    -11299968.3735 4006125.93574
    -11301902.995 4006104.22623
    -11302847.8748 4006093.6395
    -11303839.7315 4006082.51675
    -11305965.3771 4006058.79719
    -11306006.0087 4006058.39517
    -11306006.1201 4006071.126
    -11306006.6767 4006109.45259
    -11306006.8993 4006122.31748
    -11306007.3446 4006154.88182
    -11306009.237 4006412.98761
    -11306015.9162 4007285.17626
    -11306017.586 4007492.37773
    -11306017.586 4007576.00992
    -11306019.1444 4008999.72715
    -11306020.035 4009208.3001
    -11306026.0463 4010497.62267
    -11306025.8236 4010540.38809
    -11306017.9199 4012040.63051
    -11306017.9199 4012056.58589
    -11306018.8105 4012844.99696
    -11306021.0369 4013184.11088
    -11306025.3783 4014770.93287
    -11306025.8236 4014846.03512
    -11306032.0575 4016733.27507
    -11306033.8386 4017234.94623
    -11306041.7423 4017859.3832
    -11306041.8536 4017867.16373
    -11306038.1801 4018069.72754
    -11306038.4027 4018113.72864
    -11306041.5197 4018686.16072
    -11306042.9668 4018958.09948
    -11306048.0875 4019903.69717
    -11306050.5365 4020381.22154
    -11306051.6497 4020631.7319
    -11306051.6497 4020638.70924
    -11306058.6629 4022153.96551
    -11306060.6666 4022587.83387
    -11306067.5684 4024264.41427
    -11306068.6816 4024546.82124
    -11306074.1363 4026193.61851
    -11306085.2682 4026502.65439
    -11306084.6003 4026512.18604
    -11306079.1456 4026586.29152
    -11306085.3795 4027234.33222
    -11306083.4871 4028045.13975
    -11306088.1625 4028499.77572
    -11306094.2851 4028814.11082
    -11306104.4152 4031664.33465
    -11306109.3132 4032525.55827
    -11306109.4245 4032541.54229
    -11306107.0868 4033251.84655
    -11306110.0925 4033475.10184
    -11306110.2038 4033478.19145
    -11306105.9736 4033659.13628
    -11306104.3039 4034145.02832
    -11306103.6359 4034368.43547
    -11306103.4133 4034429.15783
    -11306108.7566 4034581.23383
    -11306108.868 4034604.34096
    -11306109.2019 4034840.65439
    -11306111.9849 4036819.88782
END
END
