48169 Garza County
1
    -11265570.6509 3948105.61045
    -11263699.8155 3948113.07728
    -11263699.2589 3948113.07728
    -11263697.1438 3948113.07728
    -11263612.875 3948113.47729
    -11262867.9249 3948116.67736
    -11261810.1671 3948120.14411
    -11261708.6438 3948120.54412
    -11261304.9993 3948121.74415
    -11261232.6416 3948122.14416
    -11260862.727 3948123.47752
    -11259791.0542 3948127.61096
    -11259072.153 3948130.27769
    -11258863.6515 3948130.81103
    -11258790.1807 3948130.94437
    -11258786.9524 3948130.94437
    -11257983.671 3948133.21109
    -11257623.6637 3948134.27779
    -11257229.7041 3948133.74444
    -11256882.2759 3948134.54446
    -11256028.7894 3948136.01116
    -11255934.7244 3948136.01116
    -11255933.6112 3948135.74449
    -11254545.4572 3948134.94447
    -11254504.269 3948134.94447
    -11254462.9694 3948134.81113
    -11254406.0852 3948134.6778
    -11254349.0896 3948134.6778
    -11253965.5939 3948134.54446
    -11253569.2966 3948139.74459
    -11252589.4624 3948139.34458
    -11251816.9051 3948139.07791
    -11251451.1093 3948137.87788
    -11251352.3689 3948137.47787
    -11251306.394 3948137.21119
    -11251071.0645 3948136.67785
    -11250245.4079 3948139.74459
    -11249398.3779 3948143.07801
    -11249250.8796 3948143.47802
    -11249145.5713 3948144.01136
    -11249102.0454 3948144.1447
    -11249040.4857 3948144.1447
    -11248956.3282 3948144.67805
    -11248947.4226 3948144.67805
    -11248795.2489 3948145.34473
    -11248768.1982 3948145.34473
    -11248415.8721 3948146.14475
    -11248190.6727 3948146.6781
    -11248188.8916 3948146.6781
    -11247656.2278 3948147.87813
    -11247586.4305 3948146.94477
    -11247584.3155 3948021.07554
    -11247584.6494 3947273.22182
    -11247584.7607 3947076.83323
    -11247584.7607 3947076.6999
    -11247585.4287 3945969.75976
    -11247581.5325 3945197.37732
    -11247593.6663 3944023.0387
    -11247593.8889 3943871.35641
    -11247594.5569 3943350.87999
    -11247595.0021 3943024.87772
    -11247595.0021 3943021.4125
    -11247595.7814 3942979.82988
    -11247595.1135 3942978.23056
    -11247595.8927 3941950.57449
    -11247596.2266 3941447.77452
    -11247595.0021 3940991.10231
    -11247593.6663 3940566.56119
    -11247593.8889 3940463.02668
    -11247594.2229 3940303.66262
    -11247596.6719 3939250.66234
    -11247597.1172 3939060.80468
    -11247597.1172 3938784.35083
    -11247597.1172 3938784.2176
    -11247597.0059 3938290.34753
    -11247597.0059 3938290.08109
    -11247596.7832 3937764.65945
    -11247596.7832 3937763.86014
    -11247597.1172 3937555.11024
    -11247597.0059 3937549.78164
    -11247597.0059 3937430.82124
    -11247597.0059 3937430.55481
    -11247597.0059 3937148.0121
    -11247597.0059 3937147.87889
    -11247597.0059 3936057.2033
    -11247597.0059 3935951.84424
    -11247596.8946 3935629.24634
    -11247595.2248 3935252.71587
    -11247595.2248 3935252.58268
    -11247590.9946 3934327.22465
    -11247590.9946 3934265.56337
    -11247591.2173 3933892.67275
    -11247591.5512 3933410.86253
    -11247592.1078 3932652.49801
    -11247593.6663 3930274.12439
    -11247593.7776 3930273.99126
    -11247594.5569 3928924.64731
    -11247594.6682 3928924.5142
    -11247594.6682 3928836.92408
    -11247594.7795 3928836.79096
    -11247594.8908 3928546.86971
    -11247583.3136 3928473.92464
    -11247580.4193 3926473.17168
    -11247579.8627 3926127.41383
    -11247579.1948 3925743.60536
    -11247578.4155 3925229.79559
    -11247578.1929 3925098.05315
    -11247578.1929 3925097.92008
    -11247578.0816 3925074.36628
    -11247578.0816 3925050.81254
    -11247578.0816 3925050.67946
    -11247577.525 3924656.39417
    -11247577.4137 3924622.99431
    -11247575.1873 3923115.97513
    -11247575.1873 3923115.84208
    -11247573.9627 3922249.72031
    -11247573.5175 3921941.20493
    -11247571.8477 3920790.23132
    -11247570.6232 3920005.9529
    -11247570.6232 3920005.81989
    -11247569.51 3918952.39465
    -11247568.9534 3918922.60219
    -11247563.2761 3914974.97664
    -11247562.8308 3914665.45716
    -11247562.4968 3914478.65922
    -11247562.1629 3914279.50002
    -11247562.0516 3913929.58366
    -11247561.9402 3913861.64899
    -11247560.9384 3913437.56478
    -11247560.6044 3913269.53066
    -11247560.6044 3913256.76867
    -11247560.1591 3912982.52228
    -11247559.3799 3912357.61553
    -11247559.4912 3912357.48261
    -11247559.0459 3912101.33501
    -11247558.9346 3911920.16084
    -11247561.6063 3911535.62366
    -11247572.0703 3910017.53664
    -11247572.293 3909285.27842
    -11247572.4043 3908709.86997
    -11247572.5156 3908560.24184
    -11247572.5156 3908452.34068
    -11247572.7382 3907781.70153
    -11247569.9552 3906331.32856
    -11247568.9534 3905319.78802
    -11247570.0666 3905285.38071
    -11247569.3986 3904476.63878
    -11247569.2873 3904475.97459
    -11247568.842 3903703.81646
    -11247568.6194 3903497.26982
    -11247569.6213 3903172.91261
    -11247570.1779 3903018.04253
    -11247570.6232 3902863.30731
    -11247569.2873 3902724.64505
    -11247569.176 3902717.47291
    -11247567.9515 3902557.42905
    -11247567.0609 3902339.34791
    -11247565.8364 3901939.1889
    -11247564.7232 3901671.44992
    -11247564.7232 3901639.97506
    -11247564.5006 3901593.36054
    -11247564.1666 3901539.44199
    -11247564.0553 3901538.91077
    -11247564.0553 3901529.8801
    -11247564.0553 3901520.84944
    -11247564.0553 3901514.47486
    -11247564.0553 3901508.10028
    -11247564.0553 3901495.74955
    -11247564.0553 3901483.39883
    -11247562.7195 3901025.36895
    -11247562.6082 3901025.10335
    -11247559.1573 3900118.65815
    -11247557.0422 3899594.42332
    -11247555.0384 3899030.77759
    -11247554.0366 3898771.60261
    -11247553.9252 3898744.11872
    -11247552.9234 3898446.84534
    -11247552.9234 3898446.57981
    -11247550.697 3897816.07724
    -11247550.5857 3897693.40601
    -11247553.5913 3897397.4869
    -11247553.5913 3897390.84905
    -11247552.2554 3897355.66851
    -11247550.5857 3896960.59173
    -11247548.6932 3896605.21987
    -11247548.6932 3896605.08712
    -11247544.797 3895874.73027
    -11247542.1254 3895358.64952
    -11247556.1516 3895316.97115
    -11247556.5969 3894889.84278
    -11247557.5988 3893293.22678
    -11247557.7101 3893152.28908
    -11247557.8214 3892830.87255
    -11247557.9327 3892830.73985
    -11247554.8158 3891894.14361
    -11247572.1816 3891352.49658
    -11247816.6392 3891338.5643
    -11248327.4844 3891309.10752
    -11248640.4035 3891291.19465
    -11249219.0422 3891258.02274
    -11250011.637 3891212.51104
    -11250329.5654 3891193.66951
    -11251426.619 3891128.38783
    -11251538.1611 3891121.88621
    -11252382.1855 3891073.45596
    -11252907.6135 3891043.46911
    -11253110.9942 3891031.39478
    -11253192.9254 3891026.88349
    -11253522.4311 3891008.44032
    -11253531.5593 3891007.64421
    -11253966.2619 3890982.43416
    -11253994.7597 3890980.84195
    -11254056.6533 3890977.52484
    -11254112.4244 3890974.4731
    -11254430.6868 3890956.16269
    -11254591.9887 3890946.87482
    -11254860.4913 3890932.27959
    -11255190.331 3890912.64241
    -11255402.5059 3890900.43554
    -11256178.6254 3890855.72132
    -11256599.4131 3890831.57306
    -11256890.4023 3890814.72238
    -11257228.5909 3890795.35076
    -11257274.2319 3890788.84933
    -11257285.2525 3890788.18592
    -11257716.3929 3890761.1188
    -11258150.4276 3890733.78638
    -11258532.9213 3890709.77105
    -11259275.9789 3890666.119
    -11259494.2765 3890653.24898
    -11259765.7847 3890637.32732
    -11260401.3077 3890600.04418
    -11260675.8215 3890583.85723
    -11261186.778 3890553.73895
    -11261378.8041 3890542.59388
    -11261842.0045 3890514.86393
    -11262128.6522 3890498.41174
    -11262568.9208 3890473.07011
    -11262870.9306 3890474.92761
    -11263590.8337 3890463.2519
    -11264153.7764 3890460.73101
    -11264574.4527 3890458.87351
    -11265301.703 3890455.55655
    -11265330.646 3890455.42387
    -11265633.9917 3890454.09709
    -11265635.3275 3890454.09709
    -11265640.6708 3890454.09709
    -11266215.302 3890451.31085
    -11266215.97 3890451.31085
    -11267302.3369 3890446.93246
    -11267432.8033 3890446.40175
    -11268146.6952 3890443.21747
    -11268511.6005 3890441.75801
    -11268738.5809 3890440.82926
    -11269168.4968 3890438.97177
    -11269288.9445 3890438.70641
    -11270669.7515 3890436.71624
    -11270703.1473 3890436.71624
    -11271143.8612 3890435.92017
    -11271235.9224 3890431.93983
    -11271298.5953 3890429.41895
    -11271484.9441 3890428.22484
    -11272226.5545 3890423.97915
    -11272535.5774 3890422.25433
    -11273135.3669 3890418.80471
    -11273240.6751 3890418.27399
    -11273617.6029 3890414.0283
    -11274172.1966 3890405.93495
    -11274506.2664 3890401.02587
    -11274573.726 3890400.8932
    -11274899.4468 3890399.16839
    -11275157.3741 3890398.10696
    -11275274.8162 3890396.91286
    -11275356.4133 3890396.24948
    -11275936.3879 3890390.80969
    -11276309.8648 3890387.2274
    -11276800.1158 3890382.98172
    -11277020.751 3890380.85887
    -11277302.1667 3890378.47068
    -11278259.9596 3890369.84665
    -11278275.6557 3890369.71397
    -11278747.205 3890365.07026
    -11278883.1261 3890362.94742
    -11279253.5974 3890357.64033
    -11279803.0704 3890349.54702
    -11279806.5213 3890349.54702
    -11280394.7335 3890346.36277
    -11280641.9741 3890345.036
    -11280750.5106 3890343.17852
    -11280841.3473 3890343.17852
    -11280950.7744 3890343.44388
    -11281145.3608 3890341.98443
    -11281350.3 3890341.32104
    -11281447.2593 3890340.52498
    -11281617.2441 3890339.72892
    -11282103.265 3890337.20805
    -11282557.7825 3890334.81987
    -11283273.3442 3890331.10491
    -11283689.4565 3890328.98208
    -11284204.7544 3890326.32854
    -11284729.5145 3890323.67501
    -11285059.2428 3890315.31637
    -11285155.3115 3890314.78566
    -11285355.5753 3890313.32621
    -11285379.0637 3890312.92819
    -11286348.3225 3890306.16167
    -11286723.8031 3890303.50814
    -11287597.3272 3890297.27234
    -11287639.2946 3890296.87431
    -11288151.8096 3890293.5574
    -11288190.994 3890293.29204
    -11289632.9154 3890283.60666
    -11289927.4668 3890280.42243
    -11290245.1726 3890273.65593
    -11290423.7291 3890272.06382
    -11290529.9279 3890271.13508
    -11290549.4088 3890271.00241
    -11290588.1479 3890270.60438
    -11292076.8235 3890257.60211
    -11292521.5449 3890253.75451
    -11292545.8125 3890253.48915
    -11294331.2658 3890230.93424
    -11294339.3921 3890230.80157
    -11294740.5876 3890231.1996
    -11295098.7024 3890230.40354
    -11295938.608 3890219.52413
    -11296039.3521 3890218.33005
    -11296602.0721 3890211.16556
    -11296673.2053 3890210.23683
    -11297039.4464 3890208.91008
    -11297258.0779 3890207.98135
    -11297635.451 3890206.52192
    -11298222.5499 3890204.26643
    -11298932.9909 3890201.61292
    -11298974.6244 3890201.61292
    -11300420.5533 3890184.09977
    -11301063.9799 3890176.27193
    -11301578.1647 3890175.34321
    -11302014.2031 3890174.54716
    -11303377.7556 3890157.8301
    -11303586.0343 3890154.1152
    -11303891.7177 3890148.8082
    -11304460.7829 3890138.85759
    -11304946.0246 3890134.74467
    -11305321.8392 3890131.82583
    -11305321.8392 3890281.88187
    -11305322.3957 3892369.33277
    -11305322.9523 3894439.23792
    -11305323.2863 3895317.10388
    -11305339.539 3897871.30626
    -11305339.7616 3899081.89628
    -11305339.8729 3899802.09611
    -11305339.539 3899970.06945
    -11305339.4276 3899970.20223
    -11305338.5371 3900533.62764
    -11305340.0955 3901040.10956
    -11305340.2069 3901106.64172
    -11305342.0993 3902360.19959
    -11305342.3219 3902363.25429
    -11305342.2106 3902363.25429
    -11305341.2087 3903020.30048
    -11305337.4239 3903337.61375
    -11305334.4183 3905692.96109
    -11305333.639 3906369.32614
    -11305331.5239 3907426.39931
    -11305331.4126 3907437.95908
    -11305331.4126 3907473.16996
    -11305331.4126 3907485.1284
    -11305331.19 3907599.79714
    -11305330.4108 3907943.94298
    -11305330.2994 3908058.7491
    -11305328.8523 3909455.11571
    -11305326.9598 3911331.33098
    -11305326.8485 3911331.99555
    -11305326.8485 3911427.42917
    -11305331.5239 3911912.18552
    -11305331.5239 3912400.41812
    -11305331.4126 3912400.55105
    -11305330.5221 3913400.47476
    -11305329.8542 3914371.50104
    -11305329.2976 3915377.444
    -11305329.1862 3915377.57697
    -11305328.407 3916294.24925
    -11305328.2957 3916369.64456
    -11305325.958 3917374.29707
    -11305325.8467 3917375.62691
    -11305325.7353 3917375.75989
    -11305322.2844 3918892.0118
    -11305321.2826 3919378.27556
    -11305321.2826 3919378.67458
    -11305321.2826 3919431.34551
    -11305315.8279 3921375.54812
    -11305315.7166 3921375.68115
    -11305315.3826 3921375.94721
    -11305309.7053 3923364.6478
    -11305306.4771 3924454.93191
    -11305306.2544 3924535.43656
    -11305301.4677 3925702.08453
    -11305298.9073 3926318.3912
    -11305298.3507 3926459.33052
    -11305294.8998 3927358.24149
    -11305285.215 3928542.47702
    -11305281.2075 3929400.68054
    -11305278.7585 3929866.74872
    -11305277.4227 3930427.35991
    -11305274.6397 3931442.67946
    -11305274.5284 3932466.60971
    -11305269.0737 3932553.29507
    -11305266.6247 3932642.11162
    -11305265.7341 3932648.10377
    -11305264.5096 3932699.90266
    -11305267.07 3932724.27086
    -11305266.8473 3932751.43547
    -11305285.4377 3932895.91498
    -11305273.5265 3933490.23067
    -11305272.7473 3933647.63686
    -11305271.4114 3934896.44163
    -11305269.519 3935420.5348
    -11305261.6153 3937351.02654
    -11305259.6116 3937414.83561
    -11305258.8323 3937603.06777
    -11305259.8342 3938323.25379
    -11305258.4984 3939153.53477
    -11305259.1663 3939289.16718
    -11305258.8323 3939396.28859
    -11305257.6078 3940635.45146
    -11305256.3833 3941105.83502
    -11305256.4946 3941220.70211
    -11305251.2626 3943109.3762
    -11305251.2626 3943111.77522
    -11305251.1513 3943146.2945
    -11305251.2626 3943156.15717
    -11305251.1513 3943164.28722
    -11305251.04 3943191.74282
    -11305250.5947 3943401.12727
    -11305249.8154 3943709.27982
    -11305249.9268 3944752.15436
    -11305249.8154 3944804.14059
    -11305249.8154 3944963.56648
    -11305234.676 3945197.37732
    -11305248.7022 3946613.27334
    -11305260.6134 3947819.74095
    -11305149.1826 3947820.00761
    -11303372.4122 3947823.87427
    -11303334.2296 3947824.0076
    -11302700.0425 3947825.34093
    -11301336.3787 3947828.4076
    -11300019.0239 3947831.34092
    -11299627.7359 3947832.00759
    -11299627.7359 3947832.14092
    -11299264.8343 3947832.94092
    -11298971.6188 3947833.60759
    -11297555.9688 3947900.8077
    -11297546.0614 3947901.2077
    -11297536.2653 3947901.87437
    -11297529.2522 3947901.87437
    -11297528.3616 3947902.00771
    -11297503.426 3947902.94104
    -11297470.6981 3947902.54104
    -11297250.8421 3947904.14105
    -11297233.8102 3947904.27438
    -11297216.8897 3947904.67439
    -11297195.5163 3947904.27438
    -11297070.6159 3947903.74105
    -11297062.2669 3947903.60771
    -11297054.1406 3947903.74105
    -11297041.4501 3947903.60771
    -11297029.205 3947903.60771
    -11296507.3392 3947908.2744
    -11295849.775 3947908.54107
    -11295560.233 3947909.74108
    -11295362.1956 3947910.40775
    -11294737.582 3947913.20776
    -11294737.248 3947913.3411
    -11294471.8623 3947914.27444
    -11294218.8331 3947915.20778
    -11294218.8331 3947915.34111
    -11293867.6201 3947916.80778
    -11293827.7678 3947916.94112
    -11293740.9386 3947917.47445
    -11293456.4059 3947919.2078
    -11293445.9419 3947919.07447
    -11293085.0441 3947920.94114
    -11293085.0441 3947921.07448
    -11292906.8216 3947922.27448
    -11292433.2685 3947925.0745
    -11292229.4425 3947926.27451
    -11291938.8986 3947928.00786
    -11291857.6354 3947928.54119
    -11290937.9138 3947934.0079
    -11290194.7449 3947941.87463
    -11290085.6518 3947942.67463
    -11288173.5169 3947959.87479
    -11287862.4902 3947961.87481
    -11287862.4902 3947962.00814
    -11287626.7155 3947963.60816
    -11287460.0703 3947964.67484
    -11286182.3451 3947972.94159
    -11285851.6149 3947975.20828
    -11285851.5036 3947975.34161
    -11285526.562 3947977.60831
    -11285060.69 3947980.80834
    -11285014.381 3947984.40838
    -11285014.2697 3947984.54172
    -11284508.9906 3948024.54226
    -11284508.6566 3948024.54226
    -11284223.0108 3948047.20929
    -11284219.5599 3948047.20929
    -11284219.3372 3948047.6093
    -11283901.6314 3948048.14264
    -11283701.9242 3948048.67599
    -11283389.2278 3948049.476
    -11283286.3686 3948049.74267
    -11283276.2385 3948049.74267
    -11283265.9971 3948049.87601
    -11283256.3123 3948049.87601
    -11283246.5162 3948049.87601
    -11281639.842 3948054.27609
    -11281527.9659 3948054.40942
    -11281374.2337 3948054.94276
    -11280399.2976 3948057.74281
    -11280397.7391 3948057.74281
    -11280306.0119 3948058.00948
    -11279418.9068 3948060.54287
    -11276959.6366 3948067.60966
    -11276564.3411 3948068.40968
    -11276564.1185 3948068.54301
    -11276014.3115 3948070.14304
    -11276014.0889 3948070.27638
    -11275686.3643 3948071.20973
    -11275666.7721 3948071.34307
    -11275567.3638 3948071.4764
    -11275554.7847 3948071.60974
    -11275505.4701 3948071.74308
    -11273824.1006 3948076.67651
    -11273824.1006 3948076.80984
    -11273280.6388 3948078.40987
    -11272541.5887 3948090.54345
    -11272313.4951 3948091.34347
    -11272124.0293 3948092.01015
    -11272112.5634 3948092.01015
    -11271397.7809 3948088.1434
    -11271388.0961 3948088.1434
    -11271145.197 3948089.74344
    -11271012.7268 3948089.47677
    -11270977.4385 3948089.6101
    -11269673.5533 3948094.67687
    -11269428.3165 3948095.21022
    -11269030.572 3948095.8769
    -11268629.5992 3948096.94359
    -11267879.6397 3948098.41029
    -11267208.8285 3948100.14366
    -11266525.1042 3948101.47702
    -11266425.5846 3948101.87703
    -11265844.2742 3948104.27708
    -11265570.6509 3948105.61045
END
END
