48165 Gaines County
1
    -11445699.9472 3889823.49389
    -11445392.1488 3889822.69786
    -11444469.0876 3889820.44245
    -11444161.4005 3889819.7791
    -11443965.9235 3889819.64642
    -11443379.715 3889819.64642
    -11443184.3493 3889819.64642
    -11443138.1517 3889816.32964
    -11443000.0043 3889806.24664
    -11442953.918 3889803.19521
    -11442792.2821 3889804.91993
    -11442307.597 3889810.35945
    -11442146.0724 3889812.34951
    -11442119.801 3889812.61485
    -11442041.2095 3889813.27821
    -11442015.0494 3889813.80889
    -11441851.855 3889815.53362
    -11441362.3832 3889821.10581
    -11441199.3002 3889823.09588
    -11441025.5304 3889824.95327
    -11440504.5552 3889830.79081
    -11440330.8968 3889832.91355
    -11440286.369 3889833.44423
    -11440152.897 3889834.90362
    -11440108.4805 3889835.56697
    -11440075.196 3889833.70958
    -11439975.3424 3889828.13738
    -11439942.1692 3889826.41266
    -11439917.7902 3889826.81067
    -11439844.8759 3889828.27005
    -11439820.6083 3889828.80074
    -11439779.0861 3889829.33142
    -11439654.8536 3889831.98485
    -11439613.4427 3889832.78088
    -11439539.8605 3889834.10759
    -11439319.5592 3889838.35307
    -11439246.0884 3889839.81246
    -11439243.1941 3889839.81246
    -11439234.6225 3889839.81246
    -11439231.8395 3889840.0778
    -11439038.7002 3889843.52726
    -11438459.5049 3889854.93701
    -11438266.4769 3889858.78448
    -11438230.4094 3889859.44784
    -11438131.2237 3889861.43792
    -11438122.6521 3889859.58051
    -11438087.2525 3889852.41625
    -11438053.5227 3889845.38466
    -11437894.0018 3889845.11931
    -11437312.9141 3889844.32329
    -11437119.2182 3889844.32329
    -11437036.5078 3889844.19062
    -11436788.5993 3889843.92527
    -11436706.0002 3889843.92527
    -11436593.5676 3889843.7926
    -11436256.4921 3889843.39459
    -11436144.1708 3889843.26192
    -11436006.5799 3889842.99657
    -11435594.0299 3889842.46589
    -11435456.5503 3889842.46589
    -11434845.6289 3889841.66986
    -11433012.8648 3889839.41444
    -11432402.0548 3889838.75109
    -11431861.042 3889837.95506
    -11430238.3378 3889836.363
    -11429697.4364 3889835.83232
    -11429677.065 3889835.69965
    -11429616.1732 3889835.69965
    -11429595.913 3889835.69965
    -11429235.4605 3889835.03629
    -11428154.2143 3889833.44423
    -11427793.8731 3889833.17889
    -11427737.8794 3889833.17889
    -11427570.2323 3889833.17889
    -11427514.3499 3889833.17889
    -11427443.3281 3889833.04622
    -11427230.3739 3889832.78088
    -11427159.4634 3889832.78088
    -11427059.4984 3889832.38286
    -11426759.6037 3889831.98485
    -11426659.7502 3889832.11752
    -11424215.9534 3889829.46409
    -11423946.8942 3889835.83232
    -11422082.404 3889838.88376
    -11420825.7183 3889840.74116
    -11420769.2793 3889840.87383
    -11420372.9819 3889826.678
    -11420372.7593 3889826.41266
    -11420363.5198 3889823.09588
    -11420349.0482 3889821.63649
    -11420321.5523 3889822.29985
    -11420270.9019 3889824.95327
    -11420194.6481 3889827.20868
    -11420157.2447 3889827.07601
    -11420147.8939 3889826.14731
    -11420139.5449 3889824.02457
    -11420131.0847 3889820.30978
    -11420129.6375 3889820.44245
    -11420096.353 3889817.65636
    -11418194.7934 3889826.54533
    -11417318.8204 3889831.32149
    -11416795.9527 3889830.12745
    -11416366.2595 3889816.19697
    -11416275.5341 3889814.60492
    -11416275.5341 3889828.13738
    -11415972.9677 3889831.85218
    -11415972.5224 3889831.85218
    -11415909.5156 3889832.6482
    -11415491.5109 3889834.90362
    -11415316.0714 3889832.38286
    -11415077.2911 3889829.19875
    -11415071.5025 3889828.80074
    -11415014.0616 3889829.59676
    -11414917.2137 3889829.72944
    -11414645.7054 3889823.09588
    -11414518.1333 3889822.9632
    -11414479.7281 3889822.83053
    -11414364.6237 3889822.69786
    -11414326.3298 3889822.69786
    -11414323.5468 3889822.69786
    -11414315.1979 3889822.69786
    -11414312.5262 3889822.69786
    -11413931.8135 3889822.16718
    -11412790.0095 3889820.70779
    -11412409.4082 3889820.30978
    -11411648.7621 3889819.24841
    -11410299.7925 3889817.78903
    -11409367.1578 3889825.21861
    -11408606.7344 3889831.32149
    -11406686.6958 3889846.5787
    -11403020.4997 3889841.27184
    -11403020.0544 3889840.21047
    -11403012.262 3889833.31156
    -11403009.3677 3889832.6482
    -11402988.4397 3889826.94334
    -11402850.6261 3889816.86033
    -11402673.9621 3889823.36122
    -11400937.8233 3889826.01464
    -11400685.1281 3889825.88197
    -11399927.265 3889825.48396
    -11399674.6811 3889825.48396
    -11399543.992 3889824.15724
    -11399152.2587 3889820.30978
    -11399021.6809 3889819.11574
    -11398830.5454 3889819.51375
    -11398257.25 3889820.97314
    -11398066.2258 3889821.63649
    -11397870.0808 3889819.51375
    -11397281.7573 3889813.54355
    -11397113.5535 3889811.9515
    -11397102.3103 3889805.58329
    -11397086.9482 3889806.37932
    -11396400.5522 3889820.57512
    -11396383.9656 3889820.97314
    -11395165.2398 3889827.47402
    -11393269.0236 3889837.82239
    -11392312.3439 3889837.15903
    -11392295.8686 3889835.69965
    -11392271.8236 3889837.95506
    -11391755.1899 3889843.12924
    -11391382.1582 3889846.84404
    -11391344.6436 3889855.46769
    -11389434.4011 3889844.32329
    -11387518.2587 3889843.39459
    -11387438.8879 3889843.26192
    -11387201.1095 3889843.26192
    -11387121.85 3889843.26192
    -11386970.7895 3889842.06787
    -11386517.8305 3889839.41444
    -11386366.8812 3889838.61842
    -11386255.7844 3889838.35307
    -11385922.6051 3889837.95506
    -11385827.2043 3889837.82239
    -11385811.7309 3889836.23033
    -11385409.8676 3889837.15903
    -11384204.5001 3889841.0065
    -11383802.7481 3889842.20054
    -11383772.3579 3889842.06787
    -11383681.6325 3889842.46589
    -11383651.3536 3889842.59856
    -11383467.6764 3889842.8639
    -11382916.8676 3889844.19062
    -11382733.3017 3889844.7213
    -11382681.8721 3889829.46409
    -11382448.2125 3889830.52546
    -11381889.7226 3889851.75289
    -11381877.2548 3889851.75289
    -11381804.7859 3889852.81426
    -11381804.5632 3889852.94693
    -11381766.8259 3889855.60036
    -11381756.8072 3889854.14098
    -11381748.5695 3889848.17076
    -11381747.345 3889844.58863
    -11381746.2318 3889809.29808
    -11380879.4982 3889827.6067
    -11380867.8097 3889823.75923
    -11380840.2025 3889815.53362
    -11380833.078 3889811.81883
    -11380822.0574 3889806.37932
    -11380636.1538 3889813.94156
    -11380078.5545 3889837.15903
    -11379892.7623 3889844.98664
    -11379889.7567 3889844.98664
    -11379881.0737 3889845.38466
    -11379878.1794 3889845.65
    -11379668.3422 3889854.40632
    -11379489.6744 3889854.67166
    -11378323.8254 3889856.92708
    -11377935.3204 3889857.72311
    -11377908.2697 3889857.59044
    -11377827.3405 3889857.3251
    -11377800.4011 3889857.3251
    -11377799.7332 3889797.62303
    -11377797.7295 3889618.784
    -11377797.1729 3889559.34849
    -11377795.837 3889437.1617
    -11377791.9409 3889070.60897
    -11377790.7163 3888948.42727
    -11377789.3805 3888735.24249
    -11377785.373 3888095.7114
    -11377784.0372 3887882.54213
    -11377783.9258 3887868.21602
    -11377783.5919 3887825.90103
    -11377783.5919 3887811.84029
    -11377778.2486 3887488.0499
    -11377770.1222 3886992.3668
    -11377767.1166 3886516.86498
    -11377765.1129 3886193.24296
    -11377762.3299 3885764.72278
    -11377754.2035 3884479.38875
    -11377752.7564 3884236.05049
    -11377747.5244 3884051.19636
    -11377734.3887 3883535.23799
    -11377720.1398 3882968.91658
    -11377702.8853 3881987.23377
    -11377693.8684 3881471.36609
    -11377691.976 3881365.30513
    -11377686.41 3881048.05599
    -11377684.6289 3880942.26399
    -11377683.5157 3880838.19635
    -11377680.51 3880526.66178
    -11377679.5082 3880422.86295
    -11377677.6157 3880327.68169
    -11377671.9384 3880042.40766
    -11377670.046 3879947.4946
    -11377668.0423 3879849.13578
    -11377662.1423 3879554.32939
    -11377660.2499 3879456.10642
    -11377659.3593 3879411.17068
    -11377656.6877 3879276.49704
    -11377655.7971 3879231.82709
    -11377646.001 3878736.49247
    -11377637.5407 3878439.06314
    -11377588.1149 3876677.43911
    -11377575.4244 3876061.62216
    -11377559.2831 3875269.2045
    -11377552.1587 3874928.66683
    -11377543.2531 3874491.41502
    -11377540.1362 3873907.37796
    -11377538.4664 3873567.01221
    -11377534.9041 3873358.21349
    -11377524.3288 3872732.23701
    -11377520.8779 3872523.58558
    -11377518.5402 3872388.06349
    -11377516.7591 3872277.05047
    -11377514.4214 3871981.37413
    -11377513.4195 3871846.12323
    -11377510.0799 3871478.13206
    -11377510.0799 3871470.05175
    -11377509.9686 3871461.97144
    -11377509.8573 3871456.14303
    -11377509.8573 3871456.01057
    -11377509.6346 3871428.45811
    -11377509.412 3871400.64079
    -11377509.3007 3871400.50832
    -11377508.5214 3871298.77697
    -11377508.5214 3871293.21356
    -11377508.7441 3871276.39089
    -11377508.9667 3871271.09241
    -11377508.1875 3871195.45696
    -11377506.0724 3870969.48071
    -11377505.4045 3870894.11211
    -11377503.5121 3870531.18394
    -11377503.4007 3870503.36874
    -11377497.3895 3869442.99635
    -11377495.3857 3869080.37779
    -11377495.1631 3869034.28975
    -11377494.7178 3868896.55644
    -11377494.6065 3868850.73398
    -11377492.6027 3868269.75778
    -11377486.9254 3866527.13355
    -11377485.033 3865946.40436
    -11377484.5877 3865826.31642
    -11377484.2538 3865683.98666
    -11377482.8066 3865466.98672
    -11377482.0274 3865347.30086
    -11377481.4708 3865258.86119
    -11377479.801 3864993.67858
    -11377479.2444 3864905.37397
    -11377477.7973 3864602.73378
    -11377473.4558 3863694.85984
    -11377472.12 3863392.38311
    -11377470.2275 3862998.18219
    -11377466.4427 3862180.17132
    -11377469.7822 3861816.18796
    -11377473.4558 3861422.30444
    -11377471.0068 3861222.45595
    -11377463.9936 3860622.79843
    -11377461.6559 3860423.22816
    -11377459.0956 3860225.11698
    -11377451.5258 3859630.67107
    -11377449.0768 3859432.70553
    -11377446.1825 3859164.74276
    -11377437.4996 3858361.81719
    -11377434.6053 3858094.14337
    -11377432.9355 3857944.49743
    -11377427.9261 3857495.83561
    -11377426.3676 3857346.32956
    -11377422.8054 3857051.95372
    -11377412.1188 3856168.73795
    -11377408.5565 3855874.52376
    -11377404.6603 3855544.07071
    -11377392.9718 3854553.4284
    -11377389.0756 3854223.27686
    -11377386.6266 3854020.24354
    -11377379.5021 3853411.42903
    -11377377.1644 3853208.67418
    -11377371.5985 3852732.68348
    -11377354.9005 3851304.82644
    -11377349.4459 3850829.04467
    -11377344.8818 3850438.83328
    -11377331.1895 3849268.1442
    -11377326.7367 3848878.11655
    -11377325.0669 3848742.07264
    -11377320.2802 3848334.61134
    -11377318.7217 3848198.83809
    -11377316.1613 3847978.45777
    -11377316.05 3847975.41716
    -11377308.2577 3847305.17968
    -11377305.6973 3847081.90782
    -11377305.3634 3847055.20536
    -11377304.3615 3846975.62713
    -11377304.1388 3846949.1893
    -11377301.5785 3846737.82095
    -11377294.2314 3846104.26729
    -11377291.8937 3845893.04621
    -11377289.222 3845647.19915
    -11377287.4409 3845469.69017
    -11377274.7505 3844199.8451
    -11377270.6317 3843776.81394
    -11377268.4053 3843580.96396
    -11377261.9488 3842994.09419
    -11377259.8337 3842798.65359
    -11377257.6073 3842576.12746
    -11377250.9281 3841909.6312
    -11377248.7017 3841687.38603
    -11377245.9187 3841403.17727
    -11377237.5698 3840550.59192
    -11377234.8981 3840266.54256
    -11377233.7849 3840164.55069
    -11377230.4453 3839858.31611
    -11377229.4435 3839756.59196
    -11377229.3321 3839738.88941
    -11377229.1095 3839686.04612
    -11377229.1095 3839668.47578
    -11377226.9944 3839461.8611
    -11377220.9832 3838842.30287
    -11377218.9794 3838635.96679
    -11377216.9757 3838428.04917
    -11377210.9644 3837804.58239
    -11377208.9607 3837596.81145
    -11377205.9551 3837300.54933
    -11377197.1608 3836411.80742
    -11377194.2665 3836115.57492
    -11377193.2646 3836014.54324
    -11377190.259 3835711.32129
    -11377189.2571 3835610.55718
    -11377187.1421 3835403.485
    -11377181.1308 3834782.55425
    -11377179.1271 3834575.62858
    -11377177.6799 3834436.18358
    -11377173.6724 3834018.38659
    -11377172.3366 3833879.21223
    -11377170.2215 3833669.92558
    -11377164.0989 3833042.48391
    -11377162.0952 3832833.34406
    -11377161.2046 3832740.52623
    -11377158.533 3832462.47318
    -11377157.6424 3832369.79028
    -11377156.7518 3832346.68568
    -11377154.3028 3832278.1643
    -11377153.5236 3832255.32393
    -11377153.3009 3832243.30965
    -11377152.967 3832207.66295
    -11377152.8557 3832195.78074
    -11377200.0551 3832195.5167
    -11377341.7648 3832195.38467
    -11377389.0756 3832195.38467
    -11377527.3344 3832194.59252
    -11377942.2222 3832192.74418
    -11378080.5923 3832192.21608
    -11379991.3914 3832184.69069
    -11380002.5233 3832184.55867
    -11380036.2531 3832184.55867
    -11380047.4964 3832184.55867
    -11380088.2393 3832184.29462
    -11380210.4681 3832183.89855
    -11380251.3224 3832183.76652
    -11380479.8613 3832182.84235
    -11381165.9233 3832180.06984
    -11381394.5735 3832179.2777
    -11381979.5575 3832180.59794
    -11382466.6915 3832181.78616
    -11383734.5092 3832184.1626
    -11384319.6045 3832185.35082
    -11384766.8862 3832186.14296
    -11386108.954 3832188.65142
    -11386556.347 3832189.57559
    -11386988.6006 3832190.23572
    -11388285.584 3832192.87621
    -11388717.9489 3832193.80038
    -11389008.4927 3832193.00823
    -11389880.1244 3832190.89584
    -11390170.0003 3832190.23572
    -11390171.0022 3832190.36774
    -11390927.4181 3832192.61216
    -11393197.5565 3832200.4016
    -11393954.3064 3832203.43817
    -11394040.4677 3832203.70222
    -11394299.0629 3832204.36234
    -11394385.3355 3832204.89044
    -11394393.6844 3832204.75841
    -11394418.954 3832204.75841
    -11394427.4142 3832204.89044
    -11394497.3229 3832204.23031
    -11394707.1601 3832202.51399
    -11394777.1801 3832202.11792
    -11394891.6165 3832202.38197
    -11395235.2598 3832203.17412
    -11395349.8075 3832203.57019
    -11395403.5749 3832203.70222
    -11395564.9881 3832204.09829
    -11395618.8667 3832204.36234
    -11395684.4339 3832205.15448
    -11395881.3581 3832207.927
    -11395947.0366 3832208.9832
    -11396381.8505 3832174.3928
    -11396478.4759 3832173.99673
    -11398076.1332 3832168.18766
    -11398530.0941 3832166.60337
    -11398605.9026 3832166.33932
    -11398608.6856 3832166.33932
    -11398945.0931 3832164.88706
    -11399953.9817 3832161.45443
    -11400290.3892 3832160.39824
    -11400494.9944 3832159.34204
    -11401108.8101 3832157.36168
    -11401302.9513 3832156.70156
    -11401308.072 3832156.83359
    -11401313.5266 3832156.83359
    -11401881.8126 3832156.83359
    -11403586.8933 3832156.83359
    -11404155.2906 3832156.83359
    -11404517.6355 3832155.90942
    -11405605.1156 3832153.53299
    -11405967.5719 3832152.87287
    -11406228.2821 3832152.21275
    -11407010.5242 3832150.36441
    -11407271.3458 3832149.83632
    -11407328.564 3832158.28585
    -11407339.2507 3832159.87014
    -11407542.854 3832192.48013
    -11407610.7589 3832203.43817
    -11407628.4587 3832202.91007
    -11407681.7807 3832201.4578
    -11407699.5918 3832201.06172
    -11407842.6374 3832197.36504
    -11408272.108 3832186.53903
    -11408272.3306 3832186.53903
    -11408287.4701 3832186.14296
    -11408302.6095 3832185.87891
    -11408415.3762 3832182.97438
    -11408423.1685 3832184.69069
    -11408446.5456 3832190.23572
    -11408454.4493 3832192.08406
    -11408514.5618 3832187.72725
    -11408695.1221 3832174.92089
    -11408755.3459 3832170.69612
    -11408940.5815 3832171.22422
    -11409496.6224 3832172.80851
    -11409681.9693 3832173.3366
    -11409769.8004 3832170.16802
    -11410033.2937 3832160.92633
    -11410121.2361 3832158.02181
    -11410297.2322 3832164.62301
    -11410498.3865 3832165.28313
    -11411630.5057 3832169.11183
    -11412007.8788 3832170.43207
    -11412014.1127 3832170.43207
    -11412032.9257 3832170.43207
    -11412039.2709 3832170.43207
    -11412040.3841 3832170.43207
    -11412046.8406 3832170.43207
    -11412310.8904 3832169.90398
    -11413126.1944 3832169.11183
    -11413385.1235 3832168.84778
    -11413398.0366 3832169.11183
    -11413681.5673 3832169.24385
    -11414532.7162 3832170.43207
    -11414816.6922 3832170.96017
    -11414912.6496 3832170.96017
    -11415200.5218 3832171.35624
    -11415296.5905 3832171.62029
    -11415606.8379 3832170.96017
    -11416537.8028 3832170.036
    -11416847.4936 3832169.77195
    -11416848.1616 3832169.77195
    -11416884.7857 3832169.77195
    -11416994.7693 3832169.90398
    -11417031.5048 3832170.036
    -11417561.6082 3832170.43207
    -11419152.0297 3832171.62029
    -11419682.2445 3832172.14839
    -11419868.0367 3832172.28041
    -11420425.4134 3832172.80851
    -11420611.2056 3832173.07256
    -11420902.1948 3832173.20458
    -11421775.3849 3832173.99673
    -11422066.4853 3832174.26077
    -11422230.6816 3832175.44899
    -11422723.493 3832179.14567
    -11422884.9062 3832180.20187
    -11422887.9119 3832180.33389
    -11422912.5135 3832179.93782
    -11422917.1889 3832179.93782
    -11422988.656 3832179.93782
    -11423291.2224 3832180.20187
    -11423392.0778 3832180.59794
    -11423460.3167 3832180.59794
    -11423665.1445 3832180.86199
    -11423733.4947 3832180.99401
    -11423959.2506 3832175.31697
    -11424212.9478 3832168.97981
    -11424636.8524 3832168.71576
    -11424862.8309 3832168.58373
    -11425655.3144 3832167.92361
    -11428032.7648 3832166.07528
    -11428825.3595 3832165.54718
    -11428964.2863 3832165.28313
    -11429381.2891 3832165.01908
    -11429520.3271 3832165.15111
    -11429779.1449 3832164.75503
    -11430556.155 3832163.96289
    -11430815.1954 3832163.96289
    -11430815.752 3832163.96289
    -11430815.8633 3832163.96289
    -11431544.6721 3832163.30277
    -11433732.8793 3832162.24658
    -11434301.8332 3832161.8505
    -11434302.5011 3832161.8505
    -11434461.9106 3832162.64265
    -11434513.4516 3832162.3786
    -11434667.2951 3832161.8505
    -11434718.7247 3832161.8505
    -11434735.6453 3832161.71848
    -11434786.9635 3832161.58646
    -11434795.6465 3832161.58646
    -11434804.2181 3832161.58646
    -11435200.5155 3832161.19038
    -11436389.7416 3832160.39824
    -11436784.1465 3832160.26621
    -11436784.2578 3832160.26621
    -11436786.1503 3832160.26621
    -11437193.8023 3832163.96289
    -11438128.6633 3832172.67648
    -11438417.0921 3832172.67648
    -11438824.8554 3832172.94053
    -11439803.0198 3832173.20458
    -11442737.7355 3832174.26077
    -11442752.6523 3832174.52482
    -11443716.0112 3832174.92089
    -11444152.6063 3832175.05292
    -11445462.614 3832175.71304
    -11445899.3204 3832175.97709
    -11446466.1592 3832176.10911
    -11448166.6758 3832176.90126
    -11448733.6259 3832177.42936
    -11448749.7673 3832177.29733
    -11448843.6096 3832177.29733
    -11449173.5606 3832177.56138
    -11449283.5442 3832177.69341
    -11449324.1758 3832177.69341
    -11449446.2933 3832177.69341
    -11449487.0363 3832177.82543
    -11449683.1812 3832177.82543
    -11450272.0613 3832178.08948
    -11450406.8692 3832178.2215
    -11450468.4289 3832178.48555
    -11450531.1018 3832178.2215
    -11450719.4543 3832178.2215
    -11450749.5106 3832178.48555
    -11450782.3499 3832178.61758
    -11450782.9065 3832178.61758
    -11451316.4608 3832180.72996
    -11452044.2676 3832183.89855
    -11452918.7935 3832187.06713
    -11453453.0158 3832189.17952
    -11454380.4184 3832187.72725
    -11457162.6265 3832183.50247
    -11458090.1405 3832182.18223
    -11458181.5338 3832182.18223
    -11458455.7137 3832182.31426
    -11458547.2183 3832182.44628
    -11458951.8646 3832182.31426
    -11459423.5253 3832182.5783
    -11460165.915 3832181.91818
    -11460570.6727 3832181.65413
    -11461046.2295 3832181.39009
    -11462473.2341 3832180.99401
    -11462948.9023 3832180.99401
    -11463457.7437 3832180.59794
    -11464984.4905 3832180.46592
    -11465493.4432 3832180.33389
    -11465959.8719 3832143.49917
    -11466013.8618 3832142.70702
    -11467578.3459 3832122.90346
    -11468099.8778 3832116.30228
    -11468174.7958 3832115.24609
    -11468399.9951 3832112.47359
    -11468475.0244 3832111.54943
    -11468641.1131 3832109.30503
    -11469139.7131 3832103.23195
    -11469305.9131 3832101.2516
    -11470066.5592 3832091.48187
    -11472348.7201 3832062.83284
    -11473109.4775 3832053.45921
    -11473111.1473 3834197.44064
    -11473113.7076 3837337.268
    -11473113.5963 3837374.91135
    -11473115.0435 3838782.3303
    -11473115.4887 3839374.67184
    -11473116.6019 3840636.33653
    -11473116.7133 3840742.42818
    -11473118.383 3841690.95355
    -11473119.7189 3842382.67583
    -11473116.7133 3842576.39174
    -11473117.4925 3842756.36802
    -11473122.7245 3843950.46501
    -11473125.7301 3844861.5802
    -11473116.7133 3844888.6742
    -11473113.7076 3845557.84955
    -11473121.7226 3845571.33125
    -11473122.7245 3845572.91733
    -11473091.7777 3845648.65307
    -11473102.4644 3848465.62673
    -11473111.5926 3849495.15944
    -11473117.6038 3850479.29513
    -11473123.7264 3851269.78349
    -11473128.9584 3853256.02301
    -11473128.9584 3853260.51983
    -11473128.9584 3853262.90051
    -11473120.8321 3854329.22593
    -11473115.7114 3855137.03616
    -11473114.9321 3855271.43406
    -11473120.9434 3855347.09969
    -11473120.9434 3856701.49066
    -11473120.2755 3856968.47139
    -11473120.9434 3857379.67057
    -11473121.7226 3857787.17938
    -11473123.2811 3858656.49035
    -11473107.4737 3859093.68403
    -11473106.6945 3859118.2965
    -11473107.1398 3859246.78504
    -11473108.1417 3859493.84159
    -11473126.398 3859494.10625
    -11473127.066 3859740.90332
    -11473124.9509 3859754.40122
    -11473108.4756 3859750.96058
    -11473108.9209 3860019.33367
    -11473113.485 3861013.34657
    -11473133.0772 3861404.96646
    -11473133.5225 3862181.23019
    -11473139.7564 3862786.12927
    -11473133.6338 3863628.40696
    -11473115.0435 3863628.53933
    -11473136.7508 3863992.84342
    -11473133.7451 3864462.66934
    -11473133.9678 3864584.5968
    -11473109.3662 3864585.39112
    -11473136.8621 3864726.78089
    -11473134.5244 3864938.47157
    -11473130.7395 3865290.50345
    -11473110.2567 3865714.17367
    -11473108.6982 3865782.09471
    -11473121.7226 3865781.96231
    -11473127.7339 3865982.15294
    -11473109.7001 3866615.84755
    -11473108.4756 3866619.42261
    -11473107.919 3866745.87436
    -11473151.6676 3866770.90005
    -11473152.0015 3866821.48123
    -11473112.7057 3866885.70112
    -11473112.3718 3867016.12814
    -11473121.5 3867034.26887
    -11473115.0435 3867267.84976
    -11473114.9321 3867268.64426
    -11473109.5888 3868553.81938
    -11473121.7226 3868565.87063
    -11473119.4962 3868569.84357
    -11473113.3737 3868581.10025
    -11473110.0341 3868689.95949
    -11473118.4944 3868706.38117
    -11473125.6188 3868722.40557
    -11473124.9509 3869900.7222
    -11473118.8283 3870379.92303
    -11473118.8283 3870510.38876
    -11473118.9396 3870628.1403
    -11473118.8283 3870628.80257
    -11473109.8114 3872433.89972
    -11473120.6094 3872545.31165
    -11473127.8452 3872540.93994
    -11473130.9621 3875325.91757
    -11473121.8339 3875416.95056
    -11473133.9678 3876372.77333
    -11473121.8339 3876430.6844
    -11473127.9565 3877842.10649
    -11473125.1735 3878738.08302
    -11473122.3905 3879301.15175
    -11473110.0341 3879301.15175
    -11473110.0341 3879301.2843
    -11473099.1248 3880126.31886
    -11473095.006 3882026.08054
    -11473095.006 3882032.84228
    -11473095.4512 3882086.93633
    -11473098.3455 3882862.97468
    -11473098.4569 3885043.66116
    -11473097.9003 3886031.03741
    -11473097.9003 3886035.28152
    -11473101.4625 3887422.12562
    -11473104.4681 3887747.24067
    -11473102.353 3887814.09531
    -11473098.4569 3887941.70384
    -11473105.136 3889876.0318
    -11472932.0342 3889877.22585
    -11472412.7288 3889881.07333
    -11472239.7383 3889882.53272
    -11472062.7403 3889883.85944
    -11471531.7463 3889887.57426
    -11471354.8597 3889889.16632
    -11471246.2118 3889889.82968
    -11470920.6023 3889892.0851
    -11470812.0658 3889893.14648
    -11470538.7765 3889895.13656
    -11469718.9084 3889901.23947
    -11469445.7304 3889903.36223
    -11469319.6054 3889904.29093
    -11468941.4531 3889907.07705
    -11468815.4394 3889908.13842
    -11468692.3201 3889908.93446
    -11468323.0733 3889911.72057
    -11468200.0653 3889912.78195
    -11468143.0697 3889913.17997
    -11467972.3056 3889914.37402
    -11467915.4214 3889914.90471
    -11467838.277 3889915.4354
    -11467606.9551 3889917.02746
    -11467529.922 3889917.69082
    -11467142.1962 3889920.74229
    -11465979.1301 3889930.16202
    -11465962.6549 3889930.56004
    -11465593.0741 3889889.29899
    -11465571.9234 3889886.77822
    -11465487.4319 3889886.38021
    -11465170.5054 3889885.05349
    -11465064.8632 3889884.65547
    -11464935.176 3889883.85944
    -11464546.337 3889881.86936
    -11464416.7611 3889881.20601
    -11464175.0865 3889879.74662
    -11463450.0626 3889875.89913
    -11463208.4993 3889874.70509
    -11463015.5827 3889873.64371
    -11462436.8326 3889870.45959
    -11462244.0273 3889869.66356
    -11461948.1401 3889868.0715
    -11461060.4784 3889863.29532
    -11460764.5912 3889861.83593
    -11460678.096 3889861.30524
    -11460418.8329 3889859.97853
    -11460332.449 3889859.71318
    -11460041.4598 3889858.12112
    -11459168.4924 3889853.34495
    -11458877.6145 3889851.88556
    -11458777.761 3889851.35488
    -11458478.3115 3889849.76282
    -11458378.5693 3889849.23213
    -11458178.4168 3889851.35488
    -11457578.0708 3889858.38647
    -11457378.0297 3889860.77456
    -11457225.4107 3889862.49929
    -11456767.8876 3889868.20417
    -11456615.4912 3889870.06157
    -11456216.2995 3889869.13287
    -11455018.6131 3889866.34677
    -11454619.5327 3889865.55074
    -11454363.2752 3889864.88738
    -11453594.8368 3889862.8973
    -11453338.6906 3889862.23394
    -11452991.3738 3889861.70326
    -11452046.2714 3889860.64188
    -11451949.646 3889857.05975
    -11451602.5519 3889844.58863
    -11451476.7608 3889843.92527
    -11451099.7217 3889842.06787
    -11450974.042 3889841.66986
    -11450931.7406 3889841.27184
    -11450804.8364 3889840.74116
    -11450762.535 3889840.60849
    -11450646.9854 3889839.81246
    -11450300.5591 3889837.95506
    -11450185.1208 3889837.55705
    -11450093.0596 3889837.02636
    -11449817.0985 3889835.69965
    -11449725.1486 3889835.30163
    -11449670.1568 3889835.03629
    -11449505.5153 3889834.24026
    -11449450.6348 3889834.10759
    -11449436.6085 3889833.84225
    -11449394.6411 3889833.70958
    -11449380.7261 3889833.70958
    -11449340.8738 3889833.44423
    -11449221.3166 3889832.91355
    -11449181.5756 3889832.78088
    -11449105.5444 3889832.38286
    -11448877.4507 3889831.18882
    -11448801.4195 3889830.92348
    -11448506.3115 3889827.34135
    -11448484.9382 3889829.33142
    -11448386.5318 3889828.40272
    -11448263.5237 3889827.20868
    -11448144.7458 3889826.01464
    -11447788.6348 3889822.69786
    -11447669.9682 3889821.63649
    -11447644.476 3889821.37115
    -11447567.9996 3889820.44245
    -11447542.5074 3889820.44245
    -11447496.8664 3889819.24841
    -11447360.2774 3889816.32964
    -11447314.7477 3889815.40095
    -11447289.7008 3889814.73759
    -11447214.6715 3889813.14554
    -11447189.7359 3889812.61485
    -11447132.2951 3889811.42081
    -11446959.9725 3889807.70603
    -11446902.643 3889806.77733
    -11446859.8963 3889807.97137
    -11446731.6562 3889811.68616
    -11446689.0209 3889813.01287
    -11446661.9702 3889813.67622
    -11446580.707 3889816.32964
    -11446553.7677 3889817.25834
    -11446512.0229 3889818.58506
    -11446387.1224 3889822.83053
    -11446345.4889 3889824.28992
    -11446333.8004 3889824.28992
    -11446216.3583 3889824.02457
    -11445828.9665 3889823.62656
    -11445699.9472 3889823.49389
END
END
