48179 Gray County
1
    -11238183.7184 4248357.95069
    -11236510.3638 4248351.65144
    -11234249.0197 4248345.62607
    -11233541.807 4248343.57197
    -11232601.4912 4248341.51786
    -11231684.2186 4248339.46376
    -11229400.7219 4248343.02421
    -11228480.7776 4248413.41167
    -11228354.2074 4248423.13449
    -11228352.6489 4248423.13449
    -11227916.8331 4248425.73637
    -11227914.0501 4248425.73637
    -11227905.7012 4248425.73637
    -11227883.4373 4248425.87331
    -11227881.2109 4248425.87331
    -11227875.3109 4248425.87331
    -11227868.4091 4248425.87331
    -11227867.7412 4248426.01025
    -11227865.8488 4248426.01025
    -11227863.845 4248426.01025
    -11227861.062 4248426.01025
    -11227750.9671 4248426.69496
    -11227733.9352 4248426.8319
    -11226830.5775 4248441.0738
    -11226436.7292 4248452.16605
    -11225517.7868 4248477.91109
    -11224946.6065 4248475.03531
    -11224427.635 4248481.74546
    -11224268.7821 4248483.79959
    -11223533.5168 4248493.52247
    -11222839.6624 4248488.7295
    -11222515.6114 4248486.40149
    -11222200.9112 4248484.34736
    -11221899.0128 4248482.29323
    -11221325.8287 4248491.05751
    -11221005.5625 4248476.26779
    -11220808.6383 4248482.70405
    -11220766.6709 4248484.07347
    -11219984.0949 4248509.81858
    -11219509.0946 4248525.56695
    -11217794.7744 4248507.07974
    -11217483.6365 4248503.79313
    -11217155.6892 4248496.39825
    -11216222.3866 4248489.68809
    -11215543.0038 4248482.43017
    -11215485.3403 4248481.8824
    -11214511.6287 4248429.84461
    -11213890.3546 4248428.47519
    -11212992.0063 4248426.55802
    -11212944.0276 4248426.42108
    -11212942.1352 4248426.42108
    -11212929.1108 4248426.28414
    -11211674.2062 4248437.51332
    -11210793.4464 4248445.31898
    -11209358.4268 4248458.19148
    -11209292.5257 4248453.67241
    -11207931.6449 4248478.86968
    -11207160.6461 4248456.95901
    -11206647.018 4248451.20746
    -11206499.297 4248449.56416
    -11206210.3116 4248446.27757
    -11202504.1518 4248405.19521
    -11201569.8473 4248394.78771
    -11198520.6952 4248424.23002
    -11196938.066 4248397.80041
    -11196608.0037 4248392.18583
    -11196547.2232 4248391.22725
    -11196546.3327 4248391.22725
    -11194662.4729 4248373.42496
    -11194551.2648 4248372.32944
    -11194300.9072 4248369.86451
    -11193232.5741 4248360.0048
    -11192819.4674 4248360.96338
    -11192817.0184 4248360.96338
    -11192079.1928 4248362.74361
    -11192079.1928 4248358.36151
    -11192078.8589 4248328.09774
    -11192077.7457 4247956.44897
    -11192078.8589 4247876.20517
    -11192079.5268 4247741.05183
    -11192078.6362 4247697.64428
    -11192077.9683 4247660.12495
    -11192078.0796 4247634.2449
    -11192077.523 4247608.36492
    -11192077.3004 4247482.66301
    -11192076.0759 4247335.87568
    -11192073.8495 4247207.16453
    -11192073.2929 4247131.58167
    -11192074.2948 4247108.16752
    -11192074.2948 4247107.48289
    -11192074.9627 4247090.77809
    -11192074.9627 4247024.78068
    -11192074.2948 4246977.26827
    -11192074.5174 4246901.96083
    -11192072.9589 4246642.0857
    -11192073.4042 4246563.08378
    -11192073.0703 4246477.64735
    -11192071.4005 4246322.24784
    -11192071.0665 4245974.0788
    -11192072.7363 4245894.26025
    -11192072.8476 4245889.87914
    -11192066.0571 4245801.29906
    -11192065.5005 4245793.49528
    -11192065.3892 4245788.15586
    -11192058.2648 4245331.02886
    -11192048.8026 4243874.89364
    -11192053.5894 4243055.94537
    -11192062.2723 4242403.89659
    -11192066.5024 4241091.02015
    -11192073.8495 4240431.28825
    -11192075.9646 4240241.90149
    -11192076.0759 4240157.33534
    -11192081.1966 4239502.44864
    -11192085.538 4239195.54383
    -11192073.2929 4238089.63572
    -11192009.2842 4236530.49875
    -11192007.837 4236495.89026
    -11192005.2767 4236431.73488
    -11192003.4956 4236388.50886
    -11192007.9484 4236388.23528
    -11192016.8539 4236385.90984
    -11192023.6444 4236382.21649
    -11192028.3198 4236377.15523
    -11192030.7689 4236371.27322
    -11192031.3255 4236363.20258
    -11192030.7689 4236349.52352
    -11192029.2104 4236310.26474
    -11192028.0972 4236251.71881
    -11192027.4293 4236129.56672
    -11192025.8708 4236013.98174
    -11192024.535 4235788.6971
    -11192024.4236 4235460.28498
    -11192021.9746 4235232.54973
    -11192020.8614 4235075.94175
    -11192020.8614 4234985.26059
    -11192020.7501 4234885.41645
    -11192019.7482 4234808.82429
    -11192019.0803 4234758.49259
    -11192018.1898 4234487.27984
    -11192017.8558 4234444.88208
    -11192017.4105 4234438.86435
    -11192017.0766 4234346.68404
    -11192015.9634 4234236.99868
    -11192016.7426 4234204.17534
    -11192016.4086 4234153.57289
    -11192015.5181 4233956.63584
    -11192015.852 4233897.82894
    -11192014.7388 4233793.34489
    -11192013.9596 4233630.74014
    -11192013.9596 4233541.57523
    -11192013.2917 4233489.88179
    -11192011.3993 4233347.79448
    -11192010.0634 4233035.1815
    -11192006.2786 4232448.13315
    -11192005.6107 4232424.20336
    -11192005.1654 4232409.98225
    -11192004.2748 4232294.02619
    -11192004.2748 4232293.20575
    -11192004.0522 4232258.06366
    -11192001.8258 4232061.1606
    -11191997.373 4231445.99802
    -11191995.9259 4231097.89061
    -11191991.6957 4230454.48151
    -11191991.6957 4230453.79793
    -11191990.2486 4230391.045
    -11191990.5825 4230220.5612
    -11191989.5806 4230138.94318
    -11191990.2486 4230093.41782
    -11191989.024 4229918.70061
    -11191989.5806 4229788.27972
    -11191989.358 4229565.85688
    -11191987.0203 4229339.33745
    -11191986.909 4229333.45921
    -11191986.3524 4228459.68797
    -11191986.3524 4228456.81744
    -11191994.7013 4228338.71605
    -11191989.8033 4227264.65308
    -11191980.6751 4225262.64911
    -11191978.7827 4224991.39734
    -11191971.9922 4223990.21512
    -11191964.1998 4222707.95499
    -11191963.8658 4222660.41108
    -11191963.7545 4222640.60118
    -11191961.6395 4222409.16954
    -11191937.9284 4218935.13769
    -11191928.4662 4217548.99999
    -11191926.0172 4217190.27139
    -11191927.2417 4217159.41063
    -11191921.8984 4217131.82719
    -11191926.3512 4217018.49001
    -11191928.2436 4216779.93954
    -11191922.6776 4216051.34799
    -11191905.9797 4215059.17011
    -11191905.3118 4215017.93938
    -11191904.5326 4214966.05989
    -11191926.0172 4214873.36002
    -11191924.7927 4214808.78458
    -11191914.5513 4214556.76651
    -11191909.3193 4214204.14201
    -11191909.5419 4214116.22655
    -11191909.9872 4213937.39447
    -11191908.3174 4213546.70425
    -11191909.0967 4213341.12649
    -11191909.7646 4213135.96207
    -11191910.3212 4212981.44289
    -11191909.7646 4212910.05357
    -11191909.7646 4212908.68858
    -11191908.4287 4212723.05125
    -11191908.874 4212578.36549
    -11191910.2098 4212218.84327
    -11191910.5438 4212112.92704
    -11191910.5438 4212110.8797
    -11191910.5438 4212108.01342
    -11191908.9853 4211844.72876
    -11191909.0967 4211666.75243
    -11191909.0967 4211606.56324
    -11191909.208 4211528.4952
    -11191909.3193 4211166.41414
    -11191908.2061 4211057.23259
    -11191908.5401 4210863.16505
    -11191906.425 4210604.68659
    -11191906.091 4210296.40367
    -11191906.091 4210291.62733
    -11191905.9797 4210133.46346
    -11191903.308 4209640.15414
    -11191902.9741 4209597.16972
    -11191901.5269 4209415.81827
    -11191898.9666 4209088.19241
    -11191895.293 4208886.24545
    -11191894.2912 4208791.82287
    -11191892.6214 4208635.31786
    -11191892.51 4208622.21902
    -11191892.2874 4208603.79881
    -11191892.1761 4208598.20453
    -11191891.0629 4208488.63907
    -11191889.8384 4208365.56684
    -11191888.3912 4208121.47309
    -11191888.1686 4208106.19183
    -11191881.8234 4207650.76535
    -11191880.2649 4207603.01351
    -11191877.8159 4207456.75774
    -11191877.8159 4207404.77738
    -11191875.0329 4207200.67839
    -11191874.8102 4207166.98059
    -11191874.6989 4207157.29419
    -11191874.2537 4207089.35325
    -11191874.1423 4207069.16205
    -11191874.1423 4207063.70497
    -11191874.1423 4207059.88502
    -11191874.031 4207041.19457
    -11191870.6914 4206495.91101
    -11191870.6914 4206494.95607
    -11191870.4688 4206453.21169
    -11191870.2462 4206413.78658
    -11191869.2443 4206308.19892
    -11191869.2443 4206303.56072
    -11191869.133 4206292.51091
    -11191869.133 4206291.82883
    -11191869.133 4206290.0554
    -11191869.133 4206285.96288
    -11191869.133 4206285.00796
    -11191869.0216 4206283.91663
    -11191869.0216 4206282.00679
    -11191869.0216 4206279.55128
    -11191869.0216 4206277.50502
    -11191868.3537 4206217.61806
    -11191868.3537 4206215.84465
    -11191867.0179 4206072.60839
    -11191865.6821 4205408.8349
    -11191861.8972 4205053.77476
    -11191861.8972 4205049.8191
    -11191861.7859 4205048.86429
    -11191861.7859 4205047.90947
    -11191861.7859 4205046.68186
    -11191861.7859 4205045.18144
    -11191861.5632 4205022.12954
    -11191861.4519 4205006.85257
    -11191861.4519 4205000.85091
    -11191861.4519 4204994.98565
    -11191858.2236 4204449.6668
    -11191858.2236 4204448.57564
    -11191856.3312 4204112.64103
    -11191856.3312 4204110.45878
    -11191854.9954 4203886.78087
    -11191855.4407 4203659.28872
    -11191855.7746 4203612.78161
    -11191855.7746 4203607.87178
    -11191855.7746 4203604.73494
    -11191855.7746 4203602.28003
    -11191855.8859 4203601.59811
    -11191855.8859 4203600.50704
    -11191856.7765 4203485.94503
    -11191856.7765 4203484.17205
    -11191857.3331 4203404.66128
    -11191857.4444 4203388.84102
    -11191858.4463 4203258.18837
    -11191858.4463 4203257.09734
    -11191860.784 4202949.8379
    -11191861.2293 4202895.42401
    -11191866.2386 4202545.76317
    -11191869.133 4202240.84177
    -11191873.2518 4201664.70514
    -11191873.2518 4201658.84165
    -11191873.3631 4201644.66021
    -11191873.8084 4201585.48018
    -11191874.031 4201546.48153
    -11191875.1442 4201306.62921
    -11191878.1498 4201066.91845
    -11191882.1573 4200652.00479
    -11191885.163 4200302.14228
    -11191889.3931 4199702.52063
    -11191891.1742 4199514.92399
    -11191894.5138 4199148.73799
    -11191894.6251 4199082.07327
    -11191895.8496 4198952.97116
    -11191896.5176 4198755.0266
    -11191897.2968 4198675.82251
    -11191898.9666 4198496.96785
    -11191899.4119 4198321.52405
    -11191900.859 4198219.42168
    -11191900.859 4198198.42879
    -11191900.7477 4197931.52261
    -11191901.7496 4197772.0363
    -11191900.6364 4197683.84272
    -11191900.5251 4197676.20931
    -11191900.3024 4197663.66871
    -11191901.4156 4197439.985
    -11191901.6382 4197187.54545
    -11191901.8609 4196971.0954
    -11191902.0835 4196697.13132
    -11191902.5288 4196531.39316
    -11191902.5288 4196429.03474
    -11191902.5288 4196426.71771
    -11191902.4175 4196158.62769
    -11191902.4175 4196073.1728
    -11191902.4175 4196031.60408
    -11191902.8628 4195627.91857
    -11191902.6401 4195614.29001
    -11191901.6382 4195566.86276
    -11191902.5288 4195368.97884
    -11191902.3062 4195250.82256
    -11191902.3062 4195249.59603
    -11191902.3062 4195242.78199
    -11191903.5307 4195147.38575
    -11191903.5307 4195146.56808
    -11191903.5307 4195145.7504
    -11191903.5307 4195144.25132
    -11191903.5307 4195141.66201
    -11191903.5307 4195137.0285
    -11191903.0854 4195096.28097
    -11191903.7533 4195030.59463
    -11191903.0854 4194790.06604
    -11191903.4194 4194746.32175
    -11191903.5307 4194719.06682
    -11191903.5307 4194716.20506
    -11191903.5307 4194499.39457
    -11191903.0854 4194464.7816
    -11191903.976 4194432.21279
    -11191906.5363 4194292.67225
    -11191910.6551 4193600.85511
    -11191912.4362 4192961.4022
    -11191912.5476 4192682.63247
    -11191914.2174 4192508.3709
    -11191914.44 4192320.76006
    -11191914.2174 4192140.91823
    -11191914.2174 4192137.23968
    -11191914.2174 4192133.83361
    -11191914.2174 4192128.11142
    -11191914.2174 4192120.07312
    -11191914.2174 4192111.08112
    -11191914.2174 4192103.31531
    -11191914.2174 4192098.00186
    -11191914.2174 4192094.86829
    -11191914.2174 4192094.05084
    -11191914.106 4192093.23339
    -11191914.106 4192091.59848
    -11191914.106 4192049.36351
    -11191914.106 4192045.95748
    -11191913.9947 4191974.70338
    -11191912.5476 4191930.5615
    -11191913.4381 4191909.58054
    -11191913.4381 4191904.26719
    -11191913.4381 4191903.44975
    -11191913.3268 4191859.30815
    -11191914.5513 4191750.3173
    -11191914.5513 4191748.27373
    -11191915.1079 4191696.91218
    -11191915.6645 4191641.46376
    -11191915.5532 4191598.8218
    -11191916.6664 4191554.81765
    -11191917.8909 4191291.75006
    -11191917.5569 4191125.95666
    -11191919.5607 4190933.60129
    -11191919.4494 4190911.5324
    -11191919.4494 4190909.89767
    -11191919.0041 4190835.109
    -11191925.4606 4190747.10695
    -11191926.3512 4190725.03844
    -11191925.4606 4190631.45207
    -11191927.9096 4190285.31201
    -11191927.5757 4190189.27743
    -11191927.7983 4190162.16995
    -11191928.5776 4190063.00344
    -11191927.9096 4189918.47802
    -11191928.8002 4189850.23435
    -11191928.5776 4189768.23353
    -11191928.1323 4189753.38626
    -11191928.021 4189751.34307
    -11191928.021 4189745.75832
    -11191928.1323 4189734.31642
    -11191928.1323 4189731.59216
    -11191928.5776 4189701.62533
    -11191931.8058 4189576.99144
    -11191932.3624 4189539.80586
    -11191934.3662 4189484.23204
    -11191938.7076 4189241.6447
    -11191940.3774 4189181.44136
    -11191940.7114 4189166.32248
    -11191942.4925 4189084.19052
    -11191942.6038 4189074.65617
    -11191942.7151 4189071.25104
    -11191945.3868 4188943.90018
    -11191946.9453 4188883.97087
    -11191947.0566 4188878.65897
    -11191947.1679 4188877.16074
    -11191947.2792 4188874.43669
    -11191947.3906 4188868.17138
    -11191947.5019 4188865.44733
    -11191947.5019 4188863.6767
    -11191947.5019 4188861.63367
    -11191947.5019 4188860.27164
    -11191947.8358 4188797.61876
    -11191976.3336 4188797.34635
    -11193876.0007 4188782.22799
    -11193900.825 4188772.9663
    -11193904.2759 4188772.9663
    -11193918.5248 4188772.9663
    -11194890.3439 4188772.8301
    -11195378.5912 4188772.8301
    -11195536.9989 4188775.96273
    -11195882.8685 4188781.81939
    -11195906.5796 4188782.22799
    -11196212.9308 4188796.25674
    -11196244.9908 4188797.75496
    -11196964.7826 4188796.25674
    -11197859.68 4188794.21372
    -11197990.8144 4188794.07752
    -11198060.9457 4188788.35705
    -11198238.6116 4188787.67605
    -11199677.082 4188781.81939
    -11199701.0157 4188781.54698
    -11199725.0607 4188781.41078
    -11199738.6417 4188781.27458
    -11199752.2227 4188781.27458
    -11199820.3502 4188781.00218
    -11200110.4488 4188779.77637
    -11200111.3394 4188779.77637
    -11200570.421 4188777.73335
    -11200996.552 4188775.96273
    -11201460.9769 4188774.05591
    -11201570.2926 4188777.59715
    -11202244.8887 4188783.86241
    -11202792.6919 4188784.54341
    -11203828.6311 4188787.13124
    -11204537.8476 4188786.99504
    -11205348.5875 4188788.08465
    -11205382.2059 4188788.22085
    -11205616.0882 4188789.44667
    -11205716.0531 4188789.17426
    -11206798.0785 4188786.04163
    -11207134.7087 4188786.58643
    -11207694.757 4188787.53985
    -11208280.1862 4188788.62946
    -11208586.7601 4188789.17426
    -11208617.7069 4188789.17426
    -11208711.438 4188789.31046
    -11208820.7537 4188789.58287
    -11209625.5936 4188790.94488
    -11209944.3013 4188791.48969
    -11210513.8118 4188792.4431
    -11211588.6015 4188794.34992
    -11212507.9892 4188802.52201
    -11213137.5009 4188804.02023
    -11213143.0669 4188804.02023
    -11213151.4158 4188804.02023
    -11213988.3158 4188805.92705
    -11214580.3128 4188810.0131
    -11214796.4953 4188811.51132
    -11215021.9172 4188813.00954
    -11215393.0564 4188814.09915
    -11215393.7243 4188814.09915
    -11215403.0752 4188814.09915
    -11215413.2053 4188814.09915
    -11215424.4485 4188814.23536
    -11215435.5805 4188814.23536
    -11215441.4804 4188814.23536
    -11215485.0063 4188797.07395
    -11216150.029 4188796.93775
    -11216739.0204 4188796.93775
    -11217016.5399 4188796.93775
    -11218090.3277 4188796.93775
    -11218834.7211 4188796.93775
    -11219366.2717 4188796.93775
    -11219627.3159 4188796.93775
    -11220022.7227 4188796.93775
    -11220066.5826 4188796.93775
    -11220132.4838 4188796.93775
    -11221066.6769 4188796.93775
    -11221341.5247 4188798.43596
    -11222585.854 4188806.06325
    -11222597.5426 4188806.06325
    -11223275.5896 4188810.28551
    -11223291.2856 4188810.42171
    -11223373.8847 4188810.96651
    -11223615.8933 4188812.46473
    -11224152.2306 4188815.73357
    -11224399.1372 4188817.23179
    -11224582.8144 4188818.32141
    -11224626.1176 4188817.7766
    -11225028.4263 4188812.73714
    -11225039.0016 4188813.41815
    -11225794.6383 4188819.95583
    -11225961.1723 4188820.22823
    -11226206.7431 4188820.63684
    -11226254.4991 4188820.77304
    -11226384.8543 4188821.04544
    -11226394.2051 4188821.18165
    -11226433.8348 4188821.18165
    -11226870.4299 4188821.86266
    -11227310.2532 4188822.54367
    -11227495.3775 4188816.95939
    -11227744.3992 4188809.4683
    -11227914.4954 4188804.42883
    -11228278.8441 4188793.80511
    -11228587.867 4188798.70837
    -11228712.2109 4188800.61519
    -11228884.5334 4188803.47542
    -11229240.6445 4188809.19589
    -11229266.1367 4188809.6045
    -11229385.2485 4188811.51132
    -11229400.6106 4188811.78372
    -11229400.6106 4188795.30333
    -11229400.6106 4188781.54698
    -11230394.9163 4188787.53985
    -11230817.3738 4188790.12767
    -11231693.5695 4188792.03449
    -11231990.2359 4188792.5793
    -11232607.6138 4188793.94131
    -11232788.508 4188797.61876
    -11233007.2508 4188766.42864
    -11233028.6241 4188769.83367
    -11233082.0575 4188778.55056
    -11233085.6197 4188779.09536
    -11233089.2932 4188779.50396
    -11233140.6115 4188784.67961
    -11233158.4226 4188786.45023
    -11233159.4245 4188786.58643
    -11233241.0217 4188793.53271
    -11233713.3503 4188800.88759
    -11233785.374 4188801.02379
    -11234109.8703 4188801.2962
    -11234360.2279 4188801.5686
    -11235343.0677 4188802.52201
    -11236511.9223 4188803.88403
    -11237410.9385 4188804.83744
    -11237649.9415 4188805.24604
    -11238859.6504 4188806.60806
    -11238904.4008 4188806.60806
    -11238940.357 4188806.88046
    -11238942.2494 4188806.88046
    -11239834.8091 4188812.05613
    -11239928.7628 4188812.73714
    -11239947.0192 4188812.87334
    -11240089.7307 4188812.87334
    -11240154.7413 4188812.73714
    -11240195.3729 4188812.73714
    -11240372.7049 4188805.65465
    -11240386.7311 4188805.10984
    -11240433.2627 4188803.61162
    -11240514.3033 4188802.79441
    -11240804.9585 4188799.93418
    -11240918.1704 4188798.84457
    -11241157.5073 4188796.66534
    -11241821.3054 4188790.40007
    -11242978.0262 4188779.23156
    -11243316.1035 4188776.91614
    -11243426.4212 4188756.48596
    -11243525.3842 4188755.66876
    -11243548.4273 4188755.39636
    -11243635.9244 4188754.30675
    -11243688.3559 4188753.62574
    -11243714.9613 4188753.48954
    -11243786.651 4188753.21714
    -11244055.0423 4188750.90172
    -11244221.5763 4188749.53971
    -11244277.236 4188750.08452
    -11244301.281 4188749.67591
    -11244448.7794 4188747.6329
    -11244538.2802 4188746.81569
    -11244719.8423 4188745.31749
    -11244904.8553 4188741.36766
    -11245122.4849 4188739.18845
    -11246401.6572 4188726.24938
    -11246415.6834 4188726.11317
    -11246429.821 4188725.97697
    -11250369.0838 4188686.07025
    -11251712.8214 4188672.58644
    -11252148.4146 4188668.22804
    -11252873.3271 4188660.87325
    -11252863.7536 4190539.36496
    -11252863.6423 4190596.98743
    -11252863.6423 4190599.03078
    -11252863.4197 4190615.24142
    -11252863.3084 4190616.19498
    -11252863.3084 4190617.01233
    -11252863.3084 4190618.64702
    -11252863.3084 4190621.91639
    -11252863.197 4190633.08677
    -11252863.0857 4190643.71225
    -11252863.6423 4190687.16788
    -11252866.7593 4190934.1462
    -11252866.7593 4190942.4561
    -11252866.7593 4190987.41141
    -11252866.7593 4190989.18238
    -11252866.7593 4191006.61965
    -11252866.7593 4191013.70354
    -11252866.7593 4191048.98687
    -11252866.7593 4191064.38078
    -11252866.5366 4191134.53917
    -11252866.5366 4191136.85508
    -11252866.6479 4191175.54457
    -11252866.6479 4191176.22572
    -11252866.6479 4191177.04311
    -11252866.6479 4191178.67788
    -11252866.6479 4191182.49234
    -11252867.4272 4191600.18416
    -11252867.4272 4191613.94401
    -11252867.4272 4191637.5129
    -11252867.5385 4191679.47382
    -11252868.8743 4192363.67729
    -11252868.429 4193018.90104
    -11252868.3177 4193159.24305
    -11252868.429 4193193.71568
    -11252870.6554 4193470.86318
    -11252867.2045 4194346.77125
    -11252867.2045 4194349.90546
    -11252882.5666 4196701.08399
    -11252890.8043 4197894.58156
    -11252889.2458 4198459.3433
    -11252886.9081 4199194.13567
    -11252885.4609 4199732.10556
    -11252877.5572 4202614.63075
    -11252877.5572 4202623.49492
    -11252872.2139 4204611.56831
    -11252861.5272 4208559.04465
    -11252861.5272 4208565.18469
    -11252859.0782 4209473.67575
    -11252850.5066 4212526.63397
    -11252850.5066 4212528.13541
    -11252845.4972 4214530.14522
    -11252842.9369 4214966.05989
    -11252843.0482 4215499.74777
    -11252843.4935 4216492.10189
    -11252843.4935 4216493.46732
    -11252844.1614 4218480.21947
    -11252844.2727 4218742.43362
    -11252844.4954 4219233.4191
    -11252836.5917 4220456.94913
    -11252836.5917 4220460.09076
    -11252840.1539 4221440.59762
    -11252838.7067 4221920.22815
    -11252838.4841 4222001.78518
    -11252838.2615 4222083.34281
    -11252839.152 4222444.5534
    -11252836.5917 4224425.95799
    -11252836.5917 4224456.97578
    -11252836.5917 4224458.34221
    -11252836.5917 4224465.44762
    -11252844.0501 4225635.30665
    -11252840.4879 4226432.72963
    -11252854.7368 4228708.33389
    -11252854.5141 4228713.8017
    -11252853.067 4228762.46535
    -11252852.399 4228786.25048
    -11252852.399 4228796.366
    -11252846.1651 4228837.1016
    -11252851.9538 4229192.92936
    -11252851.3972 4229370.0957
    -11252846.9444 4229380.21176
    -11252850.8406 4229773.7886
    -11252846.0538 4229852.94313
    -11252845.6086 4229991.43076
    -11252844.718 4230268.27452
    -11252840.5992 4230432.74353
    -11252840.5992 4230433.42711
    -11252840.4879 4230444.50118
    -11252837.2596 4230455.57525
    -11252837.1483 4230495.22326
    -11252837.1483 4230508.48487
    -11252838.8181 4231008.47281
    -11252841.8237 4231429.31705
    -11252841.8237 4231434.2393
    -11252846.2765 4232044.61543
    -11252863.4197 4232044.61543
    -11252863.4197 4232098.6266
    -11252848.7255 4233439.00913
    -11252847.167 4233591.35432
    -11252845.1633 4234427.6495
    -11252841.8237 4235939.43349
    -11252840.8218 4236424.07456
    -11252838.8181 4237266.60487
    -11252838.4841 4237409.29013
    -11252836.5917 4238294.03493
    -11252836.2577 4238428.52457
    -11252838.1501 4238898.49879
    -11252840.2652 4239414.19381
    -11252840.8218 4239540.76104
    -11252840.8218 4239603.15579
    -11252840.8218 4239814.28806
    -11252840.8218 4239984.64725
    -11252837.3709 4240135.16762
    -11252849.95 4240514.21441
    -11252849.2821 4240854.6835
    -11252848.8368 4241081.71438
    -11252848.5029 4241219.93319
    -11252848.2802 4241399.89396
    -11252845.8312 4241934.73016
    -11252844.1614 4242299.33151
    -11252841.7124 4242817.92391
    -11252838.4841 4243530.08747
    -11252834.4766 4244408.4817
    -11252829.3559 4245574.71803
    -11252830.9144 4246400.42652
    -11252833.2521 4247539.89965
    -11252834.8106 4248336.1772
    -11252414.4682 4248336.8619
    -11252286.3394 4248336.99884
    -11251852.9727 4248337.68354
    -11250768.8321 4248339.6007
    -11249303.645 4248339.73764
    -11248321.0278 4248344.11973
    -11248210.5989 4248344.11973
    -11247196.9236 4248333.16452
    -11246165.8825 4248337.5466
    -11243314.3224 4248349.46039
    -11242159.828 4248374.52049
    -11242127.2114 4248374.38355
    -11241811.7319 4248373.42496
    -11240427.2514 4248368.90593
    -11239563.9688 4248367.53652
    -11238183.7184 4248357.95069
END
END
