48207 Haskell County
1
    -11130787.9057 3907328.07524
    -11130788.017 3907361.29274
    -11130788.1284 3907376.57282
    -11130789.9095 3907779.97416
    -11130797.5905 3909627.87918
    -11130797.7018 3909641.83327
    -11130798.1471 3909684.09431
    -11130798.3698 3909698.31426
    -11130799.7056 3910013.41673
    -11130801.3754 3910382.48684
    -11130793.0264 3910713.68967
    -11130768.3135 3911707.62041
    -11130763.0815 3911920.69253
    -11130762.3022 3912039.25961
    -11130761.4117 3912170.85454
    -11130759.4079 3912521.3828
    -11130759.4079 3912566.04699
    -11130759.4079 3912697.91372
    -11130759.6306 3913331.08085
    -11130760.6324 3915128.67578
    -11130760.5211 3915231.05437
    -11130760.5211 3915864.49197
    -11130760.4098 3916578.41367
    -11130760.4098 3916578.54664
    -11130760.1872 3917613.9371
    -11130760.2985 3917709.55511
    -11130760.2985 3917715.93854
    -11130760.7438 3917996.67984
    -11130760.8551 3917997.07881
    -11130761.4117 3918296.97811
    -11130761.857 3918528.52426
    -11130761.857 3918589.70322
    -11130762.1909 3918773.50803
    -11130762.3022 3918834.82127
    -11130762.3022 3918848.25437
    -11130762.4136 3918881.10568
    -11130762.4136 3918888.42075
    -11130762.4136 3918902.11992
    -11130762.4136 3918919.14414
    -11130762.4136 3918970.34996
    -11130762.5249 3918980.85716
    -11130763.1928 3918987.64029
    -11130763.972 3919005.99467
    -11130764.7513 3919020.62499
    -11130766.6437 3919061.32398
    -11130767.6456 3919079.94448
    -11130767.8682 3919082.60456
    -11130768.8701 3919090.71779
    -11130769.204 3919093.51087
    -11130768.8701 3919095.37292
    -11130768.3135 3919101.3581
    -11130768.2022 3919103.61916
    -11130767.7569 3919108.2743
    -11130767.6456 3919430.01543
    -11130767.3116 3920409.65815
    -11130767.3116 3920736.35704
    -11130766.755 3922721.62229
    -11130767.9795 3922730.80242
    -11130773.9908 3922747.56615
    -11130775.2153 3922755.14975
    -11130775.9945 3922764.86208
    -11130776.2172 3922776.17098
    -11130773.8795 3922851.60824
    -11130770.7625 3923011.53153
    -11130770.0946 3923131.40891
    -11130767.9795 3923282.68768
    -11130767.3116 3923417.4698
    -11130765.1965 3923540.27856
    -11130765.7531 3923554.51542
    -11130769.3154 3923635.413
    -11130766.6437 3924228.85656
    -11130768.8701 3924952.33976
    -11130768.7588 3925087.93965
    -11130770.8738 3926014.4259
    -11130766.6437 3926177.18742
    -11130766.4211 3926184.24091
    -11130765.8645 3926205.40142
    -11130765.7531 3926212.7211
    -11130766.8663 3926262.36197
    -11130770.4286 3926411.41895
    -11130771.6531 3926461.19376
    -11130772.2097 3926766.50164
    -11130773.3229 3927267.86811
    -11130774.77 3927682.73958
    -11130775.8832 3927988.21263
    -11130775.9945 3928014.16822
    -11130776.3285 3928092.70089
    -11130776.4398 3928118.92294
    -11130776.6625 3928193.46308
    -11130777.553 3928417.21948
    -11130777.887 3928492.02775
    -11130776.5511 3928503.07599
    -11130772.8776 3928536.22076
    -11130771.6531 3928547.40216
    -11130772.9889 3928644.308
    -11130776.9964 3928935.03038
    -11130778.4436 3929031.93946
    -11130782.785 3929343.30526
    -11130795.8094 3930277.98521
    -11130800.2622 3930589.51751
    -11130800.8188 3930627.72738
    -11130800.9301 3930640.24215
    -11130803.0452 3930792.8168
    -11130803.8244 3930843.67547
    -11130806.3848 3931030.86922
    -11130814.1771 3931593.1343
    -11130816.7375 3931770.62025
    -11130816.8488 3931780.60641
    -11130820.6336 3932053.83114
    -11130832.0996 3932873.41068
    -11130835.9957 3933146.79425
    -11130839.1127 3933376.23901
    -11130848.7975 3934064.73365
    -11130852.0257 3934294.32971
    -11130852.471 3934330.95363
    -11130854.0295 3934440.95927
    -11130854.5861 3934477.71683
    -11130860.2634 3934881.92452
    -11130868.9463 3935506.04348
    -11130869.1689 3935517.23158
    -11130888.5385 3936900.24339
    -11130890.3196 3937028.7894
    -11130890.5423 3937043.4424
    -11130894.2158 3937311.59563
    -11130905.5704 3938116.22571
    -11130909.3553 3938384.67016
    -11130913.5854 3938687.49362
    -11130926.2758 3939596.27786
    -11130930.506 3939899.26617
    -11130932.5097 3940045.83327
    -11130938.7436 3940485.54569
    -11130940.8587 3940632.25345
    -11130948.7624 3941197.24888
    -11130948.7624 3941200.04727
    -11130948.985 3941212.83994
    -11130950.3209 3941303.4551
    -11130950.8775 3941332.37214
    -11130955.2189 3941652.86311
    -11130958.6698 3941899.80044
    -11130969.0225 3942641.04378
    -11130972.5848 3942888.13542
    -11130977.5941 3943245.58799
    -11130979.8205 3943402.85994
    -11130980.2658 3943434.31459
    -11130981.713 3943528.81232
    -11130982.2695 3943560.4006
    -11130982.4922 3943576.39469
    -11130983.2714 3943624.37711
    -11130983.6054 3943640.50458
    -11130972.6961 3943896.41451
    -11130939.8568 3944664.17819
    -11130929.0588 3944920.24401
    -11130926.1645 3944975.69681
    -11130917.7042 3945142.19008
    -11130914.9213 3945197.77723
    -11130916.2571 3945339.61234
    -11130920.5986 3945766.06122
    -11130922.0457 3945908.1699
    -11130923.3815 3946047.21413
    -11130927.6117 3946464.35683
    -11130929.0588 3946603.67436
    -11130930.6173 3946759.25871
    -11130935.404 3947226.02426
    -11130936.9625 3947378.0171
    -11130936.9625 3947381.88361
    -11130938.2984 3947514.94569
    -11130942.3059 3947914.40777
    -11130943.753 3948047.6093
    -11130943.9756 3948072.54309
    -11130944.6436 3948147.21145
    -11130944.9775 3948172.27879
    -11130467.8622 3948173.21215
    -11129036.7388 3948176.14556
    -11128559.7348 3948177.21226
    -11128501.96 3948178.4123
    -11128328.6355 3948182.54575
    -11128270.972 3948184.01246
    -11128229.5612 3948184.14579
    -11128060.3556 3948184.27913
    -11127428.6174 3948185.07915
    -11127230.8027 3948185.47916
    -11127218.1123 3948185.47916
    -11127217.7783 3948185.47916
    -11126900.1838 3948185.87918
    -11125946.5097 3948187.34589
    -11125628.6926 3948188.01257
    -11125424.5327 3948189.61262
    -11124811.9415 3948194.5461
    -11124607.8929 3948196.27948
    -11124523.1787 3948196.94617
    -11124269.3703 3948199.07957
    -11124184.7675 3948199.87959
    -11124103.9495 3948199.74626
    -11123861.7183 3948199.74626
    -11123781.0117 3948199.74626
    -11123431.3572 3948199.61292
    -11122382.6162 3948199.47958
    -11122033.073 3948199.47958
    -11122030.8467 3948199.47958
    -11121558.6294 3948199.47958
    -11120135.6323 3948199.21291
    -11119680.8922 3948199.34624
    -11119661.3 3948199.34624
    -11119602.3006 3948199.34624
    -11119425.3027 3948199.34624
    -11119366.3033 3948199.34624
    -11119169.1565 3948199.61292
    -11119061.7332 3948199.87959
    -11118577.8274 3948200.54628
    -11118383.9088 3948201.07963
    -11118380.7919 3948201.07963
    -11118369.6599 3948200.94629
    -11118336.598 3948200.54628
    -11118328.2491 3948200.67962
    -11118325.8 3948200.67962
    -11118325.4661 3948200.67962
    -11118122.9759 3948199.61292
    -11118075.4425 3948199.47958
    -11117514.9489 3948219.21353
    -11117328.1548 3948225.88041
    -11117312.3474 3948226.01375
    -11117306.4475 3948226.01375
    -11117262.9215 3948226.28043
    -11117114.644 3948226.81378
    -11117065.3295 3948227.34713
    -11116920.2802 3948228.14715
    -11116485.1323 3948230.54723
    -11116340.1943 3948231.4806
    -11116187.6866 3948232.28062
    -11115730.1635 3948234.94738
    -11115586.0047 3948235.88074
    -11115578.6576 3948235.88074
    -11115577.7671 3948235.88074
    -11115199.0582 3948238.01415
    -11114062.8201 3948244.68104
    -11113684.2226 3948246.94779
    -11113670.7529 3948246.94779
    -11113630.5666 3948247.08112
    -11113617.2082 3948247.21446
    -11113540.3978 3948246.14776
    -11113309.9664 3948242.94765
    -11113248.852 3948242.4143
    -11113233.156 3948242.54764
    -11113187.515 3948242.81431
    -11113050.926 3948243.61434
    -11113006.3982 3948244.01435
    -11113005.3963 3948244.01435
    -11112759.0463 3948245.61441
    -11112020.1075 3948250.41457
    -11111773.8688 3948252.14797
    -11111773.7575 3948252.14797
    -11111767.6349 3948252.14797
    -11111687.5962 3948252.54798
    -11111428.7784 3948254.14804
    -11111342.6171 3948254.94806
    -11111220.3883 3948253.08133
    -11110853.7019 3948247.48114
    -11110731.5844 3948245.74774
    -11110545.1242 3948247.3478
    -11109985.8551 3948252.14797
    -11109804.1817 3948253.88136
    -11109800.5082 3948253.88136
    -11109799.5063 3948253.88136
    -11109555.7166 3948255.88143
    -11108824.2362 3948262.28166
    -11108580.5579 3948264.41507
    -11108192.1642 3948267.61518
    -11107027.317 3948277.48221
    -11106639.1459 3948281.08235
    -11106613.3198 3948281.21568
    -11106535.7301 3948282.01571
    -11106510.0153 3948282.28239
    -11106321.8854 3948283.88245
    -11105757.8295 3948288.68263
    -11105573.8184 3948290.41603
    -11105569.8109 3948290.41603
    -11105378.898 3948292.01609
    -11104806.3818 3948296.94962
    -11104615.5802 3948298.81635
    -11104423.6654 3948300.41642
    -11104160.0609 3948302.81651
    -11103848.255 3948295.08288
    -11103656.4515 3948290.54937
    -11103610.2539 3948292.14943
    -11103471.9951 3948297.21629
    -11103426.0202 3948299.08303
    -11103187.0172 3948299.61639
    -11102691.3115 3948300.81643
    -11102470.1197 3948301.48313
    -11102231.2281 3948302.28316
    -11102029.1832 3948302.54984
    -11101422.9372 3948304.28324
    -11101221.0037 3948304.94993
    -11101214.5472 3948304.81659
    -11101195.1776 3948304.81659
    -11101188.8324 3948305.08327
    -11101101.6692 3948305.21661
    -11100840.5137 3948305.8833
    -11100764.8164 3948306.14998
    -11100753.4618 3948306.14998
    -11100752.5713 3948306.14998
    -11100367.9624 3948307.08335
    -11099211.5756 3948310.28347
    -11098844.7778 3948311.35018
    -11098826.8554 3948311.21685
    -11098826.1875 3948311.35018
    -11098722.2151 3948311.61686
    -11098410.6318 3948312.41689
    -11098306.8821 3948312.81691
    -11098219.051 3948312.95025
    -11097955.8917 3948313.4836
    -11097868.1719 3948314.01696
    -11097747.279 3948314.28363
    -11097384.4888 3948315.217
    -11097263.7071 3948315.61702
    -11097191.1268 3948315.61702
    -11096973.2746 3948316.01704
    -11096911.9375 3948316.28371
    -11096903.6999 3948316.28371
    -11096900.6942 3948316.28371
    -11096798.0577 3948316.41705
    -11096490.4819 3948317.48376
    -11096388.068 3948318.15046
    -11096210.2908 3948318.55047
    -11095677.293 3948319.88386
    -11095499.7385 3948320.55056
    -11095394.8755 3948320.81723
    -11095080.3979 3948321.61727
    -11094986.5556 3948321.88394
    -11094976.3142 3948321.88394
    -11094975.535 3948321.88394
    -11094872.8984 3948322.15062
    -11094565.1 3948322.81731
    -11094462.5748 3948323.35067
    -11094281.2353 3948323.61735
    -11093737.5509 3948325.08407
    -11093556.3228 3948325.88411
    -11093458.9182 3948326.15079
    -11093166.8159 3948326.81748
    -11093069.5227 3948327.2175
    -11092871.5966 3948327.75085
    -11092277.7071 3948329.21758
    -11092080.0037 3948330.01761
    -11092061.4133 3948330.01761
    -11092028.0175 3948330.15095
    -11092005.6423 3948330.01761
    -11091987.1632 3948330.28429
    -11091813.5048 3948330.68431
    -11091292.5296 3948332.15103
    -11091124.2146 3948332.68439
    -11091123.324 3948332.68439
    -11091118.9825 3948332.68439
    -11090611.6996 3948334.15112
    -11090244.7906 3948335.35117
    -11089469.2277 3948340.15137
    -11089090.1848 3948342.41813
    -11088583.1245 3948345.61827
    -11088519.7837 3948346.01829
    -11088330.0953 3948347.085
    -11088266.9772 3948347.61836
    -11088071.5002 3948347.7517
    -11087485.403 3948348.55173
    -11087290.1486 3948349.08509
    -11087234.8229 3948347.88504
    -11087068.8455 3948344.28488
    -11087013.5197 3948343.08483
    -11087005.5047 3948342.95149
    -11086666.9821 3948343.48485
    -11086540.6345 3948343.88486
    -11085627.4807 3948345.75161
    -11085281.0545 3948346.55164
    -11085280.0526 3948346.55164
    -11085148.9182 3948347.085
    -11084752.3982 3948348.95175
    -11084627.8317 3948349.61844
    -11084620.3733 3948349.61844
    -11084147.1541 3948350.28514
    -11082727.3854 3948353.08526
    -11082259.2869 3948354.15197
    -11082254.2775 3948354.15197
    -11082253.2757 3948354.15197
    -11081945.8112 3948354.68533
    -11081020.4123 3948356.2854
    -11080712.6139 3948357.08544
    -11080712.0573 3948357.08544
    -11080595.2832 3948357.35212
    -11080245.2947 3948358.55217
    -11080139.8751 3948358.95218
    -11080128.6318 3948358.95218
    -11080126.8507 3948358.95218
    -11080125.7375 3948358.95218
    -11079985.5863 3948359.21886
    -11079556.4497 3948360.0189
    -11079434.7775 3948360.28558
    -11079413.5154 3948360.28558
    -11079149.4656 3948360.6856
    -11078357.4274 3948362.01899
    -11078338.1692 3948362.15233
    -11078111.4114 3948362.68568
    -11078093.4889 3948362.55235
    -11078090.7059 3948362.55235
    -11077763.204 3948361.21895
    -11076773.4624 3948357.75213
    -11076520.4332 3948357.08544
    -11076481.694 3948356.9521
    -11076443.7341 3948357.35212
    -11076441.0624 3948357.08544
    -11076437.2775 3948357.08544
    -11076420.8022 3948358.41883
    -11076352.2294 3948363.7524
    -11076329.4089 3948365.88583
    -11075993.4467 3948371.2194
    -11074985.4487 3948387.75349
    -11074649.5978 3948393.35375
    -11074418.6099 3948392.28704
    -11073725.98 3948390.02026
    -11073513.2485 3948389.35357
    -11073496.2166 3948389.35357
    -11073495.2147 3948389.22023
    -11073440.5568 3948388.95355
    -11073276.4719 3948388.15351
    -11073221.814 3948388.15351
    -11073221.7027 3948369.61933
    -11073221.7027 3948314.1503
    -11073221.7027 3948295.74957
    -11073220.9235 3947906.14106
    -11073219.0311 3946848.18403
    -11073218.8084 3946737.52743
    -11073218.0292 3946348.23794
    -11073217.3613 3945994.82239
    -11073216.1367 3945198.44375
    -11073212.7972 3944934.77369
    -11073208.6783 3944604.46141
    -11073208.4557 3944581.66781
    -11073208.1217 3944552.07619
    -11073208.0104 3944548.07733
    -11073207.8991 3944541.94574
    -11073207.7878 3944530.34906
    -11073207.7878 3944514.88683
    -11073207.6765 3944494.49271
    -11073207.6765 3944447.43975
    -11073207.6765 3944425.17964
    -11073207.5651 3944413.98295
    -11073207.2312 3944163.39323
    -11073206.3406 3943411.78985
    -11073206.118 3943161.35507
    -11073206.0067 3943127.7687
    -11073205.8954 3943027.27672
    -11073205.8954 3942993.82402
    -11073205.4501 3942659.30226
    -11073205.2274 3942482.98253
    -11073204.1142 3941655.79487
    -11073203.7803 3941321.3117
    -11073203.5576 3941097.30664
    -11073203.1124 3939902.99695
    -11073203.2237 3939750.83555
    -11073203.2237 3939742.30818
    -11073203.2237 3939470.90111
    -11073203.001 3939210.95851
    -11073202.5558 3938829.11592
    -11073201.8879 3938013.51237
    -11073201.7765 3937906.53694
    -11073201.6652 3937777.58155
    -11073201.4426 3937585.61654
    -11073201.4426 3937478.64504
    -11073201.3313 3937356.75469
    -11073201.3313 3937327.84754
    -11073201.3313 3937309.99709
    -11073201.2199 3937292.14666
    -11073200.886 3936978.83612
    -11073199.8841 3935755.1144
    -11073199.5501 3935480.07115
    -11073199.1049 3934980.6146
    -11073198.8822 3934733.6912
    -11073197.8804 3933678.79875
    -11073197.1011 3933639.38031
    -11073196.9898 3933542.9655
    -11073196.6558 3932378.19397
    -11073195.7653 3931504.59205
    -11073195.2087 3930866.84153
    -11073194.7634 3930402.73026
    -11073193.9842 3929631.38262
    -11073193.5389 3929231.35105
    -11073193.4276 3928977.09521
    -11073192.9823 3928547.9346
    -11073187.1937 3927794.67888
    -11073187.0824 3927751.95281
    -11073186.7484 3927728.12744
    -11073186.6371 3927697.91322
    -11073186.0805 3927407.62105
    -11073185.9692 3927310.9917
    -11073185.6352 3927186.67909
    -11073184.6333 3926814.41468
    -11073184.4107 3926690.37356
    -11073183.6315 3926393.31907
    -11073181.5164 3925502.2011
    -11073180.8485 3925205.31001
    -11073178.956 3924438.69798
    -11073173.724 3922208.7441
    -11073173.5014 3922139.1647
    -11073171.7203 3921372.88752
    -11073171.4976 3921326.72625
    -11073171.1637 3921188.37657
    -11073171.1637 3921142.34906
    -11073170.3844 3920860.73383
    -11073168.3807 3920016.59405
    -11073167.7128 3919735.40506
    -11073167.7128 3919714.12329
    -11073167.3788 3919592.01991
    -11073166.3769 3919162.00804
    -11073166.043 3919018.89595
    -11073165.9317 3919011.9798
    -11073165.9317 3918991.49737
    -11073165.9317 3918984.71424
    -11073165.8203 3918970.34996
    -11073165.5977 3918848.91938
    -11073165.1524 3918669.36935
    -11073162.8147 3917723.51886
    -11073162.1468 3917408.34108
    -11073162.1468 3917396.63844
    -11073161.9242 3917330.54534
    -11073161.4789 3917097.42721
    -11073161.3676 3917019.76652
    -11073158.5846 3915948.79336
    -11073158.1393 3915776.60111
    -11073152.462 3913236.03048
    -11073151.2375 3912736.86254
    -11073149.9017 3912121.40657
    -11073149.4564 3911921.35714
    -11073138.6584 3911666.81415
    -11073138.2131 3911468.50043
    -11073138.1018 3911446.03749
    -11073137.5452 3911174.22609
    -11073137.5452 3911162.5297
    -11073137.5452 3911150.96624
    -11073137.6565 3911146.18136
    -11073137.5452 3911127.04187
    -11073137.4339 3911107.76949
    -11073136.6546 3910783.99839
    -11073136.2094 3910563.37133
    -11073135.4301 3910204.529
    -11073133.0924 3909128.20106
    -11073132.3132 3908769.53572
    -11073131.9792 3908627.87989
    -11073131.9792 3908604.35935
    -11073130.9773 3908203.85289
    -11073130.7547 3908062.60256
    -11073130.4207 3907948.85942
    -11073129.9755 3907722.83807
    -11073129.6415 3907607.63664
    -11073129.5302 3907494.0308
    -11073129.4189 3907485.1284
    -11073129.4189 3907458.42124
    -11073129.4189 3907449.65174
    -11073128.5283 3907090.24073
    -11073127.7491 3906694.03779
    -11073126.1906 3906012.07404
    -11073125.5227 3905652.70725
    -11073125.1887 3905531.0166
    -11073124.4095 3905166.48363
    -11073124.1868 3905045.06374
    -11073124.1868 3904821.09117
    -11073124.5208 3904149.46489
    -11073124.7434 3903925.64232
    -11073123.4076 3903601.14041
    -11073119.4001 3902628.08715
    -11073118.1756 3902303.75405
    -11073118.7322 3902288.08217
    -11073120.8473 3902241.33226
    -11073121.1812 3902233.76198
    -11073117.285 3902227.38701
    -11073117.0624 3902132.69256
    -11073116.5058 3901848.87943
    -11073116.3945 3901754.32085
    -11073116.2832 3901746.61808
    -11073116.0605 3901660.16146
    -11073115.3926 3901377.95342
    -11073115.2813 3901283.92986
    -11073114.9473 3901151.1295
    -11073114.1681 3900753.79983
    -11073113.9455 3900621.27108
    -11073113.2775 3900330.85511
    -11073112.7209 3900012.56111
    -11073111.6077 3899460.44712
    -11073111.0511 3899170.45829
    -11073110.9398 3899125.31416
    -11073110.6059 3898990.01557
    -11073110.6059 3898945.00491
    -11073110.6059 3898790.72188
    -11073110.6059 3898327.75224
    -11073110.7172 3898173.61011
    -11073110.7172 3898156.35057
    -11073110.7172 3898144.93273
    -11073110.4946 3898104.83762
    -11073110.4946 3898087.84371
    -11073110.2719 3898037.12765
    -11073109.938 3897885.11355
    -11073109.8266 3897834.6639
    -11073109.3814 3897699.38023
    -11073108.3795 3897293.67137
    -11073108.0455 3897158.65947
    -11073108.0455 3897154.94235
    -11073107.3776 3896906.16351
    -11073105.4852 3896148.57557
    -11073104.9286 3895896.36687
    -11073104.7059 3895817.65232
    -11073104.038 3895581.77732
    -11073103.9267 3895503.19762
    -11073103.5927 3895318.29848
    -11073102.7022 3895092.91927
    -11073098.0268 3893862.17047
    -11073096.5796 3893452.21502
    -11073096.2457 3893328.39511
    -11073096.023 3893156.27035
    -11073095.5777 3892957.47405
    -11073095.4664 3892854.3614
    -11073095.4664 3892843.87767
    -11073095.3551 3892833.92477
    -11073095.3551 3892821.45048
    -11073095.2438 3892771.95157
    -11073094.9098 3892586.16662
    -11073094.9098 3892524.32742
    -11073094.6872 3892434.75406
    -11073094.2419 3892166.17079
    -11073094.1306 3892076.73286
    -11073093.6853 3891862.82771
    -11073092.5721 3891221.003
    -11073092.2382 3891007.24616
    -11073092.1268 3890968.76768
    -11073091.9042 3890853.59839
    -11073091.9042 3890833.82866
    -11073091.9042 3890824.67356
    -11073091.9042 3890815.25311
    -11073091.9042 3890805.16924
    -11073091.9042 3890795.21808
    -11073091.6816 3890713.6188
    -11073091.125 3890409.11922
    -11073091.0136 3890307.62112
    -11073090.6797 3890166.18862
    -11073090.0118 3889742.43206
    -11073089.7891 3889601.13906
    -11073166.1543 3889601.13906
    -11073395.4724 3889601.27172
    -11073471.9489 3889601.53706
    -11073485.3073 3889601.53706
    -11073522.154 3889601.53706
    -11073672.8806 3889601.66973
    -11073723.197 3889601.8024
    -11073796.3339 3889601.8024
    -11073979.5658 3889602.06774
    -11074015.7447 3889601.93507
    -11074088.8816 3889602.2004
    -11074109.8096 3889602.2004
    -11074172.5938 3889602.2004
    -11074193.6332 3889602.33307
    -11074348.7012 3889602.46574
    -11074367.069 3889602.46574
    -11074385.3254 3889602.46574
    -11074393.563 3889602.46574
    -11074401.8006 3889602.46574
    -11074442.3209 3889602.33307
    -11075188.4955 3889603.12909
    -11075437.2945 3889603.39442
    -11075455.1057 3889603.39442
    -11075508.873 3889603.39442
    -11075526.7954 3889603.52709
    -11075789.5094 3889604.45577
    -11076329.5203 3889606.71114
    -11076577.7627 3889606.84381
    -11076840.588 3889607.24182
    -11077109.6473 3889607.63982
    -11077273.6209 3889607.77249
    -11077640.4186 3889608.30317
    -11077941.0925 3889608.70117
    -11078572.942 3889609.36452
    -11079006.0861 3889610.02786
    -11079064.7515 3889610.02786
    -11079240.7476 3889610.16053
    -11079299.5243 3889610.42587
    -11079414.072 3889610.55854
    -11079563.7968 3889610.82387
    -11079664.3183 3889610.95654
    -11079757.8266 3889610.02786
    -11079872.4857 3889608.96651
    -11079897.6439 3889608.5685
    -11079973.4525 3889607.90516
    -11079998.722 3889607.77249
    -11080138.094 3889607.24182
    -11080406.9306 3889606.71114
    -11080556.544 3889606.0478
    -11080696.0273 3889605.91513
    -11080720.2949 3889605.64979
    -11080793.0979 3889605.38445
    -11080817.4769 3889605.38445
    -11080933.2491 3889604.58844
    -11081280.5659 3889603.12909
    -11081396.4495 3889602.73108
    -11081551.9629 3889601.93507
    -11081768.5906 3889601.00639
    -11082018.8368 3889599.81237
    -11082174.4614 3889599.14903
    -11082189.9349 3889599.01636
    -11082236.8004 3889598.88369
    -11082252.3851 3889598.88369
    -11082316.0598 3889598.48568
    -11082454.43 3889597.95501
    -11082507.418 3889597.68967
    -11082557.7345 3889597.557
    -11082571.2041 3889597.557
    -11082648.7938 3889597.159
    -11082846.0519 3889596.23031
    -11082857.6292 3889596.09765
    -11082869.3177 3889596.09765
    -11082881.4515 3889595.96498
    -11082959.1525 3889595.69964
    -11083072.0305 3889595.16897
    -11083324.0578 3889594.10762
    -11083410.6644 3889593.97495
    -11083523.6537 3889593.97495
    -11083688.6292 3889593.84228
    -11084183.5556 3889593.84228
    -11084347.9745 3889593.84228
    -11084348.6424 3889593.84228
    -11084544.2308 3889593.84228
    -11085182.7594 3889593.57694
    -11085897.3192 3889593.44427
    -11087685.3328 3889592.9136
    -11088519.5611 3889592.78093
    -11088544.1627 3889592.64826
    -11088617.9675 3889592.64826
    -11088642.5691 3889592.78093
    -11088664.2764 3889592.64826
    -11088729.5097 3889592.64826
    -11088751.3283 3889592.78093
    -11088757.2282 3889592.78093
    -11088778.7129 3889592.78093
    -11089014.0423 3889592.64826
    -11089039.4231 3889592.78093
    -11089039.4231 3889592.64826
    -11089051.6683 3889592.78093
    -11089051.6683 3889592.64826
    -11089057.4569 3889592.78093
    -11089057.4569 3889592.64826
    -11089065.4719 3889592.64826
    -11089073.4869 3889592.64826
    -11089189.0365 3889592.78093
    -11089300.0221 3889592.64826
    -11089633.3126 3889592.64826
    -11089744.4095 3889592.78093
    -11089780.477 3889592.9136
    -11089780.5883 3889592.9136
    -11090244.7906 3889595.4343
    -11090437.1507 3889598.22034
    -11090486.9105 3889598.88369
    -11090504.2763 3889599.14903
    -11091540.2155 3889614.14059
    -11092764.7299 3889631.65289
    -11092958.2032 3889631.78556
    -11093443.2222 3889636.29631
    -11095146.5217 3889653.01263
    -11095386.9718 3889655.26801
    -11095717.1454 3889658.58474
    -11096108.3221 3889663.0955
    -11096348.8835 3889666.01422
    -11098855.3532 3889695.73221
    -11098883.1831 3889695.99755
    -11098904.2224 3889696.13022
    -11099152.2423 3889699.18163
    -11099207.0115 3889700.24298
    -11099371.319 3889703.82507
    -11099426.1995 3889705.0191
    -11099492.1007 3889706.21313
    -11099690.138 3889709.79522
    -11099756.1505 3889711.12192
    -11099775.5201 3889711.38725
    -11099833.9628 3889712.71395
    -11099853.4437 3889713.11196
    -11099880.1604 3889713.50997
    -11099960.6444 3889715.10201
    -11099987.4724 3889715.89803
    -11099998.9383 3889714.96934
    -11100128.0689 3889704.88643
    -11100161.9101 3889704.22308
    -11100263.5447 3889702.76371
    -11100297.4972 3889702.49837
    -11100383.3245 3889703.16172
    -11100641.0291 3889705.28444
    -11100676.5401 3889705.68245
    -11100699.6945 3889705.81512
    -11100727.1904 3889706.47847
    -11100997.2515 3889708.33585
    -11101623.7576 3889713.64264
    -11102354.904 3889719.61279
    -11102529.119 3889721.20483
    -11102594.1296 3889721.73551
    -11102789.2727 3889723.32755
    -11102854.3946 3889723.99091
    -11102903.2638 3889724.38892
    -11103049.8716 3889725.58295
    -11103098.8522 3889726.11363
    -11103471.4385 3889731.5531
    -11103513.406 3889732.21645
    -11104160.2835 3889741.76871
    -11104495.0212 3889742.43206
    -11104739.3675 3889742.83007
    -11105177.521 3889746.01416
    -11105290.399 3889746.67751
    -11105290.6216 3889746.81018
    -11105296.9668 3889746.81018
    -11106321.6628 3889754.50506
    -11106365.7453 3889754.77041
    -11106397.36 3889755.03575
    -11106753.5824 3889758.08717
    -11106966.3139 3889759.94455
    -11107019.302 3889760.47523
    -11107028.8755 3889760.47523
    -11107057.9299 3889760.74058
    -11107067.6147 3889760.87325
    -11107532.0396 3889765.1187
    -11107574.2297 3889765.51671
    -11107578.9051 3889765.51671
    -11107750.1145 3889766.84342
    -11107814.4571 3889767.3741
    -11107824.3646 3889767.63944
    -11107840.0606 3889767.77211
    -11107862.5471 3889768.03745
    -11108068.5995 3889769.89484
    -11108210.7545 3889771.08888
    -11108293.7989 3889772.01757
    -11108293.9102 3889772.01757
    -11108419.3672 3889773.74229
    -11109013.702 3889779.71247
    -11109019.6019 3889779.71247
    -11109037.6357 3889779.97781
    -11109043.6469 3889780.11048
    -11109058.6751 3889780.11048
    -11109103.9821 3889780.77384
    -11109119.1216 3889781.03918
    -11109151.2929 3889781.17185
    -11109247.8069 3889782.49856
    -11109280.0895 3889782.89657
    -11109303.1327 3889783.02924
    -11109372.3734 3889783.82527
    -11109395.5279 3889784.22328
    -11109397.309 3889784.22328
    -11109402.541 3889784.22328
    -11109404.4334 3889784.35595
    -11109451.4102 3889784.75396
    -11109559.7241 3889786.08067
    -11109592.452 3889786.34601
    -11109639.5402 3889786.87669
    -11109651.4514 3889787.00936
    -11109687.1849 3889787.40738
    -11109699.0961 3889787.67272
    -11109873.4224 3889789.66278
    -11110010.1228 3889791.12216
    -11110041.9601 3889791.25483
    -11110137.6949 3889792.58154
    -11110159.7362 3889792.84688
    -11110169.6436 3889792.97955
    -11110177.3246 3889792.97955
    -11110281.631 3889794.17359
    -11110320.3702 3889794.70427
    -11110357.7735 3889795.23496
    -11110390.5015 3889795.5003
    -11110407.6447 3889795.76564
    -11110415.5483 3889795.76564
    -11110420.3351 3889795.89831
    -11110432.3576 3889795.89831
    -11110445.1593 3889795.89831
    -11110455.1781 3889796.03098
    -11110488.1287 3889796.16365
    -11110493.472 3889796.16365
    -11110500.2625 3889796.16365
    -11110505.6058 3889796.29632
    -11110507.053 3889796.29632
    -11110600.2274 3889796.95968
    -11110683.6057 3889797.49036
    -11110697.9659 3889797.49036
    -11110741.3805 3889797.88837
    -11110755.852 3889798.02104
    -11110800.7138 3889798.28639
    -11110935.299 3889799.08241
    -11110980.1608 3889799.48043
    -11111778.6555 3889804.78726
    -11111856.1339 3889805.31795
    -11111859.0282 3889805.45062
    -11112147.6796 3889812.74753
    -11112396.3674 3889815.79896
    -11112634.2571 3889818.8504
    -11112906.5446 3889822.16718
    -11112908.5483 3889822.16718
    -11113171.2623 3889825.61663
    -11113184.732 3889825.7493
    -11113198.8696 3889825.88197
    -11114194.5111 3889838.48574
    -11114202.6374 3889838.35307
    -11114246.386 3889839.01643
    -11114253.1765 3889839.1491
    -11114723.724 3889845.11931
    -11114732.8522 3889845.51733
    -11114740.1992 3889845.51733
    -11114745.5426 3889845.38466
    -11114747.5463 3889845.51733
    -11114753.2236 3889845.51733
    -11114759.5688 3889845.51733
    -11115598.5838 3889852.41625
    -11115602.0347 3889852.41625
    -11115717.1391 3889853.34495
    -11116062.7861 3889856.26372
    -11116178.0018 3889857.3251
    -11116346.9848 3889858.51914
    -11116854.0451 3889863.02997
    -11117023.1394 3889864.62203
    -11118075.5538 3889877.09318
    -11118555.0069 3889887.57426
    -11118714.5277 3889889.69701
    -11118722.5427 3889889.82968
    -11118786.9967 3889890.75838
    -11119301.6267 3889897.79
    -11119309.5304 3889897.92267
    -11119330.9037 3889898.18801
    -11119341.813 3889898.32069
    -11119350.162 3889898.45336
    -11119373.0938 3889898.7187
    -11120210.8843 3889910.65919
    -11120486.4 3889913.44531
    -11121303.5964 3889921.67099
    -11121314.6171 3889921.67099
    -11121349.3487 3889922.06901
    -11122512.0808 3889934.67289
    -11122627.7418 3889935.99961
    -11122638.5398 3889936.13228
    -11122648.0019 3889936.26496
    -11123113.9853 3889941.70453
    -11124556.3519 3889958.42128
    -11124806.0416 3889961.20741
    -11124876.6181 3889961.7381
    -11124876.6181 3889961.87077
    -11125731.7744 3889970.49451
    -11126501.7714 3889978.05686
    -11126502.1053 3889978.18953
    -11126507.56 3889978.18953
    -11126915.212 3889982.16972
    -11126919.7761 3889982.03705
    -11128172.7882 3889994.77367
    -11128590.5703 3889999.28455
    -11128593.0193 3889999.28455
    -11129259.1552 3890006.18356
    -11130340.7353 3890010.42911
    -11130357.8785 3890010.56178
    -11130427.3419 3890010.82713
    -11130635.732 3890011.62317
    -11130705.3067 3890011.88852
    -11130706.6425 3890272.46185
    -11130710.65 3891054.34929
    -11130711.9858 3891308.70945
    -11130711.9858 3891315.07848
    -11130711.9858 3891326.35697
    -11130712.0971 3891360.19252
    -11130712.2085 3891371.60374
    -11130718.1084 3892486.64018
    -11130721.7819 3893186.1299
    -11130722.4499 3893220.10353
    -11130724.4536 3893322.02499
    -11130725.2328 3893355.99901
    -11130725.3442 3893360.24577
    -11130723.897 3893579.88495
    -11130726.68 3894216.66277
    -11130731.1328 3895233.48212
    -11130731.8007 3895244.63166
    -11130735.8082 3895317.76755
    -11130737.7006 3895785.92772
    -11130738.1459 3895898.88893
    -11130738.1459 3895915.48144
    -11130738.4799 3895965.25912
    -11130738.5912 3895981.85173
    -11130739.2591 3896144.85877
    -11130741.3742 3896634.68997
    -11130742.1534 3896797.97159
    -11130745.2704 3897536.48431
    -11130754.8438 3899752.70046
    -11130758.0721 3900491.53246
    -11130761.4117 3901272.90737
    -11130762.4136 3901492.03105
    -11130762.4136 3901503.45216
    -11130764.6399 3902016.74935
    -11130771.3191 3903556.77613
    -11130773.6568 3904070.2963
    -11130774.4361 3904263.7024
    -11130776.9964 3904844.33842
    -11130777.887 3905037.89017
    -11130782.4511 3906075.0474
    -11130783.7869 3906381.54916
    -11130783.7869 3906385.93351
    -11130784.5661 3906574.19635
    -11130787.0152 3907139.53453
    -11130787.9057 3907328.07524
END
END
