48215 Hidalgo County
1
    -10952354.8958 3018659.14777
    -10952365.5825 3018665.1008
    -10952413.6725 3018702.80341
    -10952472.4492 3018782.17765
    -10952534.7881 3018869.48981
    -10952595.3459 3018968.70881
    -10952634.5304 3019081.8193
    -10952684.4015 3019208.82161
    -10952737.8349 3019315.98068
    -10952785.9249 3019403.29606
    -10952821.5471 3019474.73631
    -10952841.1393 3019534.27012
    -10952885.6671 3019637.46264
    -10952951.5683 3019726.76445
    -10953037.0616 3019814.08232
    -10953118.9928 3019905.36974
    -10953200.9239 3019976.81246
    -10953286.4173 3020042.30194
    -10953386.1596 3020099.85355
    -10953494.8074 3020173.28179
    -10953596.3308 3020228.84936
    -10953687.1675 3020262.58691
    -10953781.5664 3020282.43257
    -10953856.3731 3020296.32455
    -10953943.6476 3020330.06226
    -10954009.5487 3020355.86174
    -10954061.201 3020397.53792
    -10954083.6875 3020420.60872
    -10954143.4661 3020555.68524
    -10954154.4867 3020756.13169
    -10954099.2722 3021132.84459
    -10954088.2516 3021332.67882
    -10954132.4454 3021486.24667
    -10954331.3734 3021709.90293
    -10954530.5239 3021792.39488
    -10954828.7488 3021839.1612
    -10955469.5038 3021862.48239
    -10955723.4236 3021920.90959
    -10955855.0032 3021968.42063
    -10955888.733 3022001.04579
    -10955933.2608 3022042.72671
    -10955951.072 3022046.69633
    -10956113.1531 3022227.31511
    -10956351.8221 3022542.90718
    -10956428.4099 3022630.24205
    -10956462.2511 3022665.9701
    -10956480.0622 3022685.81906
    -10956504.9977 3022705.66805
    -10956540.62 3022741.39629
    -10956588.71 3022779.10953
    -10956640.3622 3022822.77761
    -10956722.2934 3022874.38551
    -10956768.6023 3022904.15939
    -10956802.4434 3022927.97853
    -10956830.9412 3022947.82785
    -10956866.5634 3022971.64707
    -10956898.6235 3022997.45126
    -10956941.3701 3023029.21034
    -10956991.2413 3023064.93938
    -10957058.9235 3023102.65346
    -10957121.2624 3023140.36764
    -10957169.3525 3023170.14206
    -10957215.6614 3023195.94661
    -10957290.4681 3023227.70612
    -10957351.0259 3023261.45068
    -10957440.0815 3023295.19531
    -10957516.6693 3023321.00009
    -10957628.8793 3023364.66981
    -10957714.484 3023396.42969
    -10957828.4752 3023436.12964
    -10957942.4663 3023477.8147
    -10958013.7108 3023507.58982
    -10958042.2086 3023515.52986
    -10958074.2686 3023523.46991
    -10958099.2042 3023531.40996
    -10958141.9509 3023543.32004
    -10958184.6975 3023559.20017
    -10958245.2553 3023588.97546
    -10958284.4398 3023618.7508
    -10958300.4698 3023630.66096
    -10958316.4998 3023638.60107
    -10958327.1865 3023646.54118
    -10958336.092 3023650.51124
    -10958344.9976 3023658.45136
    -10958352.122 3023664.40646
    -10958359.2465 3023670.36155
    -10958378.8387 3023674.33162
    -10958387.7443 3023678.30168
    -10958398.431 3023682.27175
    -10958414.461 3023686.24182
    -10958423.3665 3023686.24182
    -10958435.8343 3023686.24182
    -10958451.8643 3023692.19692
    -10958466.1132 3023694.18196
    -10958487.4865 3023702.12211
    -10958505.2977 3023714.03233
    -10958517.7655 3023718.00241
    -10958530.2332 3023729.91265
    -10958544.4821 3023737.85281
    -10958553.3877 3023745.79298
    -10958565.8555 3023759.68828
    -10958572.9799 3023767.62847
    -10958580.1044 3023777.5537
    -10958590.791 3023793.43408
    -10958597.9155 3023805.34438
    -10958610.3833 3023817.25469
    -10958619.2888 3023829.16501
    -10958629.9755 3023845.04545
    -10958640.6622 3023856.9558
    -10958642.4433 3023864.89603
    -10958647.7866 3023870.85121
    -10958653.13 3023880.77651
    -10958662.0355 3023888.71676
    -10958667.3788 3023900.62714
    -10958678.0655 3023908.5674
    -10958686.9711 3023922.46286
    -10958699.4389 3023936.35833
    -10958715.4689 3023952.23889
    -10958729.7178 3023972.08962
    -10958743.9667 3023984.00007
    -10958751.0911 3024001.86576
    -10958758.2156 3024011.79115
    -10958765.34 3024017.74639
    -10958770.6833 3024035.61212
    -10958777.8078 3024047.52262
    -10958781.37 3024061.41822
    -10958786.7133 3024079.284
    -10958790.2756 3024095.16472
    -10958793.8378 3024111.04545
    -10958800.9622 3024126.9262
    -10958802.7433 3024148.76227
    -10958808.0867 3024174.56856
    -10958808.0867 3024198.3898
    -10958811.6489 3024218.24087
    -10958808.0867 3024242.06218
    -10958806.3056 3024261.9133
    -10958802.7433 3024277.79422
    -10958800.9622 3024297.64539
    -10958797.4 3024321.46683
    -10958792.0567 3024337.34781
    -10958786.7133 3024361.16932
    -10958783.1511 3024388.96113
    -10958779.5889 3024408.81245
    -10958776.0267 3024428.66381
    -10958770.6833 3024440.57463
    -10958768.9022 3024452.48546
    -10958759.9967 3024468.36659
    -10958749.31 3024480.27745
    -10958743.9667 3024494.17346
    -10958735.0611 3024508.06949
    -10958724.3744 3024519.98038
    -10958719.0311 3024537.84673
    -10958708.3444 3024551.7428
    -10958694.0955 3024567.62403
    -10958686.9711 3024583.50529
    -10958670.9411 3024607.3272
    -10958662.0355 3024623.2085
    -10958656.6922 3024635.11948
    -10958649.5677 3024649.01564
    -10958644.2244 3024662.91182
    -10958635.3188 3024682.76352
    -10958624.6322 3024702.61525
    -10958616.0606 3024725.19662
    -10958564.0744 3024740.08546
    -10958372.2709 3024955.6031
    -10958201.9521 3025228.19968
    -10958159.5393 3025364.56194
    -10958159.5393 3025637.29032
    -10958318.6149 3026285.25802
    -10958499.843 3026592.00431
    -10958669.8279 3026807.79778
    -10958871.9841 3026921.7142
    -10959031.8389 3026899.12939
    -10959326.5016 3026764.86219
    -10959404.9818 3026729.12399
    -10959649.8847 3026467.91522
    -10959733.0403 3026352.38923
    -10959756.1948 3026320.25059
    -10959808.181 3026205.59439
    -10959812.9677 3026117.74156
    -10959837.1241 3026034.85265
    -10959858.9427 3026004.32781
    -10959887.2178 3025993.28429
    -10959899.9082 3025989.93401
    -10959913.1553 3025996.75866
    -10959926.5136 3025997.37908
    -10959935.5305 3026000.85345
    -10959940.8738 3026004.82415
    -10959955.1227 3026004.82415
    -10959960.4661 3026004.82415
    -10959976.4961 3026004.82415
    -10959987.1827 3026008.79486
    -10959990.9676 3026009.41528
    -10959999.6505 3026010.78021
    -10960012.1183 3026016.73628
    -10960019.2427 3026018.72163
    -10960024.5861 3026020.70699
    -10960035.2727 3026026.66305
    -10960045.9594 3026036.58984
    -10960069.1139 3026048.50199
    -10960079.8005 3026056.44343
    -10960084.5873 3026087.34063
    -10960112.6398 3026159.06211
    -10960115.5341 3026521.39749
    -10960152.3809 3026712.24765
    -10960339.175 3027014.28747
    -10960485.4488 3027094.20375
    -10960652.428 3027113.9347
    -10960788.3491 3027081.79436
    -10960819.1846 3027074.47283
    -10960924.1589 3027008.70328
    -10961072.4364 3026890.19475
    -10961202.0123 3026758.65763
    -10961203.5708 3026757.16854
    -10961240.5289 3026718.70037
    -10961310.4375 3026662.3633
    -10961337.8221 3026637.29709
    -10961431.7758 3026551.67524
    -10961670.89 3026441.60847
    -10961799.2414 3026389.49146
    -10961828.6297 3026377.70312
    -10961969.6715 3026382.17028
    -10961979.8016 3026384.90021
    -10961981.1374 3026385.0243
    -10962075.5364 3026392.59366
    -10962081.7703 3026393.09001
    -10962207.7839 3026392.46957
    -10962292.4981 3026381.9221
    -10962369.6425 3026389.36738
    -10962394.2441 3026387.13379
    -10962497.3259 3026378.07538
    -10962500.4429 3026378.07538
    -10962729.0931 3026367.27975
    -10962809.5771 3026332.78341
    -10962919.5608 3026277.44054
    -10962972.8828 3026226.31682
    -10963086.54 3026049.99101
    -10963107.3567 3025912.62961
    -10963091.772 3025772.41561
    -10963021.9747 3025549.31686
    -10962947.5019 3025458.4901
    -10962881.6008 3025383.42197
    -10962787.8698 3025276.59014
    -10962714.5103 3025170.25541
    -10962670.4277 3025106.35569
    -10962575.9175 3024901.7544
    -10962574.0251 3024894.06175
    -10962573.2458 3024887.60985
    -10962572.9119 3024885.99688
    -10962571.6873 3024879.17276
    -10962568.9044 3024865.1523
    -10962567.3459 3024855.35039
    -10962564.5629 3024841.45403
    -10962562.5591 3024827.18546
    -10962559.4422 3024813.04098
    -10962556.4366 3024797.65577
    -10962554.6555 3024786.73725
    -10962552.2064 3024773.0891
    -10962549.8687 3024760.06134
    -10962546.8631 3024745.79285
    -10962544.748 3024729.41512
    -10962543.5235 3024718.00036
    -10962540.8518 3024702.86339
    -10962538.7368 3024681.02649
    -10962535.0632 3024660.30628
    -10962532.1689 3024640.08239
    -10962534.284 3024615.14377
    -10962530.7218 3024597.27733
    -10962530.7218 3024571.47027
    -10962530.7218 3024559.55934
    -10962530.7218 3024533.75235
    -10962528.9407 3024515.88601
    -10962523.5973 3024484.12366
    -10962520.0351 3024464.39631
    -10962518.254 3024444.54491
    -10962514.6918 3024428.66381
    -10962514.6918 3024392.93139
    -10962514.6918 3024365.13958
    -10962516.4729 3024337.34781
    -10962516.4729 3024325.43707
    -10962516.4729 3024313.52635
    -10962516.4729 3024299.63051
    -10962516.4729 3024289.70492
    -10962523.5973 3024277.79422
    -10962525.1558 3024268.98527
    -10962525.3784 3024265.88353
    -10962527.1596 3024257.94307
    -10962530.7218 3024240.07707
    -10962536.0651 3024224.19619
    -10962540.0726 3024216.75204
    -10962541.4084 3024214.27065
    -10962546.7518 3024194.41959
    -10962552.0951 3024180.52387
    -10962555.6573 3024170.59836
    -10962558.1064 3024166.50409
    -10962562.7818 3024158.68776
    -10962568.1251 3024152.73246
    -10962577.0307 3024144.79207
    -10962584.1551 3024136.85168
    -10962598.404 3024122.95602
    -10962605.5285 3024115.01564
    -10962614.434 3024105.09018
    -10962628.6829 3024093.17963
    -10962641.1507 3024085.23927
    -10962658.9618 3024079.284
    -10962676.7729 3024067.37347
    -10962698.1463 3024055.46296
    -10962733.7685 3024041.56737
    -10962743.342 3024040.57483
    -10962755.1419 3024039.58229
    -10962783.6397 3024035.61212
    -10962815.6997 3024035.61212
    -10962853.103 3024027.67179
    -10962922.5664 3024031.64195
    -10962951.0642 3024035.61212
    -10962972.4375 3024039.58229
    -10962988.4675 3024043.55245
    -10963008.0598 3024049.5077
    -10963032.9953 3024057.44804
    -10963041.4556 3024064.64398
    -10963048.4687 3024076.92671
    -10963051.5857 3024085.23927
    -10963052.2536 3024095.53692
    -10963057.9309 3024101.98847
    -10963074.4062 3024126.42993
    -10963083.3117 3024147.02531
    -10963090.8815 3024167.62071
    -10963096.4474 3024208.06719
    -10963096.2248 3024265.88353
    -10963098.1172 3024288.34015
    -10963088.4324 3024316.6281
    -10963075.5194 3024337.09967
    -10963056.8177 3024373.57637
    -10963024.7577 3024407.57175
    -10963005.4994 3024442.80791
    -10962979.1167 3024499.13632
    -10962951.3981 3024552.36316
    -10962938.3737 3024613.28268
    -10962923.4569 3024675.56727
    -10962929.6908 3024716.01518
    -10962935.9247 3024755.84283
    -10962941.4907 3024808.57431
    -10962948.2812 3024849.76703
    -10962954.5151 3024894.06175
    -10962968.43 3024938.48068
    -10962986.6864 3024980.41823
    -10963000.9353 3025024.09297
    -10963018.7464 3025067.76784
    -10963032.9953 3025091.59055
    -10963057.9309 3025129.30993
    -10963082.8664 3025165.04416
    -10963104.2398 3025190.85228
    -10963122.0509 3025216.66044
    -10963145.2054 3025244.45389
    -10963168.3598 3025270.26215
    -10963187.952 3025292.09994
    -10963223.5743 3025325.84932
    -10963255.6343 3025347.68719
    -10963277.0076 3025363.5693
    -10963300.1621 3025379.45143
    -10963328.6599 3025395.33358
    -10963344.6899 3025407.2452
    -10963350.3672 3025408.48599
    -10963521.3539 3025476.35761
    -10963680.6521 3025506.13685
    -10963872.0103 3025507.87398
    -10964126.932 3025476.10945
    -10964428.0512 3025377.71432
    -10964523.6746 3025321.01025
    -10964746.2023 3025199.78586
    -10964962.0508 3025101.02039
    -10965006.9125 3025082.65703
    -10965272.2982 3025001.38705
    -10965389.0723 3024964.78469
    -10965531.116 3024963.91616
    -10965646.6656 3024991.95728
    -10965723.3648 3025039.72657
    -10965786.0376 3025134.8934
    -10965786.2603 3025226.21443
    -10965760.7681 3025321.50656
    -10965687.7425 3025485.1673
    -10965680.3954 3025500.42916
    -10965664.6994 3025532.81414
    -10965648.892 3025565.07511
    -10965595.236 3025675.25928
    -10965561.3949 3025745.11747
    -10965399.4251 3026038.20294
    -10965181.0162 3026387.50606
    -10965090.1795 3026521.64566
    -10965071.8118 3026628.85897
    -10965111.1076 3026717.08719
    -10965195.2651 3026769.45356
    -10965293.5602 3026787.07451
    -10965510.0766 3026818.09737
    -10965675.9427 3026867.60999
    -10965799.6186 3026949.01457
    -10965876.0951 3026998.15536
    -10965892.0138 3027009.69602
    -10965935.0944 3027040.47117
    -10965987.6372 3027078.19564
    -10966123.447 3027148.68109
    -10966200.4801 3027189.13593
    -10966263.7096 3027222.51745
    -10966366.1235 3027239.2703
    -10966622.6036 3027250.19068
    -10966707.2064 3027226.86078
    -10966812.1807 3027186.90222
    -10967091.37 3026967.3803
    -10967190.4443 3026867.98227
    -10967271.5962 3026786.95042
    -10967331.9314 3026731.35763
    -10967409.7437 3026549.8139
    -10967478.9845 3026478.09048
    -10967576.2777 3026465.43345
    -10967672.4577 3026508.98859
    -10967729.1194 3026587.53708
    -10967793.9073 3026683.45865
    -10967850.4576 3026810.52779
    -10967853.9085 3026818.34556
    -10967883.7421 3026885.47925
    -10967904.8928 3026935.73666
    -10967944.6339 3027029.92323
    -10967922.036 3027229.09449
    -10967919.587 3027251.18344
    -10967917.0267 3027273.39651
    -10967912.5739 3027312.85893
    -10967859.2518 3027429.38538
    -10967740.0287 3027545.04408
    -10967656.4277 3027626.20428
    -10967645.4071 3027637.12495
    -10967484.3278 3027797.95765
    -10967395.2722 3027909.39987
    -10967366.1065 3028144.32488
    -10967381.9139 3028218.91096
    -10967397.7212 3028293.49743
    -10967398.1665 3028295.6072
    -10967400.5042 3028296.22772
    -10967536.0914 3028331.84569
    -10967677.5784 3028290.27072
    -10967692.2726 3028286.05117
    -10967800.5865 3028191.7323
    -10967964.7827 3027947.49891
    -10968046.1573 3027749.43463
    -10968291.7281 3027339.29136
    -10968486.6485 3027166.5507
    -10968651.8466 3027096.93382
    -10968652.7372 3027096.43744
    -10968677.6727 3027086.13765
    -10968703.6102 3027075.21739
    -10968763.6114 3027049.90228
    -10968892.8533 3027058.96111
    -10968985.3598 3027158.23637
    -10969100.7981 3027312.61074
    -10969157.905 3027537.22592
    -10969276.7942 3027857.02936
    -10969366.0725 3028119.62841
    -10969626.1148 3028690.5124
    -10969817.6956 3029138.79627
    -10969921.2228 3029302.25207
    -10969979.3315 3029362.07463
    -10970015.733 3029399.43283
    -10970128.9449 3029436.41878
    -10970333.2162 3029497.35892
    -10970668.7331 3029608.06958
    -10970755.1171 3029624.0805
    -10970804.9882 3029642.9461
    -10971045.327 3029752.4167
    -10971243.8096 3029770.16542
    -10971353.9046 3029765.07662
    -10971454.0922 3029675.96095
    -10971548.4911 3029521.43718
    -10971543.593 3029454.04299
    -10971488.7125 3029364.43279
    -10971364.48 3029259.80551
    -10971182.3613 3029151.08331
    -10971148.2975 3029136.31403
    -10970795.7487 3028984.40235
    -10970651.3673 3028979.93439
    -10970552.293 3028983.53358
    -10970463.46 3028993.4624
    -10970268.5396 3028977.32807
    -10970174.252 3028893.55397
    -10970147.9806 3028842.91742
    -10970140.4108 3028828.27257
    -10970132.7298 3028813.62773
    -10970093.1001 3028737.17696
    -10970084.7511 3028537.61256
    -10970081.8568 3028476.18004
    -10970151.7654 3028279.47365
    -10970277.8904 3028126.20586
    -10970393.1061 3028056.33614
    -10970664.9483 3028011.41121
    -10970693.5574 3028006.81945
    -10970990.0012 3027949.48453
    -10971203.9573 3027856.65706
    -10971348.2273 3027715.55549
    -10971427.7094 3027597.41345
    -10971459.5468 3027491.06163
    -10971513.2028 3027312.73483
    -10971557.8419 3027133.04521
    -10971698.2158 3027004.36002
    -10971838.367 3026951.49642
    -10971978.407 3026963.53342
    -10972066.6833 3027056.85152
    -10972146.8333 3027193.72743
    -10972155.4049 3027208.24653
    -10972176.333 3027324.64804
    -10972158.6332 3027682.79331
    -10972120.5619 3027900.58871
    -10972128.3543 3028059.6869
    -10972134.2542 3028178.57734
    -10972160.7483 3028460.41861
    -10972203.9402 3028665.07035
    -10972232.9946 3028755.54496
    -10972247.0209 3028799.47934
    -10972312.5881 3028895.66383
    -10972342.6443 3028939.84686
    -10972471.8863 3029038.01806
    -10972684.5065 3028983.65769
    -10972708.9968 3028971.86723
    -10972847.2556 3028905.96492
    -10972874.1949 3028894.91918
    -10973053.4193 3028774.28532
    -10973219.2853 3028660.8507
    -10973329.0463 3028462.52841
    -10973355.8743 3028388.43749
    -10973416.8774 3028220.89662
    -10973501.7029 3028071.22842
    -10973696.178 3028071.97303
    -10973755.1774 3028114.292
    -10973767.4225 3028123.10329
    -10973779.6676 3028131.79049
    -10973858.1479 3028188.1333
    -10973901.8964 3028276.49515
    -10973914.2529 3028301.5642
    -10973926.6094 3028326.50919
    -10973963.9014 3028401.71674
    -10974066.8719 3028682.4454
    -10974168.5066 3028850.8604
    -10974252.8868 3029014.06472
    -10974311.7748 3029087.5383
    -10974338.3802 3029140.78205
    -10974358.529 3029180.99425
    -10974378.5665 3029221.20655
    -10974400.9417 3029266.01114
    -10974429.9961 3029370.26612
    -10974416.3038 3029439.52163
    -10974395.7097 3029512.87326
    -10974367.4346 3029562.89159
    -10974345.0593 3029592.30691
    -10974336.8217 3029603.22907
    -10974285.726 3029651.63421
    -10974257.0056 3029680.30502
    -10974178.0801 3029752.91317
    -10974088.3566 3029839.7952
    -10974000.5255 3029908.80473
    -10973908.1303 3029972.97396
    -10973870.727 3030006.8584
    -10973852.0253 3030052.16191
    -10973833.101 3030120.92421
    -10973821.6351 3030356.25761
    -10973838.5556 3030400.44511
    -10973887.8702 3030530.40183
    -10973966.3504 3030666.06946
    -10974200.1214 3030880.93087
    -10974307.5447 3030947.46283
    -10974337.1556 3030954.28983
    -10974343.6122 3030955.77935
    -10974372.5552 3030962.35809
    -10974521.7234 3030996.98963
    -10974622.9128 3031013.74686
    -10974614.6751 3031030.37997
    -10974611.7808 3031036.58636
    -10974600.3149 3031060.17068
    -10974590.6301 3031080.27944
    -10974589.2943 3031082.762
    -10974581.0567 3031100.2641
    -10974556.789 3031150.03968
    -10974547.7721 3031168.90727
    -10974487.6596 3031301.60178
    -10974464.8391 3031352.3711
    -10974418.3076 3031455.15159
    -10974357.8611 3031588.96593
    -10974278.2676 3031763.49744
    -10974231.5135 3031866.28086
    -10974220.3815 3031890.36307
    -10974187.097 3031962.85822
    -10974176.0763 3031987.06473
    -10974149.3597 3032045.7812
    -10974069.4323 3032222.30445
    -10974042.8269 3032281.14602
    -10974030.0252 3032308.82895
    -10973991.7313 3032391.87806
    -10973979.0408 3032419.68534
    -10973922.8245 3032542.95666
    -10973814.622 3032780.44003
    -10973795.9203 3032821.77967
    -10973781.3374 3032852.93966
    -10973753.7302 3032912.65281
    -10973713.6552 3032999.30559
    -10973696.9573 3033035.68005
    -10973695.2875 3033039.03197
    -10973690.612 3033049.08773
    -10973689.1649 3033052.56379
    -10973649.2012 3033138.84498
    -10973529.5327 3033397.93995
    -10973489.6804 3033484.34736
    -10973478.3258 3033508.92887
    -10973444.1507 3033582.67366
    -10973432.9074 3033607.37949
    -10973416.5435 3033642.38983
    -10973367.7855 3033747.54552
    -10973351.7555 3033782.80451
    -10973332.9425 3033823.27796
    -10973276.6149 3033944.9473
    -10973258.0245 3033985.66952
    -10973239.5455 3034025.39862
    -10973174.9802 3034165.69288
    -10973122.8826 3034279.29498
    -10972926.7377 3034705.90062
    -10972844.0273 3034886.05714
    -10972831.0029 3034914.36588
    -10972791.9298 3034999.4166
    -10972779.0167 3035027.84973
    -10972776.4564 3035033.18871
    -10972758.9792 3035071.18242
    -10972699.0893 3035201.4296
    -10972679.1632 3035244.88698
    -10972656.8993 3035293.1869
    -10972590.2189 3035438.33598
    -10972568.0663 3035486.76072
    -10972565.2833 3035492.3482
    -10972556.9344 3035509.23482
    -10972554.2627 3035514.94648
    -10972533.7799 3035556.79063
    -10972493.037 3035640.60347
    -10972473.89 3035683.44133
    -10972454.8544 3035726.27932
    -10972367.1346 3035923.08738
    -10972350.6593 3035960.21425
    -10972101.3037 3036512.16177
    -10972012.6934 3036708.48386
    -10971816.8824 3037142.36395
    -10971760.4434 3037267.53842
    -10971219.4307 3038438.36988
    -10971020.0575 3038870.31501
    -10970972.858 3038974.63952
    -10970900.389 3039134.97784
    -10970831.2596 3039287.74181
    -10970784.1715 3039392.19355
    -10970770.7018 3039420.01436
    -10970739.8663 3039485.34379
    -10970608.1753 3039765.41912
    -10970595.7076 3039792.12282
    -10970565.206 3039859.4412
    -10970463.2374 3040084.62471
    -10970157.3314 3040760.56905
    -10970055.4741 3040985.89089
    -10969985.7881 3041139.54402
    -10969812.9089 3041521.88289
    -10969777.064 3041600.88595
    -10969707.378 3041754.66988
    -10969620.3262 3041946.71577
    -10969359.5046 3042522.74463
    -10969272.5641 3042714.92502
    -10969199.9838 3042875.0566
    -10969150.0013 3042985.87019
    -10968984.3579 3043356.70439
    -10968912.6682 3043517.4643
    -10968820.3843 3043728.79054
    -10968543.6441 3044362.91216
    -10968522.2707 3044406.76996
    -10968443.0113 3044569.40529
    -10968387.3515 3044693.89898
    -10968220.7062 3045067.38651
    -10968165.1578 3045192.00876
    -10968118.0697 3045297.49744
    -10968049.1629 3045452.19071
    -10967994.6163 3045622.29311
    -10967987.8259 3045643.78903
    -10967949.5319 3045728.77899
    -10967878.9554 3045885.46501
    -10967667.337 3046355.9061
    -10967596.8718 3046512.72322
    -10967456.4979 3046825.24424
    -10967035.3763 3047762.84811
    -10966895.0024 3048075.39634
    -10966871.18 3048128.21332
    -10966799.9356 3048287.03824
    -10966776.2245 3048339.98027
    -10966763.3115 3048368.56408
    -10966724.7949 3048454.31585
    -10966711.9932 3048483.02416
    -10966620.4885 3048686.59385
    -10966345.9747 3049297.69311
    -10966254.5814 3049501.39865
    -10966199.3669 3049624.0708
    -10966033.9461 3049992.46642
    -10965978.843 3050115.26707
    -10965934.6492 3050213.33433
    -10965802.5129 3050507.91303
    -10965758.4304 3050606.23157
    -10965722.3629 3050686.27902
    -10965614.383 3050926.79696
    -10965578.4268 3051007.0948
    -10965548.4819 3051073.47138
    -10965459.0923 3051272.60295
    -10965429.37 3051339.10505
    -10965344.9898 3051526.92856
    -10965312.8185 3051598.65268
    -10965283.2075 3051664.41046
    -10965003.0163 3052288.68937
    -10964960.7149 3052375.95633
    -10964842.271 3052620.85362
    -10964837.9295 3052631.91761
    -10964837.1503 3052633.90664
    -10964816.6675 3052680.52466
    -10964752.8814 3052826.59545
    -10964731.8421 3052875.32748
    -10964720.4875 3052902.1799
    -10964686.6464 3052983.35903
    -10964675.5144 3053010.5846
    -10964670.2824 3053021.77321
    -10964617.4056 3053135.15157
    -10964598.8153 3053175.18231
    -10964475.4733 3053440.73062
    -10964398.1062 3053593.0253
    -10964361.5934 3053665.25706
    -10964280.9981 3053824.76496
    -10964280.1076 3053827.25146
    -10964238.3628 3053931.18744
    -10964113.4623 3054243.62153
    -10964074.1665 3054342.21437
    -10964072.942 3054346.31724
    -10964072.1628 3054348.05785
    -10964054.3516 3054394.18413
    -10964001.0296 3054532.81253
    -10963983.3298 3054579.06374
    -10963866.8896 3054839.1674
    -10963721.5064 3055164.17929
    -10963582.1344 3055481.1165
    -10963518.5709 3055620.0041
    -10963400.2383 3055879.13194
    -10963391.778 3055897.65901
    -10963233.593 3056177.55752
    -10962729.3157 3057070.13582
    -10962561.3346 3057367.71575
    -10962550.648 3057386.61782
    -10962491.426 3057522.29063
    -10962287.7113 3057989.75612
    -10962219.9178 3058145.70571
    -10962196.2067 3058199.80345
    -10962125.5188 3058362.34663
    -10962101.9191 3058416.56956
    -10962060.9535 3058510.34089
    -10961938.3908 3058791.78292
    -10961897.5365 3058885.68107
    -10961760.9475 3059198.72083
    -10961351.5144 3060138.37873
    -10961215.0367 3060451.57029
    -10960882.1914 3061183.45531
    -10960800.149 3061356.60559
    -10959807.9583 3063454.60229
    -10959523.6484 3064053.64218
    -10959097.406 3064952.31133
    -10958787.4926 3065605.66425
    -10958381.1764 3066462.49651
    -10957856.5277 3067565.40469
    -10957545.9463 3068218.62834
    -10957446.9833 3068426.46153
    -10957150.3168 3069050.35265
    -10957051.4651 3069258.32242
    -10956855.5428 3069670.03933
    -10956315.532 3070805.80735
    -10956267.9985 3070905.75927
    -10956072.4102 3071317.7727
    -10955845.6524 3071795.27508
    -10955165.4903 3073228.12719
    -10954938.8438 3073705.81809
    -10954784.221 3074031.88214
    -10954513.1581 3074593.51664
    -10954385.0294 3074859.08994
    -10954249.9988 3075138.8624
    -10953819.3037 3076032.62717
    -10953778.2268 3076117.29991
    -10953477.1076 3076740.03359
    -10953251.129 3077265.28785
    -10953203.7069 3077375.87017
    -10953164.2998 3077467.52463
    -10953123.7795 3077560.7986
    -10952860.9542 3078173.3834
    -10952847.5959 3078204.1441
    -10952812.3076 3078285.96538
    -10952807.7435 3078296.42659
    -10952794.6078 3078327.31209
    -10952611.5985 3078752.99087
    -10952062.6821 3080030.10365
    -10951883.1238 3080448.11087
    -10951879.7842 3080455.8334
    -10951849.1714 3080526.95568
    -10951757.3328 3080740.57376
    -10951727.8331 3080809.33081
    -10951726.7199 3080811.82202
    -10951542.4862 3081240.31559
    -10951087.3008 3082300.02071
    -10950983.7736 3082522.75943
    -10950787.74 3082944.82648
    -10950773.3798 3082976.59414
    -10950745.3273 3083044.61453
    -10950621.3174 3083345.97621
    -10950580.1292 3083446.51458
    -10950512.5582 3083610.71633
    -10950310.1794 3084103.20835
    -10950242.7198 3084267.54228
    -10950177.4866 3084418.79595
    -10949982.0095 3084872.94044
    -10949917.1103 3085024.32516
    -10949887.6106 3085092.10617
    -10949799.5569 3085296.07413
    -10949770.2799 3085364.23024
    -10949575.4708 3085816.90972
    -10948990.9321 3087175.03478
    -10948796.2343 3087627.77201
    -10948700.2769 3087849.97121
    -10948412.516 3088516.71432
    -10948323.3491 3088723.47336
    -10948316.67 3088739.05207
    -10948262.5687 3088865.55185
    -10948100.1535 3089245.18257
    -10948046.1636 3089371.81149
    -10948031.0241 3089407.20796
    -10947558.1389 3090492.57659
    -10946958.5722 3091869.10008
    -10946765.0989 3092313.51025
    -10946099.8536 3093858.39591
    -10945616.2817 3094981.88493
    -10945494.2756 3095264.6726
    -10945128.7024 3096113.44356
    -10945006.9189 3096396.62792
    -10944622.1987 3096394.13398
    -10943468.1495 3096386.77685
    -10943083.5407 3096384.40761
    -10942775.5197 3096382.41245
    -10941851.7905 3096376.67639
    -10941543.8808 3096374.80594
    -10940059.2128 3096365.45367
    -10939526.3264 3096362.46095
    -10938887.7978 3096358.22126
    -10938681.1888 3096355.10384
    -10937570.4429 3096351.48763
    -10937204.0905 3096351.36293
    -10936612.984 3096349.86657
    -10934255.7938 3096335.90055
    -10930815.2422 3096313.57987
    -10930378.4246 3096310.96125
    -10929068.0828 3096303.10538
    -10928631.3765 3096300.48676
    -10928542.3209 3096299.48919
    -10928275.4881 3096296.62117
    -10928186.5438 3096295.7483
    -10928082.5714 3096294.62603
    -10927770.9881 3096291.38393
    -10927682.8231 3096290.51106
    -10927667.1271 3096290.76045
    -10927651.2084 3096291.00984
    -10927603.4523 3096291.75802
    -10927587.5336 3096292.00741
    -10927571.9489 3096292.2568
    -10927552.468 3096292.00741
    -10927447.2711 3096291.25923
    -10927412.2054 3096291.13454
    -10927065.7792 3096286.77017
    -10926026.5004 3096274.05117
    -10925706.7908 3096270.18559
    -10925680.0741 3096269.9362
    -10925430.0506 3096268.56454
    -10924680.2025 3096264.57427
    -10924430.2902 3096263.32731
    -10923722.1869 3096259.71113
    -10923256.4262 3096257.34191
    -10921597.9884 3096254.5986
    -10920889.9965 3096253.60103
    -10920879.8664 3096254.09981
    -10920816.4143 3096257.5913
    -10920794.373 3096258.71356
    -10920789.8089 3096253.22694
    -10920474.7747 3096256.09495
    -10919785.1505 3096250.73302
    -10919260.7244 3096246.74276
    -10919254.8245 3096246.74276
    -10918997.5651 3096244.62293
    -10918225.7871 3096238.63753
    -10917968.6391 3096236.6424
    -10917965.5221 3096236.6424
    -10917956.6165 3096235.52014
    -10917920.883 3096231.40518
    -10917912.4227 3096230.53231
    -10917908.9718 3096230.53231
    -10917024.2045 3096221.80362
    -10914369.9026 3096195.99165
    -10913485.2466 3096187.38768
    -10911574.3362 3096168.80809
    -10910936.6981 3096162.69803
    -10909373.4385 3096147.48524
    -10907695.2972 3096126.78589
    -10907695.7425 3095711.43375
    -10907696.1878 3095381.13089
    -10907699.0821 3093144.77543
    -10907700.0839 3092399.40206
    -10907700.0839 3092389.8031
    -10907700.0839 3092361.00624
    -10907700.1953 3092351.53196
    -10907700.1953 3092348.91407
    -10907700.1953 3092314.00889
    -10907694.7406 3092270.5022
    -10907693.5161 3092191.71679
    -10907686.169 3091711.16019
    -10907683.8313 3091551.10293
    -10907683.6087 3091541.37988
    -10907683.6087 3091352.28042
    -10907683.9426 3090755.82964
    -10907683.9426 3090559.26192
    -10907684.0539 3090557.14294
    -10907684.0539 3090511.77196
    -10907684.0539 3090375.6599
    -10907684.0539 3090330.41415
    -10907684.0539 3090309.22473
    -10907684.0539 3090246.03058
    -10907684.1653 3090230.6995
    -10907684.1653 3090224.96593
    -10907684.1653 3090217.86129
    -10907684.1653 3090196.79668
    -10907684.2766 3090189.8167
    -10907683.9426 3089994.37859
    -10907683.2747 3089408.20505
    -10907683.1634 3089230.97427
    -10907683.1634 3089212.90234
    -10907683.1634 3088998.53361
    -10907683.2747 3088355.44685
    -10907683.4973 3088144.95444
    -10907683.386 3088141.09108
    -10907683.386 3087880.379
    -10907683.4973 3087098.76998
    -10907683.6087 3086838.32628
    -10907683.386 3086824.24501
    -10907683.386 3086782.62434
    -10907683.72 3086768.91697
    -10907683.6087 3086737.8885
    -10907683.72 3086644.8035
    -10907683.8313 3086614.77219
    -10907683.8313 3086614.02453
    -10907683.8313 3086407.54544
    -10907683.9426 3086143.25161
    -10907683.9426 3086116.95956
    -10907683.9426 3086090.79217
    -10907683.9426 3085788.37541
    -10907684.0539 3085582.03293
    -10907684.0539 3085154.90357
    -10907684.1653 3083873.71715
    -10907684.2766 3083447.76042
    -10907684.1653 3083446.76375
    -10907684.2766 3082588.41071
    -10907684.8332 3080013.53806
    -10907684.9445 3079521.43683
    -10907684.8332 3079507.73646
    -10907684.7219 3079494.2852
    -10907684.9445 3079158.75506
    -10907685.0558 3079155.64141
    -10907685.1671 3078982.52394
    -10907685.7237 3078463.30872
    -10907685.8351 3078429.8076
    -10907684.0539 3078315.3564
    -10907684.0539 3078290.32422
    -10907684.4992 3078114.97562
    -10907686.0577 3077683.46289
    -10907685.6124 3077589.06733
    -10907685.1671 3077413.97644
    -10907684.9445 3077280.72948
    -10907684.9445 3076881.74324
    -10907685.1671 3076748.87483
    -10907684.8332 3076740.40716
    -10907684.8332 3076731.56592
    -10907682.4955 3076480.02869
    -10907675.0371 3075673.52073
    -10907674.0352 3075553.61308
    -10907542.3442 3075532.32117
    -10907534.3292 3075530.95152
    -10907380.597 3075506.17326
    -10906998.2146 3075444.41456
    -10906989.8656 3075443.04492
    -10906895.578 3075427.7298
    -10906733.9421 3075401.58208
    -10906732.7176 3075401.45757
    -10906527.4444 3075368.21268
    -10905908.1741 3075268.22945
    -10905702.567 3075235.23389
    -10905701.6764 3075234.98487
    -10905607.3888 3075219.66997
    -10905324.86 3075174.09893
    -10905231.3516 3075159.15763
    -10905230.5724 3075159.03312
    -10905171.6844 3075149.19678
    -10904995.4656 3075119.68779
    -10904936.8002 3075109.97598
    -10904935.7984 3075109.85147
    -10904935.4644 3075109.72696
    -10904932.2361 3075109.10441
    -10904931.1229 3075108.9799
    -10904858.5426 3075097.27594
    -10904640.913 3075062.16411
    -10904568.444 3075050.58469
    -10904570.2251 3075038.00921
    -10904575.7911 3075000.65636
    -10904577.7949 3074988.20543
    -10904649.1507 3074509.35098
    -10904722.3989 3074019.68106
    -10904785.7397 3073599.99516
    -10904861.7709 3073092.55404
    -10904917.542 3072720.20136
    -10904926.5588 3072659.32616
    -10904953.8321 3072476.82664
    -10904962.9603 3072416.07698
    -10905141.1828 3071228.27391
    -10905237.8081 3070413.10144
    -10905349.6842 3069695.42976
    -10905757.5588 3069716.33955
    -10905821.0109 3068880.096
    -10905775.036 3068628.07507
    -10905832.4768 3067857.10536
    -10905977.9714 3067642.18709
    -10905923.2022 3067591.53804
    -10905841.3824 3067530.43585
    -10905430.0569 3065867.08845
    -10905296.2509 3065326.07879
    -10905292.8 3065308.65932
    -10905366.9387 3065320.85295
    -10907137.03 3065618.48027
    -10907386.2743 3065660.66123
    -10907419.6701 3065666.38491
    -10907520.1916 3065683.80482
    -10907553.6988 3065689.65294
    -10907569.8401 3065691.64379
    -10907617.1509 3065393.76609
    -10907767.6549 3064446.79519
    -10907817.86 3064131.15218
    -10907833.6673 3064030.2524
    -10907881.3121 3063727.55733
    -10907897.2308 3063626.78481
    -10907914.04 3063520.16576
    -10907964.6904 3063200.43782
    -10907981.7223 3063093.94636
    -10908284.8452 3061183.70409
    -10908404.959 3060407.91212
    -10908405.8495 3060402.43931
    -10908404.7363 3060365.87104
    -10908404.8476 3060365.87104
    -10908410.8589 3060331.29297
    -10908451.2679 3060059.89534
    -10908785.449 3060113.87594
    -10908922.038 3060135.02047
    -10908922.038 3060134.77171
    -10908929.9417 3060089.24882
    -10909106.8284 3058962.54121
    -10909106.9397 3058962.54121
    -10909152.0241 3058638.43799
    -10909190.318 3058441.06944
    -10909197.3311 3058396.67122
    -10909200.6707 3058375.90235
    -10909200.6707 3058375.77798
    -10909201.0046 3058372.9176
    -10909202.3405 3058364.46083
    -10909202.8971 3058361.72481
    -10909203.4537 3058357.49643
    -10909205.3461 3058345.18438
    -10909206.1253 3058341.08036
    -10909341.3785 3057472.42357
    -10909420.8606 3057004.85062
    -10909495.6673 3056565.27138
    -10909566.2439 3056118.36928
    -10909566.2439 3056118.24494
    -10909572.8117 3056113.27115
    -10909603.7586 3055924.01972
    -10909633.8148 3055691.25136
    -10909634.3714 3055689.01322
    -10909639.3808 3055655.31683
    -10909776.4151 3054771.77872
    -10909541.0857 3054733.11118
    -10909344.0502 3054700.66037
    -10909322.7882 3054697.05473
    -10908216.7177 3054523.11472
    -10908161.058 3054506.08139
    -10908132.5602 3054498.24855
    -10908075.4533 3054494.26997
    -10908013.5596 3054489.79407
    -10908009.6634 3054489.54541
    -10907972.928 3054485.81549
    -10907941.9812 3054480.46927
    -10907903.9099 3054474.8744
    -10907889.995 3054473.75543
    -10907858.2689 3054469.03087
    -10907827.3221 3054462.44135
    -10907798.9357 3054457.84113
    -10907677.9314 3054434.7157
    -10907572.1779 3054417.30949
    -10907567.6138 3054417.06083
    -10907560.7119 3054416.81217
    -10907549.0234 3054415.32021
    -10907505.1635 3054407.48743
    -10907487.909 3054405.24949
    -10907414.6608 3054393.56248
    -10907359.335 3054385.97837
    -10907306.1243 3054377.15096
    -10907208.831 3054359.99348
    -10907154.8411 3054348.80383
    -10907138.8111 3054346.06858
    -10907122.5584 3054344.4523
    -10907105.4152 3054341.84138
    -10907051.314 3054331.89504
    -10906976.3959 3054320.45675
    -10906912.8325 3054308.52115
    -10906875.0952 3054302.3047
    -10906777.3567 3054288.00687
    -10906737.1704 3054281.04446
    -10906696.0935 3054275.07668
    -10906654.7939 3054269.9792
    -10906589.7833 3054259.53559
    -10906493.3807 3054245.48646
    -10906417.0155 3054235.04287
    -10906359.9086 3054225.0966
    -10906323.1732 3054219.50183
    -10906287.9962 3054213.40974
    -10906240.9081 3054205.95005
    -10906236.4553 3054205.07975
    -10906144.1714 3054187.17651
    -10906083.7249 3054176.73296
    -10905965.7263 3054158.95408
    -10905892.9233 3054146.27265
    -10905833.8127 3054137.19674
    -10905761.6777 3054123.64504
    -10905547.165 3054090.32532
    -10905351.0201 3054056.01107
    -10905346.9012 3054055.76241
    -10905334.99 3054053.89751
    -10905319.0714 3054050.54068
    -10905194.3935 3054029.65379
    -10905061.812 3054009.63722
    -10905011.0503 3054000.31274
    -10904941.3643 3053990.73961
    -10904905.4081 3053984.15032
    -10904890.046 3053981.29081
    -10904878.0235 3053978.30699
    -10904853.3106 3053973.45826
    -10904692.6766 3053952.19851
    -10904653.0468 3053946.23086
    -10904640.913 3053945.11193
    -10904611.302 3053939.14429
    -10904464.3603 3053915.64672
    -10904445.3247 3053912.41426
    -10904428.6267 3053908.56016
    -10904325.3223 3053891.40324
    -10904232.3705 3053877.85177
    -10904123.5 3053859.82461
    -10904089.4363 3053854.85161
    -10903992.3657 3053839.31098
    -10903950.0643 3053833.4677
    -10903826.6109 3053813.32708
    -10903748.9099 3053802.13785
    -10903677.5541 3053788.08918
    -10903611.987 3053778.01889
    -10903586.9401 3053772.79727
    -10903562.0045 3053768.32159
    -10903472.5036 3053754.14862
    -10903377.2142 3053738.23512
    -10903243.7421 3053713.49465
    -10903207.6746 3053708.64602
    -10903155.6884 3053700.44064
    -10903120.9567 3053694.22445
    -10903073.2006 3053687.01368
    -10902995.8336 3053673.9597
    -10902918.8005 3053660.28412
    -10902904.329 3053658.29494
    -10902862.9181 3053651.45716
    -10902813.3809 3053645.11667
    -10902782.3228 3053640.01941
    -10902743.5836 3053634.30055
    -10902690.9295 3053625.84657
    -10902675.3448 3053624.10605
    -10902674.5655 3053623.98172
    -10902605.7701 3053611.79806
    -10902535.9728 3053600.73332
    -10902513.2636 3053596.2577
    -10902421.759 3053581.09031
    -10902354.0767 3053570.89585
    -10902221.9405 3053548.39347
    -10902191.8842 3053542.92328
    -10902087.1326 3053525.39383
    -10902056.0744 3053519.55069
    -10901948.5398 3053505.37796
    -10901870.0596 3053491.82686
    -10901809.0565 3053481.88111
    -10901676.141 3053459.0059
    -10901593.0967 3053448.6872
    -10901579.627 3053446.44941
    -10901575.9535 3053445.95213
    -10901540.8878 3053441.60087
    -10901515.841 3053437.00098
    -10901502.7053 3053435.13615
    -10901491.5733 3053433.27133
    -10901405.0781 3053418.60141
    -10901356.7654 3053411.63942
    -10901348.0825 3053410.3962
    -10901265.8174 3053398.0884
    -10901235.9838 3053392.36963
    -10901163.96 3053380.06185
    -10901126.8907 3053374.21876
    -10901125.6661 3053374.09444
    -10901120.6568 3053373.34851
    -10901082.6968 3053366.75951
    -10901074.3479 3053364.64605
    -10901066.1102 3053363.52716
    -10900938.3154 3053358.67865
    -10900917.61 3053357.93273
    -10900899.3536 3053357.31112
    -10900858.722 3053347.73842
    -10900845.0297 3053344.50609
    -10900835.0109 3053342.26831
    -10900816.9772 3053338.04141
    -10900780.4644 3053330.58218
    -10900701.0936 3053312.5557
    -10900075.5894 3053210.98629
    -10899850.3901 3053173.93911
    -10899529.9012 3053117.74694
    -10899120.9134 3053052.7284
    -10899110.0041 3053048.6259
    -10899106.4419 3053047.75567
    -10899101.6552 3053046.63681
    -10899102.3231 3053040.29659
    -10899102.7684 3053036.44273
    -10899125.2549 3052839.89729
    -10899099.0948 3052839.64866
    -10899067.9254 3052839.64866
    -10898909.2951 3052839.15139
    -10898859.4239 3052842.50793
    -10898408.4687 3052845.61584
    -10898082.5252 3052849.22102
    -10897100.6873 3052847.72922
    -10897099.1288 3052847.72922
    -10897103.6929 3052852.57756
    -10897103.1363 3052854.19367
    -10897100.3534 3052858.04748
    -10897097.5704 3052860.28518
    -10897091.8931 3052862.39856
    -10897082.8762 3052863.64173
    -10896869.588 3052864.63626
    -10896825.2829 3052864.26331
    -10896016.7694 3052872.4682
    -10895825.2999 3052872.71683
    -10895425.8856 3052874.33295
    -10895103.9496 3052875.94907
    -10894719.8974 3052877.81382
    -10894716.1125 3052877.81382
    -10894710.4352 3052877.81382
    -10894704.7579 3052877.81382
    -10894700.973 3052877.81382
    -10894555.3672 3052878.4354
    -10894118.7721 3052880.54878
    -10893973.2775 3052881.419
    -10893939.1025 3052881.419
    -10893938.8798 3052804.96445
    -10893938.2119 3052461.1105
    -10893937.9893 3052346.61866
    -10893936.5421 3051616.05547
    -10893936.3195 3051450.23263
    -10893933.0912 3049645.44843
    -10893931.4214 3048742.52009
    -10893929.7516 3047839.89714
    -10893928.0818 3046969.26714
    -10893928.1931 3046940.18906
    -10893928.6384 3046521.29727
    -10893928.7497 3046502.40953
    -10893928.8611 3046493.08993
    -10893928.7497 3046483.52181
    -10893929.9743 3045644.03754
    -10893934.0931 3045320.98089
    -10893934.0931 3045308.30728
    -10893934.0931 3045133.85986
    -10893934.0931 3044223.38809
    -10893934.0931 3042924.62445
    -10893934.0931 3042289.69674
    -10893934.0931 3042265.84558
    -10893934.0931 3042257.3983
    -10893934.0931 3042252.42931
    -10893935.6515 3042230.19312
    -10893935.7629 3042230.19312
    -10893935.8742 3042230.19312
    -10893935.9855 3042230.19312
    -10893937.0987 3041881.49938
    -10893938.2119 3041528.71489
    -10893938.2119 3041519.39852
    -10893939.4364 3041173.70319
    -10893939.7704 3041069.61115
    -10893942.5534 3040206.22279
    -10893942.5534 3040205.97438
    -10893952.5721 3039730.64229
    -10893953.6853 3039725.17736
    -10893955.3551 3039715.11694
    -10893953.4627 3039639.22929
    -10893948.1193 3039411.56875
    -10893946.3382 3039335.68271
    -10893946.0043 3039322.39337
    -10893945.3363 3039282.77385
    -10893945.1137 3039269.60877
    -10893944.2231 3039247.99818
    -10893941.5515 3039183.41502
    -10893940.7722 3039161.92877
    -10893939.8817 3039141.06353
    -10893938.9911 3039119.20475
    -10893936.5421 3039078.7164
    -10893935.4289 3039057.97548
    -10893934.0931 3038682.78117
    -10893937.7666 3038648.62792
    -10893933.2025 3038550.39121
    -10893930.4195 3038489.53694
    -10893930.1969 3038482.70638
    -10893931.3101 3038481.09188
    -10893933.5365 3038472.27425
    -10893931.7554 3038460.35182
    -10893929.9743 3038448.67779
    -10893935.3176 3038395.27544
    -10893935.5402 3038391.05293
    -10893935.5402 3038390.55617
    -10893935.7629 3038388.94168
    -10893935.9855 3038380.62087
    -10893935.8742 3038372.42425
    -10893935.7629 3038364.22764
    -10893935.7629 3038360.87449
    -10893939.5477 3038331.93801
    -10893939.5477 3038311.57074
    -10893922.9611 3037892.93039
    -10893922.8498 3037780.79
    -10893922.9611 3037229.16637
    -10893922.9611 3037197.50019
    -10893922.9611 3037167.82097
    -10893922.9611 3036610.63292
    -10893922.9611 3035708.77161
    -10893922.6272 3035673.63207
    -10893921.7366 3035568.58648
    -10893921.514 3035533.57145
    -10893915.3914 3034799.393
    -10893912.0518 3034354.65775
    -10893912.0518 3034339.01405
    -10893917.2838 3033503.83875
    -10893922.1819 3032737.73495
    -10893922.9611 3031196.58806
    -10893922.9611 3031176.47914
    -10893922.9611 3030410.49903
    -10893922.9611 3030307.35362
    -10893922.6272 3030294.56911
    -10893911.7179 3029851.0899
    -10893911.8292 3029848.11108
    -10893911.9405 3029845.00814
    -10893922.9611 3029438.52872
    -10893918.5083 3029423.75915
    -10893911.8292 3029401.29453
    -10893911.8292 3029394.09594
    -10893911.8292 3028965.66173
    -10893911.8292 3028954.49183
    -10893911.8292 3028943.44605
    -10893918.1744 3028190.61536
    -10893921.7366 3027757.25291
    -10893922.8498 3027610.44378
    -10893922.9611 3027601.75689
    -10893922.9611 3027593.9387
    -10893922.9611 3027576.93725
    -10893922.9611 3027152.52802
    -10893922.9611 3027142.60047
    -10893922.8498 3027126.96459
    -10893922.9611 3026254.36039
    -10893922.9611 3026236.74009
    -10893911.8292 3026199.51417
    -10893912.0518 3026189.46318
    -10893912.2745 3026183.63113
    -10893922.6272 3025790.4076
    -10893922.9611 3025343.46851
    -10893922.9611 3025337.76088
    -10893922.9611 3024420.84733
    -10893922.9611 3024418.61406
    -10893922.9611 3023989.45903
    -10893922.9611 3023555.97452
    -10893922.9611 3023529.42495
    -10893922.9611 3023085.40918
    -10893922.9611 3023045.46208
    -10893922.8498 3022367.61875
    -10893922.8498 3022188.859
    -10893923.0724 3022182.78046
    -10893958.806 3020379.30458
    -10893958.5834 3020367.27306
    -10893944.6684 3019614.26907
    -10893944.6684 3019611.9125
    -10893941.6628 3019451.04688
    -10893935.8742 3019138.74696
    -10893935.3176 3019103.52372
    -10893934.2044 3019048.95267
    -10893934.2044 3019045.35596
    -10893931.5327 3018897.89118
    -10893934.0931 3018897.5191
    -10893934.2044 3018897.5191
    -10893931.5327 3018896.15485
    -10893930.8648 3018873.83062
    -10893929.8629 3018846.66953
    -10893929.9743 3018815.7878
    -10893927.9705 3018709.12853
    -10893927.9705 3018708.01233
    -10893926.9686 3018652.69865
    -10893926.6347 3018635.21164
    -10893923.7404 3018479.31768
    -10893921.7366 3018373.77705
    -10893921.2913 3018348.35317
    -10893917.5065 3018154.51298
    -10893915.1688 3018027.76796
    -10893914.3895 3017984.23837
    -10893913.2763 3017913.54957
    -10893912.8311 3017886.26627
    -10893934.2044 3017607.11142
    -10893934.0931 3017598.55455
    -10893934.0931 3017230.24231
    -10893934.0931 3016691.80403
    -10893934.0931 3016689.57195
    -10893933.9818 3015869.05644
    -10893932.7572 3015436.06323
    -10893932.6459 3015423.29186
    -10893932.6459 3015417.46415
    -10893934.0931 3015234.69851
    -10893934.0931 3015197.00494
    -10893934.0931 3015195.02107
    -10893934.0931 3015189.31745
    -10893934.0931 3015187.45757
    -10893934.0931 3015185.22572
    -10893934.0931 3015178.90214
    -10893934.0931 3015176.79428
    -10893934.0931 3015064.33425
    -10893934.0931 3014727.08339
    -10893934.0931 3014614.75084
    -10893934.0931 3014489.27666
    -10893934.0931 3014112.98463
    -10893934.0931 3013987.63877
    -10893934.0931 3013781.335
    -10893934.0931 3013162.81324
    -10893934.0931 3013032.26873
    -10893934.0931 3012956.64519
    -10893934.0931 3012623.16248
    -10893934.0931 3012615.22841
    -10893934.0931 3012437.95273
    -10893934.0931 3012154.19217
    -10893934.0931 3011899.81652
    -10893934.0931 3010478.6429
    -10893934.0931 3009535.89841
    -10893934.0931 3009535.15475
    -10893934.2044 3009511.97734
    -10893934.2044 3009481.98311
    -10893934.2044 3009469.34093
    -10893934.3157 3009447.527
    -10893934.0931 3009233.72743
    -10893934.0931 3009204.60136
    -10893934.0931 3009174.35988
    -10893934.0931 3007881.09989
    -10893934.0931 3007859.28835
    -10893925.9668 3007787.03785
    -10893925.5215 3007782.57643
    -10893924.8536 3007775.88429
    -10893924.0743 3007769.19216
    -10893923.629 3007764.85467
    -10893923.0724 3007760.39325
    -10893923.0724 3007760.14539
    -10893926.8573 3007747.75257
    -10893928.1931 3007743.53901
    -10893946.8948 3007742.67151
    -10893971.1625 3007736.47511
    -10894000.8848 3007725.32159
    -10894040.1805 3007704.74956
    -10894095.5063 3007651.33677
    -10894119.6627 3007603.50089
    -10894143.485 3007558.01978
    -10894179.1073 3007508.44924
    -10894201.1485 3007456.40036
    -10894228.4218 3007381.79729
    -10894262.3743 3007273.9829
    -10894286.0853 3007201.61139
    -10894306.1228 3007123.91156
    -10894328.2754 3007073.35112
    -10894360.0014 3007003.95474
    -10894407.5349 3006879.90952
    -10894458.8532 3006758.96336
    -10894480.5605 3006691.05551
    -10894512.7318 3006613.73016
    -10894546.0163 3006527.1114
    -10894558.3728 3006504.18663
    -10894572.9556 3006480.64231
    -10894577.6311 3006468.3745
    -10894581.6386 3006460.93947
    -10894645.7586 3006351.14926
    -10894672.4753 3006241.97945
    -10894683.3846 3006161.68255
    -10894734.0349 3006136.77573
    -10894811.9586 3006152.88461
    -10894867.9523 3006183.24371
    -10894883.9823 3006191.91775
    -10894921.3856 3006216.45292
    -10894970.7002 3006276.55186
    -10895006.3224 3006337.51847
    -10895033.4844 3006378.28694
    -10895087.5856 3006479.77489
    -10895103.1704 3006520.91551
    -10895138.7926 3006587.58339
    -10895217.6068 3006719.18518
    -10895291.6343 3006816.33831
    -10895358.426 3006885.98164
    -10895420.8762 3006944.84415
    -10895491.6754 3006999.74139
    -10895610.5646 3007081.90177
    -10895717.7653 3007123.16802
    -10895791.3475 3007154.76838
    -10895813.1661 3007167.03677
    -10895920.1441 3007187.23627
    -10895999.1809 3007197.02622
    -10896094.0252 3007211.89704
    -10896196.1051 3007215.61475
    -10896247.4234 3007222.80232
    -10896326.6829 3007234.94685
    -10896410.0612 3007240.15165
    -10896475.6284 3007260.1034
    -10896551.6596 3007280.79873
    -10896656.1886 3007318.3478
    -10896735.5594 3007326.27897
    -10896803.1303 3007311.7798
    -10896850.4411 3007228.99851
    -10896880.6087 3007192.56497
    -10896890.1822 3007181.0401
    -10896890.7387 3007117.34365
    -10896873.7069 3006982.39236
    -10896873.1503 3006909.52661
    -10896886.0633 3006814.97519
    -10896932.5949 3006735.17079
    -10896994.5998 3006684.73563
    -10897079.6479 3006628.47647
    -10897140.317 3006597.37293
    -10897211.6728 3006576.05899
    -10897270.1156 3006564.90636
    -10897318.7622 3006554.99292
    -10897389.1161 3006544.08814
    -10897431.1949 3006539.62709
    -10897471.4925 3006535.28997
    -10897563.6651 3006546.44258
    -10897671.645 3006578.53735
    -10897752.129 3006603.69277
    -10897828.2715 3006627.85688
    -10897948.0513 3006647.06427
    -10898021.1882 3006656.11035
    -10898167.462 3006665.03251
    -10898296.1473 3006648.05563
    -10898371.7333 3006631.82227
    -10898433.2929 3006617.81947
    -10898573.2215 3006568.12823
    -10898623.8719 3006537.27265
    -10898684.3184 3006511.37385
    -10898779.6079 3006452.5131
    -10898863.0975 3006381.63268
    -10898957.3851 3006320.91372
    -10898973.0811 3006311.12436
    -10899085.4025 3006241.11204
    -10899151.9716 3006199.22873
    -10899220.4331 3006165.39999
    -10899275.9815 3006125.49952
    -10899362.3654 3006091.67095
    -10899421.3647 3006076.80127
    -10899429.9363 3006074.69473
    -10899530.1239 3006056.85114
    -10899607.157 3006064.40988
    -10899613.3909 3006065.02945
    -10899723.4858 3006085.22742
    -10899803.5245 3006115.21463
    -10899921.6345 3006159.45208
    -10899988.0923 3006177.54363
    -10900055.9972 3006202.69835
    -10900111.4343 3006229.71184
    -10900181.2316 3006254.12316
    -10900236.78 3006267.01036
    -10900308.8037 3006270.72783
    -10900368.6936 3006262.54941
    -10900418.2308 3006264.28422
    -10900478.6773 3006257.34496
    -10900559.0499 3006237.5185
    -10900710.7784 3006157.71728
    -10900779.2399 3006119.79946
    -10900863.6201 3006059.94899
    -10900925.1797 3006014.22488
    -10900986.7394 3005980.39657
    -10901034.3842 3005962.42918
    -10901161.1771 3005940.62052
    -10901204.9256 3005933.68141
    -10901244.5554 3005951.77267
    -10901292.9793 3006006.79008
    -10901370.0124 3006173.70227
    -10901532.9842 3006651.77319
    -10901606.0097 3006823.77353
    -10901673.2467 3006937.90455
    -10901757.4042 3007068.88992
    -10901772.2097 3007091.81557
    -10901820.745 3007110.89966
    -10901850.4673 3007113.99773
    -10901954.5511 3007113.13027
    -10902140.0093 3007049.55804
    -10902183.8692 3007010.64652
    -10902248.4345 3006939.76337
    -10902273.2588 3006886.72517
    -10902286.1718 3006842.73334
    -10902289.2888 3006800.84829
    -10902293.2963 3006752.76738
    -10902280.4945 3006678.91144
    -10902231.0687 3006585.84853
    -10902196.5596 3006512.86086
    -10902130.2132 3006427.85362
    -10902051.8443 3006353.7515
    -10901836.9977 3006180.51758
    -10901749.8345 3006073.4556
    -10901727.1253 3006043.46847
    -10901718.2198 3006011.49879
    -10901722.2273 3005960.44658
    -10901738.2573 3005875.69039
    -10901783.0077 3005810.76054
    -10901831.6543 3005729.84647
    -10901894.2159 3005680.90173
    -10901990.5073 3005625.1421
    -10902120.4171 3005608.41425
    -10902253.2213 3005618.57487
    -10902399.829 3005711.63157
    -10902494.8959 3005810.76054
    -10903009.5259 3006380.14569
    -10903113.6096 3006467.25924
    -10903216.4688 3006537.39657
    -10903354.2823 3006607.65816
    -10903383.0028 3006621.04136
    -10903526.6049 3006687.83361
    -10903734.7724 3006740.12757
    -10903753.474 3006740.74717
    -10903753.808 3006752.64346
    -10903874.9236 3006756.73281
    -10904031.5501 3006741.61461
    -10904250.7382 3006660.57143
    -10904523.471 3006509.51509
    -10904566.1063 3006419.55119
    -10904616.7567 3006337.51847
    -10904686.9993 3006244.45776
    -10904744.6628 3006176.30448
    -10904831.9373 3006116.32986
    -10904909.3043 3006045.32717
    -10905018.3974 3005965.27918
    -10905114.5775 3005887.33814
    -10905252.391 3005753.26566
    -10905340.6673 3005661.19997
    -10905462.5622 3005556.00045
    -10905532.9161 3005514.98648
    -10905673.8466 3005495.90449
    -10905905.9477 3005609.77726
    -10906172.8919 3005873.58388
    -10906450.7453 3006216.329
    -10906532.1198 3006286.09337
    -10906593.4569 3006329.2161
    -10906700.6576 3006368.12579
    -10906827.6731 3006410.00959
    -10906945.7831 3006483.86417
    -10907004.2258 3006580.8918
    -10907064.8949 3006817.70143
    -10907079.9231 3006995.65198
    -10907101.853 3007320.82629
    -10907164.3032 3007386.75429
    -10907232.7647 3007409.68045
    -10907298.3319 3007398.65111
    -10907896.5628 3007223.17409
    -10907941.0906 3007167.16069
    -10907987.7335 3007089.08928
    -10908089.5908 3006759.95472
    -10908117.3094 3006670.98062
    -10908137.1243 3006563.04759
    -10908170.8541 3006495.01673
    -10908250.0022 3006389.93509
    -10908363.1028 3006338.75764
    -10908474.1997 3006338.75764
    -10908592.421 3006414.59451
    -10908719.3252 3006603.56885
    -10908839.5503 3006809.39878
    -10908919.8116 3006923.28185
    -10909004.3031 3007027.25206
    -10909164.1579 3007099.00308
    -10909341.8238 3007138.90623
    -10909450.5829 3007132.46223
    -10909565.576 3007109.16474
    -10909701.4971 3007065.91578
    -10909853.1142 3006997.5108
    -10909968.9978 3006922.16656
    -10910082.8776 3006825.01273
    -10910132.3035 3006781.76461
    -10910217.4629 3006683.49644
    -10910234.8288 3006656.23427
    -10910291.9357 3006566.39338
    -10910339.1351 3006466.51574
    -10910380.9912 3006378.16302
    -10910417.6154 3006279.03018
    -10910500.9937 3006158.83251
    -10910556.3194 3006090.80355
    -10910643.4826 3006054.6207
    -10910692.3519 3006070.48166
    -10910717.2874 3006128.10172
    -10910693.5764 3006305.42423
    -10910602.4057 3006501.21261
    -10910584.5946 3006535.28997
    -10910573.3513 3006556.72777
    -10910562.2194 3006578.28952
    -10910536.0593 3006628.35255
    -10910524.816 3006704.06702
    -10910518.2482 3006748.55411
    -10910531.3839 3006992.80178
    -10910581.9229 3007142.74784
    -10910638.3619 3007240.15165
    -10910721.0723 3007298.27205
    -10910829.8314 3007308.80562
    -10910894.5081 3007260.35125
    -10910935.4736 3007190.95397
    -10910943.8226 3007176.70278
    -10910962.1903 3007055.5063
    -10910996.8107 3006921.54696
    -10911032.2103 3006807.91174
    -10911048.0176 3006757.47632
    -10911092.5454 3006686.34658
    -10911166.3503 3006596.13375
    -10911239.9324 3006544.08814
    -10911446.0961 3006440.74098
    -10911546.6176 3006362.9213
    -10911579.0116 3006360.69081
    -10911618.9753 3006357.84073
    -10911691.4443 3006384.85451
    -10911789.7394 3006487.95344
    -10911837.3841 3006566.14554
    -10911871.4479 3006657.59737
    -10911929.7793 3006814.35559
    -10911998.2408 3007005.56572
    -10912004.3634 3007022.66694
    -10912016.1632 3007039.14858
    -10912078.8361 3007126.76178
    -10912152.8636 3007253.28758
    -10912243.9229 3007325.03973
    -10912339.769 3007358.9951
    -10912404.8909 3007362.83677
    -10912535.3573 3007317.97603
    -10912664.3766 3007217.10183
    -10912737.5135 3007133.57754
    -10912815.2145 3007036.67013
    -10912883.1194 3006915.22698
    -10912952.1375 3006777.30349
    -10913040.7478 3006509.76292
    -10913067.6872 3006368.99321
    -10913107.7622 3006211.24848
    -10913131.3619 3006016.08358
    -10913136.3713 3005806.67146
    -10913138.0411 3005739.75935
    -10913139.0429 3005574.09124
    -10913139.4882 3005510.27793
    -10913139.8222 3005446.58881
    -10913139.8222 3005445.34972
    -10913146.0561 3005423.78965
    -10913147.2806 3005419.57677
    -10913149.507 3005412.01837
    -10913151.622 3005404.33606
    -10913160.5276 3005373.23514
    -10913235.1117 3005151.56559
    -10913256.485 3005087.87804
    -10913328.8427 3004971.90298
    -10913485.2466 3004730.53906
    -10913522.8725 3004575.41405
    -10913581.0926 3004297.01095
    -10913583.319 3004292.92229
    -10913602.7999 3004256.24833
    -10913607.8093 3004246.95595
    -10913670.7048 3004199.50298
    -10913678.1632 3004193.92758
    -10913745.6229 3004193.92758
    -10913891.5627 3004264.92122
    -10914131.2336 3004427.10519
    -10914265.7075 3004500.08238
    -10914456.1752 3004560.05033
    -10914582.1888 3004585.94565
    -10914850.9141 3004583.83933
    -10915052.291 3004591.76901
    -10915399.3852 3004604.65474
    -10915644.5107 3004665.61433
    -10915966.3354 3004788.64941
    -10916119.3997 3004808.8456
    -10916329.0143 3004766.223
    -10916473.2843 3004695.35081
    -10916556.3287 3004634.515
    -10916769.2829 3004340.00387
    -10916777.5205 3004325.13599
    -10916944.945 3004028.15321
    -10917097.2301 3003810.5927
    -10917118.6034 3003784.32707
    -10917235.8228 3003673.56594
    -10917442.4318 3003602.4513
    -10917463.3599 3003599.97345
    -10917612.9733 3003582.25679
    -10917631.8976 3003586.22135
    -10917707.8175 3003588.20364
    -10917783.8487 3003590.30981
    -10917839.3971 3003591.79652
    -10917945.8186 3003642.34484
    -10918076.5076 3003931.39041
    -10918205.193 3004193.30809
    -10918212.5401 3004252.03578
    -10918215.991 3004278.79785
    -10918088.3075 3004319.18884
    -10918036.4326 3004330.83534
    -10918004.5952 3004337.89759
    -10917853.8687 3004346.94222
    -10917692.7894 3004360.44724
    -10917664.7368 3004363.17302
    -10917509.8914 3004425.2467
    -10917365.7327 3004517.18065
    -10917297.9391 3004596.84896
    -10917197.8629 3004772.78985
    -10917104.7998 3005026.17325
    -10917094.1131 3005217.35983
    -10917105.2451 3005456.6254
    -10917155.2275 3005674.83011
    -10917231.8153 3005857.97096
    -10917260.0905 3005901.9598
    -10917326.2143 3006005.05529
    -10917392.0041 3006083.86436
    -10917555.4211 3006279.77367
    -10917600.5055 3006367.87796
    -10917667.1859 3006498.11467
    -10917716.8344 3006679.65495
    -10917734.7568 3006782.75597
    -10917737.4285 3006978.30294
    -10917739.2096 3007114.24558
    -10917757.132 3007259.35986
    -10917768.264 3007349.45289
    -10917778.1714 3007375.22926
    -10917830.9368 3007510.67991
    -10917964.075 3007690.86965
    -10917972.2013 3007697.68567
    -10918114.0223 3007816.90465
    -10918270.7602 3007868.8309
    -10918426.6074 3007894.73212
    -10918562.1946 3007894.60819
    -10918737.6341 3007859.908
    -10918815.3351 3007797.32392
    -10918866.7647 3007655.17852
    -10918860.9761 3007625.5599
    -10918851.7366 3007578.09589
    -10918794.9636 3007507.82961
    -10918786.2807 3007504.73146
    -10918650.9162 3007457.14391
    -10918466.1259 3007390.96775
    -10918371.5043 3007283.27721
    -10918357.2554 3007210.90565
    -10918338.3311 3007117.83934
    -10918345.9008 3007102.59684
    -10918366.0496 3007061.70242
    -10918425.3829 3006975.57667
    -10918559.4116 3006870.98723
    -10918735.519 3006773.46198
    -10919049.8853 3006601.83399
    -10919096.5281 3006577.54601
    -10919444.4015 3006411.12484
    -10919664.5915 3006350.90142
    -10919736.6152 3006347.6796
    -10919822.2199 3006343.71428
    -10920015.8045 3006402.69851
    -10920077.8094 3006454.24794
    -10920273.6204 3006634.05281
    -10920425.4602 3006842.4855
    -10920494.7009 3006946.95081
    -10920687.2837 3007186.49273
    -10920756.0791 3007272.12403
    -10920866.2854 3007393.1984
    -10920881.4249 3007399.89036
    -10920940.7581 3007426.16252
    -10921054.8606 3007448.09734
    -10921212.6003 3007424.92327
    -10921229.5209 3007418.727
    -10921352.4176 3007373.74216
    -10921442.5864 3007332.59913
    -10921522.2912 3007290.46482
    -10921552.5701 3007274.47859
    -10921682.4799 3007235.31862
    -10921774.8751 3007217.72145
    -10921794.5786 3007214.12767
    -10921943.8581 3007194.54775
    -10921993.9518 3007187.97981
    -10922098.7035 3007173.23293
    -10922223.0474 3007155.75976
    -10922292.7334 3007144.73061
    -10922389.5813 3007129.48808
    -10922641.4973 3007065.17225
    -10922769.8487 3007015.72731
    -10922868.4778 3006977.80725
    -10922950.4089 3006945.09199
    -10922971.6709 3006936.66534
    -10923032.0061 3006877.55503
    -10923113.2693 3006808.40742
    -10923176.7214 3006777.30349
    -10923256.7601 3006751.52818
    -10923261.3242 3006750.4129
    -10923318.9877 3006736.03823
    -10923433.4242 3006743.59732
    -10923472.8313 3006758.46768
    -10923571.5717 3006795.89149
    -10923700.257 3006847.69016
    -10923822.7084 3006904.81762
    -10923868.0155 3006971.23941
    -10923910.3169 3007061.95026
    -10923915.6602 3007107.42983
    -10923916.996 3007137.29523
    -10923920.7809 3007180.91618
    -10923919.3338 3007194.42383
    -10923910.3169 3007282.78151
    -10923894.5095 3007362.09322
    -10923863.3401 3007428.51711
    -10923844.3044 3007488.24929
    -10923770.8336 3007615.15003
    -10923757.0299 3007639.06797
    -10923709.7192 3007720.48839
    -10923666.3046 3007782.82428
    -10923603.8543 3007942.3211
    -10923599.8468 3008050.63618
    -10923624.7824 3008137.5119
    -10923655.7292 3008192.90939
    -10923707.3814 3008244.46518
    -10923759.0337 3008278.29877
    -10923780.0731 3008282.63642
    -10923801.1125 3008288.33732
    -10923985.2349 3008270.11921
    -10924169.58 3008186.83672
    -10924274.9995 3008112.47776
    -10924362.8306 3008019.52959
    -10924450.9956 3007879.98453
    -10924512.3327 3007712.18523
    -10924538.8267 3007581.68977
    -10924539.0494 3007488.37322
    -10924512.11 3007287.98633
    -10924513.7798 3007283.77291
    -10924513.5572 3007282.53366
    -10924512.5553 3007274.23074
    -10924510.2176 3007253.65936
    -10924510.3289 3007207.43579
    -10924506.878 3007153.15738
    -10924510.5516 3007078.80371
    -10924525.1344 3006996.39551
    -10924534.3739 3006910.0223
    -10924532.7041 3006859.71045
    -10924538.1588 3006801.46789
    -10924558.1963 3006725.13331
    -10924594.4865 3006618.81082
    -10924636.2313 3006530.45718
    -10924696.0098 3006420.04685
    -10924750.3338 3006329.71176
    -10924822.8027 3006213.35504
    -10924909.7433 3006036.77713
    -10924967.852 3005890.31203
    -10925047.4455 3005780.03049
    -10925119.9145 3005687.71681
    -10925159.7668 3005625.51383
    -10925214.0908 3005517.21684
    -10925254.0544 3005408.79675
    -10925320.9575 3005322.5569
    -10925377.0625 3005274.48088
    -10925427.7129 3005226.28111
    -10925523.4476 3005190.34822
    -10925619.0711 3005188.61354
    -10925718.368 3005210.91669
    -10925760.5581 3005230.12222
    -10925854.0665 3005331.84996
    -10925914.8469 3005422.67448
    -10925939.1146 3005461.58175
    -10925938.4467 3005811.75184
    -10925938.1127 3005993.28354
    -10925998.7818 3006110.25806
    -10926120.3427 3006240.12072
    -10926193.3683 3006292.04132
    -10926254.2601 3006305.1764
    -10926339.6421 3006305.42423
    -10926400.5339 3006279.64976
    -10926461.537 3006253.87532
    -10926632.4124 3006098.73405
    -10926693.6381 3006000.4705
    -10926751.8582 3005891.92289
    -10926845.1439 3005823.15172
    -10927039.0625 3005738.76806
    -10927255.0223 3005791.92599
    -10927330.4969 3005837.40157
    -10927388.0491 3005936.28358
    -10927398.2905 3006030.33363
    -10927354.5419 3006153.38027
    -10927307.2311 3006202.20269
    -10927279.6239 3006226.36613
    -10927255.0223 3006260.44284
    -10927244.0017 3006275.93229
    -10927239.7715 3006278.90626
    -10927221.1812 3006294.51964
    -10927158.2857 3006346.9361
    -10927125.0011 3006375.31294
    -10926935.758 3006585.97245
    -10926923.0676 3006710.88258
    -10926945.5541 3006848.68152
    -10926991.9743 3006924.1493
    -10927085.4827 3007012.38142
    -10927202.8135 3007038.40504
    -10927308.6783 3007039.39642
    -10927355.9891 3007027.25206
    -10927359.2173 3007026.13676
    -10927419.2185 3006997.13904
    -10927581.745 3006906.30467
    -10927715.3284 3006827.98681
    -10927850.3589 3006806.05294
    -10927982.3838 3006826.99545
    -10928104.0561 3006884.24675
    -10928229.9584 3007187.11234
    -10928258.2335 3007296.66103
    -10928323.912 3007550.46026
    -10928362.4286 3007686.03647
    -10928373.1153 3007713.79629
    -10928412.2997 3007775.26465
    -10928446.1408 3007836.73327
    -10928471.0764 3007894.23641
    -10928529.8531 3007969.58569
    -10928566.3659 3008012.58949
    -10928595.7542 3008047.04219
    -10928656.312 3008112.47776
    -10928677.0175 3008132.92644
    -10928730.8961 3008189.68716
    -10928795.7954 3008256.3627
    -10928891.4188 3008362.44932
    -10928935.2787 3008382.27868
    -10929029.121 3008387.85569
    -10929073.0922 3008375.83414
    -10929157.4724 3008345.71832
    -10929263.0033 3008255.6191
    -10929325.5648 3008118.5504
    -10929369.536 3007962.52168
    -10929372.0964 3007953.59872
    -10929382.0038 3007821.24216
    -10929383.117 3007819.01144
    -10929374.2114 3007735.85547
    -10929367.087 3007672.40443
    -10929364.8606 3007655.17852
    -10929359.1833 3007612.17578
    -10929354.6192 3007577.2284
    -10929354.1739 3007527.6578
    -10929400.4828 3007340.28246
    -10929392.5792 3007231.10521
    -10929328.5705 3007128.86847
    -10929327.9025 3007105.32314
    -10929329.3497 3007099.87054
    -10929315.9913 3007095.16148
    -10929179.4023 3007018.20575
    -10929101.0334 3006976.07235
    -10929055.1698 3006951.28806
    -10929025.4475 3006935.30221
    -10928977.2461 3006868.88058
    -10928962.4406 3006714.848
    -10929006.4118 3006596.00983
    -10929111.0522 3006516.20664
    -10929212.5755 3006493.77756
    -10929316.5479 3006526.24397
    -10929462.4878 3006697.74714
    -10929466.6066 3006702.57999
    -10929565.1244 3006826.37585
    -10929686.5739 3006925.38851
    -10929713.9585 3006942.61356
    -10929718.9679 3006945.83552
    -10929749.0242 3006967.39784
    -10929773.8484 3006978.30294
    -10929799.1179 3006987.10138
    -10929805.1292 3006989.20805
    -10929828.7289 3006999.49355
    -10929949.2879 3007042.49447
    -10930070.0696 3007046.21214
    -10930192.6323 3007010.52259
    -10930216.3434 3007010.39867
    -10930219.7943 3007010.39867
    -10930356.272 3006917.7054
    -10930377.868 3006871.48291
    -10930406.0318 3006811.3815
    -10930442.2106 3006419.30335
    -10930461.4689 3006277.79102
    -10930717.3924 3005702.83391
    -10930792.6444 3005679.91045
    -10930904.4092 3005686.84944
    -10931192.3927 3005787.713
    -10931368.9454 3005918.31625
    -10931403.2318 3005943.71834
    -10931512.3249 3006125.25169
    -10931624.0897 3006365.27571
    -10931659.2666 3006398.98101
    -10931670.9552 3006410.13351
    -10931694.2209 3006478.78355
    -10931698.6737 3006482.74891
    -10931750.326 3006621.53703
    -10931777.0427 3006712.74138
    -10931812.6649 3006799.98085
    -10931834.0382 3006847.56624
    -10931858.9738 3006895.15178
    -10931930.2183 3007022.04733
    -10931968.9575 3007080.16686
    -10932012.1494 3007144.97845
    -10932047.7717 3007208.42718
    -10932078.9411 3007259.48378
    -10932081.6128 3007263.94505
    -10932126.0293 3007309.42524
    -10932133.599 3007315.12577
    -10932156.3082 3007332.59913
    -10932163.8779 3007338.42359
    -10932222.6546 3007384.52364
    -10932289.7802 3007438.30722
    -10932339.6514 3007478.33522
    -10932543.1434 3007524.18787
    -10932706.5604 3007545.25535
    -10932842.4815 3007569.04924
    -10932997.8835 3007648.48644
    -10933086.1599 3007722.7191
    -10933177.2192 3007841.69043
    -10933226.3111 3007956.32518
    -10933267.6106 3008052.74301
    -10933447.7256 3008303.20927
    -10933523.6455 3008346.33799
    -10933543.7943 3008358.73132
    -10933657.2288 3008447.96363
    -10933674.3721 3008461.34853
    -10933690.0681 3008469.52819
    -10933780.9048 3008515.1361
    -10933875.3037 3008554.79527
    -10933935.8615 3008572.64193
    -10933962.4669 3008576.60785
    -10934149.595 3008604.36938
    -10934338.3928 3008638.07987
    -10934482.6629 3008644.02879
    -10934651.8685 3008640.06284
    -10934780.1086 3008644.02879
    -10934924.3786 3008640.06284
    -10935077.5542 3008612.30125
    -10935193.3265 3008580.57378
    -10935262.4559 3008562.85105
    -10935301.9743 3008552.81231
    -10935414.1844 3008525.05088
    -10935442.6822 3008514.7643
    -10935490.7722 3008497.28951
    -10935500.2343 3008486.63114
    -10935625.4688 3008464.94262
    -10935696.7132 3008453.66461
    -10935748.0315 3008445.48495
    -10935760.388 3008442.51053
    -10936035.2358 3008375.46234
    -10936212.0112 3008316.47009
    -10936401.0317 3008233.18734
    -10936436.6539 3008217.44794
    -10936576.2485 3008125.98628
    -10936689.6831 3008049.02508
    -10936694.3585 3008045.92681
    -10936872.0244 3008000.56824
    -10936999.3739 3008006.39297
    -10937134.8497 3008090.17015
    -10937246.5032 3008260.08067
    -10937288.6933 3008577.1036
    -10937291.2536 3008650.72132
    -10937298.0441 3008726.44635
    -10937302.3856 3008794.11585
    -10937304.0554 3008820.14267
    -10937306.0591 3008834.39547
    -10937311.5138 3008872.56825
    -10937355.2623 3008895.37282
    -10937382.9809 3008909.87357
    -10937418.7144 3008928.34036
    -10937553.2997 3008997.49807
    -10937853.8623 3009152.29852
    -10938147.7458 3009303.50631
    -10938288.8989 3009376.13619
    -10938317.508 3009390.8853
    -10938346.0058 3009405.51049
    -10938606.0481 3009549.65614
    -10938668.8323 3009597.49843
    -10938684.6397 3009609.64495
    -10938734.2882 3009659.34661
    -10938755.6615 3009675.21151
    -10938817.5552 3009780.56484
    -10938853.6227 3009861.62544
    -10938871.4338 3009956.81646
    -10938886.7959 3010004.28826
    -10938894.5883 3010028.21013
    -10938908.8371 3010067.87343
    -10938903.4938 3010133.31812
    -10938908.8371 3010153.1499
    -10938910.6183 3010170.99853
    -10938930.2105 3010220.57816
    -10938944.4594 3010289.98994
    -10938985.2023 3010378.73833
    -10938987.2061 3010383.20055
    -10939005.0172 3010424.72409
    -10939032.8471 3010454.72028
    -10939088.5068 3010514.96073
    -10939144.1666 3010575.20144
    -10939186.6906 3010621.06387
    -10939190.8094 3010624.6585
    -10939345.2096 3010759.89158
    -10939454.3027 3010835.37971
    -10939474.6741 3010847.52726
    -10939483.0231 3010852.36149
    -10939491.2607 3010857.19573
    -10939551.8185 3010892.77078
    -10939570.8542 3010902.56323
    -10939622.1724 3010929.33757
    -10939673.6021 3010956.11195
    -10939715.6808 3010978.0521
    -10939827.8909 3011073.25045
    -10939918.7276 3011162.49946
    -10940030.9376 3011237.86573
    -10940169.8643 3011323.14908
    -10940280.9612 3011369.01388
    -10940328.3833 3011388.59943
    -10940449.4989 3011440.16658
    -10940565.1599 3011472.76803
    -10940668.687 3011503.6341
    -10940731.0259 3011525.45112
    -10940786.2404 3011539.3347
    -10940957.2271 3011606.76941
    -10941055.1882 3011680.15459
    -10941084.7992 3011702.96357
    -10941170.9605 3011769.40734
    -10941210.145 3011826.92607
    -10941213.7072 3011828.90948
    -10941279.6083 3011914.19631
    -10941294.7478 3011940.47665
    -10941324.1361 3011991.54991
    -10941397.4957 3012055.14381
    -10941429.667 3012130.14282
    -10941393.3769 3012202.04306
    -10941331.2606 3012251.3817
    -10941311.6684 3012273.19985
    -10941217.9373 3012323.65444
    -10941208.3639 3012328.7371
    -10941177.3057 3012335.05944
    -10941010.6605 3012370.39018
    -10940877.0771 3012388.24154
    -10940611.6914 3012429.89479
    -10940351.6491 3012414.02687
    -10940208.1582 3012379.9357
    -10940193.0188 3012376.34063
    -10940013.2378 3012300.72052
    -10939949.4517 3012283.73704
    -10939885.5544 3012266.75358
    -10939865.2942 3012261.29904
    -10939845.0341 3012260.18334
    -10939688.9641 3012251.3817
    -10939510.853 3012257.3321
    -10939420.0162 3012291.05109
    -10939412.0012 3012298.98498
    -10939386.1751 3012324.77015
    -10939370.1451 3012350.55537
    -10939360.1264 3012400.88626
    -10939393.4109 3012472.29197
    -10939408.6617 3012504.77177
    -10939492.5966 3012638.41078
    -10939542.0224 3012776.39001
    -10939577.756 3012929.86711
    -10939569.9636 3013082.72596
    -10939548.8129 3013143.84516
    -10939515.8623 3013200.25357
    -10939463.3195 3013297.32615
    -10939403.9862 3013349.76793
    -10939336.5266 3013394.52335
    -10939294.5592 3013429.2368
    -10939271.0708 3013450.80876
    -10939219.4185 3013457.6275
    -10939061.3448 3013485.02643
    -10938964.4969 3013541.56015
    -10938918.188 3013596.23442
    -10938905.8315 3013620.41018
    -10938883.9016 3013675.58066
    -10938857.1849 3013752.94367
    -10938851.285 3013788.64981
    -10938844.7171 3013828.3234
    -10938842.936 3013883.86662
    -10938857.1849 3013947.34484
    -10938887.4638 3013996.93739
    -10938900.7108 3014006.23601
    -10938949.8027 3014040.57897
    -10939021.0472 3014058.43239
    -10939097.635 3014052.48125
    -10939203.8338 3014027.06495
    -10939286.4329 3013959.24703
    -10939352.7793 3013904.19945
    -10939392.5203 3013871.09662
    -10939449.4046 3013768.31713
    -10939501.5021 3013661.07515
    -10939568.5165 3013586.19219
    -10939663.472 3013519.74009
    -10939783.0291 3013464.0743
    -10939883.5506 3013448.20525
    -10939940.8801 3013444.98185
    -10940022.1434 3013459.36317
    -10940096.9501 3013477.21587
    -10940162.8512 3013497.05223
    -10940216.2846 3013516.88861
    -10940291.0913 3013540.69231
    -10940383.7091 3013582.34887
    -10940407.4201 3013589.66358
    -10940556.4769 3013635.90749
    -10940736.3692 3013691.44996
    -10940875.7412 3013740.54572
    -10940978.6004 3013776.74775
    -10941162.055 3013840.2255
    -10941345.5095 3013911.6383
    -10941447.1442 3013939.90597
    -10941466.6251 3013945.36114
    -10941559.2429 3013990.98627
    -10941618.0196 3014020.61789
    -10941658.9852 3014032.52015
    -10941721.3241 3014044.42242
    -10941742.6974 3014042.43871
    -10941829.9719 3014046.40613
    -10941961.7742 3014038.47128
    -10942170.1643 3014030.53644
    -10942282.3743 3013990.86229
    -10942287.3837 3013988.01072
    -10942384.5656 3013932.83905
    -10942480.3004 3013859.69042
    -10942594.9594 3013754.5554
    -10942633.0307 3013714.01415
    -10942660.6379 3013653.01653
    -10942666.5379 3013640.24674
    -10942684.4603 3013602.30935
    -10942690.4716 3013589.66358
    -10942699.7111 3013540.32038
    -10942725.8712 3013477.21587
    -10942734.7767 3013459.36317
    -10942752.5878 3013423.65784
    -10942791.7723 3013324.47683
    -10942827.3945 3013209.42771
    -10942837.4133 3013178.18608
    -10942854.1112 3013126.11685
    -10942857.8961 3013117.19071
    -10942882.609 3013058.67507
    -10942943.1668 3012923.79246
    -10943023.3168 3012755.19096
    -10943037.5657 3012717.50384
    -10943037.5657 3012661.96509
    -10943016.1924 3012519.15216
    -10942966.3213 3012423.94432
    -10942909.3257 3012326.75363
    -10942846.9868 3012239.48091
    -10942777.5234 3012181.96054
    -10942706.2789 3012146.25836
    -10942654.6267 3012136.3411
    -10942627.91 3012126.42385
    -10942578.0389 3012126.42385
    -10942503.2322 3012092.70525
    -10942481.8588 3012066.92049
    -10942469.3911 3012015.3511
    -10942467.6099 3011939.9808
    -10942485.4211 3011880.4782
    -10942529.9489 3011824.94267
    -10942574.4767 3011793.20817
    -10942611.88 3011761.47374
    -10942658.1889 3011737.67297
    -10942697.3734 3011737.67297
    -10942770.399 3011735.68957
    -10942850.549 3011745.60656
    -10943017.9735 3011763.45714
    -10943026.8791 3011765.44054
    -10943098.1235 3011793.20817
    -10943188.9602 3011828.90948
    -10943265.5481 3011854.69382
    -10943345.6981 3011908.24605
    -10943370.6337 3011928.08026
    -10943399.1314 3011963.78191
    -10943431.1915 3012003.4505
    -10943493.5304 3012122.45695
    -10943532.7148 3012235.51398
    -10943579.0237 3012419.97734
    -10943600.3971 3012537.0037
    -10943671.6416 3012745.27329
    -10943709.0449 3012884.12134
    -10943715.7241 3012900.11375
    -10943719.7316 3012918.58562
    -10943723.7391 3012937.18149
    -10943747.8954 3013048.88116
    -10943757.5802 3013083.34583
    -10943778.6196 3013129.46415
    -10943802.5533 3013173.35107
    -10943856.8772 3013256.29028
    -10943942.1479 3013322.86515
    -10944057.141 3013390.92803
    -10944124.8232 3013433.94791
    -10944172.134 3013454.52807
    -10944229.6862 3013476.96792
    -10944371.9525 3013483.91064
    -10944517.6697 3013479.57144
    -10944557.9673 3013487.75393
    -10944586.5765 3013493.58086
    -10944631.8835 3013505.35871
    -10944676.6339 3013521.97169
    -10944715.5957 3013536.47707
    -10944855.1904 3013612.47557
    -10945030.0733 3013732.61104
    -10945145.7343 3013854.35926
    -10945204.8449 3013944.98919
    -10945269.4102 3014018.63418
    -10945358.4658 3014105.91762
    -10945369.1525 3014118.06791
    -10945474.2381 3014236.84376
    -10945525.3337 3014327.84804
    -10945564.9635 3014428.39976
    -10945633.2023 3014583.01023
    -10945693.2035 3014674.38865
    -10945766.6744 3014763.1639
    -10945788.7156 3014797.13669
    -10945822.3341 3014848.96395
    -10945883.8938 3014939.10415
    -10945951.5761 3015062.10242
    -10946030.6129 3015187.58156
    -10946034.9544 3015195.39304
    -10946043.7486 3015206.67631
    -10946086.9406 3015266.44055
    -10946188.4639 3015365.63486
    -10946256.1462 3015444.99079
    -10946311.3606 3015532.28282
    -10946368.3562 3015627.51109
    -10946421.7896 3015748.53126
    -10946489.4718 3015883.44018
    -10946553.5919 3016002.4785
    -10946582.0896 3016046.12613
    -10946622.3873 3016130.32179
    -10946624.8363 3016135.40578
    -10946633.074 3016176.57381
    -10946639.0852 3016206.8299
    -10946639.1965 3016208.06991
    -10946647.9908 3016278.25437
    -10946646.2097 3016335.79101
    -10946644.4286 3016339.75906
    -10946646.2097 3016367.53546
    -10946646.2097 3016409.20015
    -10946637.3041 3016446.89689
    -10946633.7419 3016486.57776
    -10946617.7119 3016514.35444
    -10946582.0896 3016546.09928
    -10946550.0296 3016569.90796
    -10946512.6263 3016593.71667
    -10946491.2529 3016601.65292
    -10946428.914 3016617.52543
    -10946348.764 3016627.44575
    -10946265.0517 3016631.41388
    -10946181.3395 3016631.41388
    -10946119.0006 3016637.36608
    -10946040.6316 3016629.42982
    -10945953.3572 3016637.36608
    -10945871.426 3016643.31829
    -10945812.6493 3016655.2227
    -10945757.4349 3016694.90415
    -10945736.0615 3016712.76083
    -10945731.0521 3016721.9372
    -10945702.2204 3016774.26737
    -10945705.7826 3016859.58332
    -10945718.2504 3016903.23353
    -10945796.6193 3016988.55024
    -10945832.0189 3017008.2674
    -10945871.426 3017030.21672
    -10945930.7593 3017044.35359
    -10945949.9063 3017048.94188
    -10945969.0532 3017053.40615
    -10945980.0738 3017056.01032
    -10945991.4284 3017057.99444
    -10946026.3828 3017063.94682
    -10946101.1894 3017075.85158
    -10946190.245 3017085.77222
    -10946275.7384 3017097.67699
    -10946391.5107 3017111.56591
    -10946496.5963 3017141.32793
    -10946575.7444 3017169.72591
    -10946607.0252 3017181.01071
    -10946671.1452 3017224.66189
    -10946740.6086 3017286.1706
    -10946813.6342 3017361.56873
    -10946872.4109 3017432.9989
    -10946892.0031 3017476.52683
    -10946902.6898 3017524.14728
    -10946922.282 3017577.72048
    -10946963.2476 3017663.04116
    -10946973.9343 3017724.55174
    -10946984.6209 3017766.22034
    -10946984.5096 3017770.43681
    -10946982.8398 3017837.65251
    -10946963.2476 3017954.72265
    -10946946.8836 3018027.14788
    -10946940.0931 3018057.90391
    -10946896.9012 3018145.33571
    -10946881.3164 3018176.96011
    -10946792.2608 3018272.20578
    -10946639.0852 3018419.04409
    -10946550.0296 3018512.30703
    -10946471.772 3018639.18032
    -10946468.0985 3018645.25736
    -10946414.6651 3018762.33405
    -10946382.6051 3018932.98989
    -10946373.6996 3019069.91289
    -10946396.854 3019200.88394
    -10946428.914 3019339.79391
    -10946475.2229 3019439.01614
    -10946540.5675 3019530.05314
    -10946553.5919 3019548.16138
    -10946671.1452 3019645.40056
    -10946806.6211 3019708.90405
    -10946870.7411 3019721.55517
    -10946947.3289 3019736.68691
    -10947021.3564 3019751.81867
    -10947093.3801 3019766.45433
    -10947184.2168 3019774.39231
    -10947221.8428 3019769.18301
    -10947269.7101 3019762.48533
    -10947484.1115 3019766.45433
    -10947586.6367 3019750.08224
    -10947615.5798 3019738.91947
    -10947704.3014 3019704.93507
    -10947802.2626 3019657.30744
    -10947862.8204 3019597.77312
    -10947942.9704 3019510.45657
    -10947996.4038 3019407.26495
    -10948024.9016 3019284.22976
    -10948049.8371 3019196.9151
    -10948085.4594 3019077.8505
    -10948106.8327 3019016.33417
    -10948127.5381 3018924.30822
    -10948131.7683 3018905.20857
    -10948132.1022 3018862.91657
    -10948133.5494 3018762.33405
    -10948136.4437 3018739.2659
    -10948147.7983 3018649.22605
    -10948154.9227 3018557.94656
    -10948144.2361 3018438.88722
    -10948138.4474 3018382.95447
    -10948132.1022 3018337.56353
    -10948131.7683 3018248.39431
    -10948133.5494 3018151.16452
    -10948151.9171 3018082.58319
    -10948158.485 3018057.90391
    -10948188.7639 3017992.42341
    -10948243.9783 3017919.00624
    -10948320.5661 3017865.43178
    -10948395.3728 3017835.66827
    -10948532.5184 3017809.87329
    -10948618.0118 3017843.6052
    -10948707.0674 3017930.9117
    -10948788.9986 3018047.9826
    -10948840.6508 3018139.25887
    -10948894.0842 3018236.48858
    -10948924.9197 3018300.35794
    -10948943.9553 3018339.67185
    -10949017.8714 3018452.90144
    -10949029.4487 3018470.63628
    -10949034.0128 3018481.42601
    -10949107.8176 3018657.16342
    -10949164.8132 3018815.91183
    -10949182.513 3018885.11675
    -10949200.4354 3018954.81811
    -10949212.9032 3019038.16252
    -10949221.8087 3019149.28914
    -10949214.9069 3019217.2554
    -10949209.3409 3019272.32319
    -10949179.062 3019427.10944
    -10949139.8776 3019571.975
    -10949114.942 3019651.354
    -10949100.9158 3019722.79547
    -10949098.912 3019778.36131
    -10949104.2554 3019859.72595
    -10949127.4098 3020006.58037
    -10949157.1321 3020116.8462
    -10949170.1565 3020165.34358
    -10949291.2721 3020378.6844
    -10949366.858 3020434.87294
    -10949450.125 3020464.64179
    -10949456.9155 3020466.99849
    -10949599.4044 3020445.16799
    -10949625.4532 3020429.78743
    -10949711.6145 3020379.67669
    -10949838.0734 3020226.8648
    -10949855.5506 3020209.99605
    -10949930.6913 3020137.5599
    -10950058.0407 3020063.88377
    -10950119.8231 3020000.37872
    -10950178.2658 3019772.40782
    -10950174.5923 3019760.50084
    -10950148.5435 3019636.34637
    -10950061.603 3019531.29342
    -10949987.2416 3019434.67515
    -10949933.5856 3019291.05124
    -10949911.8783 3019179.92353
    -10949908.5387 3019021.66723
    -10949916.4424 3018916.49472
    -10949944.9401 3018806.48609
    -10950023.1977 3018744.10276
    -10950059.9332 3018715.08159
    -10950190.7336 3018623.42961
    -10950226.0219 3018607.80295
    -10950294.0381 3018577.78988
    -10950342.1281 3018550.00924
    -10950523.8015 3018551.99357
    -10950607.4024 3018563.52749
    -10950653.8227 3018569.85255
    -10950819.4661 3018593.66455
    -10951018.9506 3018609.53924
    -10951189.9373 3018593.66455
    -10951355.5807 3018557.94656
    -10951507.0866 3018546.04058
    -10951665.6055 3018516.27568
    -10951727.9444 3018517.26784
    -10951795.6267 3018518.26
    -10951820.5622 3018526.1973
    -10951890.0256 3018526.1973
    -10951971.9568 3018528.18163
    -10952036.0768 3018534.13461
    -10952085.9479 3018546.04058
    -10952146.5057 3018561.91522
    -10952233.7802 3018597.63322
    -10952305.0247 3018623.42961
    -10952316.2679 3018628.63851
    -10952356.6769 3018647.24171
    -10952355.8977 3018652.32659
    -10952354.8958 3018659.14777
END
END
