48211 Hemphill County
1
    -11192174.9276 4265918.20212
    -11192174.9276 4266057.28369
    -11192174.9276 4266101.58717
    -11192204.0933 4266281.95766
    -11192203.4254 4266418.16336
    -11192202.0896 4266770.68752
    -11192199.3066 4267464.1097
    -11192193.184 4269023.81901
    -11192191.7368 4269407.57267
    -11192189.7331 4270265.13322
    -11192184.6124 4272625.07624
    -11192184.5011 4272691.50292
    -11192179.1577 4272970.52681
    -11192175.0389 4274162.87513
    -11192174.4823 4275489.06458
    -11192174.2597 4276430.43991
    -11192173.9257 4277824.18716
    -11192173.9257 4277908.63329
    -11192173.8144 4278805.03847
    -11192160.4561 4279835.55615
    -11192152.1071 4280484.62359
    -11192147.4317 4280852.1618
    -11192115.3717 4283345.59607
    -11192108.5812 4283440.93814
    -11192105.4642 4283706.36166
    -11192093.6644 4284713.43627
    -11192085.6494 4285407.17667
    -11192081.6419 4285751.79618
    -11192070.7326 4286701.89233
    -11192069.508 4287047.7897
    -11192065.1666 4287057.82185
    -11192036.0009 4289600.65188
    -11192015.6294 4290941.64629
    -11192010.5087 4291284.37905
    -11192007.2804 4293344.02771
    -11192014.5162 4294330.54245
    -11192021.8633 4295340.25207
    -11192022.6425 4295438.45003
    -11192029.6557 4296392.55684
    -11192039.4518 4297750.89733
    -11192058.5987 4300324.02573
    -11192060.8251 4300626.87586
    -11192071.2892 4301935.65439
    -11192080.5287 4304636.27457
    -11192080.4173 4305553.47129
    -11192079.4155 4305747.02444
    -11192080.7513 4306263.9632
    -11192081.7532 4306661.97466
    -11192082.5324 4306952.06001
    -11192082.9777 4307091.39185
    -11192086.206 4308397.23307
    -11189700.518 4308377.1293
    -11188939.4266 4308380.02093
    -11188078.9269 4308376.02772
    -11188062.7856 4308376.16542
    -11187654.6884 4308363.63501
    -11187649.4563 4308363.49731
    -11186893.263 4308392.96445
    -11186611.0681 4308391.58748
    -11185536.5011 4308386.355
    -11184335.2525 4308380.57172
    -11183789.5643 4308373.82457
    -11183362.3201 4308371.34603
    -11179915.8687 4308384.28954
    -11178785.8645 4308352.75697
    -11176871.1693 4308342.70513
    -11176143.0285 4308337.74805
    -11174916.8443 4308331.55172
    -11174285.9967 4308328.3847
    -11173740.086 4308325.63078
    -11173704.1298 4308323.97842
    -11173586.4651 4308318.74597
    -11173571.7709 4308318.05749
    -11173558.4126 4308317.5067
    -11173551.7334 4308317.23131
    -11172818.6945 4308284.73507
    -11172796.9872 4308284.59737
    -11170751.0463 4308284.45968
    -11167762.3406 4308284.73507
    -11167130.4912 4308290.38059
    -11167008.7077 4308291.61986
    -11165619.6631 4308290.2429
    -11164759.386 4308289.69212
    -11163548.3413 4308288.17746
    -11162924.5069 4308287.62668
    -11162730.9223 4308287.62668
    -11162685.0587 4308287.62668
    -11161219.3149 4308292.03294
    -11159824.1477 4308294.78686
    -11159823.1459 4308294.78686
    -11159821.4761 4308294.78686
    -11159817.4686 4308294.78686
    -11159379.649 4308293.5476
    -11158114.837 4308289.96751
    -11156766.2013 4308286.24972
    -11156760.7467 4308286.24972
    -11156711.4321 4308286.11203
    -11154041.3228 4308275.64715
    -11151744.1338 4308266.00846
    -11151572.8131 4308266.14616
    -11151480.3066 4308265.87077
    -11151093.0261 4308264.49381
    -11150703.7419 4308260.08756
    -11150179.6497 4308258.02213
    -11149176.6611 4308250.86197
    -11147374.3985 4308242.87565
    -11145908.9888 4308236.40397
    -11145558.3324 4308253.0651
    -11143847.3518 4308258.02213
    -11142073.1417 4308263.25455
    -11141459.8827 4308265.18229
    -11140708.6987 4308266.55925
    -11139074.7513 4308269.72624
    -11136729.3609 4308302.77322
    -11133874.5726 4308292.17064
    -11132888.0592 4308288.17746
    -11132049.2669 4308285.28585
    -11131993.4958 4308285.14816
    -11131993.4958 4307395.25714
    -11131993.4958 4306605.11498
    -11131993.4958 4306490.29514
    -11131993.4958 4304498.4884
    -11131993.3845 4304490.50484
    -11131993.4958 4304484.86129
    -11131993.4958 4304456.23065
    -11131993.2732 4304450.72477
    -11131993.2732 4302497.82674
    -11131993.3845 4302488.05557
    -11131993.3845 4302487.78033
    -11131993.3845 4302485.85361
    -11131993.3845 4302361.85681
    -11131993.3845 4301652.85899
    -11131993.3845 4300627.28866
    -11131993.3845 4300005.4987
    -11131993.3845 4299967.52375
    -11131993.2732 4299643.36616
    -11131993.2732 4299617.77518
    -11131993.3845 4299230.47825
    -11131993.3845 4296184.17837
    -11131993.4958 4294523.20793
    -11131993.2732 4294519.35734
    -11131993.2732 4294508.90574
    -11131993.2732 4293482.4974
    -11131993.2732 4290589.0264
    -11131993.2732 4289937.5689
    -11131992.16 4284895.35164
    -11131993.0505 4284779.38711
    -11131993.1618 4284769.90665
    -11131993.1618 4284735.28244
    -11131993.1618 4284252.34116
    -11131993.1618 4284194.36217
    -11131993.1618 4284011.90896
    -11131993.1618 4283441.2129
    -11131993.1618 4281445.79791
    -11131993.1618 4281008.60279
    -11131993.0505 4280900.9206
    -11131993.1618 4280389.03273
    -11131993.1618 4280194.00799
    -11131993.1618 4279360.65995
    -11131993.1618 4279194.08039
    -11131993.1618 4278926.84431
    -11131993.0505 4278907.48162
    -11131993.0505 4278904.04852
    -11131993.0505 4278253.83942
    -11131993.0505 4277156.46785
    -11131993.1618 4276327.19629
    -11131993.1618 4276259.64914
    -11131993.1618 4276117.0052
    -11131993.1618 4276076.36781
    -11131993.1618 4275915.74176
    -11131993.0505 4275698.14529
    -11131993.1618 4275533.81822
    -11131993.1618 4275368.66995
    -11131993.1618 4275132.00298
    -11131993.0505 4275012.84777
    -11131993.0505 4274925.81587
    -11131993.0505 4273184.36304
    -11131993.0505 4273168.16734
    -11131993.0505 4273151.97166
    -11131993.0505 4272427.44556
    -11131992.7166 4270953.01411
    -11131992.7166 4270942.31067
    -11131992.8279 4270892.49861
    -11131992.7166 4270700.25092
    -11131993.1618 4270506.77166
    -11131992.7166 4270305.88618
    -11131992.7166 4270295.4578
    -11131992.7166 4270261.97728
    -11131992.8279 4270044.76803
    -11131992.8279 4269868.72606
    -11131992.8279 4269863.51208
    -11131992.8279 4269837.16778
    -11131992.8279 4269709.28909
    -11131992.8279 4269706.27051
    -11131992.9392 4269557.67521
    -11131992.9392 4269422.93957
    -11131992.8279 4269261.99989
    -11131992.9392 4269190.51764
    -11131993.0505 4269061.68613
    -11131992.9392 4268017.37011
    -11131992.9392 4267816.25609
    -11131992.9392 4267341.74595
    -11131992.9392 4266282.23199
    -11131992.9392 4265748.39882
    -11131992.8279 4265624.81989
    -11131992.8279 4265620.29372
    -11131992.9392 4265606.16659
    -11131992.9392 4265277.95598
    -11131992.9392 4265257.10883
    -11131992.9392 4265225.15244
    -11131992.9392 4265204.03109
    -11131992.9392 4263121.17328
    -11131992.9392 4263100.05601
    -11131992.9392 4263068.65442
    -11131992.8279 4263044.65763
    -11131992.8279 4260569.56927
    -11131992.8279 4258393.97825
    -11131992.8279 4258386.71375
    -11131992.8279 4257090.96941
    -11131992.9392 4257076.71626
    -11131992.8279 4257058.62574
    -11131992.8279 4257038.06837
    -11131992.8279 4255433.34226
    -11131992.8279 4255429.2314
    -11131992.8279 4255387.43768
    -11131992.7166 4253087.79605
    -11131992.7166 4253084.50807
    -11131992.7166 4253065.60215
    -11131992.7166 4251959.80013
    -11131992.7166 4251255.8548
    -11131992.7166 4251066.69176
    -11131992.8279 4249548.02691
    -11131992.8279 4249168.53057
    -11131992.7166 4249159.49184
    -11131992.6052 4249138.6754
    -11131992.6052 4249096.22095
    -11131992.6052 4249068.69412
    -11131992.7166 4248403.68886
    -11131992.7166 4248401.08699
    -11131992.7166 4248337.95742
    -11132475.2866 4248337.82048
    -11132484.9714 4248337.82048
    -11132987.2449 4248351.5145
    -11133564.1025 4248341.92869
    -11133647.4808 4248341.6548
    -11133866.6689 4248343.43503
    -11134081.7381 4248343.02421
    -11134223.2252 4248343.02421
    -11134225.4516 4248343.02421
    -11134327.8655 4248344.53055
    -11134446.1981 4248344.66749
    -11134545.2725 4248344.66749
    -11134641.8978 4248344.66749
    -11134726.6119 4248344.25667
    -11134878.897 4248343.57197
    -11134890.029 4248343.57197
    -11134902.2741 4248343.57197
    -11134934.0002 4248343.43503
    -11134944.0189 4248343.43503
    -11134954.0377 4248343.43503
    -11134961.9413 4248343.43503
    -11134971.0695 4248343.29809
    -11135007.1371 4248343.16115
    -11135015.0407 4248343.16115
    -11135295.2319 4248342.06562
    -11135299.1281 4248342.06562
    -11135326.624 4248341.92869
    -11135716.2422 4248339.18988
    -11136443.6038 4248345.76301
    -11136445.2736 4248345.76301
    -11136666.0201 4248346.03689
    -11136692.7368 4248342.33951
    -11136722.6817 4248346.31077
    -11136740.3815 4248346.31077
    -11136980.4977 4248346.72159
    -11137175.7521 4248346.44771
    -11137271.7095 4248347.26935
    -11137349.5218 4248348.50181
    -11137392.7137 4248348.63875
    -11137685.484 4248349.59733
    -11137788.5659 4248348.22793
    -11137857.9179 4248348.09099
    -11137954.5432 4248347.95405
    -11138154.0277 4248350.8298
    -11138207.5724 4248350.1451
    -11138348.1689 4248350.55592
    -11138566.0212 4248352.61002
    -11138643.2769 4248352.8839
    -11138838.8653 4248352.33614
    -11138926.1397 4248352.8839
    -11139009.7407 4248354.11636
    -11139013.3029 4248354.11636
    -11139174.2709 4248353.02084
    -11139389.5628 4248352.47308
    -11139607.1924 4248352.8839
    -11139825.8239 4248354.2533
    -11139852.0953 4248355.21189
    -11139981.2259 4248355.34883
    -11140006.718 4248354.66413
    -11140150.0975 4248355.62271
    -11140179.9312 4248355.07495
    -11140194.1801 4248354.80107
    -11140344.9066 4248355.89659
    -11140381.8647 4248356.71823
    -11140390.5476 4248356.44435
    -11140402.3475 4248356.44435
    -11140424.9454 4248356.30741
    -11140441.7546 4248355.89659
    -11140460.1223 4248355.34883
    -11140495.2993 4248355.48577
    -11140705.2478 4248356.99211
    -11141025.2914 4248357.40293
    -11141270.5282 4248358.77234
    -11141387.0797 4248358.49845
    -11141512.8707 4248358.49845
    -11141540.8119 4248359.18316
    -11141796.0675 4248359.3201
    -11141937.6659 4248360.0048
    -11141992.8804 4248359.59398
    -11142175.4443 4248360.6895
    -11142270.6225 4248361.78502
    -11142337.1916 4248361.3742
    -11142409.6606 4248361.78502
    -11142439.8281 4248361.92196
    -11142638.4221 4248362.88055
    -11142813.5277 4248364.38689
    -11142980.7295 4248363.97607
    -11143002.5482 4248364.38689
    -11143027.4837 4248364.11301
    -11143063.9965 4248363.70219
    -11143335.3934 4248363.70219
    -11143351.0895 4248363.56525
    -11143357.9913 4248363.42831
    -11143375.8024 4248363.15443
    -11143400.2927 4248363.97607
    -11143473.4296 4248364.38689
    -11143556.8079 4248365.61935
    -11143648.7578 4248364.79771
    -11143655.437 4248364.79771
    -11143728.3512 4248364.93465
    -11143779.7809 4248364.24995
    -11143941.4168 4248364.93465
    -11144102.83 4248364.11301
    -11144109.6205 4248363.97607
    -11144248.4359 4248364.52383
    -11144343.3914 4248365.61935
    -11144354.0781 4248365.7563
    -11144477.5314 4248367.26264
    -11144612.7846 4248367.26264
    -11144763.7338 4248367.8104
    -11144917.8 4248368.35816
    -11144974.6843 4248369.31675
    -11145351.6121 4248370.82309
    -11145356.2875 4248370.82309
    -11145397.4757 4248371.09697
    -11145470.2786 4248371.37085
    -11145527.2742 4248370.96003
    -11145582.8226 4248371.5078
    -11145691.3591 4248370.96003
    -11145715.9608 4248370.96003
    -11146190.961 4248371.37085
    -11146333.6726 4248370.96003
    -11146356.9384 4248371.91862
    -11146379.3136 4248371.37085
    -11146932.6828 4248372.32944
    -11146942.3676 4248372.60332
    -11146962.4051 4248373.01414
    -11147054.021 4248372.46638
    -11147202.9665 4248373.28802
    -11147232.1322 4248372.8772
    -11147336.5499 4248372.8772
    -11147337.9971 4248372.8772
    -11147612.9562 4248372.74026
    -11147795.4088 4248373.69884
    -11147862.9798 4248373.15108
    -11147864.6496 4248373.15108
    -11147883.4626 4248373.01414
    -11148072.5944 4248373.97272
    -11148166.2141 4248373.42496
    -11148262.9507 4248374.10966
    -11148348.1101 4248374.10966
    -11148411.8962 4248374.93131
    -11148901.034 4248375.20519
    -11148901.9246 4248375.20519
    -11149078.9226 4248375.34213
    -11149193.359 4248376.16377
    -11149332.0631 4248376.16377
    -11149384.9399 4248376.57459
    -11149386.387 4248376.57459
    -11149412.6584 4248376.71154
    -11149465.6465 4248376.02683
    -11149647.4312 4248375.47907
    -11149648.9897 4248375.47907
    -11149805.9502 4248375.06825
    -11150038.3853 4248376.71154
    -11150193.4533 4248376.98542
    -11150335.2743 4248380.68281
    -11150346.6289 4248380.68281
    -11150382.3625 4248380.68281
    -11151201.1173 4248381.6414
    -11151264.4581 4248381.36752
    -11151292.7333 4248381.23058
    -11151365.8702 4248382.3261
    -11151893.9699 4248384.65409
    -11151948.1824 4248384.65409
    -11152008.6289 4248384.65409
    -11152145.5519 4248385.74962
    -11152284.3673 4248386.43432
    -11152326.6687 4248385.47574
    -11152450.9013 4248384.51715
    -11152625.6729 4248385.74962
    -11152790.3144 4248384.65409
    -11152912.8772 4248385.33879
    -11152990.1329 4248385.74962
    -11153115.8126 4248384.79103
    -11153222.568 4248384.10633
    -11153325.3159 4248383.42163
    -11153337.2271 4248383.28468
    -11153674.4138 4248387.25597
    -11154178.6911 4248387.52985
    -11154180.5835 4248387.52985
    -11154315.0575 4248387.66679
    -11154353.7966 4248388.76231
    -11154457.769 4248386.84514
    -11154531.5739 4248387.80373
    -11154588.1242 4248387.11902
    -11154710.353 4248387.80373
    -11154753.5449 4248386.98208
    -11154887.351 4248387.52985
    -11155019.8212 4248386.43432
    -11155023.7173 4248386.57126
    -11155029.0607 4248386.7082
    -11155110.2126 4248388.07761
    -11155168.9893 4248387.66679
    -11155296.3388 4248389.58396
    -11155465.5444 4248388.35149
    -11155669.4817 4248388.21455
    -11156169.6402 4248387.94067
    -11156207.2662 4248388.76231
    -11156297.2123 4248387.66679
    -11156351.7589 4248387.39291
    -11156353.54 4248387.39291
    -11156865.4983 4248385.20186
    -11157217.3792 4248386.29738
    -11157406.3997 4248386.16044
    -11157408.4035 4248386.16044
    -11157729.7828 4248386.0235
    -11157867.1511 4248387.11902
    -11157929.3787 4248386.0235
    -11158085.8939 4248386.43432
    -11158170.2741 4248386.7082
    -11158259.3297 4248388.07761
    -11158275.471 4248389.31008
    -11158291.9463 4248389.44702
    -11158358.6266 4248387.66679
    -11158366.3077 4248387.66679
    -11158370.2039 4248387.66679
    -11158455.1406 4248387.11902
    -11158574.8091 4248387.80373
    -11158729.2092 4248387.94067
    -11158800.4537 4248388.35149
    -11158805.1291 4248388.35149
    -11158922.0146 4248388.89925
    -11159063.9469 4248388.35149
    -11159163.0213 4248389.03619
    -11159164.9137 4248389.03619
    -11159209.3302 4248389.31008
    -11159823.5911 4248389.7209
    -11159850.1965 4248389.7209
    -11160055.247 4248391.50113
    -11160060.1451 4248391.50113
    -11160066.1563 4248391.50113
    -11160162.1137 4248390.67948
    -11160263.1918 4248391.22725
    -11160371.0604 4248388.89925
    -11160446.9803 4248388.89925
    -11160760.7899 4248391.63807
    -11160799.6404 4248392.04889
    -11160856.8587 4248391.63807
    -11160963.7254 4248390.95336
    -11161054.896 4248390.95336
    -11161152.8572 4248389.31008
    -11161198.7208 4248388.48843
    -11161343.5475 4248388.48843
    -11161463.1046 4248389.44702
    -11161517.9851 4248389.17314
    -11161536.7981 4248389.03619
    -11161662.0325 4248390.26866
    -11161712.7942 4248389.85784
    -11161763.7785 4248390.13172
    -11161911.9448 4248389.17314
    -11162008.3475 4248389.99478
    -11162011.6871 4248389.99478
    -11162044.081 4248390.26866
    -11162179.8908 4248390.26866
    -11162184.3436 4248390.26866
    -11162231.2091 4248391.50113
    -11162255.4767 4248391.50113
    -11162359.8944 4248389.85784
    -11162835.8966 4248390.67948
    -11162854.0416 4248390.54254
    -11162947.7727 4248389.85784
    -11162968.5894 4248390.26866
    -11163070.1128 4248390.4056
    -11163156.7193 4248391.22725
    -11163255.0144 4248391.0903
    -11163300.7668 4248391.50113
    -11163341.8436 4248391.63807
    -11163375.5735 4248391.77501
    -11163402.1788 4248391.77501
    -11163460.0649 4248391.77501
    -11163518.8416 4248392.59665
    -11163694.9491 4248392.18583
    -11163780.8877 4248392.59665
    -11164091.0238 4248392.18583
    -11164144.6798 4248392.59665
    -11164155.9231 4248392.59665
    -11164192.3246 4248392.45971
    -11164244.4221 4248392.32277
    -11164269.9142 4248392.32277
    -11164293.7366 4248392.18583
    -11164298.412 4248392.18583
    -11164352.7359 4248391.63807
    -11164383.6828 4248391.36419
    -11164530.2905 4248391.36419
    -11164633.4837 4248390.54254
    -11164772.5217 4248391.0903
    -11164831.6324 4248391.77501
    -11164840.4266 4248391.91195
    -11164861.8 4248391.63807
    -11164890.4091 4248391.22725
    -11164988.8155 4248391.50113
    -11165078.4277 4248390.54254
    -11165172.1587 4248391.50113
    -11165229.9335 4248391.0903
    -11165321.8834 4248390.4056
    -11165349.0454 4248390.67948
    -11165377.3205 4248390.26866
    -11165636.5836 4248390.81642
    -11165637.1402 4248390.81642
    -11165726.6411 4248390.95336
    -11165733.7655 4248390.95336
    -11166195.8528 4248389.58396
    -11166200.0829 4248389.58396
    -11166204.8696 4248389.58396
    -11166213.8865 4248389.58396
    -11166225.4637 4248389.17314
    -11166380.7544 4248388.07761
    -11166552.5204 4248388.48843
    -11166591.9275 4248388.62537
    -11166604.7292 4248389.17314
    -11166805.2156 4248388.48843
    -11166825.0305 4248388.89925
    -11166844.4001 4248388.62537
    -11166863.1018 4248389.03619
    -11166881.9148 4248388.76231
    -11166962.9554 4248388.76231
    -11167094.6463 4248388.48843
    -11167159.7682 4248388.35149
    -11167201.0678 4248388.62537
    -11167220.4373 4248388.62537
    -11167353.5755 4248388.62537
    -11167513.2076 4248388.62537
    -11167536.9187 4248388.48843
    -11167675.8454 4248388.07761
    -11167814.7721 4248387.66679
    -11168005.9077 4248387.11902
    -11168121.6799 4248387.52985
    -11168211.1808 4248387.11902
    -11168263.501 4248386.84514
    -11168477.1231 4248387.94067
    -11168505.1756 4248387.52985
    -11168663.0266 4248387.80373
    -11168663.8059 4248387.80373
    -11168668.9266 4248387.80373
    -11168862.2885 4248386.98208
    -11169078.2483 4248386.84514
    -11169183.5566 4248386.0235
    -11169339.8491 4248386.29738
    -11169485.2324 4248385.33879
    -11169750.2841 4248385.61268
    -11169807.1684 4248385.74962
    -11169915.7049 4248384.92797
    -11169936.7442 4248385.33879
    -11169958.8968 4248384.92797
    -11169982.4966 4248385.33879
    -11170769.6367 4248382.73692
    -11170921.1425 4248383.0108
    -11170922.701 4248383.0108
    -11171037.694 4248383.14775
    -11171178.9584 4248382.05222
    -11171201.2223 4248382.46304
    -11171342.4868 4248382.05222
    -11171356.4017 4248382.05222
    -11171359.1847 4248382.05222
    -11171406.4955 4248382.3261
    -11171430.3178 4248382.73692
    -11171442.4517 4248382.87386
    -11171451.4686 4248383.0108
    -11171468.3891 4248382.87386
    -11171545.0882 4248382.3261
    -11171582.9369 4248382.73692
    -11171604.0876 4248382.3261
    -11171675.2207 4248382.18916
    -11171676.4452 4248382.18916
    -11171818.9342 4248381.91528
    -11171873.5921 4248382.3261
    -11172114.1535 4248382.05222
    -11172114.9327 4248382.05222
    -11172157.902 4248382.05222
    -11172195.0828 4248383.14775
    -11172210.7788 4248382.87386
    -11172276.012 4248382.3261
    -11172441.6554 4248382.46304
    -11172537.9468 4248381.77834
    -11172660.2869 4248382.18916
    -11172734.6483 4248381.50446
    -11172904.4105 4248382.46304
    -11173065.7125 4248382.73692
    -11173224.2314 4248382.05222
    -11173274.7705 4248382.3261
    -11173373.1769 4248381.77834
    -11173564.0898 4248381.6414
    -11173731.2917 4248378.35482
    -11173738.9728 4248378.35482
    -11174198.6109 4248378.21788
    -11174422.0292 4248401.77169
    -11174453.4213 4248402.04557
    -11175147.6096 4248408.75568
    -11175532.6637 4248412.45308
    -11175557.154 4248412.72697
    -11175581.533 4248413.00085
    -11175596.1158 4248413.13779
    -11175810.9625 4248415.19191
    -11175819.0888 4248415.32885
    -11175827.2151 4248415.32885
    -11175847.03 4248415.60273
    -11175866.8448 4248415.73967
    -11176189.4487 4248418.88931
    -11176221.0635 4248419.30014
    -11176236.9821 4248419.43708
    -11176671.0168 4248423.68225
    -11177868.258 4248435.4592
    -11177882.0616 4248435.59614
    -11177896.1992 4248435.73308
    -11177918.797 4248435.87002
    -11177928.9271 4248436.00697
    -11177939.1685 4248436.14391
    -11177949.7438 4248436.28085
    -11177959.7626 4248436.41779
    -11177969.7813 4248436.41779
    -11178177.6148 4248438.47191
    -11178595.7308 4248444.90815
    -11178605.8609 4248445.0451
    -11178840.8564 4248441.21074
    -11178845.3091 4248441.0738
    -11178848.2034 4248441.0738
    -11178855.7732 4248440.93685
    -11178863.2316 4248440.79991
    -11178886.2747 4248440.52603
    -11178909.3178 4248440.11521
    -11179174.3695 4248435.73308
    -11180490.2772 4248419.1632
    -11181518.4241 4248406.1538
    -11181932.9778 4248401.08699
    -11182171.8695 4248401.08699
    -11182741.4913 4248401.90863
    -11183886.1896 4248403.41498
    -11184065.1914 4248403.68886
    -11184151.464 4248406.29074
    -11184168.1619 4248406.8385
    -11184545.8689 4248413.82249
    -11184658.3016 4248416.01355
    -11184664.3129 4248411.90532
    -11184849.1032 4248409.57732
    -11184917.5647 4248408.48179
    -11184985.9149 4248407.38627
    -11185083.7647 4248405.87992
    -11185181.6145 4248404.37357
    -11185320.5413 4248402.18251
    -11185459.3567 4248399.99146
    -11185466.8151 4248399.85452
    -11185474.3848 4248399.71758
    -11185482.2885 4248399.58064
    -11185490.1922 4248399.4437
    -11185533.1615 4248399.03287
    -11185535.4992 4248399.03287
    -11185537.9482 4248399.03287
    -11185546.8538 4248398.89593
    -11185624.7774 4248398.07429
    -11185702.5898 4248397.25264
    -11187033.5256 4248383.42163
    -11187036.9765 4248383.42163
    -11187046.3273 4248386.57126
    -11187102.5437 4248402.18251
    -11187211.9707 4248403.96274
    -11187654.3544 4248411.4945
    -11188034.7331 4248402.73028
    -11188116.9982 4248378.08094
    -11188212.9556 4248378.21788
    -11188225.4234 4248378.21788
    -11188263.606 4248378.21788
    -11188282.1963 4248378.21788
    -11188433.5908 4248378.35482
    -11188559.6045 4248377.12236
    -11188674.8202 4248377.2593
    -11189255.24 4248379.99811
    -11189642.1865 4248379.17647
    -11189791.3547 4248379.45035
    -11189875.9575 4248367.39958
    -11190150.4713 4248365.48241
    -11190960.098 4248359.59398
    -11192027.6519 4248362.88055
    -11192079.1928 4248362.74361
    -11192079.6381 4248467.91434
    -11192071.4005 4248620.19459
    -11192058.8214 4248635.80617
    -11192072.9589 4250374.99379
    -11192079.7494 4251658.29942
    -11192080.64 4251828.56891
    -11192083.3117 4252337.06443
    -11192076.2985 4252431.17705
    -11192082.4211 4252957.37329
    -11192098.2285 4254327.16391
    -11192106.8001 4255067.61825
    -11192110.251 4255348.5217
    -11192123.832 4256444.52524
    -11192139.0827 4257675.63893
    -11192158.341 4258553.66131
    -11192158.5636 4258562.43366
    -11192156.8938 4258567.50519
    -11192155.0014 4258573.26205
    -11192147.7656 4258585.46113
    -11192138.7488 4258602.32056
    -11192135.7431 4258610.95588
    -11192137.9695 4258747.8884
    -11192143.5355 4259081.24879
    -11192145.2053 4259098.10898
    -11192149.5468 4259117.98485
    -11192154.8901 4259127.99134
    -11192162.7938 4259140.87641
    -11192167.6918 4259150.47169
    -11192174.2597 4259158.97038
    -11192175.0389 4259197.07746
    -11192171.6993 4259525.10542
    -11192171.588 4259532.50776
    -11192168.6937 4259808.04259
    -11192166.4673 4260028.20129
    -11192162.1259 4260092.90631
    -11192160.2334 4260247.4048
    -11192161.5693 4260336.51317
    -11192162.4598 4260476.20914
    -11192162.4598 4260477.44297
    -11192170.4748 4261672.40333
    -11192173.4804 4262118.2848
    -11192173.4804 4262119.24459
    -11192177.9332 4262799.89341
    -11192177.9332 4262807.43508
    -11192179.2691 4262898.89542
    -11192180.0483 4263171.90977
    -11192181.7181 4263209.34521
    -11192182.9426 4263235.67352
    -11192186.2822 4263265.56719
    -11192187.1727 4263270.64089
    -11192186.1709 4263496.62883
    -11192186.1709 4263499.37143
    -11192183.4992 4263525.70044
    -11192172.1446 4263799.14185
    -11192171.6993 4263811.0725
    -11192172.4786 4263814.36372
    -11192174.1484 4263825.60871
    -11192175.1502 4263832.60256
    -11192176.4861 4263851.38997
    -11192177.154 4263879.63971
    -11192177.8219 4263912.14071
    -11192178.8238 4263955.20126
    -11192179.937 4264134.71347
    -11192179.603 4264157.61555
    -11192179.603 4264159.12407
    -11192179.0464 4264187.23747
    -11192177.7106 4264212.60816
    -11192176.5974 4264221.79647
    -11192174.8163 4264237.15607
    -11192170.2522 4264260.74406
    -11192167.8032 4264268.56102
    -11192167.9145 4264295.57757
    -11192174.9276 4265918.20212
END
END
