48247 Jim Hogg County
1
    -11015552.5292 3134510.25579
    -11015552.6405 3134564.14604
    -11015553.0858 3134726.0681
    -11015553.3084 3134780.08421
    -11015553.5311 3134891.36807
    -11015554.3103 3135225.47503
    -11015554.6443 3135336.88747
    -11015555.0895 3135755.53608
    -11015555.9801 3136527.46789
    -11015556.0914 3136540.72353
    -11015556.5367 3137011.68206
    -11015556.982 3137430.50582
    -11015557.2046 3137642.98644
    -11015558.4291 3138281.19808
    -11015558.8744 3138494.06683
    -11015555.8688 3138748.21285
    -11015555.7575 3138760.72016
    -11015555.5348 3138773.47762
    -11015554.5329 3138861.40437
    -11015554.4216 3138872.28581
    -11015554.3103 3138883.16726
    -11015551.3047 3139137.0702
    -11015551.416 3139255.01781
    -11015554.0877 3141538.36937
    -11015554.8669 3142172.88058
    -11015555.0895 3142299.61113
    -11015554.8669 3142359.03602
    -11015554.6443 3142537.43731
    -11015554.6443 3142596.98832
    -11015555.0895 3142921.27053
    -11015556.7593 3143894.28743
    -11015557.3159 3144218.72488
    -11015557.4273 3144396.89966
    -11015557.9839 3144931.31254
    -11015558.2065 3145109.62155
    -11015558.4291 3145265.40918
    -11015558.5404 3145414.94191
    -11015559.097 3145795.35039
    -11015559.6536 3146331.31848
    -11015560.0989 3146636.91584
    -11015560.2102 3146791.84449
    -11015560.6555 3147105.83684
    -11015560.7668 3147257.01622
    -11015561.1008 3147412.07691
    -11015561.3234 3147699.05011
    -11015562.214 3148560.13026
    -11015562.548 3148847.25223
    -11015562.6593 3148871.28363
    -11015562.9932 3148943.37808
    -11015563.1046 3148967.53481
    -11015563.1046 3149052.89727
    -11015563.3272 3149278.5721
    -11015563.3272 3149308.98779
    -11015563.4385 3149394.47751
    -11015565.8875 3151186.75303
    -11015566.1102 3151439.00194
    -11015567.78 3153047.49342
    -11015568.4479 3153278.49144
    -11015564.997 3154134.65736
    -11015562.3253 3154779.88413
    -11015571.5648 3155965.8621
    -11015583.3647 3157169.85013
    -11014005.077 3157154.82155
    -11013993.7224 3157154.94679
    -11013791.2322 3157153.19346
    -11013736.1291 3157152.56727
    -11013571.1536 3157151.06441
    -11013509.7052 3157150.31298
    -11013497.9054 3157150.31298
    -11013482.5433 3157150.18774
    -11010455.655 3157121.13255
    -11010213.5351 3157122.76064
    -11010116.4645 3157123.13636
    -11009249.2857 3157112.61639
    -11009065.7198 3157110.61259
    -11007857.4581 3157097.96359
    -11006748.7159 3157086.56697
    -11004716.4673 3157049.99768
    -11004442.7327 3157047.11723
    -11004336.1999 3157045.9901
    -11004316.4964 3157045.86486
    -11003986.9907 3157042.98441
    -11001502.8963 3157025.7017
    -10998669.5926 3157001.03005
    -10998152.7362 3156996.3963
    -10998155.9645 3158090.50661
    -10998158.3022 3159146.49982
    -10998158.7474 3159284.78312
    -10998159.1927 3159530.16422
    -10998161.8644 3160487.80565
    -10998162.087 3160573.86509
    -10998162.3097 3160659.79978
    -10998163.2002 3160966.08737
    -10998167.319 3162395.89455
    -10998166.6511 3163253.62392
    -10998166.2058 3164117.92187
    -10998167.7643 3164999.06494
    -10998166.2058 3165514.46933
    -10998179.0076 3167773.05079
    -10997538.9205 3167778.44015
    -10995618.9933 3167794.85889
    -10994979.0175 3167800.37358
    -10994570.2523 3167803.63227
    -10993344.0681 3167813.40833
    -10992937.3067 3167816.79235
    -10992935.4143 3167816.79235
    -10992929.2917 3167816.79235
    -10992913.8183 3167817.04302
    -10992911.1466 3167816.91768
    -10992905.1354 3167817.04302
    -10992871.2943 3167817.29368
    -10992832.7777 3167817.79502
    -10992829.1042 3167818.17102
    -10992770.4388 3167824.81374
    -10992740.3825 3167828.44843
    -10992740.1599 3167832.33379
    -10992738.7128 3167867.67811
    -10992734.7053 3167973.96228
    -10992733.3694 3168009.43229
    -10992733.2581 3168013.94439
    -10992730.3638 3168104.06122
    -10992617.4858 3168105.56526
    -10992026.8246 3168113.21081
    -10991856.2832 3168115.46687
    -10991851.0511 3168115.59221
    -10991829.9004 3168115.2162
    -10991763.554 3168113.33615
    -10991734.7223 3168112.96014
    -10991638.3196 3168112.08278
    -10991480.9138 3168111.33076
    -10991449.5217 3168111.33076
    -10991354.4549 3168111.45609
    -10991291.2254 3168111.08008
    -10991101.537 3168109.95205
    -10991038.4189 3168109.57604
    -10990226.2318 3168121.23237
    -10988333.0213 3168148.55584
    -10986512.5023 3168164.09766
    -10986354.6513 3168166.2284
    -10986324.8177 3168165.97772
    -10986226.4112 3168165.35103
    -10986055.2018 3168168.23379
    -10985761.7637 3168167.23109
    -10985707.5511 3168167.23109
    -10985651.8913 3168167.35643
    -10985574.1903 3168166.72974
    -10985545.6925 3168165.97772
    -10985539.236 3168173.12195
    -10985534.7832 3168173.12195
    -10985504.059 3168172.49526
    -10985293.6652 3168169.11115
    -10985223.6453 3168167.98312
    -10985153.0687 3168168.86048
    -10984942.0069 3168171.86858
    -10984871.653 3168172.99661
    -10984694.3211 3168174.24999
    -10984162.4365 3168179.13815
    -10984016.942 3168180.51686
    -10983985.4386 3168181.14354
    -10983494.9649 3168186.78373
    -10982023.7665 3168203.95498
    -10981533.4041 3168209.84585
    -10981527.2816 3168209.84585
    -10981079.5546 3168214.60868
    -10979718.2285 3168229.39855
    -10979264.4903 3168234.41206
    -10978917.5074 3168238.1722
    -10978895.2435 3168236.91882
    -10978887.7851 3168236.54281
    -10978887.4512 3168162.71895
    -10978880.772 3166668.77887
    -10978878.6569 3166173.63337
    -10978878.6569 3166170.87634
    -10978878.2116 3166088.5418
    -10978877.0984 3165841.79174
    -10978876.8758 3165772.6173
    -10978872.8683 3165772.6173
    -10978865.2986 3165772.6173
    -10978462.7673 3165774.74766
    -10977255.5074 3165781.13877
    -10976853.1988 3165783.39445
    -10976755.2376 3165783.89572
    -10976461.4655 3165785.39951
    -10976363.6157 3165786.02608
    -10976354.3761 3165786.02608
    -10976285.8033 3165786.40203
    -10975306.0805 3165791.6653
    -10974930.4885 3165793.79567
    -10974937.0564 3168357.87048
    -10974417.751 3168364.26277
    -10973360.4384 3168377.29805
    -10972694.5252 3168385.4451
    -10970827.1408 3168408.75823
    -10970825.6936 3168262.36245
    -10970818.3465 3167512.735
    -10970816.2315 3167300.29987
    -10970809.9976 3166663.1393
    -10970808.3278 3166486.55926
    -10970798.977 3166486.43394
    -10970776.6017 3166485.93265
    -10970144.9749 3166474.52834
    -10968250.4285 3166440.56611
    -10967618.9131 3166429.28716
    -10967586.5191 3166428.66055
    -10967489.6711 3166427.03137
    -10967457.3885 3166426.53008
    -10967451.4885 3166426.40476
    -10967451.3772 3166420.76529
    -10967450.7093 3166384.29676
    -10967450.4867 3166372.26593
    -10967457.4998 3166112.60299
    -10967478.4279 3165333.64329
    -10967485.5523 3165074.12508
    -10967493.122 3164794.31198
    -10967496.4616 3164671.51177
    -10967513.7161 3163955.0318
    -10967520.5066 3163675.36654
    -10967530.1914 3163280.31135
    -10967528.8556 3163226.05949
    -10967498.0201 3161878.22548
    -10967487.7787 3161428.97652
    -10967493.9013 3161240.93769
    -10967512.6029 3160676.96173
    -10967518.8368 3160489.05834
    -10967519.0595 3160457.36555
    -10967518.2802 3160391.72538
    -10967518.6142 3160317.81792
    -10967522.2877 3160054.38488
    -10967525.2934 3159717.05257
    -10967525.7386 3159680.47637
    -10967531.7499 3159267.87341
    -10967533.865 3158987.92664
    -10967535.4234 3158874.44646
    -10967538.5404 3158696.58757
    -10967541.546 3158312.44516
    -10967545.2196 3158044.04024
    -10967550.3403 3157494.47134
    -10967551.3421 3157401.4175
    -10967554.3478 3157142.29775
    -10967610.6754 3156633.59047
    -10967638.8392 3156650.12128
    -10967719.5459 3156698.08581
    -10967723.776 3156697.96057
    -10967752.1625 3156696.583
    -10967992.2786 3156684.93625
    -10968712.961 3156650.37175
    -10968953.2998 3156638.9755
    -10968972.3354 3156639.7269
    -10969029.9989 3156642.60727
    -10969049.2572 3156643.73438
    -10969040.2403 3156630.20917
    -10969038.4592 3156627.20357
    -10969007.735 3156573.22811
    -10968997.7163 3156555.31983
    -10968997.271 3156554.4432
    -10968978.0127 3156524.01169
    -10968955.4149 3156496.46059
    -10968945.8414 3156477.17485
    -10968923.9115 3156437.85207
    -10968889.625 3156384.8792
    -10968870.4781 3156360.70961
    -10968842.9822 3156321.38715
    -10968818.3806 3156294.58783
    -10968797.1186 3156269.04087
    -10968766.951 3156229.09253
    -10968725.8741 3156113.2555
    -10968716.9685 3156083.57633
    -10968720.4194 3155872.06711
    -10968711.5139 3155751.47448
    -10968673.8879 3155654.926
    -10968650.5108 3155599.82729
    -10968634.8147 3155580.5428
    -10968604.6472 3155526.69662
    -10968578.5984 3155486.7504
    -10968509.3577 3155387.44887
    -10968484.7561 3155341.36718
    -10968429.8755 3155294.4091
    -10968369.763 3155259.47239
    -10968368.2046 3155258.59584
    -10968314.7712 3155222.78268
    -10968259.2228 3155200.61864
    -10968214.695 3155188.22181
    -10968187.1991 3155173.82148
    -10968158.4786 3155164.80562
    -10968122.8564 3155151.65751
    -10968086.4549 3155135.87979
    -10968034.3574 3155121.35429
    -10968006.3049 3155116.47072
    -10967972.6864 3155116.47072
    -10967940.5151 3155119.22555
    -10967878.0648 3155126.86396
    -10967761.5133 3155169.56399
    -10967643.626 3155216.39643
    -10967577.8362 3155241.19013
    -10967505.1445 3155253.46178
    -10967449.5961 3155252.83568
    -10967382.4705 3155219.65216
    -10967325.5862 3155155.53933
    -10967298.2016 3155120.47775
    -10967268.7019 3155072.143
    -10967252.2267 3155034.95291
    -10967222.8383 3154973.59573
    -10967209.8139 3154931.64761
    -10967196.1216 3154897.08746
    -10967142.0204 3154799.91882
    -10967123.5413 3154769.61636
    -10967107.066 3154759.97469
    -10967081.6852 3154756.46862
    -10967041.2762 3154763.35553
    -10966998.0843 3154779.25805
    -10966903.4627 3154808.05792
    -10966796.4847 3154850.13088
    -10966744.3871 3154874.92394
    -10966689.5066 3154896.21094
    -10966633.2903 3154913.491
    -10966603.7906 3154916.87189
    -10966555.144 3154929.26847
    -10966494.8088 3154930.64587
    -10966444.1585 3154923.00757
    -10966354.3236 3154890.57614
    -10966306.3449 3154860.27349
    -10966273.5057 3154834.10307
    -10966237.2155 3154799.54317
    -10966182.8916 3154740.44092
    -10966144.5977 3154634.25785
    -10966132.2413 3154579.78926
    -10966124.0036 3154527.44953
    -10966117.881 3154470.97793
    -10966100.1812 3154169.0904
    -10966093.3908 3154120.1329
    -10966091.387 3154081.56803
    -10966086.6003 3154046.38394
    -10966074.2438 3153990.66555
    -10966060.5515 3153958.2363
    -10966007.1182 3153869.33796
    -10965905.7061 3153721.09185
    -10965881.1045 3153673.5132
    -10965847.486 3153613.53929
    -10965656.4618 3153329.57445
    -10965629.7451 3153314.42482
    -10965592.0078 3153287.50608
    -10965553.6025 3153268.8508
    -10965522.767 3153255.82968
    -10965486.6995 3153244.18581
    -10965481.6902 3153242.68337
    -10965387.8478 3153238.55168
    -10965333.6352 3153241.18094
    -10965274.7472 3153239.17769
    -10965202.0556 3153229.41187
    -10965131.479 3153209.37944
    -10965044.4272 3153188.72103
    -10965006.022 3153181.08368
    -10964969.7318 3153178.45443
    -10964956.7074 3153178.45443
    -10964814.1072 3153156.54404
    -10964715.4781 3153126.24516
    -10964632.5451 3153111.09575
    -10964576.9967 3153102.20643
    -10964487.1618 3153056.0071
    -10964428.1625 3153018.82239
    -10964374.0612 3152989.90101
    -10964319.8486 3152949.33607
    -10964293.7999 3152924.54644
    -10964279.4397 3152906.64285
    -10964267.7511 3152904.51445
    -10964248.6042 3152903.88845
    -10964224.5591 3152897.00246
    -10964184.2615 3152864.20015
    -10964184.2615 3152796.46739
    -10964184.2615 3152593.52147
    -10964184.2615 3152525.91522
    -10964184.2615 3152520.78216
    -10964184.2615 3152505.7586
    -10964184.2615 3152500.75075
    -10964184.2615 3151996.71984
    -10964184.2615 3150484.98676
    -10964184.2615 3149981.15388
    -10964184.2615 3149855.2298
    -10964184.2615 3149477.46437
    -10964184.2615 3149351.67
    -10964184.2615 3149130.12446
    -10964184.2615 3148465.63413
    -10964184.3728 3148244.22782
    -10964184.3728 3148231.33655
    -10964184.3728 3148193.03829
    -10964184.3728 3148180.27222
    -10964183.4823 3147606.9377
    -10964181.1445 3145887.07543
    -10964180.4766 3145320.46707
    -10964181.1445 3145313.96022
    -10964181.1445 3145312.95916
    -10964181.1445 3145310.83192
    -10964181.3672 3145310.20627
    -10964181.4785 3144939.9464
    -10964182.4804 3143829.3508
    -10964182.9257 3143459.2553
    -10964181.7011 3142324.3819
    -10964180.5879 3141231.75765
    -10962123.849 3141226.62875
    -10961327.9147 3141224.75232
    -10961325.9109 3140984.6968
    -10961323.0166 3140622.80744
    -10961314.445 3139537.19556
    -10961311.662 3139175.46873
    -10961311.4394 3139137.82066
    -10961310.4375 3138873.66163
    -10961307.0979 3137968.65459
    -10961306.0961 3137666.99858
    -10961303.4244 3137349.46638
    -10961295.5207 3136397.16311
    -10961292.9604 3136079.78477
    -10961289.1755 3135631.3657
    -10961278.1549 3134286.19461
    -10961274.4813 3133837.83296
    -10961273.3681 3133715.555
    -10961270.3625 3133348.97757
    -10961269.4719 3133226.8289
    -10961263.906 3132554.34265
    -10961247.208 3130537.45248
    -10961245.3156 3130308.8299
    -10960850.2427 3130315.45477
    -10960602.1116 3130318.32972
    -10959857.9408 3130327.45456
    -10959609.921 3130330.57951
    -10958853.6164 3130340.45434
    -10956584.8138 3130370.57888
    -10955828.6205 3130380.57874
    -10955832.1827 3130122.70962
    -10955842.8694 3129350.00564
    -10955846.7656 3129092.65541
    -10955848.5467 3128954.42067
    -10955854.7806 3128540.34953
    -10955856.1164 3128449.86293
    -10955856.7843 3128402.37019
    -10955861.905 3128134.41419
    -10955877.0445 3127330.82684
    -10955882.2765 3127063.01627
    -10955882.2765 3127059.64212
    -10955882.3878 3127049.51965
    -10955882.4991 3127046.27047
    -10955882.8331 3127035.77311
    -10955883.9463 3127004.78096
    -10955884.3916 3126994.4086
    -10955883.0557 3126919.30296
    -10955879.0482 3126694.11339
    -10955877.8237 3126619.13432
    -10955878.8256 3126542.28119
    -10955882.2765 3126312.34911
    -10955883.501 3126235.87254
    -10955883.9463 3126202.63285
    -10955913.446 3125208.97749
    -10955925.6911 3124789.89394
    -10955963.0945 3123512.35352
    -10956008.7354 3120451.60184
    -10956030.3314 3119005.7187
    -10956044.6916 3118040.67191
    -10956049.9237 3117688.61554
    -10956087.8836 3115150.42362
    -10956109.4796 3113738.04542
    -10956129.6284 3112421.55978
    -10956136.4189 3111978.63902
    -10956148.5527 3111188.83149
    -10956156.5677 3110650.20988
    -10956163.2469 3110207.46959
    -10956170.3713 3109725.92574
    -10956192.0786 3108281.76722
    -10956194.639 3108116.77986
    -10956226.1424 3107904.37085
    -10956221.801 3107810.64732
    -10956221.9123 3107803.40905
    -10956244.9554 3106758.39075
    -10956264.8816 3105853.70251
    -10956267.3306 3105745.51816
    -10956276.0135 3103623.17616
    -10956277.2381 3103332.86058
    -10956283.9172 3102578.34244
    -10956288.37 3102080.96635
    -10956302.0623 3100589.06784
    -10956302.8415 3100514.85125
    -10956307.4056 3100091.88648
    -10956310.6339 3099726.1837
    -10956320.43 3098629.38154
    -10956322.2111 3098441.18512
    -10956322.0998 3098263.84128
    -10956322.0998 3098125.16045
    -10956322.0998 3098121.41908
    -10956322.0998 3097925.9962
    -10956342.026 3097043.19733
    -10956342.1373 3097037.08689
    -10956346.0335 3096868.98855
    -10956347.8146 3096785.81303
    -10956353.6032 3096536.2894
    -10956355.4957 3096453.24053
    -10956427.2967 3096453.24053
    -10956463.3642 3096453.24053
    -10956642.9226 3096453.36523
    -10956714.835 3096453.48993
    -10956770.606 3096453.48993
    -10956937.9192 3096453.86402
    -10956993.8016 3096453.98872
    -10957080.4082 3096454.11342
    -10957340.2279 3096454.48751
    -10957426.9458 3096454.7369
    -10957464.1265 3096454.7369
    -10957515.4448 3096454.7369
    -10957781.387 3096454.9863
    -10957870.1087 3096455.111
    -10957933.4494 3096455.23569
    -10958123.4718 3096456.10858
    -10958186.9239 3096456.48267
    -10958402.2158 3096456.98146
    -10959048.0915 3096458.47783
    -10959263.4947 3096459.10132
    -10959273.4022 3096459.10132
    -10959303.4584 3096459.10132
    -10959313.4772 3096459.22602
    -10959759.6457 3096460.3483
    -10959924.0646 3096461.09649
    -10961756.0494 3096470.19942
    -10962263.889 3096472.81807
    -10962366.7482 3096473.19217
    -10962527.4935 3096474.31445
    -10963009.7295 3096477.68129
    -10963170.5862 3096478.92827
    -10963211.5518 3096479.17766
    -10963334.4485 3096480.05055
    -10963349.5879 3096480.17525
    -10963375.4141 3096478.18008
    -10963554.5271 3096477.68129
    -10964092.089 3096476.68371
    -10964271.3133 3096476.43431
    -10964292.3527 3096476.55901
    -10964461.0017 3096478.55417
    -10964990.7712 3096485.41256
    -10965030.9575 3096486.16075
    -10965220.9799 3096490.27578
    -10965359.2387 3096480.29994
    -10965775.1283 3096451.24537
    -10965914.0551 3096441.89305
    -10965922.738 3096447.87854
    -10965946.5604 3096464.83742
    -10965949.0094 3096466.70788
    -10965957.8036 3096473.19217
    -10966255.2493 3096470.44882
    -10967147.6977 3096462.59286
    -10967445.2547 3096460.2236
    -10967506.1464 3096460.2236
    -10967552.01 3096460.59769
    -10967687.4859 3096460.97179
    -10967747.7097 3096461.22118
    -10967794.5752 3096461.59528
    -10967935.5057 3096462.71755
    -10967982.3712 3096463.21635
    -10967993.5031 3096463.34104
    -10968219.2591 3096465.08681
    -10968930.2567 3096470.94761
    -10969167.1445 3096472.94277
    -10969169.5936 3096473.06747
    -10969195.197 3096473.06747
    -10969278.798 3096473.44156
    -10969306.5165 3096473.69096
    -10969322.6579 3096473.81566
    -10969371.4158 3096474.56384
    -10969387.6684 3096474.93794
    -10969408.4852 3096474.93794
    -10969470.9354 3096475.06263
    -10969491.8635 3096475.31203
    -10970164.4559 3096477.68129
    -10971525.3366 3096482.6692
    -10972182.2329 3096485.16316
    -10972854.8253 3096487.65712
    -10973091.4905 3096488.53001
    -10973801.8202 3096491.14866
    -10974038.5968 3096492.02155
    -10974057.9664 3096492.02155
    -10974116.2978 3096492.27094
    -10974135.7787 3096492.39564
    -10974322.4615 3096493.01913
    -10974882.5098 3096495.139
    -10975069.1926 3096495.88719
    -10975279.5865 3096496.63538
    -10975910.6567 3096498.87994
    -10976121.1618 3096499.75282
    -10976261.647 3096500.25162
    -10976683.2139 3096501.74799
    -10976823.8104 3096502.37148
    -10977363.5986 3096506.36182
    -10978917.9527 3096518.20815
    -10978983.2972 3096518.45754
    -10979523.1968 3096521.07621
    -10979607.9109 3096521.3256
    -10979862.6099 3096522.44789
    -10979947.658 3096522.94668
    -10980134.2295 3096523.69487
    -10980694.2778 3096526.43823
    -10980880.9606 3096527.43582
    -10980973.1331 3096527.80991
    -10981249.6507 3096528.9322
    -10981341.9346 3096529.43099
    -10981680.6798 3096531.05207
    -10982697.2494 3096536.04
    -10983009.1666 3096537.66108
    -10983013.6194 3096537.66108
    -10983036.1059 3096537.66108
    -10983184.3835 3096538.28457
    -10983629.4388 3096540.15505
    -10983777.8277 3096540.77854
    -10984091.1921 3096542.02552
    -10984464.669 3096543.52191
    -10986525.5267 3096552.1261
    -10987170.9571 3096554.74477
    -10987212.4793 3096554.99417
    -10987543.7661 3096556.11645
    -10988537.8491 3096560.23151
    -10988839.4136 3096561.60319
    -10988869.2473 3096561.72789
    -10988893.6262 3096561.85259
    -10988966.7631 3096562.72548
    -10988991.1421 3096563.09957
    -10988995.8175 3096563.22427
    -10989095.6711 3096564.34656
    -10989409.2581 3096568.46161
    -10989513.7871 3096569.8333
    -10989570.2261 3096570.95559
    -10989784.5161 3096574.82125
    -10990596.9258 3096590.0345
    -10990798.748 3096593.90016
    -10990824.2402 3096594.27426
    -10990847.2833 3096594.89775
    -10990852.5153 3096595.02245
    -10990867.7661 3096595.14715
    -10991692.7548 3096599.13751
    -10992833.3343 3096604.74897
    -10994167.9437 3096612.48031
    -10994993.0438 3096617.34357
    -10995315.5363 3096619.21405
    -10996164.4588 3096624.32672
    -10996283.014 3096624.82552
    -10996605.6179 3096626.19721
    -10996844.9548 3096627.1948
    -10997238.3579 3096629.06529
    -10997563.0768 3096632.68156
    -10997802.5251 3096635.54965
    -10997859.9659 3096636.17314
    -10998032.3998 3096638.04363
    -10998089.952 3096638.79183
    -10998323.389 3096641.53521
    -10999024.0338 3096650.13946
    -10999257.5821 3096653.00755
    -10999276.7291 3096653.13225
    -10999334.3926 3096653.88044
    -10999353.6509 3096654.12984
    -10999368.679 3096648.26897
    -10999386.0448 3096641.65991
    -10999413.7634 3096631.06047
    -10999428.9028 3096625.44901
    -10999528.0885 3096621.58334
    -10999671.5793 3096616.09658
    -10999825.5342 3096624.70082
    -10999924.7198 3096630.31228
    -10999928.8387 3096625.32431
    -10999941.7517 3096610.48512
    -10999944.5347 3096607.36765
    -11000038.377 3096611.48271
    -11000320.572 3096625.07491
    -11000414.9709 3096629.93818
    -11000817.8361 3096649.39127
    -11001070.42 3096661.73651
    -11002027.7677 3096669.46788
    -11002431.1895 3096672.95947
    -11002444.5478 3096672.83477
    -11002484.6229 3096672.83477
    -11002498.0925 3096672.83477
    -11002571.6747 3096673.33356
    -11002738.5426 3096674.95466
    -11002793.0892 3096674.95466
    -11002867.1166 3096675.32876
    -11003108.1233 3096675.57816
    -11003831.5887 3096677.07455
    -11004073.0407 3096677.69805
    -11004287.3307 3096678.07215
    -11006031.9297 3096691.78911
    -11006413.9782 3096695.28071
    -11006467.6342 3096695.53011
    -11006629.2701 3096696.6524
    -11006683.2601 3096697.5253
    -11006709.6428 3096692.16321
    -11006748.048 3096685.05533
    -11006790.3494 3096685.55413
    -11006817.734 3096686.05293
    -11006993.7301 3096687.54932
    -11007521.7185 3096692.78671
    -11007697.9372 3096694.53251
    -11008278.4684 3096695.77951
    -11010020.3958 3096699.8946
    -11010601.3722 3096701.5157
    -11010670.9469 3096701.5157
    -11010880.6728 3096702.51329
    -11010950.8041 3096702.88739
    -11011248.2498 3096704.00969
    -11012140.6981 3096707.87539
    -11012438.3664 3096709.24709
    -11012438.4778 3096709.24709
    -11012480.6679 3096709.37179
    -11012607.5721 3096710.11999
    -11012649.8735 3096710.36939
    -11012654.2149 3096710.36939
    -11012667.5733 3096710.36939
    -11012672.0261 3096710.36939
    -11012905.2404 3096711.11759
    -11013605.2173 3096714.11038
    -11013838.543 3096715.23268
    -11013940.623 3096715.48208
    -11014247.5308 3096716.72908
    -11014349.9447 3096717.35258
    -11014463.8246 3096717.72668
    -11014805.1301 3096719.22308
    -11014918.7873 3096719.72188
    -11014971.2188 3096719.97128
    -11014986.2469 3096720.09598
    -11015534.4954 3096722.46528
    -11015534.4954 3096733.68829
    -11015534.8294 3097056.29113
    -11015538.2803 3099528.74306
    -11015538.6143 3099825.59106
    -11015539.6161 3100716.29719
    -11015539.9501 3101013.29487
    -11015540.1727 3101219.23854
    -11015541.0633 3101837.46179
    -11015541.3972 3102043.54222
    -11015541.5086 3102190.12063
    -11015542.0652 3102629.86496
    -11015542.2878 3102776.5742
    -11015542.2878 3102807.51308
    -11015542.2878 3102900.70438
    -11015542.3991 3102931.76829
    -11015543.1784 3103487.43697
    -11015545.5161 3105154.69897
    -11015546.2953 3105710.57991
    -11015542.1765 3106209.95558
    -11015537.2784 3106818.2894
    -11015530.0427 3107708.56302
    -11015528.4842 3107903.62206
    -11015531.0445 3108208.1342
    -11015531.1559 3108214.87347
    -11015531.4898 3108261.05009
    -11015532.8256 3108420.04857
    -11015533.3822 3108473.09007
    -11015541.0633 3109281.3423
    -11015553.9764 3110635.35595
    -11015562.7706 3111706.62666
    -11015569.4498 3112515.18912
    -11015570.0064 3112580.23067
    -11015571.8988 3112775.48196
    -11015572.5667 3112840.64955
    -11015589.8212 3114803.43392
    -11015594.608 3115327.48031
    -11015594.7193 3115359.57051
    -11015591.1571 3116087.42593
    -11015588.4854 3116626.75498
    -11015587.5948 3116786.72203
    -11015585.3684 3117266.75895
    -11015585.0345 3117354.92569
    -11015584.9232 3117375.53131
    -11015584.8119 3117396.26184
    -11015584.7005 3117426.85816
    -11015584.2553 3117511.40426
    -11015583.0307 3117765.1705
    -11015582.6968 3117849.84352
    -11015580.5817 3118275.33942
    -11015574.7931 3119490.5776
    -11015574.5705 3119540.28844
    -11015574.4591 3119552.27903
    -11015574.4591 3119561.14707
    -11015574.3478 3119582.00572
    -11015572.678 3119978.07623
    -11015571.3422 3120251.37263
    -11015567.446 3121071.66847
    -11015566.2215 3121345.11105
    -11015565.9989 3121380.0881
    -11015565.6649 3121485.26961
    -11015565.5536 3121520.37193
    -11015564.997 3121622.80624
    -11015563.7725 3121930.3635
    -11015563.4385 3122032.92572
    -11015562.9932 3122083.64496
    -11015562.1027 3122236.05361
    -11015561.7687 3122286.8985
    -11015561.3234 3122368.47558
    -11015560.3216 3122613.58444
    -11015559.9876 3122695.28834
    -11015558.8744 3122927.40998
    -11015556.2027 3123511.47896
    -11015551.1934 3123624.17271
    -11015542.9557 3123814.32985
    -11015542.7331 3123856.3097
    -11015542.7331 3123889.66877
    -11015542.9557 3123989.87141
    -11015543.067 3124023.35574
    -11015543.067 3124037.84899
    -11015543.1784 3124081.70364
    -11015543.2897 3124096.32188
    -11015543.401 3124261.74651
    -11015543.9576 3124758.15705
    -11015544.1802 3124923.71443
    -11015544.5142 3125169.8675
    -11015545.6274 3125908.60251
    -11015545.9613 3126134.15435
    -11015545.9613 3126154.8978
    -11015546.0727 3126362.45899
    -11015546.7406 3126924.30165
    -11015546.9632 3126985.16096
    -11015547.9651 3127192.8594
    -11015547.7425 3127233.84958
    -11015547.1859 3127356.82086
    -11015547.0745 3127397.9365
    -11015547.1859 3127699.37153
    -11015547.5198 3128061.30209
    -11015547.8538 3128603.84048
    -11015548.1877 3128905.42641
    -11015548.0764 3129103.77924
    -11015548.0764 3129698.97958
    -11015548.0764 3129897.46864
    -11015548.2991 3130064.83659
    -11015548.967 3130530.0775
    -11015548.967 3130567.20244
    -11015549.3009 3130734.70339
    -11015549.5236 3131134.21373
    -11015550.1915 3131880.13851
    -11015550.5254 3132332.81307
    -11015550.8594 3132732.36896
    -11015550.9707 3133043.67041
    -11015551.3047 3133403.48848
    -11015552.0839 3133977.61623
    -11015552.5292 3134288.94534
    -11015552.5292 3134333.20715
    -11015552.5292 3134465.99342
    -11015552.5292 3134510.25579
END
END
