48265 Kerr County
1
    -11049473.4705 3491014.02811
    -11049701.5641 3491037.528
    -11049721.7129 3491039.71105
    -11049741.8618 3491041.76569
    -11049759.005 3491043.5635
    -11049776.1482 3491045.23289
    -11050470.6705 3491117.01703
    -11050515.3096 3491121.64
    -11050721.5846 3491142.8286
    -11050778.3575 3491148.73574
    -11050935.5407 3491164.91616
    -11051443.7141 3491217.43846
    -11051463.0837 3491219.36471
    -11051576.1843 3491231.05063
    -11051618.8197 3491235.54522
    -11051647.6514 3491238.4988
    -11051676.3719 3491241.45239
    -11051760.0841 3491243.37865
    -11051797.0422 3491244.14915
    -11051906.8032 3491246.58907
    -11051956.2291 3491247.74482
    -11051959.1234 3491247.74482
    -11052136.0101 3491251.72575
    -11052154.9344 3491252.111
    -11052188.7755 3491252.8815
    -11052361.0981 3491256.73401
    -11052766.9689 3491265.85163
    -11052805.1515 3491266.75055
    -11052886.1921 3491268.54838
    -11052907.1202 3491268.93364
    -11052929.8293 3491269.44731
    -11053344.2718 3491278.69335
    -11054551.5317 3491306.81676
    -11055291.695 3491324.15314
    -11055298.9307 3491324.28155
    -11055366.0564 3491325.18048
    -11056521.664 3491340.20536
    -11056742.8559 3491343.15897
    -11057299.7873 3491350.35038
    -11057309.5834 3491350.4788
    -11057339.3057 3491350.86405
    -11058251.7916 3491362.80693
    -11059609.8893 3491379.11604
    -11059622.2458 3491379.24446
    -11059632.9325 3491379.37287
    -11059643.6192 3491379.50129
    -11059788.1119 3491381.29915
    -11059807.3701 3491381.55598
    -11059824.068 3491381.81282
    -11060770.1724 3491392.08629
    -11062215.9899 3491408.01018
    -11062365.0467 3491409.67962
    -11062392.8766 3491409.93646
    -11063654.7944 3491423.80567
    -11065061.8727 3491439.34435
    -11065070.8896 3491439.47277
    -11065933.393 3491448.97577
    -11066589.8441 3491456.16723
    -11066713.4087 3491457.45142
    -11067856.2146 3491470.0365
    -11068308.3944 3491475.17326
    -11068962.285 3491482.1079
    -11069481.4792 3491487.88677
    -11069506.0808 3491488.14361
    -11070154.1828 3491495.20668
    -11071406.4158 3491509.07599
    -11072267.806 3491518.45062
    -11072385.2481 3491519.73482
    -11073070.0856 3491527.31158
    -11073440.8908 3491531.42101
    -11075757.2268 3491556.84816
    -11075762.9041 3491556.84816
    -11076176.122 3491561.47128
    -11077220.1875 3491573.02909
    -11080061.0609 3491604.23525
    -11080134.8657 3491605.00577
    -11080905.4193 3491613.48153
    -11080920.0021 3491613.60995
    -11081253.6266 3491617.33415
    -11081630.7771 3491621.44361
    -11081651.1485 3491621.70045
    -11081666.9559 3491621.82887
    -11081700.3517 3491622.21413
    -11083953.9035 3491646.99935
    -11084609.0187 3491654.19093
    -11086884.3891 3491679.10463
    -11086892.0702 3491679.23305
    -11086996.7105 3491680.38885
    -11087517.2404 3491686.16781
    -11087706.1496 3491688.22255
    -11090196.8119 3491702.34891
    -11090388.6154 3491704.40365
    -11090802.1673 3491708.76998
    -11090833.0028 3491709.02683
    -11090866.0647 3491709.41209
    -11090909.8132 3491709.79736
    -11092770.2959 3491728.93219
    -11093031.674 3491731.75747
    -11093036.5721 3491731.75747
    -11093140.7671 3491732.91326
    -11093153.3462 3491733.04169
    -11093165.9253 3491733.17011
    -11093812.0237 3491739.84804
    -11093842.0799 3491740.23331
    -11093844.9742 3491740.23331
    -11093856.7741 3491740.36173
    -11093860.0024 3491740.49015
    -11093860.8929 3491740.49015
    -11093861.6722 3491740.49015
    -11093862.674 3491740.49015
    -11093864.7891 3491740.49015
    -11093865.5683 3491740.49015
    -11093920.0036 3491741.26068
    -11094629.7766 3491753.46077
    -11095102.9958 3491761.80821
    -11095209.9738 3491763.47769
    -11095818.3348 3491774.00831
    -11096025.5004 3491777.60414
    -11096040.3059 3491777.86098
    -11097575.2904 3491804.31599
    -11097569.2791 3492566.6549
    -11097569.2791 3492746.20157
    -11097569.0565 3493050.46058
    -11097568.9452 3493235.02308
    -11097568.9452 3493247.99522
    -11097568.9452 3493296.28764
    -11097568.9452 3493328.14018
    -11097568.9452 3493338.80053
    -11097568.9452 3493341.7546
    -11097568.9452 3493342.65367
    -11097568.8338 3493343.29586
    -11097568.8338 3493344.70867
    -11097568.8338 3493350.35995
    -11097568.8338 3493369.75411
    -11097568.8338 3493414.57914
    -11097568.4999 3494048.95366
    -11097568.3886 3494340.91266
    -11097566.2735 3494586.63607
    -11097566.1622 3494599.22423
    -11097561.1528 3495194.34976
    -11097560.9301 3495216.44431
    -11097552.2472 3496252.74743
    -11097552.2472 3496254.54598
    -11097549.7982 3496565.31203
    -11097546.0133 3497040.01887
    -11097546.0133 3497041.17515
    -11097546.0133 3497041.946
    -11097545.902 3497042.71685
    -11097545.902 3497044.90093
    -11097545.902 3497046.95653
    -11097545.7907 3497056.20675
    -11097545.6794 3497072.00922
    -11097545.4567 3497100.40233
    -11097544.9001 3497169.00857
    -11097544.0096 3497282.06834
    -11097541.7832 3497560.09685
    -11097541.4492 3497607.76315
    -11097537.2191 3498133.51763
    -11097532.321 3499186.37649
    -11097530.0946 3499694.07719
    -11097529.4267 3499890.17252
    -11097529.4267 3499892.22858
    -11097528.9815 3499943.75872
    -11097528.8701 3499945.30077
    -11097528.8701 3499946.2003
    -11097528.8701 3499948.12787
    -11097528.8701 3499950.56945
    -11097528.8701 3499953.65356
    -11097499.5931 3503434.02878
    -11097498.8139 3503514.49476
    -11097498.8139 3503520.40762
    -11097498.8139 3503520.6647
    -11097482.6725 3505475.52809
    -11097481.782 3505580.81924
    -11097474.2123 3506760.55091
    -11097473.433 3506896.45334
    -11097472.5425 3507032.35723
    -11097468.9802 3507584.98794
    -11097468.535 3507650.69319
    -11097468.535 3507654.1649
    -11097468.535 3507655.96505
    -11097468.535 3507657.12229
    -11097468.4237 3507657.7652
    -11097468.4237 3507658.53669
    -11097468.4237 3507662.13699
    -11097468.3123 3507681.03858
    -11097466.4199 3507983.46781
    -11097466.3086 3508009.57067
    -11097458.6275 3509203.41574
    -11097457.9596 3509315.29623
    -11097453.9521 3509706.88567
    -11097453.9521 3509710.22934
    -11097438.4787 3511192.72023
    -11097434.1372 3511869.13912
    -11097430.575 3512433.94234
    -11097426.5675 3513058.71515
    -11097840.5647 3513061.28788
    -11097843.0137 3513061.28788
    -11099643.8291 3513072.222
    -11100775.9484 3513081.48385
    -11101763.6862 3513089.45934
    -11101766.1352 3513089.45934
    -11101767.0258 3513089.58798
    -11101767.805 3513089.58798
    -11101769.1409 3513089.58798
    -11101806.3216 3513090.10253
    -11102118.5727 3513092.41799
    -11102430.49 3513094.99073
    -11103108.8709 3513100.65076
    -11103230.4318 3513099.36439
    -11103231.3224 3513099.36439
    -11103232.4356 3513099.36439
    -11103233.6601 3513099.36439
    -11103235.2186 3513099.36439
    -11103235.9978 3513099.23575
    -11103241.3411 3513099.23575
    -11103242.5656 3513099.23575
    -11103243.4562 3513099.23575
    -11103281.0822 3513098.84984
    -11103288.3179 3513098.7212
    -11103334.1816 3513098.33529
    -11103849.0342 3513093.31845
    -11104383.7017 3513088.04434
    -11104967.5725 3513082.38431
    -11104964.1216 3513433.69647
    -11104960.6707 3513785.01832
    -11104950.8745 3514777.0307
    -11104940.9671 3515768.99178
    -11104937.1822 3516149.9717
    -11104933.5087 3516531.09172
    -11104930.0578 3516871.6904
    -11104926.6069 3517221.30571
    -11104923.2673 3517564.75389
    -11104917.8127 3518115.65437
    -11104912.358 3518666.70741
    -11104880.8546 3521853.42595
    -11104879.8527 3521956.53561
    -11104878.4056 3521960.01124
    -11104876.1792 3522046.38716
    -11104875.5112 3522072.26144
    -11104863.0435 3523664.98242
    -11104856.0303 3524254.77243
    -11104856.0303 3524256.57492
    -11104855.919 3524267.13243
    -11104855.8077 3524273.44119
    -11104856.0303 3524372.83672
    -11104855.6964 3524405.66831
    -11104854.1379 3524496.95347
    -11104799.1461 3527804.00465
    -11104789.2386 3528403.64648
    -11104787.9028 3528484.52817
    -11104786.567 3528568.11505
    -11104773.32 3529361.63827
    -11104772.3181 3529414.18952
    -11104749.1636 3530819.50116
    -11104748.607 3530854.53933
    -11104740.1467 3531357.45085
    -11104714.3206 3532905.98719
    -11104714.3206 3532909.85232
    -11104691.1662 3534300.08944
    -11104585.3013 3540668.7855
    -11104580.292 3540971.35706
    -11104489.2326 3540969.6811
    -11104216.2772 3540965.03999
    -11104125.3292 3540963.49295
    -11104097.0541 3540962.97727
    -11104012.2286 3540961.43023
    -11103984.0648 3540961.04347
    -11103936.6427 3540960.14103
    -11102699.8831 3540938.61143
    -11102667.9344 3540938.35359
    -11100811.9046 3540923.78568
    -11099866.2455 3540914.11672
    -11098228.8471 3540897.35721
    -11098211.8152 3540897.22829
    -11096891.3434 3540883.8207
    -11096778.2428 3540882.66043
    -11096499.9441 3540879.82421
    -11096478.9047 3540879.56637
    -11095883.6794 3540873.50718
    -11095441.1844 3540869.12394
    -11094861.9891 3540863.06475
    -11094169.2479 3540856.10313
    -11093871.4683 3540853.138
    -11093307.8577 3540847.46557
    -11092966.3295 3540843.98477
    -11092856.9024 3540842.8245
    -11092611.2203 3540840.24613
    -11091874.174 3540832.76885
    -11091628.4918 3540830.3194
    -11091547.8965 3540829.41697
    -11091306.4446 3540827.09643
    -11091225.9606 3540826.32292
    -11091202.3608 3540826.06508
    -11091131.5616 3540825.29157
    -11091108.0732 3540825.03374
    -11090745.3943 3540821.2951
    -11090664.5764 3540820.39267
    -11089334.0858 3540806.85624
    -11088890.7003 3540802.47302
    -11088670.5103 3540800.15249
    -11088029.1987 3540793.70658
    -11088010.2744 3540793.44875
    -11087790.3071 3540791.25714
    -11087616.0921 3540789.45229
    -11087093.6697 3540784.03773
    -11086919.5661 3540782.36179
    -11086866.3553 3540781.7172
    -11086707.0572 3540780.17019
    -11086653.9578 3540779.65451
    -11086517.3687 3540778.23642
    -11086107.6017 3540773.98212
    -11085971.124 3540772.69294
    -11085852.1235 3540771.40376
    -11085495.4558 3540767.79406
    -11085376.5666 3540766.6338
    -11085351.5197 3540766.24705
    -11085304.2089 3540765.86029
    -11085276.3791 3540765.47354
    -11085251.3322 3540765.34462
    -11085195.2272 3540764.70003
    -11085026.8008 3540763.0241
    -11084970.8071 3540762.50843
    -11084734.2531 3540760.05899
    -11084246.0059 3540755.03119
    -11082071.7136 3540732.98628
    -11081347.0237 3540725.63798
    -11081044.5686 3540722.54396
    -11080137.2034 3540713.26191
    -11079841.0936 3540710.29681
    -11079834.7484 3540710.29681
    -11079540.4197 3540707.33171
    -11078883.6347 3540700.62801
    -11078826.3051 3540699.98343
    -11078755.5059 3540699.20992
    -11078691.9425 3540698.43642
    -11078151.1524 3540693.15082
    -11077493.2542 3540686.44713
    -11076940.553 3540680.77478
    -11076601.3625 3540677.29402
    -11076391.1913 3540675.23135
    -11076284.2132 3540674.0711
    -11075963.2791 3540670.84817
    -11075856.4124 3540669.81684
    -11075432.0625 3540665.43366
    -11074159.3468 3540652.6709
    -11073938.2663 3540650.47932
    -11073844.09 3540649.5769
    -11073735.2195 3540648.41665
    -11073726.7593 3540648.28773
    -11073701.4897 3540647.90098
    -11073693.1408 3540647.77207
    -11073649.2809 3540647.2564
    -11073518.0352 3540645.83832
    -11073474.2866 3540645.45157
    -11073417.5137 3540644.80698
    -11073247.5288 3540643.13107
    -11073190.8672 3540642.6154
    -11072924.7023 3540639.90815
    -11072126.5416 3540631.78641
    -11071860.488 3540629.20808
    -11071649.0923 3540627.0165
    -11069485.9319 3540604.9718
    -11068877.6822 3540598.78382
    -11068674.7468 3540596.59225
    -11068618.4191 3540596.07658
    -11068540.6068 3540595.30309
    -11068503.0921 3540594.91634
    -11068390.8821 3540593.75609
    -11068353.4788 3540593.36935
    -11068254.961 3540592.33802
    -11067959.7417 3540589.24403
    -11067861.3353 3540588.34162
    -11067771.8344 3540587.43921
    -11067503.3318 3540584.73197
    -11067413.9422 3540583.82956
    -11067295.2757 3540582.5404
    -11067139.7623 3540580.86449
    -11066317.2226 3540572.35604
    -11066155.698 3540570.68013
    -11066043.0427 3540569.6488
    -11066015.9921 3540569.39097
    -11065935.0628 3540568.61748
    -11065908.1235 3540568.35964
    -11065744.2612 3540566.68374
    -11065252.7857 3540561.78493
    -11065134.6757 3540560.62469
    -11065089.0347 3540560.10903
    -11064381.2654 3540552.88975
    -11064377.0352 3540552.88975
    -11063505.0696 3540543.99457
    -11061886.9295 3540527.49338
    -11060478.5153 3540513.18377
    -11059901.7691 3540507.12476
    -11059343.8358 3540501.45248
    -11058935.6272 3540497.3272
    -11057388.9542 3540481.72848
    -11057114.663 3540478.89235
    -11056840.3717 3540476.18513
    -11056760.2217 3540475.28273
    -11056519.9942 3540472.83335
    -11056439.9555 3540472.05986
    -11055995.2342 3540467.54784
    -11054661.2927 3540454.26962
    -11054252.3049 3540450.27326
    -11054216.6827 3540449.88652
    -11054216.6827 3540439.70226
    -11054242.7314 3539730.17646
    -11054216.794 3538929.68731
    -11054216.794 3538898.75155
    -11054217.0166 3538532.813
    -11054216.2374 3538052.43
    -11054216.46 3537970.97163
    -11054216.794 3537876.88272
    -11054216.794 3537782.9234
    -11054216.794 3537589.98031
    -11054216.794 3537397.16904
    -11054216.794 3537386.85836
    -11054216.794 3537027.02088
    -11054216.794 3536664.74498
    -11054216.5713 3536388.82427
    -11054216.3487 3536112.78069
    -11054216.6827 3534971.81289
    -11054216.6827 3534742.96161
    -11054216.6827 3534732.65309
    -11054216.6827 3534722.34458
    -11054216.6827 3534508.44489
    -11054216.6827 3534289.78128
    -11054216.6827 3534266.97451
    -11054216.1261 3534165.05323
    -11054213.2318 3533575.44635
    -11054210.3374 3532985.86691
    -11054210.0035 3532934.97574
    -11054209.7808 3532881.12151
    -11054209.4469 3532834.99773
    -11054209.3356 3532800.7271
    -11054209.1129 3532751.25387
    -11054209.0016 3532746.61577
    -11054207.2205 3532367.84291
    -11054207.1092 3532346.97209
    -11054202.9904 3531511.65185
    -11054201.5432 3531189.08148
    -11054199.6508 3530850.80364
    -11054192.415 3529391.26273
    -11054191.0792 3529123.61473
    -11054188.2962 3528558.8419
    -11054188.0735 3528520.71903
    -11054187.8509 3528480.66438
    -11054187.0717 3528327.01541
    -11054186.2924 3528172.46677
    -11054185.7358 3528064.41263
    -11054184.066 3527730.33927
    -11054183.3981 3527588.28993
    -11054181.1717 3527135.49411
    -11054180.9491 3527096.73162
    -11054180.9491 3527085.78543
    -11054180.7265 3527051.27278
    -11054180.5038 3527001.56443
    -11054179.9472 3526889.39941
    -11054176.719 3526249.1377
    -11054176.4963 3526194.66801
    -11054175.9397 3526095.12945
    -11054173.3794 3525597.70586
    -11054169.5945 3524851.15639
    -11054169.4832 3524798.36652
    -11054168.4813 3524593.13191
    -11054166.8115 3524278.0762
    -11054166.5889 3524225.67496
    -11054165.1417 3523962.89955
    -11054162.4701 3523403.37729
    -11054159.0192 3522696.60691
    -11054138.0911 3521036.55928
    -11054135.4194 3520824.30611
    -11053315.3287 3520832.02903
    -11053255.2162 3520832.54389
    -11053180.7435 3520833.18747
    -11053142.3383 3520833.57361
    -11052214.045 3520842.32626
    -11052106.0651 3520843.35598
    -11050183.6888 3520861.24743
    -11048847.187 3520873.86157
    -11047815.5893 3520883.51525
    -11047516.5851 3520886.347
    -11047235.5034 3520888.92132
    -11047125.4085 3520889.95104
    -11047014.9795 3520890.98077
    -11046716.6433 3520894.84225
    -11046264.9088 3520900.63447
    -11046205.6868 3520901.40676
    -11046153.3667 3520902.05034
    -11045694.2851 3520907.97128
    -11045055.8678 3520916.20911
    -11044598.5673 3520922.13006
    -11044509.0665 3520923.2885
    -11043942.1163 3520930.62533
    -11043702.6681 3520933.5858
    -11043568.3054 3520935.38783
    -11042822.1309 3520945.04156
    -11042808.4386 3520945.04156
    -11042794.7463 3520945.04156
    -11042792.5199 3520944.14055
    -11042770.3673 3520945.55643
    -11042766.3598 3520945.81386
    -11042725.3943 3520946.32873
    -11042684.3174 3520946.84359
    -11042526.5777 3520948.90306
    -11042317.631 3520951.6061
    -11042141.8575 3520953.79428
    -11041598.841 3520960.87369
    -11041565.7791 3520961.38856
    -11041539.7304 3520961.64599
    -11040548.8756 3520974.26023
    -11040506.6855 3520974.64638
    -11040358.7419 3520976.57713
    -11039971.5727 3520981.85452
    -11039967.1199 3520981.98323
    -11039964.6709 3520981.98323
    -11039407.0716 3520989.19138
    -11038814.7406 3520996.78567
    -11038790.3616 3520997.04311
    -11038766.2053 3520997.42926
    -11038738.598 3520997.94413
    -11038710.6568 3520998.20156
    -11038601.0071 3520999.61745
    -11038491.4687 3521001.03334
    -11038428.4619 3521001.80564
    -11038201.4815 3521004.76613
    -11037955.9107 3521007.98406
    -11037377.272 3521015.32093
    -11037229.7736 3521017.25169
    -11036943.9052 3521020.98449
    -11036933.6638 3521020.85577
    -11036922.1979 3521021.24192
    -11036712.6946 3521023.94498
    -11036703.5664 3521024.0737
    -11036694.1043 3521024.20242
    -11036683.8629 3521024.33114
    -11036673.0649 3521024.45985
    -11036661.9329 3521024.71729
    -11036647.5727 3521024.84601
    -11036586.1243 3521025.61831
    -11036140.9577 3521031.79674
    -11035579.3509 3521038.87619
    -11034594.0621 3521051.23307
    -11034520.2572 3521052.26281
    -11033889.4097 3521060.37201
    -11033219.8229 3521068.9961
    -11030897.3644 3521098.98736
    -11029889.1438 3521111.98788
    -11029383.308 3521118.55251
    -11028999.8124 3521123.4438
    -11027930.366 3521137.34538
    -11027919.568 3521137.4741
    -11027910.1059 3521137.4741
    -11027900.5324 3521137.4741
    -11027890.625 3521137.86025
    -11027880.8288 3521137.98897
    -11027861.3479 3521138.11769
    -11026985.4862 3521149.57363
    -11025903.2381 3521163.47524
    -11025178.2142 3521172.8717
    -11024357.233 3521183.94152
    -11024301.6846 3521184.71383
    -11024211.8497 3521185.8723
    -11024054.5553 3521188.06052
    -11023833.9201 3521191.02106
    -11022896.7213 3521204.1504
    -11022889.4855 3521204.02168
    -11022882.3611 3521204.02168
    -11022879.912 3521204.02168
    -11022876.1272 3521204.02168
    -11022710.1498 3521206.33862
    -11022479.2732 3521209.42788
    -11021875.2536 3521217.53719
    -11020576.4891 3521235.17173
    -11019234.0874 3521253.70733
    -11018338.5221 3521265.54954
    -11017818.1035 3521272.62912
    -11017121.3548 3521282.02567
    -11016990.1091 3521283.82775
    -11016221.8933 3521294.12534
    -11016031.4256 3521296.82846
    -11015515.9051 3521303.77934
    -11014563.0102 3521312.40359
    -11012881.5293 3521327.7213
    -11012313.2433 3521332.87011
    -11011740.3932 3521338.14765
    -11011746.7384 3520608.06639
    -11011758.093 3518366.08327
    -11011766.8873 3516634.41555
    -11011767.6665 3516479.88046
    -11011769.0023 3516221.76859
    -11011770.2269 3515980.00255
    -11011773.7891 3515254.98932
    -11011775.1249 3515013.37031
    -11011778.4645 3514358.14015
    -11011782.138 3513632.83341
    -11011782.9173 3513459.8105
    -11011783.5852 3513356.12653
    -11011785.0324 3513078.52521
    -11011789.1512 3512262.35064
    -11011792.7134 3511552.98374
    -11011793.3813 3511423.33401
    -11011793.3813 3511400.95413
    -11011793.7153 3511334.20058
    -11011793.9379 3511311.94948
    -11011793.9379 3511301.40272
    -11011794.0492 3511269.76252
    -11011794.1606 3511259.34442
    -11011795.2737 3511060.11599
    -11011796.2756 3510861.01929
    -11011799.0586 3510216.29146
    -11011800.2831 3510005.89064
    -11011803.4001 3509573.78249
    -11011805.9604 3509446.2105
    -11011806.517 3509421.5193
    -11011803.734 3509385.25418
    -11011804.9585 3509161.49296
    -11011805.2925 3509090.25027
    -11011805.8491 3508982.61541
    -11011812.5283 3507662.00841
    -11011812.9735 3507579.0732
    -11011812.9735 3507570.07251
    -11011810.8585 3506712.07896
    -11011808.5208 3505732.77942
    -11011791.6002 3502174.66083
    -11011791.4889 3502151.78307
    -11011790.3757 3501919.15206
    -11011790.2644 3501888.30628
    -11011790.0417 3501852.44815
    -11011789.8191 3501807.97907
    -11011788.4833 3501535.51295
    -11011788.1493 3501483.59082
    -11011787.4814 3501328.21125
    -11011787.2587 3501276.41848
    -11011787.0361 3501235.5499
    -11011786.3682 3501113.07344
    -11011786.2569 3501072.33389
    -11011786.1455 3501063.72334
    -11011786.1455 3501038.02024
    -11011786.1455 3501029.53822
    -11011785.9229 3501007.17658
    -11011785.5889 3500940.22041
    -11011785.5889 3500917.98744
    -11011781.5814 3500837.92337
    -11011769.6703 3500597.73416
    -11011765.7741 3500517.8006
    -11011765.3288 3500503.15045
    -11011764.4382 3500473.97872
    -11011764.4382 3500459.45713
    -11011764.4382 3500444.93556
    -11011781.4701 3500067.76603
    -11011779.689 3499684.95357
    -11011779.4664 3499634.58098
    -11011777.4626 3499220.81366
    -11011775.6815 3498824.6633
    -11011773.6778 3498425.69847
    -11011769.8929 3497662.88156
    -11011769.3363 3497549.9469
    -11011769.225 3497499.06881
    -11011768.3344 3497300.82608
    -11011765.9967 3496808.89417
    -11011765.5514 3496713.69617
    -11011765.3288 3496666.29014
    -11011764.5496 3496498.63608
    -11011755.4214 3494601.02254
    -11011755.0874 3494539.49483
    -11011754.1969 3494354.9135
    -11011753.9742 3494293.51543
    -11011753.8629 3494282.5974
    -11011753.8629 3494271.55092
    -11011750.6346 3493586.55973
    -11011748.1856 3493067.92776
    -11011734.4933 3490195.41119
    -11011733.3801 3489963.89656
    -11011732.3782 3489764.10139
    -11011731.3764 3489541.45416
    -11011726.7009 3488996.53689
    -11011720.3557 3488531.24418
    -11011717.9067 3488405.55128
    -11011707.7766 3487861.96619
    -11011707.4427 3487845.53318
    -11011697.2013 3487300.17458
    -11011694.4183 3487166.02095
    -11011665.2526 3485601.72649
    -11011659.464 3485278.51926
    -11011642.9887 3484412.65159
    -11011629.519 3483697.00081
    -11011596.3458 3481926.14226
    -11011588.9987 3481550.67314
    -11011585.4365 3481365.89402
    -11011575.0838 3480835.43874
    -11011569.7405 3480562.90566
    -11011553.8218 3479745.34117
    -11011548.5898 3479472.95955
    -11011546.4747 3479364.54737
    -11011540.1295 3479039.70122
    -11011538.0144 3478931.421
    -11011536.4559 3478855.98461
    -11011532.1145 3478630.06296
    -11011530.6673 3478554.75663
    -11011526.2145 3478330.50803
    -11011513.6354 3477681.90255
    -11011513.1902 3477658.17058
    -11011508.8487 3477434.06592
    -11011506.0657 3477292.44713
    -11011497.7167 3476867.8567
    -11011495.0451 3476726.37243
    -11011490.147 3476477.27155
    -11011484.3584 3476179.17778
    -11011475.5642 3475730.38271
    -11011470.7774 3475481.42941
    -11012004.8883 3475756.03505
    -11012794.9228 3476162.11841
    -11012943.3117 3476238.5651
    -11012993.5167 3476264.21846
    -11013043.7218 3476290.00013
    -11013064.7612 3476300.90285
    -11013085.9119 3476311.80557
    -11013087.8044 3476312.70344
    -11013358.6447 3476451.87431
    -11013368.1068 3476456.74853
    -11013430.2231 3476488.81577
    -11013619.021 3476585.91588
    -11013797.8001 3476677.75762
    -11013827.411 3476693.02188
    -11014313.5433 3476943.02486
    -11014734.9989 3477159.80922
    -11014789.2114 3477187.64511
    -11014887.6179 3477238.31428
    -11015165.8053 3477381.34352
    -11015384.882 3477493.97216
    -11015685.8899 3477648.80608
    -11016162.7826 3477893.95291
    -11016185.9371 3477905.88325
    -11016267.2003 3477947.70368
    -11016341.0052 3477985.67572
    -11016352.805 3477991.70507
    -11016470.3584 3478052.25534
    -11016480.0432 3478057.25845
    -11017317.3884 3478487.78953
    -11017336.8693 3478497.79609
    -11017541.9198 3478603.25027
    -11017590.2325 3478628.01032
    -11018101.8569 3478891.13689
    -11018109.8719 3478895.24227
    -11018268.3908 3478976.837
    -11018879.9801 3479291.28949
    -11019478.0997 3479598.82147
    -11019541.2179 3479631.28147
    -11019663.7806 3479694.2772
    -11019902.5609 3479817.19032
    -11019954.4358 3479843.87726
    -11019965.3451 3479849.52257
    -11020230.3968 3479985.78081
    -11020605.2096 3480178.49503
    -11020696.0463 3480225.32681
    -11021177.3917 3480472.57582
    -11021706.7159 3480744.85036
    -11022033.8839 3480913.19641
    -11022271.4397 3481035.47965
    -11022291.6999 3481045.87314
    -11022645.3619 3481227.82469
    -11022848.186 3481332.14645
    -11022866.665 3481341.64196
    -11023150.3071 3481487.6683
    -11023802.3053 3481822.84225
    -11023832.139 3481838.24095
    -11024138.2676 3481995.6938
    -11024150.2901 3482001.85336
    -11024424.9153 3482143.01085
    -11024636.5336 3482251.83149
    -11025080.5871 3482480.2552
    -11025090.2718 3482485.26003
    -11025392.3929 3482640.5392
    -11025626.9431 3482761.1706
    -11025657.1107 3482776.69877
    -11025936.6339 3482920.43145
    -11026195.1178 3483053.89896
    -11026512.267 3483217.65522
    -11026776.0942 3483353.82091
    -11026958.5469 3483448.02121
    -11027541.861 3483749.23581
    -11028477.056 3484226.03436
    -11028968.4203 3484476.56926
    -11029768.6961 3484888.31965
    -11029785.728 3484897.04767
    -11030399.7663 3485212.92895
    -11031213.7344 3485629.06726
    -11031950.5581 3486005.6828
    -11032508.0461 3486290.78326
    -11032512.6102 3486293.09387
    -11032560.1436 3486316.71346
    -11032714.0985 3486393.22072
    -11033027.0176 3486548.80399
    -11033172.5122 3486621.0764
    -11033553.1135 3486810.29598
    -11033734.8982 3486900.6705
    -11034050.6003 3487057.67206
    -11034414.3924 3487238.5536
    -11034649.9444 3487355.63372
    -11034832.6197 3487443.44451
    -11034859.893 3487456.53915
    -11034965.2012 3487507.12054
    -11034983.3463 3487515.85035
    -11035284.7995 3487660.79164
    -11035352.7044 3487693.40044
    -11035360.6081 3487697.25188
    -11035368.5118 3487701.10332
    -11035375.0796 3487704.18448
    -11035381.6475 3487707.39401
    -11035400.6831 3487716.5091
    -11035430.7393 3487731.1446
    -11035468.9219 3487749.88834
    -11035483.7274 3487756.30743
    -11035698.2401 3487859.52691
    -11036126.3748 3488065.32645
    -11036424.4884 3488208.60494
    -11036433.2827 3488212.84169
    -11036661.599 3488322.48423
    -11036722.8247 3488352.1418
    -11036755.8866 3488368.06191
    -11037223.8737 3488594.79723
    -11037238.5679 3488601.98709
    -11037256.9356 3488610.84603
    -11037275.3033 3488619.70498
    -11037305.6935 3488634.72669
    -11037530.7815 3488743.60249
    -11037755.9809 3488852.47922
    -11037960.2521 3488951.47054
    -11038174.8761 3489055.34164
    -11038268.4958 3489100.66514
    -11038436.143 3489181.81129
    -11038553.3624 3489238.56255
    -11038641.1935 3489281.19035
    -11038716.5568 3489317.65521
    -11038869.7324 3489391.86923
    -11038916.3752 3489413.82536
    -11039283.3956 3489592.17219
    -11039772.8674 3489829.2014
    -11039853.4627 3489868.23589
    -11040094.6921 3489984.95485
    -11040331.8026 3490068.28949
    -11040462.0464 3490083.69812
    -11040565.1282 3490093.45692
    -11040957.0841 3490134.80352
    -11040965.6558 3490135.70236
    -11040973.7821 3490136.7296
    -11040979.0141 3490137.11482
    -11040980.6839 3490137.24323
    -11040981.7971 3490137.37163
    -11040986.5838 3490137.88526
    -11041000.2761 3490139.29772
    -11041782.2955 3490219.93683
    -11042564.2036 3490300.70486
    -11042582.2374 3490302.37416
    -11043146.8499 3490360.92809
    -11043176.3495 3490363.88148
    -11043679.4023 3490415.88686
    -11043957.0331 3490444.52201
    -11044212.0661 3490470.84586
    -11044343.5344 3490484.45724
    -11044475.114 3490497.94022
    -11045551.0169 3490609.14326
    -11046804.0291 3490738.58174
    -11047621.6707 3490822.9486
    -11048081.4202 3490870.46138
    -11048090.5484 3490871.36028
    -11048236.7109 3490886.38463
    -11048256.6371 3490888.43924
    -11048270.5521 3490889.85179
    -11048414.5995 3490904.61933
    -11048444.9897 3490907.82967
    -11048501.3174 3490913.60828
    -11048540.8358 3490917.71752
    -11048595.605 3490923.36772
    -11049454.6575 3491012.10189
    -11049473.4705 3491014.02811
END
END
