48267 Kimble County
1
    -11122037.0805 3540933.84141
    -11122037.4145 3540933.71249
    -11122046.988 3540933.71249
    -11122475.4567 3540919.01566
    -11122499.8357 3540919.66026
    -11122501.3941 3540919.66026
    -11123179.9978 3540938.48251
    -11123182.0015 3540938.61143
    -11123222.2992 3540939.64279
    -11124906.4517 3540936.93548
    -11124909.9026 3540936.93548
    -11124912.0177 3540936.80656
    -11125425.6458 3540913.60104
    -11125433.1043 3540913.47213
    -11125433.2156 3540913.34321
    -11125587.0591 3540890.5245
    -11125607.3193 3540890.39558
    -11125610.9928 3540890.39558
    -11125678.4524 3540890.26666
    -11125731.3292 3540890.26666
    -11125791.2191 3540889.75098
    -11125844.4298 3540889.62206
    -11127319.747 3540880.33989
    -11127346.1297 3540884.59422
    -11127356.2598 3540886.14125
    -11127419.8232 3540896.19694
    -11127449.4342 3540900.70911
    -11127470.4736 3540904.18993
    -11128637.1018 3540905.22129
    -11128640.8867 3540905.22129
    -11129177.7806 3540904.83453
    -11129830.3355 3540904.83453
    -11130245.4458 3540909.21779
    -11130954.1057 3540916.69511
    -11131988.1525 3540927.65327
    -11132942.7171 3540927.9111
    -11132945.5001 3540927.78218
    -11133464.6942 3540927.78218
    -11134043.8895 3540927.78218
    -11134548.7234 3540927.78218
    -11135198.8292 3540927.78218
    -11135198.9405 3540927.78218
    -11135776.1321 3540927.9111
    -11135840.3634 3540927.9111
    -11136053.5403 3540928.16894
    -11136055.9893 3540928.16894
    -11137315.792 3540929.8449
    -11137492.79 3540930.10274
    -11137804.0393 3540929.71598
    -11138893.0778 3540928.42678
    -11138893.0778 3540928.29786
    -11139496.3182 3540927.78218
    -11139499.1012 3540927.65327
    -11139725.6363 3540927.00867
    -11139743.4474 3540927.13759
    -11139761.3699 3540927.26651
    -11140255.1831 3540926.75083
    -11140295.1468 3540926.75083
    -11140295.1468 3540926.87975
    -11140701.3517 3540926.36407
    -11142879.5401 3540937.32223
    -11143691.0592 3540928.68462
    -11144104.6111 3540924.30136
    -11144621.9128 3540915.01916
    -11144913.4585 3540919.53134
    -11144915.017 3541284.37863
    -11144915.1283 3541319.70363
    -11144920.1377 3542520.68332
    -11144921.9188 3542921.03523
    -11144922.3641 3543017.86944
    -11144924.0339 3543308.3765
    -11144924.5905 3543405.21367
    -11144926.149 3543697.53491
    -11144926.149 3543718.03762
    -11144928.8206 3544656.94281
    -11144929.8225 3544969.92671
    -11144930.1565 3545092.44003
    -11144930.6017 3545195.22318
    -11144935.6111 3545459.98713
    -11144937.9488 3545582.5052
    -11144938.5054 3546065.49592
    -11144938.9507 3546371.937
    -11144940.1752 3547381.33631
    -11144940.3979 3547514.8369
    -11144941.0658 3547998.03052
    -11144941.0658 3548060.59165
    -11144941.3997 3548248.66386
    -11144941.5111 3548311.35523
    -11144941.6224 3548404.74787
    -11144941.9563 3548685.31696
    -11144942.0677 3548778.84137
    -11144942.179 3548902.03665
    -11144942.7356 3549271.88773
    -11144942.9582 3549395.21684
    -11144942.6243 3549515.967
    -11144941.9563 3549693.35315
    -11144940.6205 3550153.02065
    -11144939.2847 3550587.93338
    -11144938.5054 3550879.25976
    -11144938.6168 3550886.2269
    -11144938.8394 3550904.93499
    -11144939.062 3550911.90215
    -11144939.8413 3550961.18845
    -11144940.1752 3550980.02567
    -11144940.2865 3550992.54083
    -11144940.0639 3551099.1137
    -11144939.5073 3551456.38453
    -11144939.396 3551570.96106
    -11144939.6186 3551575.47705
    -11144943.6261 3551659.21667
    -11144953.6449 3551868.89073
    -11144953.7562 3551881.5358
    -11144953.9788 3551910.82596
    -11144954.9807 3551994.82587
    -11144955.092 3552004.63235
    -11144955.426 3552034.3099
    -11144955.5373 3552044.24544
    -11144952.7543 3552475.48129
    -11144948.9695 3552569.29188
    -11144947.8563 3552600.39018
    -11144947.411 3552751.49546
    -11144953.3109 3552919.11991
    -11144956.7618 3553054.48571
    -11144956.5392 3553615.96602
    -11144959.3222 3554087.7785
    -11144958.209 3554144.94954
    -11144949.0808 3554670.21252
    -11144949.86 3554808.04929
    -11144952.1977 3555221.56862
    -11144953.0883 3555359.41141
    -11144953.0883 3555361.34741
    -11144953.1996 3555385.87017
    -11144952.309 3555506.2905
    -11144952.0864 3555554.43314
    -11144948.6355 3555947.06711
    -11144947.411 3556094.08213
    -11144945.5186 3556312.4781
    -11144945.4072 3556316.47948
    -11144939.6186 3556983.82417
    -11144937.7262 3557206.36631
    -11144937.6149 3557211.14249
    -11144937.6149 3557225.8583
    -11144937.6149 3557230.89266
    -11144936.947 3557652.49512
    -11144935.9451 3558472.37544
    -11144935.2772 3558917.77447
    -11144934.7206 3559339.56251
    -11144934.7206 3559350.14935
    -11144934.7206 3559382.03904
    -11144934.7206 3559392.75502
    -11144934.6092 3559413.67059
    -11144934.6092 3559476.93393
    -11144934.6092 3559497.97874
    -11144934.3866 3559568.60178
    -11144934.164 3559780.7315
    -11144934.164 3559851.48524
    -11144935.2772 3560105.06577
    -11144936.5017 3560358.13494
    -11144938.8394 3560866.22539
    -11144939.9526 3561091.67692
    -11144939.9526 3561119.95549
    -11144939.9526 3561161.53414
    -11144939.9526 3561286.65831
    -11144940.0639 3561328.36664
    -11144940.1752 3561617.61707
    -11144940.8431 3562485.40825
    -11144941.0658 3562774.68528
    -11144941.0658 3562838.86952
    -11144941.1771 3562914.54794
    -11144941.2884 3563031.55336
    -11144941.3997 3563095.86806
    -11144940.9545 3563191.69499
    -11144939.7299 3563479.5676
    -11144939.5073 3563549.69638
    -11144937.9488 3563575.5266
    -11144937.3922 3563582.75907
    -11144936.1677 3563604.84397
    -11144935.8338 3563612.33476
    -11144935.8338 3563614.53034
    -11144935.7224 3563619.30895
    -11144935.4998 3563640.48984
    -11144935.4998 3563647.5932
    -11144935.0545 3563685.04733
    -11144934.0527 3563797.41038
    -11144933.7187 3563834.99411
    -11144933.3847 3563859.53338
    -11144932.8281 3563923.07738
    -11144932.7168 3563933.53892
    -11144932.6055 3563958.20754
    -11144931.1583 3563959.49909
    -11144932.4942 3563960.27402
    -11144932.4942 3563960.91979
    -11144931.8263 3564032.60113
    -11144930.7131 3564139.28438
    -11144925.2584 3564674.39332
    -11144923.4773 3564852.76802
    -11144922.5867 3564933.23767
    -11144920.249 3565174.90804
    -11144919.4698 3565255.50892
    -11144917.5774 3565256.8006
    -11144913.7925 3565264.93822
    -11144914.7944 3565328.10182
    -11144924.2565 3565902.01382
    -11144921.8075 3566329.07406
    -11144917.6887 3567058.1844
    -11144914.5717 3567610.72939
    -11144913.3472 3567836.30185
    -11144912.3453 3568007.6156
    -11144918.5792 3568037.2017
    -11144921.4735 3568050.89659
    -11144921.0283 3568215.36573
    -11144919.6924 3568751.42342
    -11144919.2472 3568930.1144
    -11144919.0245 3568965.12935
    -11144918.6906 3569070.56239
    -11144918.5792 3569105.70693
    -11144915.7963 3570083.20395
    -11144907.6699 3573016.66856
    -11144904.9983 3573994.59935
    -11144904.553 3574164.57527
    -11144904.219 3574266.94971
    -11144901.9926 3575084.03625
    -11144901.3247 3575352.40282
    -11144901.3247 3575356.53953
    -11144900.9908 3575449.87456
    -11144900.3228 3575730.27164
    -11144900.1002 3575823.73872
    -11144899.321 3576112.41808
    -11144897.0946 3576955.22401
    -11144896.9833 3576978.62532
    -11144896.204 3577267.46056
    -11144896.0927 3577295.1291
    -11144895.8701 3577378.13509
    -11144895.8701 3577395.97757
    -11144895.8701 3577405.93317
    -11144895.7587 3577413.4322
    -11144895.7587 3577436.31719
    -11144892.0852 3578997.37898
    -11144891.5286 3579266.21724
    -11144885.6287 3581808.63387
    -11144880.9533 3583773.18805
    -11144880.0627 3584166.96379
    -11144880.0627 3584185.98021
    -11144880.174 3584535.52531
    -11144880.174 3585365.5723
    -11144880.2853 3585787.60296
    -11144880.7306 3586874.44271
    -11144880.7306 3587054.16852
    -11144880.8419 3587476.51492
    -11144880.8419 3588119.11956
    -11144880.9533 3588171.01074
    -11144881.3985 3590047.39042
    -11144881.6212 3590690.2566
    -11144882.4004 3591001.15321
    -11144885.0721 3591934.27777
    -11144885.9626 3592245.33477
    -11144886.2966 3592674.71748
    -11144886.4079 3592834.46145
    -11144887.6324 3594346.56388
    -11144887.7437 3594602.13763
    -11144888.189 3595191.50493
    -11144715.9778 3595191.50493
    -11144199.678 3595191.63441
    -11144027.578 3595191.76388
    -11144027.4667 3595191.76388
    -11143971.0277 3595191.76388
    -11143801.7108 3595191.76388
    -11143745.2718 3595191.89336
    -11143744.9379 3595192.02284
    -11143640.7428 3595192.02284
    -11143629.3882 3595192.02284
    -11143622.8204 3595192.02284
    -11143281.7374 3595191.89336
    -11143165.8539 3595191.89336
    -11143117.4299 3595191.89336
    -11142972.4919 3595192.15232
    -11142924.5132 3595192.41127
    -11142656.5672 3595192.15232
    -11141853.3971 3595192.54075
    -11141585.6737 3595192.92918
    -11141378.2855 3595192.92918
    -11141099.8754 3595193.05866
    -11140756.4548 3595193.18813
    -11140549.1779 3595193.31761
    -11140472.8127 3595193.31761
    -11140244.0512 3595193.44709
    -11140167.7973 3595193.57657
    -11139999.4823 3595193.83552
    -11139494.5371 3595195.00082
    -11139326.3333 3595195.51873
    -11138996.4937 3595196.16612
    -11138588.3964 3595197.20194
    -11138007.3087 3595198.49671
    -11137677.5803 3595199.27358
    -11137030.5914 3595199.79149
    -11135089.9588 3595201.86313
    -11134443.0812 3595202.51051
    -11134093.7606 3595202.76947
    -11134014.9464 3595202.76947
    -11133045.9103 3595203.93477
    -11132700.1519 3595204.3232
    -11132696.701 3595204.45268
    -11132516.8087 3595212.60977
    -11131988.3751 3595236.69263
    -11131977.1318 3595236.56315
    -11131797.2395 3595235.91576
    -11131785.551 3595235.78628
    -11131750.708 3595235.78628
    -11131739.1308 3595235.78628
    -11131462.6132 3595234.87994
    -11130633.1716 3595232.1609
    -11130356.7653 3595231.25456
    -11130349.6409 3595231.12508
    -11130208.7104 3595230.60717
    -11129764.7683 3595229.05344
    -11129616.8247 3595228.665
    -11129553.5952 3595228.53553
    -11129177.7806 3595228.01761
    -11127937.9041 3595226.85231
    -11127860.6484 3595226.72284
    -11127421.6043 3595226.3344
    -11127338.56 3595227.4997
    -11127148.4263 3595230.34821
    -11127089.6496 3595231.12508
    -11127010.5014 3595232.41986
    -11127006.7166 3595232.41986
    -11126889.4972 3595232.29038
    -11126538.3955 3595232.03143
    -11126421.51 3595232.1609
    -11126346.0354 3595231.90195
    -11126119.8342 3595231.77247
    -11126044.4709 3595231.77247
    -11125966.9925 3595231.77247
    -11125873.9294 3595231.64299
    -11125362.639 3595231.12508
    -11125248.3139 3595231.12508
    -11125194.5466 3595231.12508
    -11125192.2089 3595231.12508
    -11124891.5349 3595230.86613
    -11124391.7104 3595230.47769
    -11124382.2483 3595230.47769
    -11123989.7357 3595230.08926
    -11123689.1731 3595229.95978
    -11123649.6547 3595229.8303
    -11123531.0994 3595229.8303
    -11123491.6923 3595229.8303
    -11123185.4524 3595229.57135
    -11122266.7327 3595228.79448
    -11121960.6041 3595228.665
    -11121905.9462 3595228.53553
    -11121741.9726 3595228.53553
    -11121687.426 3595228.53553
    -11121595.0309 3595228.40605
    -11121317.8453 3595228.27657
    -11121225.6728 3595228.27657
    -11121225.5615 3595228.27657
    -11121140.1794 3595228.27657
    -11120884.3672 3595228.27657
    -11120799.0965 3595228.27657
    -11120561.4294 3595228.01761
    -11119848.6507 3595227.24075
    -11119611.0949 3595227.11127
    -11119565.5652 3595226.98179
    -11119428.9762 3595226.98179
    -11119383.5578 3595226.98179
    -11119274.4647 3595226.85231
    -11118947.1854 3595226.59336
    -11118865.4769 3595226.59336
    -11118838.2037 3595226.59336
    -11118811.7096 3595226.59336
    -11118732.3388 3595226.59336
    -11118705.9561 3595226.59336
    -11118551.3333 3595226.46388
    -11118087.465 3595226.20493
    -11118072.9935 3595226.20493
    -11117932.9536 3595222.45007
    -11117906.5708 3595221.6732
    -11117768.4234 3595222.06164
    -11117274.8327 3595223.48589
    -11117138.355 3595224.0038
    -11117110.3025 3595224.0038
    -11116978.2776 3595224.13328
    -11116582.6481 3595224.52171
    -11116450.7345 3595224.78067
    -11116450.1779 3595224.78067
    -11116436.8196 3595224.78067
    -11116395.4088 3595224.78067
    -11116381.6051 3595224.91015
    -11116381.4938 3595224.91015
    -11116347.4301 3595224.91015
    -11116245.2388 3595225.03963
    -11116211.175 3595225.1691
    -11116178.1131 3595225.1691
    -11116079.2614 3595225.29858
    -11116046.3108 3595225.42806
    -11116006.1245 3595225.42806
    -11115885.8994 3595225.55754
    -11115845.8244 3595225.68701
    -11115691.5356 3595225.94597
    -11115647.8984 3595225.94597
    -11115644.3361 3595225.94597
    -11115040.2053 3595226.72284
    -11115029.5186 3595226.85231
    -11114838.8283 3595227.11127
    -11114675.5226 3595227.24075
    -11114186.0508 3595228.01761
    -11114022.8564 3595228.27657
    -11113973.9872 3595228.40605
    -11113930.4613 3595228.40605
    -11113653.6097 3595228.79448
    -11113561.3258 3595228.92396
    -11113549.192 3595228.92396
    -11113513.0132 3595228.92396
    -11113500.9907 3595229.05344
    -11113491.7512 3595229.05344
    -11113207.5525 3595229.44187
    -11112569.1352 3595230.34821
    -11112327.3493 3595230.60717
    -11112034.0224 3595231.12508
    -11111767.0783 3595231.51352
    -11111479.3174 3595231.77247
    -11109815.2023 3595234.10307
    -11109314.8212 3595234.87994
    -11109271.8519 3595235.00942
    -11109260.6086 3595235.00942
    -11109245.9145 3595235.00942
    -11109202.2772 3595235.00942
    -11109187.6944 3595235.13889
    -11109030.6226 3595235.39785
    -11108972.0685 3595235.52733
    -11108325.5249 3595237.59897
    -11108138.9534 3595238.24636
    -11108110.0104 3595239.15271
    -11107972.5308 3595243.42548
    -11107846.9624 3595243.94339
    -11107840.9512 3595244.07287
    -11107831.6003 3595244.33183
    -11107726.2921 3595244.59078
    -11106479.0685 3595246.79191
    -11106157.5778 3595247.4393
    -11105951.5254 3595247.69825
    -11105333.9249 3595248.99303
    -11105128.2065 3595249.7699
    -11105104.8294 3595249.7699
    -11105034.6981 3595249.89938
    -11105011.4323 3595250.02886
    -11104593.7616 3595250.80573
    -11104511.2739 3595250.9352
    -11104157.6119 3595251.71207
    -11103011.1324 3595239.54114
    -11102534.9076 3595234.75046
    -11102511.4192 3595234.62098
    -11102511.1966 3595234.62098
    -11102337.4269 3595233.84412
    -11102190.9304 3595233.58516
    -11101816.4516 3595232.1609
    -11101642.9046 3595231.77247
    -11101291.5802 3595231.25456
    -11100919.6618 3595230.73665
    -11100237.6073 3595229.70083
    -11099886.283 3595229.31239
    -11099643.0499 3595229.95978
    -11098913.7959 3595232.29038
    -11098670.6742 3595233.06725
    -11098158.3819 3595232.41986
    -11097787.5766 3595232.03143
    -11097380.036 3595231.51352
    -11096621.9502 3595230.47769
    -11096541.3549 3595230.47769
    -11096109.7693 3595229.95978
    -11096037.8569 3595229.8303
    -11095822.1197 3595229.57135
    -11095750.2073 3595229.57135
    -11095719.4831 3595228.40605
    -11095627.5332 3595225.29858
    -11095596.9204 3595224.39224
    -11095593.4695 3595224.26276
    -11095493.8385 3595224.0038
    -11095184.593 3595223.48589
    -11095081.6224 3595223.35641
    -11094958.7257 3595222.96798
    -11094921.3224 3595222.96798
    -11094440.7561 3595222.06164
    -11094280.5674 3595221.80268
    -11094037.223 3595221.15529
    -11093307.635 3595219.73104
    -11093064.6246 3595219.60156
    -11092874.7135 3595219.08365
    -11092864.6948 3595219.08365
    -11092265.3507 3595218.04783
    -11092065.7548 3595217.78887
    -11092033.3608 3595217.65939
    -11091936.1789 3595217.52992
    -11091903.8963 3595217.52992
    -11091638.0653 3595217.01201
    -11091617.5825 3595217.01201
    -11091203.9193 3595216.36462
    -11090840.5725 3595215.58775
    -11090574.8529 3595215.19932
    -11090342.9744 3595214.68141
    -11090242.3415 3595214.55193
    -11089648.6747 3595258.70389
    -11089417.3528 3595275.92449
    -11089415.2377 3595276.05397
    -11089207.5156 3595275.66553
    -11088578.1152 3595274.50023
    -11088368.3892 3595274.11179
    -11088292.5807 3595273.98232
    -11088065.2663 3595273.59388
    -11087989.569 3595273.4644
    -11087973.873 3595273.33493
    -11087927.2301 3595273.33493
    -11087911.6454 3595273.33493
    -11087911.534 3595273.33493
    -11087668.6349 3595272.16962
    -11086940.1602 3595268.80319
    -11086697.3724 3595267.76736
    -11086033.129 3595265.82519
    -11085280.3866 3595264.01249
    -11084041.178 3595260.64606
    -11083377.1572 3595258.83337
    -11083376.8233 3595258.83337
    -11083101.3075 3595258.0565
    -11082274.5377 3595255.46694
    -11081998.9106 3595254.81955
    -11081696.4556 3595253.78372
    -11080789.0904 3595251.32364
    -11080503.7785 3595250.67625
    -11080487.0806 3595250.67625
    -11080486.524 3595250.54677
    -11080427.0794 3595250.28781
    -11080249.1909 3595249.89938
    -11080190.1915 3595249.89938
    -11080066.1816 3595249.38147
    -11079694.8198 3595248.34564
    -11079576.8211 3595248.47512
    -11079571.2552 3595248.34564
    -11079340.3785 3595247.69825
    -11078647.6373 3595245.75609
    -11078416.7607 3595245.23817
    -11078305.7752 3595244.84974
    -11077973.1525 3595243.94339
    -11077862.2783 3595243.68444
    -11077732.8138 3595243.296
    -11077344.754 3595242.1307
    -11077215.5121 3595242.00122
    -11077012.1314 3595241.22436
    -11076402.5459 3595239.67062
    -11076327.0712 3595239.54114
    -11076199.3878 3595242.64861
    -11075858.1935 3595242.77809
    -11074834.7221 3595243.68444
    -11074493.6392 3595243.94339
    -11074493.7505 3595157.45241
    -11074494.3071 3594898.37149
    -11074494.5298 3594812.01238
    -11074494.8637 3594577.79704
    -11074496.0883 3593875.43631
    -11074496.6449 3593641.36799
    -11074497.0901 3593356.03843
    -11074498.6486 3592500.47719
    -11074499.2052 3592215.30313
    -11074499.4278 3591257.17629
    -11074499.5392 3590703.97627
    -11074499.5392 3590667.99453
    -11074499.7618 3590560.4382
    -11074499.8731 3590524.58629
    -11074500.0958 3590400.335
    -11074500.7637 3590027.97682
    -11074501.0976 3589903.85989
    -11074501.2089 3589786.73294
    -11074501.6542 3589435.61753
    -11074501.8769 3589318.62438
    -11074505.9957 3587445.84775
    -11074505.9957 3587445.71835
    -11074506.107 3587421.1329
    -11074506.2183 3587420.09773
    -11074506.3296 3587294.97151
    -11074506.441 3587294.97151
    -11074507.7768 3586685.01527
    -11074507.7768 3586684.88588
    -11074507.7768 3586659.78437
    -11074507.8881 3586634.42414
    -11074507.9994 3586607.25252
    -11074507.9994 3586580.08095
    -11074508.1108 3586579.95157
    -11074508.556 3586546.18128
    -11074508.556 3586542.04086
    -11074513.6767 3584166.96379
    -11074529.4841 3583738.51981
    -11074529.3728 3583683.67177
    -11074528.5935 3583089.02567
    -11074528.2596 3582813.3792
    -11074527.9256 3582565.28964
    -11074528.4822 3582432.19252
    -11074533.269 3581289.09005
    -11074534.9388 3580908.2084
    -11074536.3859 3580598.59701
    -11074536.4972 3580537.94304
    -11074536.8312 3580477.28937
    -11074538.167 3580167.17134
    -11074541.1726 3579124.10336
    -11074541.1726 3579118.54298
    -11074577.9081 3577505.36029
    -11074550.1895 3576042.60697
    -11074549.6329 3575913.45743
    -11074546.0707 3574983.72344
    -11074545.9594 3574944.81366
    -11074546.8499 3574878.62854
    -11074551.3027 3574563.3491
    -11074552.8612 3574458.38698
    -11074553.0838 3574437.3171
    -11074553.9744 3574374.36621
    -11074554.3083 3574353.42574
    -11074557.7593 3573982.31981
    -11074566.7761 3573028.68866
    -11074564.7724 3572869.06786
    -11074560.2083 3572498.13506
    -11074559.5404 3572444.49934
    -11074561.0988 3572350.54045
    -11074568.6686 3571907.89629
    -11074571.3402 3571760.43787
    -11074570.6723 3571517.34848
    -11074568.7799 3570788.49623
    -11074568.2233 3570545.55488
    -11074568.0006 3570470.08894
    -11074567.3327 3570243.95231
    -11074567.2214 3570168.61741
    -11074567.1101 3570151.94817
    -11074567.1101 3570102.19902
    -11074567.1101 3570085.65909
    -11074566.5535 3569869.34979
    -11074566.4422 3569869.22057
    -11074564.5497 3569130.25649
    -11074563.4365 3568643.92581
    -11074563.1026 3568516.66119
    -11074562.1007 3568134.87506
    -11074561.8781 3568007.6156
    -11074563.1026 3567938.49552
    -11074563.1026 3567937.07436
    -11073669.7637 3567937.20356
    -11073383.6726 3567937.20356
    -11073318.7733 3567937.07436
    -11073124.1868 3567936.68677
    -11073059.3989 3567936.68677
    -11072768.0758 3567936.29919
    -11071894.3291 3567935.13642
    -11071603.1173 3567934.87803
    -11071335.6166 3567934.49044
    -11070533.4483 3567933.45688
    -11070266.0589 3567933.19848
    -11070256.8194 3567933.06929
    -11070229.2122 3567933.06929
    -11070220.084 3567933.06929
    -11069093.7534 3567931.77733
    -11068922.8779 3567931.51894
    -11068810.7792 3567931.38974
    -11068474.817 3567931.00215
    -11068362.8296 3567931.00215
    -11068198.0767 3567925.83431
    -11067703.8182 3567910.46001
    -11067539.0654 3567905.42137
    -11067537.5069 3567904.6462
    -11067532.9428 3567902.32068
    -11067531.4956 3567901.5455
    -11067005.6224 3567902.96665
    -11066875.0446 3567903.48344
    -11066867.6975 3567903.48344
    -11066860.3504 3567903.48344
    -11066859.6825 3567903.48344
    -11066813.0396 3567904.25861
    -11066783.9853 3567904.6462
    -11066766.3968 3567904.90459
    -11066748.697 3567905.16298
    -11065768.9741 3567920.66648
    -11065762.295 3567916.53221
    -11065686.8204 3567916.7906
    -11065460.8418 3567917.56578
    -11065385.4785 3567917.95336
    -11065301.4323 3567918.47015
    -11064810.402 3567921.44165
    -11064809.9567 3567921.57085
    -11064796.3757 3567921.57085
    -11064796.2644 3567921.70004
    -11064743.6103 3567922.21683
    -11062988.4359 3567930.74376
    -11062973.4078 3567930.87296
    -11062411.3557 3567933.71527
    -11061323.2076 3567944.95532
    -11059806.2569 3567954.51584
    -11059776.7573 3567954.64504
    -11059736.9049 3567954.90343
    -11059135.6683 3567950.63996
    -11059057.2994 3567946.37648
    -11059036.594 3567945.34291
    -11058765.0857 3567944.43854
    -11057888.4447 3567941.46703
    -11057596.2311 3567940.56266
    -11057374.1487 3567939.78748
    -11057086.0539 3567938.88311
    -11056987.2021 3567938.49552
    -11056690.8697 3567937.59115
    -11056689.5338 3567937.59115
    -11056592.1293 3567938.49552
    -11056492.1644 3567939.52909
    -11056192.6036 3567942.75899
    -11056092.75 3567943.92176
    -11055859.981 3567946.37648
    -11055161.8965 3567953.99906
    -11054929.2387 3567956.71218
    -11054837.4001 3567957.61655
    -11054561.9957 3567960.58807
    -11054470.2685 3567961.75083
    -11054470.6024 3567919.63291
    -11054471.9382 3567793.79677
    -11054472.3835 3567751.8086
    -11054470.2685 3567525.20412
    -11054463.9232 3566845.41519
    -11054461.9195 3566618.95624
    -11054460.2497 3566441.0732
    -11054455.3516 3565907.56836
    -11054453.7932 3565729.82455
    -11054452.5687 3565558.41267
    -11054449.2291 3565044.32021
    -11054448.1159 3564873.04684
    -11054447.6706 3564816.73122
    -11054446.6687 3564648.04419
    -11054446.3348 3564591.85874
    -11054446.0008 3564550.39791
    -11054445.8895 3564550.26875
    -11054444.4423 3564389.98066
    -11054438.765 3563785.65742
    -11054435.4255 3563436.81894
    -11054429.6368 3562818.72313
    -11054426.7425 3562514.59394
    -11054426.6312 3562514.20652
    -11054421.8445 3561995.46046
    -11054401.9183 3559881.18127
    -11054401.807 3559881.05216
    -11054399.4693 3559620.24594
    -11054396.6863 3559329.75032
    -11054388.56 3558458.82007
    -11054385.8883 3558168.48034
    -11054385.6656 3558155.05438
    -11054385.3317 3558114.77661
    -11054385.2204 3558101.47981
    -11054363.2904 3555766.75341
    -11054358.7263 3555264.41846
    -11054357.8358 3555175.36322
    -11054357.7245 3555165.29615
    -11054357.8358 3555160.64981
    -11054359.7282 3555116.50967
    -11054360.3961 3555101.92539
    -11054361.5093 3555076.88693
    -11054354.0509 3554466.94477
    -11054330.7851 3552562.32381
    -11054323.438 3551953.0194
    -11054324.5512 3551927.60009
    -11054326.889 3551869.01976
    -11054318.6513 3551323.87445
    -11054318.6513 3551323.74542
    -11054293.3818 3549645.36189
    -11054293.2705 3549636.46031
    -11054289.8196 3548967.9563
    -11054287.7045 3548573.21757
    -11054284.2536 3547904.12492
    -11054274.1235 3545897.31762
    -11054270.7839 3545228.49569
    -11054268.7802 3544842.64308
    -11054268.0009 3544700.53055
    -11054262.2123 3543554.40368
    -11054259.2067 3542942.43927
    -11054258.4275 3542804.73202
    -11054256.2011 3542391.7482
    -11054255.5332 3542254.17588
    -11054255.4218 3542242.82978
    -11054255.0879 3542208.79153
    -11054255.0879 3542197.5744
    -11054218.1298 3540517.95364
    -11054216.6827 3540449.88652
    -11054252.3049 3540450.27326
    -11054661.2927 3540454.26962
    -11055995.2342 3540467.54784
    -11056439.9555 3540472.05986
    -11056519.9942 3540472.83335
    -11056760.2217 3540475.28273
    -11056840.3717 3540476.18513
    -11057114.663 3540478.89235
    -11057388.9542 3540481.72848
    -11058935.6272 3540497.3272
    -11059343.8358 3540501.45248
    -11059901.7691 3540507.12476
    -11060478.5153 3540513.18377
    -11061886.9295 3540527.49338
    -11063505.0696 3540543.99457
    -11064377.0352 3540552.88975
    -11064381.2654 3540552.88975
    -11065089.0347 3540560.10903
    -11065134.6757 3540560.62469
    -11065252.7857 3540561.78493
    -11065744.2612 3540566.68374
    -11065908.1235 3540568.35964
    -11065935.0628 3540568.61748
    -11066015.9921 3540569.39097
    -11066043.0427 3540569.6488
    -11066155.698 3540570.68013
    -11066317.2226 3540572.35604
    -11067139.7623 3540580.86449
    -11067295.2757 3540582.5404
    -11067413.9422 3540583.82956
    -11067503.3318 3540584.73197
    -11067771.8344 3540587.43921
    -11067861.3353 3540588.34162
    -11067959.7417 3540589.24403
    -11068254.961 3540592.33802
    -11068353.4788 3540593.36935
    -11068390.8821 3540593.75609
    -11068503.0921 3540594.91634
    -11068540.6068 3540595.30309
    -11068618.4191 3540596.07658
    -11068674.7468 3540596.59225
    -11068877.6822 3540598.78382
    -11069485.9319 3540604.9718
    -11071649.0923 3540627.0165
    -11071860.488 3540629.20808
    -11072126.5416 3540631.78641
    -11072924.7023 3540639.90815
    -11073190.8672 3540642.6154
    -11073247.5288 3540643.13107
    -11073417.5137 3540644.80698
    -11073474.2866 3540645.45157
    -11073518.0352 3540645.83832
    -11073649.2809 3540647.2564
    -11073693.1408 3540647.77207
    -11073701.4897 3540647.90098
    -11073726.7593 3540648.28773
    -11073735.2195 3540648.41665
    -11073844.09 3540649.5769
    -11073938.2663 3540650.47932
    -11074159.3468 3540652.6709
    -11075432.0625 3540665.43366
    -11075856.4124 3540669.81684
    -11075963.2791 3540670.84817
    -11076284.2132 3540674.0711
    -11076391.1913 3540675.23135
    -11076601.3625 3540677.29402
    -11076940.553 3540680.77478
    -11077493.2542 3540686.44713
    -11078151.1524 3540693.15082
    -11078691.9425 3540698.43642
    -11078755.5059 3540699.20992
    -11078826.3051 3540699.98343
    -11078883.6347 3540700.62801
    -11079540.4197 3540707.33171
    -11079834.7484 3540710.29681
    -11079841.0936 3540710.29681
    -11080137.2034 3540713.26191
    -11081044.5686 3540722.54396
    -11081347.0237 3540725.63798
    -11082071.7136 3540732.98628
    -11084246.0059 3540755.03119
    -11084734.2531 3540760.05899
    -11084970.8071 3540762.50843
    -11085026.8008 3540763.0241
    -11085195.2272 3540764.70003
    -11085251.3322 3540765.34462
    -11085276.3791 3540765.47354
    -11085304.2089 3540765.86029
    -11085351.5197 3540766.24705
    -11085376.5666 3540766.6338
    -11085495.4558 3540767.79406
    -11085852.1235 3540771.40376
    -11085971.124 3540772.69294
    -11086107.6017 3540773.98212
    -11086517.3687 3540778.23642
    -11086653.9578 3540779.65451
    -11086707.0572 3540780.17019
    -11086866.3553 3540781.7172
    -11086919.5661 3540782.36179
    -11087093.6697 3540784.03773
    -11087616.0921 3540789.45229
    -11087790.3071 3540791.25714
    -11088010.2744 3540793.44875
    -11088029.1987 3540793.70658
    -11088670.5103 3540800.15249
    -11088890.7003 3540802.47302
    -11089334.0858 3540806.85624
    -11090664.5764 3540820.39267
    -11090745.3943 3540821.2951
    -11091108.0732 3540825.03374
    -11091131.5616 3540825.29157
    -11091202.3608 3540826.06508
    -11091225.9606 3540826.32292
    -11091306.4446 3540827.09643
    -11091547.8965 3540829.41697
    -11091628.4918 3540830.3194
    -11091874.174 3540832.76885
    -11092611.2203 3540840.24613
    -11092856.9024 3540842.8245
    -11092966.3295 3540843.98477
    -11093307.8577 3540847.46557
    -11093871.4683 3540853.138
    -11094169.2479 3540856.10313
    -11094861.9891 3540863.06475
    -11095441.1844 3540869.12394
    -11095883.6794 3540873.50718
    -11096478.9047 3540879.56637
    -11096499.9441 3540879.82421
    -11096778.2428 3540882.66043
    -11096891.3434 3540883.8207
    -11098211.8152 3540897.22829
    -11098228.8471 3540897.35721
    -11099866.2455 3540914.11672
    -11100811.9046 3540923.78568
    -11102667.9344 3540938.35359
    -11102699.8831 3540938.61143
    -11103936.6427 3540960.14103
    -11103984.0648 3540961.04347
    -11104012.2286 3540961.43023
    -11104097.0541 3540962.97727
    -11104125.3292 3540963.49295
    -11104216.2772 3540965.03999
    -11104489.2326 3540969.6811
    -11104580.292 3540971.35706
    -11105729.3317 3540961.43023
    -11105730.5563 3540961.30131
    -11109954.463 3540942.60794
    -11109955.3536 3540942.60794
    -11110277.8461 3540940.80307
    -11110277.9575 3540940.67415
    -11111936.9518 3540930.87625
    -11111954.3177 3540930.87625
    -11112882.4996 3540933.32573
    -11113145.1023 3540933.97032
    -11113149.4437 3540933.97032
    -11113317.2022 3540936.54872
    -11113334.902 3540936.54872
    -11113341.3585 3540936.54872
    -11114485.7229 3540933.58357
    -11114543.0524 3540933.45465
    -11114742.7596 3540945.31525
    -11114826.3605 3540945.44417
    -11115277.0931 3540947.12013
    -11115277.2045 3540947.12013
    -11116071.803 3540950.47204
    -11116087.833 3540949.95636
    -11116088.0556 3540949.95636
    -11116143.2701 3540948.02257
    -11116150.7285 3540947.76473
    -11116154.2907 3540947.63581
    -11116197.0374 3540947.63581
    -11116210.7297 3540947.37797
    -11116212.0656 3540947.37797
    -11117690.2771 3540917.33971
    -11117691.8355 3540917.33971
    -11118072.6595 3540910.76482
    -11118260.6781 3540916.17943
    -11119132.755 3540941.57658
    -11119146.336 3540941.57658
    -11119159.1378 3540941.57658
    -11119171.9395 3540941.57658
    -11119195.2053 3540941.44766
    -11119218.3597 3540941.44766
    -11119499.2188 3540941.31874
    -11119503.115 3540941.31874
    -11120699.5769 3540926.75083
    -11120840.396 3540928.16894
    -11120844.2922 3540928.16894
    -11121754.329 3540932.16545
    -11121754.4404 3540932.16545
    -11121775.4797 3540932.29437
    -11121796.4078 3540932.55221
    -11121811.4359 3540932.55221
    -11121826.5754 3540932.68113
    -11122037.0805 3540933.84141
END
END
