48309 McLennan County
1
    -10828855.6056 3729948.66702
    -10828806.4023 3729974.06232
    -10828628.5138 3730067.39706
    -10828530.1074 3730123.03172
    -10827695.4338 3730606.86762
    -10827686.8622 3730611.84222
    -10827678.2906 3730616.81683
    -10827643.7816 3730636.84618
    -10827596.6934 3730638.41712
    -10827568.8636 3730661.06473
    -10827566.6372 3730661.06473
    -10827554.2807 3730665.51571
    -10827549.7166 3730667.87211
    -10827394.7599 3730758.46304
    -10827080.0597 3730942.91978
    -10826961.2818 3731012.95909
    -10826602.3877 3731222.94854
    -10826252.6219 3731431.76335
    -10826238.373 3731440.40404
    -10825920.5559 3731633.51199
    -10825837.9568 3731681.42942
    -10825774.0594 3731718.34954
    -10825752.6861 3731730.65627
    -10825734.9863 3731740.86825
    -10825307.4081 3731992.6355
    -10825273.3443 3732012.66712
    -10824984.8042 3732182.08627
    -10824588.5068 3732414.74687
    -10824476.1855 3732480.6049
    -10824417.5201 3732515.03976
    -10824410.6183 3732519.09863
    -10824315.3288 3732575.53013
    -10824252.4333 3732612.71484
    -10824199.4452 3732644.00769
    -10824109.7217 3732697.16645
    -10824028.2358 3732745.34995
    -10823905.6731 3732822.47015
    -10823900.8863 3732826.26725
    -10823888.7525 3732835.69454
    -10823878.2885 3732838.31323
    -10823856.5812 3732850.49017
    -10823791.2366 3732886.62824
    -10823772.0897 3732897.10306
    -10823734.575 3732919.75489
    -10823572.1599 3733019.7901
    -10823493.2344 3733067.05832
    -10823466.963 3733083.03267
    -10823349.2983 3733154.78655
    -10823285.5122 3733192.23491
    -10823140.9082 3733273.41707
    -10823086.473 3733305.62821
    -10823005.8776 3733351.45721
    -10822981.276 3733367.82475
    -10822934.7445 3733394.27475
    -10822835.5588 3733454.24574
    -10822748.9523 3733505.70581
    -10822732.143 3733514.21704
    -10822716.3356 3733525.21617
    -10822645.6478 3733566.33207
    -10822549.4677 3733619.49487
    -10822530.3208 3733632.3273
    -10822488.576 3733655.11146
    -10822405.7543 3733703.03688
    -10822301.5592 3733765.23547
    -10822215.9545 3733814.2089
    -10821989.8646 3733946.46432
    -10821929.8634 3733980.37956
    -10821910.8278 3733992.95048
    -10821810.6403 3734051.61497
    -10821683.9587 3734122.71984
    -10821663.3646 3734135.81471
    -10821484.1402 3734238.21705
    -10821414.1202 3734281.03772
    -10821364.2491 3734309.58492
    -10821351.1134 3734318.75146
    -10821323.2835 3734334.85841
    -10821270.9634 3734362.35813
    -10821262.9484 3734366.94142
    -10821259.4975 3734368.90569
    -10820947.9142 3734558.78649
    -10820923.3126 3734574.23899
    -10820800.6385 3734644.03739
    -10820756.556 3734669.04967
    -10820731.1752 3734684.10945
    -10820723.9394 3734689.87146
    -10820715.2565 3734693.93105
    -10820695.7756 3734706.10985
    -10820581.0052 3734770.9327
    -10820504.64 3734816.76725
    -10820486.2723 3734828.68426
    -10820474.3611 3734835.88685
    -10820470.5762 3734837.72024
    -10820456.55 3734844.52997
    -10820418.3674 3734867.84023
    -10820304.4876 3734933.7116
    -10820225.2281 3734979.54677
    -10820213.0943 3734987.01137
    -10820063.9261 3735078.55131
    -10819997.9137 3735117.05329
    -10819961.9575 3735139.57832
    -10819721.1734 3735279.96781
    -10819663.9552 3735315.06544
    -10819587.2561 3735359.3305
    -10819557.5338 3735376.48653
    -10819543.0622 3735385.65388
    -10819499.091 3735409.88192
    -10819491.076 3735416.56101
    -10819484.5082 3735424.41877
    -10819465.2499 3735457.15948
    -10819367.1774 3735498.93675
    -10819293.9292 3735532.85634
    -10819266.322 3735546.47659
    -10818849.7645 3735795.44168
    -10818847.7607 3735796.62038
    -10818844.6438 3735798.45392
    -10817862.6945 3736371.31586
    -10817856.0154 3736375.24505
    -10817389.2527 3736647.4099
    -10817315.7819 3736690.2391
    -10817216.2622 3736748.26176
    -10816698.1813 3737050.42944
    -10816484.6705 3737173.42053
    -10816315.6876 3737271.26417
    -10816171.3062 3737357.05811
    -10816094.3844 3737400.8067
    -10816072.4545 3737411.5474
    -10816050.5245 3737424.25287
    -10816016.1268 3737440.88789
    -10815966.367 3737470.22845
    -10815952.5634 3737478.08754
    -10815372.7002 3737808.04296
    -10814853.0608 3738103.81851
    -10814849.4985 3738105.91438
    -10814836.2515 3738113.5119
    -10814021.1702 3738580.37554
    -10813688.1023 3738771.23941
    -10813131.8388 3739079.48371
    -10812829.4951 3739247.03671
    -10812503.2176 3739438.0421
    -10812491.0838 3739445.11643
    -10812478.8387 3739452.19077
    -10812220.1322 3739603.63495
    -10811748.8055 3739875.34838
    -10811515.4798 3740005.57385
    -10811347.8326 3740101.60621
    -10811182.3006 3740197.11528
    -10811179.9629 3740197.50832
    -10811169.8328 3740203.40397
    -10811113.6164 3740235.76456
    -10811090.6846 3740248.99706
    -10811075.8791 3740257.51303
    -10810903.6679 3740355.38162
    -10810721.8832 3740460.32592
    -10810600.6562 3740528.32402
    -10810515.8308 3740578.11093
    -10810388.8152 3740648.33703
    -10810183.3195 3740763.7655
    -10810132.3351 3740792.45902
    -10810040.0513 3740844.21233
    -10809881.421 3740934.87944
    -10809700.1929 3741041.139
    -10809684.6081 3741051.62088
    -10809664.9046 3741064.72325
    -10809633.6238 3741084.76989
    -10809530.9872 3741143.07569
    -10809442.5996 3741195.87871
    -10809045.5229 3741425.43694
    -10808840.3611 3741544.67267
    -10808748.8565 3741598.52568
    -10808629.4107 3741667.0543
    -10808544.3626 3741713.30807
    -10808413.2282 3741784.72004
    -10808405.8811 3741789.69924
    -10808400.6491 3741793.36812
    -10808368.0325 3741815.64352
    -10808348.8856 3741829.926
    -10808331.7424 3741844.2085
    -10808309.9237 3741862.29095
    -10808284.9882 3741881.29066
    -10808240.4604 3741911.29715
    -10808202.8344 3741932.1314
    -10808179.2347 3741943.13819
    -10808153.1859 3741953.48982
    -10808116.6731 3741965.67593
    -10808088.5093 3741974.06207
    -10808072.7019 3741978.77929
    -10808063.9077 3741981.39996
    -10808052.9984 3741984.6758
    -10808032.7382 3741991.62059
    -10807957.5976 3742017.43427
    -10807915.1848 3742034.4687
    -10807898.3756 3742042.59283
    -10807879.1173 3742054.91006
    -10807863.6439 3742064.73765
    -10807836.4819 3742088.06182
    -10807828.8009 3742094.61357
    -10807779.4864 3742136.80687
    -10807771.8053 3742142.70346
    -10807766.3507 3742146.76556
    -10807752.5471 3742156.20012
    -10807723.9379 3742177.03479
    -10807666.9424 3742213.8559
    -10807539.3702 3742284.87771
    -10807531.3552 3742290.11919
    -10807527.3477 3742292.73993
    -10807505.8631 3742307.02298
    -10807462.6711 3742332.18214
    -10807208.974 3742472.65511
    -10807018.8403 3742579.45235
    -10807011.6045 3742583.64564
    -10806847.4083 3742679.17431
    -10806724.0663 3742749.01948
    -10806588.0339 3742828.16909
    -10806471.0371 3742893.4286
    -10806284.4656 3743000.3606
    -10806226.6908 3743033.90809
    -10805966.8711 3743180.41736
    -10805959.1901 3743184.7419
    -10805877.4816 3743232.83614
    -10805763.3791 3743296.13211
    -10805698.2572 3743335.0534
    -10805634.6937 3743371.61594
    -10805464.2636 3743469.50973
    -10805425.0791 3743491.78822
    -10805407.268 3743502.01013
    -10805337.2481 3743544.20834
    -10805025.1082 3743726.10794
    -10804982.2502 3743751.00795
    -10804833.3047 3743835.79944
    -10804630.5919 3743951.1273
    -10804624.358 3743954.66578
    -10804324.5747 3744125.1696
    -10804301.3089 3744138.79952
    -10804150.0257 3744226.477
    -10804141.5654 3744231.32615
    -10803975.5881 3744326.21255
    -10803865.827 3744388.20365
    -10803808.4975 3744420.05121
    -10803778.1073 3744436.95798
    -10803739.5907 3744459.3693
    -10803480.9956 3744606.55117
    -10803350.4178 3744679.1598
    -10803343.6273 3744682.96062
    -10803230.972 3744747.3127
    -10803224.8494 3744750.06503
    -10803218.5042 3744751.6378
    -10803208.5968 3744751.89993
    -10803201.8063 3744744.82249
    -10803197.6874 3744746.91951
    -10802962.1354 3744881.26048
    -10802433.4791 3745182.9761
    -10802139.0391 3745351.00692
    -10802020.1499 3745135.13624
    -10800284.5677 3742129.4689
    -10800280.4489 3742122.39299
    -10799075.5267 3739997.45109
    -10799074.5248 3739995.22389
    -10799067.957 3739981.59863
    -10799024.9877 3739923.9535
    -10799025.7669 3739919.23709
    -10799005.6181 3739897.88226
    -10798998.6049 3739888.18744
    -10798999.0502 3739886.22228
    -10798998.0483 3739884.38813
    -10798996.6012 3739881.6369
    -10798993.7069 3739876.13444
    -10798582.1587 3739124.54856
    -10798354.6217 3738709.4081
    -10798347.2746 3738696.83227
    -10798255.8813 3738537.53966
    -10797962.2205 3738031.38034
    -10797694.9424 3737571.21815
    -10797632.0469 3737462.8933
    -10797626.2583 3737453.06945
    -10797621.4715 3737444.81742
    -10797604.217 3737415.47693
    -10797595.4228 3737400.15178
    -10797586.6285 3737384.82666
    -10797051.627 3736463.91407
    -10796375.1385 3735276.9557
    -10796203.4838 3734975.87995
    -10796200.9235 3734971.55834
    -10795792.9376 3734269.5141
    -10795773.0114 3734235.07425
    -10795666.0333 3734030.00859
    -10795652.5637 3734008.27132
    -10795376.714 3733552.19028
    -10795160.6429 3733172.33227
    -10795046.9857 3732972.39111
    -10794973.7374 3732843.55063
    -10794850.3954 3732625.15341
    -10794847.8351 3732620.57078
    -10794844.7181 3732615.20255
    -10794463.8942 3731946.68071
    -10794430.6096 3731888.28827
    -10794099.5455 3731307.25954
    -10794091.8644 3731293.77498
    -10794087.4116 3731286.05082
    -10794066.8175 3731249.78661
    -10794053.3479 3731225.82872
    -10793682.4313 3730578.06732
    -10793679.871 3730573.61638
    -10793677.422 3730569.95089
    -10793675.8635 3730566.93995
    -10793635.0092 3730499.12868
    -10793430.2927 3730151.83093
    -10793379.531 3730075.38226
    -10793347.6936 3730022.75862
    -10793315.8563 3729970.0043
    -10792278.2473 3728248.21907
    -10792275.9096 3728244.29252
    -10792272.6813 3728238.92623
    -10792267.338 3728229.89517
    -10791713.6348 3727286.9059
    -10791516.9333 3726963.12608
    -10791354.5181 3726690.26256
    -10791345.9465 3726675.86706
    -10791337.9315 3726660.42462
    -10790735.0252 3725638.65034
    -10790733.578 3725636.42577
    -10790731.3516 3725632.50006
    -10790444.8153 3725157.89134
    -10790120.9869 3724595.24168
    -10790114.0851 3724583.33473
    -10790107.1832 3724571.29694
    -10790066.1064 3724499.85552
    -10789648.213 3723817.91213
    -10789636.5244 3723799.85659
    -10789627.1736 3723784.67949
    -10789617.8228 3723769.37157
    -10789229.6517 3723136.79202
    -10789177.7768 3723049.79038
    -10789087.7194 3722901.95444
    -10789012.8013 3722778.97724
    -10789005.009 3722765.89463
    -10788997.2166 3722752.81203
    -10788985.1941 3722735.93551
    -10788977.7357 3722720.62891
    -10788975.064 3722716.05002
    -10788932.9853 3722645.92777
    -10788890.7952 3722575.6751
    -10788444.9606 3721827.64676
    -10788392.1952 3721739.60798
    -10788194.2691 3721411.13608
    -10788067.0309 3721200.13911
    -10787958.9397 3721020.93191
    -10787949.3662 3721004.97344
    -10787939.6814 3720989.01499
    -10787920.3119 3720956.96735
    -10787716.2632 3720617.92159
    -10787532.8087 3720308.31514
    -10787528.2446 3720300.33637
    -10787523.5692 3720292.61921
    -10787097.5495 3719573.50558
    -10786724.1839 3718943.23709
    -10786706.8181 3718914.33368
    -10786696.3541 3718897.85484
    -10786095.7854 3717920.28113
    -10786065.8405 3717869.27945
    -10785864.9088 3717527.18136
    -10785843.8694 3717492.52746
    -10785646.2773 3717168.6164
    -10785643.7169 3717162.73194
    -10785640.4887 3717158.6782
    -10785574.1423 3717046.48181
    -10785197.5484 3716407.06056
    -10785194.5428 3716403.26859
    -10785193.5409 3716399.99965
    -10785042.2577 3716163.59243
    -10784919.5837 3715972.03797
    -10784569.4839 3715371.89708
    -10784490.0017 3715236.96753
    -10784207.3616 3714741.71566
    -10783953.4418 3714379.18003
    -10783781.2305 3714085.68181
    -10783607.5721 3713784.86983
    -10783424.8969 3713470.86195
    -10783352.4279 3713346.41145
    -10782544.5823 3711957.67202
    -10782533.7843 3711939.24196
    -10782489.2565 3711862.90783
    -10782001.8998 3711027.31571
    -10781119.3589 3709550.23687
    -10781114.1269 3709541.48105
    -10780340.3451 3708246.60423
    -10779533.5014 3706913.58292
    -10779444.7798 3706763.72187
    -10778895.8634 3705836.63644
    -10778845.1017 3705753.93904
    -10778487.7661 3705162.27053
    -10778482.7567 3705154.04042
    -10778082.5632 3704492.51397
    -10777956.1042 3704286.64339
    -10777767.3064 3703979.15029
    -10777614.576 3703729.26888
    -10777610.6799 3703722.7378
    -10777605.0026 3703714.37804
    -10777598.6573 3703703.14461
    -10777546.2259 3703617.19618
    -10777542.8863 3703611.84075
    -10777377.0202 3703340.28437
    -10777342.9565 3703284.24968
    -10777308.7814 3703225.47231
    -10776806.8418 3702363.69797
    -10776401.6389 3701665.36323
    -10776388.5032 3701642.63896
    -10776373.3637 3701620.69833
    -10776085.7141 3701142.19343
    -10776080.9274 3701134.35781
    -10776076.252 3701126.52219
    -10776003.5604 3701005.59313
    -10775894.6899 3700824.59356
    -10775891.573 3700820.02289
    -10775851.7206 3700763.08566
    -10775896.5823 3700734.87831
    -10775905.2653 3700729.39356
    -10775909.1614 3700726.91236
    -10775913.3916 3700724.43117
    -10777034.0449 3700052.95956
    -10777039.6109 3700049.56443
    -10777970.5758 3699488.98853
    -10778114.9571 3699403.20036
    -10778121.859 3699399.15253
    -10778184.8658 3699361.28581
    -10778406.0576 3699226.53347
    -10778428.8781 3699212.56214
    -10779346.7073 3698649.80505
    -10779353.3865 3698645.75747
    -10779732.2067 3698421.05367
    -10779946.7194 3698293.75382
    -10779947.8326 3698293.23157
    -10779949.2797 3698292.57875
    -10779951.5061 3698291.01199
    -10779989.8 3698268.55513
    -10781140.2869 3697592.51863
    -10781166.1131 3697577.37417
    -10781167.5602 3697576.59084
    -10781169.8979 3697575.28528
    -10781203.6277 3697555.5714
    -10781373.1673 3697453.86919
    -10781386.7483 3697445.77483
    -10781391.869 3697442.51097
    -10781401.7764 3697436.76659
    -10781504.413 3697373.44801
    -10782143.3869 3696956.85913
    -10782152.7377 3696948.89565
    -10782174.445 3696936.36296
    -10782189.4731 3696928.39949
    -10782398.9764 3696816.65034
    -10782424.3573 3696807.38147
    -10783533.4334 3696130.51209
    -10783538.9993 3696126.98751
    -10783544.454 3696123.46292
    -10784286.5097 3695649.87276
    -10784622.3606 3695435.53616
    -10784623.9191 3695434.4919
    -10784625.0323 3695433.70871
    -10784674.9034 3695401.9893
    -10785437.6646 3694925.94709
    -10785531.0616 3694873.21419
    -10786369.4087 3694360.90763
    -10786376.5332 3694356.33939
    -10786378.9822 3694355.03418
    -10786381.6539 3694353.46792
    -10786409.3724 3694336.50019
    -10787368.2785 3693758.69753
    -10787374.9577 3693754.65157
    -10787381.5255 3693750.60562
    -10787889.1424 3693444.94399
    -10788668.0449 3692961.53918
    -10788698.1011 3692942.87679
    -10789605.021 3692396.85155
    -10789642.2017 3692373.88353
    -10790517.8408 3691840.41115
    -10790525.9672 3691834.9304
    -10790858.2559 3691636.31976
    -10790888.98 3691617.92038
    -10790939.4078 3691587.77679
    -10794072.6061 3689714.84367
    -10795048.4328 3689127.86593
    -10795626.181 3688780.31115
    -10795656.6825 3688758.91546
    -10795730.71 3688706.99192
    -10795731.7118 3688706.20915
    -10795739.0589 3688700.99072
    -10795859.8406 3688633.54267
    -10796161.1824 3688465.11986
    -10796623.1583 3688194.03053
    -10796669.6899 3688167.02629
    -10796864.499 3688044.92092
    -10797085.0229 3687917.59866
    -10798400.8193 3687143.5183
    -10799380.4308 3686567.75115
    -10799388.5571 3686562.40319
    -10799652.4956 3686409.66124
    -10799905.0795 3686262.13859
    -10799952.3903 3686231.61688
    -10800001.1483 3686202.92133
    -10800027.7536 3686187.26924
    -10800078.404 3686163.92157
    -10800089.202 3686155.83468
    -10800099.5547 3686149.83474
    -10800964.3958 3685655.63178
    -10801027.9593 3685619.24232
    -10801033.4139 3685608.41681
    -10801263.4 3685473.6856
    -10802388.7287 3684819.87551
    -10802402.3097 3684808.92028
    -10802415.4454 3684801.35596
    -10802768.7735 3684596.72989
    -10802790.1468 3684594.25196
    -10802809.4051 3684583.0361
    -10802822.5408 3684574.55901
    -10803071.4511 3684411.01741
    -10803150.7106 3684358.85148
    -10803159.6162 3684352.98283
    -10803178.8745 3684342.02802
    -10803192.2328 3684334.07275
    -10804131.2127 3683773.6955
    -10804174.0707 3683745.52734
    -10804178.6348 3683741.35428
    -10804197.0025 3683724.66208
    -10804205.0175 3683717.35925
    -10804205.6854 3683716.70721
    -10804211.5854 3683711.36049
    -10804221.2702 3683705.75297
    -10804227.1701 3683702.36237
    -10804260.0093 3683681.758
    -10804306.6522 3683654.11168
    -10804344.5008 3683628.42152
    -10804390.2532 3683604.42671
    -10804998.7255 3683280.37087
    -10805002.5104 3683278.15402
    -10805307.7484 3683099.11199
    -10805324.001 3683088.2887
    -10805498.884 3682990.09715
    -10805550.4249 3682958.2796
    -10805605.528 3682924.11495
    -10805631.0202 3682908.59745
    -10805655.2878 3682893.73197
    -10805728.2021 3682847.70123
    -10805734.436 3682843.78928
    -10805740.6699 3682839.87733
    -10805863.7893 3682762.29056
    -10805883.0475 3682750.16359
    -10805912.7698 3682735.95029
    -10806160.3444 3682611.94314
    -10806192.1818 3682594.07891
    -10806201.8665 3682589.64546
    -10806219.6777 3682581.43053
    -10806333.1122 3682513.8858
    -10806480.054 3682425.348
    -10806482.9483 3682423.65288
    -10806484.952 3682422.47933
    -10806507.3272 3682409.04877
    -10807241.9245 3681975.23641
    -10807245.7094 3681972.8894
    -10807249.2716 3681970.67279
    -10807256.3961 3681966.63073
    -10808348.329 3681324.87263
    -10808425.4734 3681279.76046
    -10808673.1592 3681134.90721
    -10809519.9666 3680628.3906
    -10809944.6505 3680376.37869
    -10810061.202 3680306.89054
    -10810185.4345 3680232.83982
    -10810561.4718 3680002.6075
    -10810770.0845 3679878.88875
    -10810863.4815 3679823.48297
    -10811015.544 3679731.9662
    -10811095.1374 3679683.99188
    -10811098.477 3679681.90604
    -10811099.7015 3679681.12385
    -10811101.3713 3679680.2113
    -10811134.9898 3679660.00479
    -10811512.2515 3679430.69576
    -10811648.5066 3679347.91613
    -10811731.7736 3679297.20573
    -10812636.5784 3678747.48721
    -10812644.1481 3678743.05515
    -10812645.15 3678742.40337
    -10813505.0931 3678242.89416
    -10813516.225 3678236.24634
    -10813522.2363 3678232.9876
    -10814521.5513 3677645.25656
    -10814785.7125 3677489.88859
    -10814790.6105 3677487.02108
    -10815999.5402 3676776.81135
    -10816143.9216 3676691.96431
    -10816251.1223 3676628.88332
    -10816500.8119 3676482.26039
    -10816563.7074 3676445.37685
    -10817106.7239 3676128.0266
    -10817446.2483 3675933.9713
    -10817449.8105 3675931.62545
    -10817457.3803 3675927.32473
    -10817969.8952 3675613.89753
    -10818559.8885 3675253.17294
    -10818876.4811 3675070.72957
    -10819425.5089 3674754.19676
    -10819427.9579 3674752.76332
    -10819456.6783 3674736.34398
    -10819622.3217 3674634.04935
    -10819738.7619 3674562.11784
    -10819850.638 3674493.05356
    -10819903.5148 3674464.77642
    -10819980.1026 3674426.98678
    -10819984.2214 3674424.90184
    -10819987.1157 3674423.46844
    -10819995.1307 3674419.55918
    -10821532.7868 3673475.11728
    -10821923.6296 3673249.70246
    -10822020.4775 3673192.63278
    -10823179.536 3672479.54469
    -10823317.5722 3672393.03362
    -10823318.6854 3672392.2519
    -10823952.7612 3672052.07651
    -10824691.3661 3671656.93249
    -10824864.4679 3671551.27629
    -10824910.4428 3671526.91426
    -10825010.6303 3671472.84896
    -10825018.9793 3671468.28925
    -10825028.3301 3671463.20843
    -10825595.169 3671131.00549
    -10825663.0739 3671091.14174
    -10825666.1908 3671089.31792
    -10825809.6817 3671005.29182
    -10825812.6873 3671003.59828
    -10825816.3608 3671001.51392
    -10825823.4853 3670997.21493
    -10825909.9805 3670946.53904
    -10825968.5346 3670912.14729
    -10825974.3232 3670908.49969
    -10825979.4439 3670905.76399
    -10826084.1955 3670846.62086
    -10826140.0779 3670815.61643
    -10826155.2174 3670804.80398
    -10826176.8133 3670792.29802
    -10826182.8246 3670788.52018
    -10826187.7226 3670785.3937
    -10826216.5544 3670767.02561
    -10826218.6695 3670765.72291
    -10826232.3618 3670756.73428
    -10826247.8352 3670748.39701
    -10826251.1748 3670746.57323
    -10826270.3217 3670736.28192
    -10826272.9934 3670734.84895
    -10826275.2198 3670733.67653
    -10826283.4574 3670729.24736
    -10826292.363 3670725.46954
    -10826304.8307 3670720.12849
    -10826312.4005 3670716.87175
    -10826334.4417 3670695.63784
    -10826408.1352 3670658.90195
    -10826564.0938 3670574.35774
    -10826571.5522 3670571.36157
    -10826581.4597 3670567.32326
    -10826604.6141 3670551.95166
    -10826735.5259 3670453.5999
    -10826788.0687 3670422.59646
    -10826955.8271 3670323.07334
    -10828768.665 3669247.78012
    -10828950.0045 3669139.93035
    -10829705.4186 3668659.56748
    -10829712.877 3668654.61807
    -10829719.3335 3668650.58039
    -10830038.7091 3668445.57239
    -10831355.9526 3667600.17846
    -10831891.5107 3667256.87995
    -10832073.0728 3667140.32212
    -10832082.8689 3667134.07101
    -10832932.5706 3666598.96135
    -10832996.468 3666558.46117
    -10834519.3186 3665595.09127
    -10834679.8413 3665493.65403
    -10834704.2203 3665473.08022
    -10835019.1431 3665281.79745
    -10835022.2601 3665281.66724
    -10836005.9904 3664644.81736
    -10836014.3394 3664639.34874
    -10836022.6883 3664634.01033
    -10836080.0179 3664596.90195
    -10836096.3818 3664586.22518
    -10836108.293 3664578.54311
    -10836112.8571 3664575.67862
    -10836124.8796 3664567.86635
    -10836161.1698 3664544.29939
    -10836197.5713 3664520.86268
    -10836209.0372 3664513.31086
    -10836220.6144 3664505.88925
    -10836240.6519 3664529.45613
    -10836260.5781 3664552.89286
    -10836278.0553 3664573.59534
    -10836295.6437 3664594.29786
    -10836327.4811 3664631.79685
    -10836334.4942 3664640.12997
    -10836341.5074 3664648.3329
    -10836362.3241 3664672.9417
    -10836369.7825 3664681.66547
    -10836377.2409 3664690.38924
    -10836501.0282 3664836.22042
    -10836503.6999 3664839.4756
    -10836864.1524 3665281.40682
    -10837004.5262 3665457.06391
    -10837005.6394 3665458.49627
    -10837503.1262 3666048.76945
    -10837885.7313 3666479.54482
    -10837968.7757 3666574.08823
    -10838463.5908 3667172.09867
    -10838772.725 3667526.72531
    -10839250.063 3668084.53739
    -10839501.0885 3668377.58447
    -10839509.5487 3668387.61332
    -10839513.7789 3668392.56262
    -10839515.7826 3668395.03727
    -10839519.7901 3668399.85634
    -10839974.6416 3668941.16621
    -10840628.3096 3669719.17813
    -10840672.5035 3669771.15155
    -10840679.9619 3669779.87893
    -10840687.309 3669788.47607
    -10841478.5679 3670716.74148
    -10841847.2581 3671149.37413
    -10842054.9802 3671392.9891
    -10842067.6706 3671407.84065
    -10842088.9327 3671432.85383
    -10842775.5513 3672237.99272
    -10843376.0086 3672943.90066
    -10843379.7935 3672948.46092
    -10843445.6946 3673027.67943
    -10844112.2757 3673829.40478
    -10844589.6137 3674403.66151
    -10845313.747 3675606.46921
    -10845321.0941 3675618.98007
    -10845393.4518 3675742.3952
    -10846338.5542 3677344.81943
    -10848048.199 3680236.22945
    -10848059.2196 3680254.61173
    -10848065.3422 3680264.91103
    -10848145.8262 3680394.23968
    -10848147.162 3680396.45601
    -10849321.2487 3682362.49828
    -10849324.3656 3682367.58362
    -10849370.7858 3682445.16789
    -10849377.1311 3682455.72982
    -10849389.2649 3682476.20174
    -10849397.9478 3682485.98133
    -10849406.0741 3682495.10895
    -10849422.6607 3682513.7554
    -10849472.6432 3682570.08612
    -10849489.3411 3682588.99348
    -10849511.8276 3682614.55106
    -10849579.2872 3682691.22412
    -10849601.8851 3682716.9123
    -10849607.0058 3682722.78017
    -10849622.4792 3682740.77499
    -10849627.7112 3682746.77326
    -10849628.8244 3682748.07724
    -10849632.498 3682752.11956
    -10849633.7225 3682753.55393
    -10849650.643 3682783.80617
    -10849701.516 3682874.56334
    -10849718.5479 3682904.81588
    -10849743.7061 3682949.54283
    -10849819.1807 3683084.11587
    -10849827.1958 3683098.19918
    -10849844.4503 3683128.97388
    -10850061.8572 3683515.88102
    -10850714.4121 3684676.93664
    -10850931.9304 3685064.02312
    -10850941.5039 3685081.36927
    -10850970.3356 3685133.40784
    -10850973.0073 3685138.23349
    -10850980.3544 3685150.62366
    -10850992.2655 3685170.18712
    -10851028.3331 3685229.13854
    -10851040.3556 3685248.83255
    -10851064.6232 3685289.91618
    -10851137.7601 3685413.29832
    -10851162.1391 3685454.51293
    -10851168.4843 3685465.20788
    -10851170.7107 3685468.85982
    -10851186.852 3685494.03213
    -10851188.2992 3685496.77109
    -10851194.1991 3685507.85736
    -10851195.201 3685509.81376
    -10851198.3179 3685515.68297
    -10851199.4311 3685517.63937
    -10851201.1009 3685519.98706
    -10851206.1103 3685527.42139
    -10851207.8914 3685529.8995
    -10851217.6875 3685546.20289
    -10851247.2985 3685595.11318
    -10851257.2059 3685611.41665
    -10851260.1002 3685616.11205
    -10851268.7832 3685630.45913
    -10851271.6775 3685635.28497
    -10851273.1246 3685638.02397
    -10851277.8 3685646.24094
    -10851279.3585 3685649.11036
    -10851291.4923 3685669.32676
    -10851328.0051 3685730.10659
    -10851340.2503 3685750.45355
    -10851340.9182 3685751.62741
    -10851343.0333 3685755.14901
    -10851343.8125 3685756.4533
    -10851346.7068 3685761.14876
    -10851347.7087 3685762.84434
    -10851353.1633 3685773.27871
    -10851354.7218 3685775.8873
    -10851357.7274 3685780.71319
    -10851367.3009 3685796.4952
    -10851396.0213 3685843.84132
    -10851405.5948 3685859.75383
    -10851407.042 3685862.23201
    -10851411.7174 3685869.79699
    -10851413.2759 3685872.4056
    -10851416.5041 3685877.88369
    -10851426.3002 3685894.4484
    -10851429.6398 3685900.05693
    -10851439.9925 3685917.27383
    -10851471.3846 3685969.31596
    -10851481.8487 3685986.66338
    -10851482.1826 3685987.18511
    -10851483.1845 3685988.88072
    -10851483.6298 3685989.53288
    -10851486.0788 3685993.7067
    -10851488.8618 3685998.27182
    -10851492.9806 3686007.01077
    -10851495.207 3686011.57589
    -10851502.5541 3686023.83652
    -10851524.7067 3686060.87934
    -10851532.1651 3686073.27045
    -10851536.2839 3686079.92252
    -10851548.7517 3686100.13963
    -10851552.9818 3686106.92215
    -10851554.5403 3686109.66125
    -10851559.4383 3686118.13941
    -10851561.1081 3686121.00894
    -10851578.5853 3686150.4869
    -10851631.0168 3686238.92121
    -10851642.0374 3686257.44294
    -10851648.6053 3686268.52989
    -10851652.0562 3686274.00816
    -10851662.6315 3686290.83428
    -10851666.1937 3686296.44299
    -10851671.4258 3686305.44302
    -10851687.4558 3686332.57358
    -10851692.7991 3686341.70408
    -10851831.8371 3686574.53393
    -10852249.2852 3687273.05007
    -10852388.5459 3687506.0281
    -10852389.2138 3687507.46302
    -10852391.5515 3687512.15916
    -10852392.3308 3687513.72453
    -10852437.5265 3687589.77604
    -10852442.3132 3687598.25522
    -10852443.983 3687600.47286
    -10852447.3226 3687606.73442
    -10852448.5471 3687609.8652
    -10852584.2456 3687840.37105
    -10852860.3179 3688309.22319
    -10852862.9896 3688314.57191
    -10852864.6594 3688316.52876
    -10852868.1103 3688321.87749
    -10853278.8792 3688991.00853
    -10853485.7108 3689327.87096
    -10853492.056 3689337.91697
    -10853505.4144 3689359.44414
    -10853660.4824 3689608.77071
    -10853665.1578 3689614.90282
    -10853667.0503 3689619.59976
    -10853669.4993 3689623.64435
    -10854160.4183 3690460.12029
    -10854166.9861 3690471.21106
    -10854173.4426 3690482.30184
    -10854199.714 3690526.92602
    -10854206.5045 3690538.53877
    -10854515.6387 3691064.51662
    -10854847.7048 3691643.10535
    -10854911.3795 3691753.63275
    -10855592.4322 3692935.17693
    -10855648.7598 3693032.79581
    -10855656.3296 3693045.97703
    -10855667.4615 3693064.63957
    -10856323.5786 3694154.94687
    -10856593.1944 3694610.98886
    -10856779.9885 3694926.86078
    -10856781.7696 3694929.99344
    -10856928.6 3695178.65049
    -10857257.9944 3695736.02616
    -10857321.5578 3695843.84931
    -10857369.2026 3695924.65203
    -10857533.8441 3696204.00641
    -10857554.5495 3696239.51359
    -10857560.1155 3696248.52095
    -10857565.5702 3696257.65885
    -10857570.4682 3696266.01351
    -10857575.4776 3696274.49871
    -10857704.7195 3696493.41907
    -10858217.6797 3697361.82876
    -10858388.6665 3697651.39943
    -10858448.2224 3697750.88381
    -10858627.0015 3698049.7335
    -10858686.6687 3698149.3517
    -10858722.1797 3698208.88799
    -10858725.7419 3698214.50217
    -10858752.2359 3698259.41573
    -10858947.6016 3698591.05001
    -10859012.7235 3698701.64029
    -10859279.8903 3699153.67382
    -10860081.502 3700510.00545
    -10860235.6795 3700770.79045
    -10860343.7707 3700953.87869
    -10860349.114 3700961.84479
    -10860354.4574 3700970.59445
    -10860484.9238 3701175.36429
    -10860513.4216 3701226.55729
    -10860605.3715 3701391.76065
    -10860624.1845 3701423.62622
    -10860821.9992 3701758.08912
    -10861008.0141 3702072.57881
    -10861415.4434 3702761.66349
    -10861613.3695 3703096.29371
    -10861792.0373 3703399.32353
    -10862328.1519 3704308.45819
    -10862506.931 3704611.64878
    -10862824.1916 3705149.07622
    -10863287.5033 3705940.10697
    -10864090.6734 3707308.56119
    -10864097.4639 3707319.2753
    -10865004.3838 3708750.47777
    -10865364.5024 3709318.79791
    -10864843.7498 3709590.61826
    -10864333.3499 3709857.08649
    -10864248.0792 3709898.5144
    -10863439.2318 3710317.24474
    -10863022.229 3710533.01933
    -10862581.7377 3710760.82186
    -10862552.572 3710778.07386
    -10862529.4176 3710791.66636
    -10862511.1612 3710802.25284
    -10862013.7857 3711092.66576
    -10860896.5833 3711744.87844
    -10860329.1878 3712076.35703
    -10860314.7163 3712084.85325
    -10860300.2448 3712093.34948
    -10859803.5372 3712384.31606
    -10859796.0788 3712387.84535
    -10859788.9543 3712392.02821
    -10858757.3566 3712994.37506
    -10858737.3191 3713005.61706
    -10858735.0927 3713006.79355
    -10857598.966 3713644.20585
    -10857487.9805 3713706.43246
    -10857444.7885 3713730.61726
    -10857422.0793 3713743.29796
    -10857392.0231 3713760.162
    -10857362.0781 3713777.02607
    -10857330.1294 3713794.93599
    -10857315.2126 3713803.30268
    -10856533.6385 3714241.77753
    -10855803.7166 3714649.28308
    -10855797.8166 3714652.68229
    -10855794.2544 3714654.51263
    -10855788.3545 3714657.7811
    -10855783.1225 3714660.65735
    -10855386.8251 3714879.77751
    -10854353.2236 3715467.08085
    -10853478.809 3715963.93129
    -10852920.2078 3716281.4032
    -10852038.3348 3716782.47129
    -10851748.0136 3716947.88583
    -10851497.656 3717093.55709
    -10851401.8099 3717158.54744
    -10851387.2271 3717168.48563
    -10850935.0473 3717499.98131
    -10850830.6296 3717560.39688
    -10850728.1044 3717619.11273
    -10850602.6473 3717688.1598
    -10850380.3423 3717808.73157
    -10850360.7501 3717819.71648
    -10850341.3805 3717827.56284
    -10850334.9239 3717830.1783
    -10850331.6957 3717831.35525
    -10850330.3599 3717831.74757
    -10850326.7976 3717835.67076
    -10850322.2335 3717836.58617
    -10850311.1016 3717843.12482
    -10850048.0536 3717999.92266
    -10849788.7905 3718143.51411
    -10849749.2721 3718165.61532
    -10849710.3103 3718188.10889
    -10849701.9613 3718192.81685
    -10849690.9407 3718198.96336
    -10849634.2791 3718230.74217
    -10849593.5361 3718248.78944
    -10849554.129 3718268.40606
    -10849528.1916 3718281.35305
    -10849501.8089 3718295.7386
    -10849489.2298 3718302.53905
    -10849485.3336 3718304.76228
    -10849473.3111 3718311.56274
    -10849406.2968 3718349.74998
    -10849264.3644 3718430.44056
    -10849262.8059 3718430.57134
    -10849241.9892 3718442.73382
    -10848922.2796 3718626.7419
    -10848911.4816 3718632.88863
    -10848900.6836 3718639.16614
    -10848381.0442 3718938.39805
    -10848378.4839 3718939.83669
    -10848370.9142 3718944.28337
    -10848363.901 3718948.3377
    -10848356.8879 3718952.39203
    -10848351.5446 3718955.40009
    -10848298.1112 3718984.04203
    -10847987.9751 3719157.46455
    -10847976.0639 3719164.39627
    -10847970.7206 3719167.40437
    -10847837.1372 3719242.60728
    -10847797.8414 3719264.71048
    -10847758.4343 3719286.81372
    -10846546.2764 3719966.80236
    -10846292.5793 3720109.10908
    -10846286.7907 3720112.24822
    -10845245.9534 3720675.9982
    -10844902.9781 3720861.74058
    -10844849.2108 3720892.34911
    -10844838.5241 3720898.23537
    -10844827.7261 3720904.25244
    -10843712.8614 3721539.33194
    -10843709.6331 3721541.16332
    -10843696.8314 3721548.35803
    -10843689.7069 3721552.54404
    -10843686.1447 3721554.24461
    -10843133.7774 3721862.31302
    -10842742.4894 3722083.1329
    -10842735.8102 3722085.88009
    -10842727.1273 3722090.72038
    -10842342.6298 3722307.48895
    -10842168.9714 3722405.34351
    -10842163.628 3722407.95995
    -10842037.6144 3722478.86576
    -10841226.2066 3722935.31549
    -10841021.824 3723023.10128
    -10841017.1486 3723025.19454
    -10840130.8228 3723547.47435
    -10840122.4739 3723552.44606
    -10840095.4232 3723568.80038
    -10839195.8504 3724071.73923
    -10837800.7946 3724848.6925
    -10837792.5569 3724853.27219
    -10837544.2031 3724997.86065
    -10837355.5166 3725107.7752
    -10837332.4735 3725121.12204
    -10837311.768 3725133.16037
    -10835453.4005 3726212.9952
    -10835440.1534 3726220.58526
    -10835417.4443 3726233.279
    -10835245.4557 3726330.51089
    -10834896.0238 3726528.24867
    -10834831.5698 3726564.3679
    -10834830.0113 3726565.28396
    -10834739.6199 3726615.92959
    -10834554.3843 3726720.88579
    -10834543.5863 3726727.03662
    -10834536.5731 3726730.96268
    -10834489.0397 3726758.18341
    -10834440.2818 3726785.40421
    -10834416.5707 3726798.62202
    -10834382.507 3726817.59811
    -10834344.9923 3726838.79901
    -10834180.5734 3726931.84789
    -10833984.8737 3727042.82694
    -10833190.9431 3727490.94136
    -10833147.1946 3727515.67713
    -10833101.8875 3727541.32909
    -10833095.8763 3727544.73191
    -10833059.9201 3727564.88706
    -10832960.7344 3727620.64112
    -10832664.1793 3727788.69009
    -10832654.0492 3727794.44882
    -10832635.2362 3727805.05012
    -10832634.0117 3727805.70452
    -10832133.2966 3728088.2785
    -10832118.9364 3728096.39327
    -10832107.1366 3728103.06833
    -10828882.9902 3729934.26764
    -10828869.6318 3729941.46733
    -10828855.6056 3729948.66702
END
END
