48301 Loving County
1
    -11530334.4862 3763350.40056
    -11527782.0416 3763352.76334
    -11525212.5651 3763355.38866
    -11521618.6154 3763358.67032
    -11520633.7719 3763357.22639
    -11518246.4141 3763356.83259
    -11514546.9334 3763356.045
    -11510569.5993 3763354.99487
    -11507703.3451 3763354.4698
    -11506443.765 3763355.51993
    -11502253.4768 3763359.06411
    -11502297.114 3763327.29777
    -11502299.563 3760966.71524
    -11502299.563 3760953.06628
    -11502300.6762 3759898.73159
    -11502305.9083 3754710.94844
    -11502308.246 3752430.74105
    -11502308.8026 3751890.82062
    -11502309.1365 3751578.70859
    -11502310.4723 3750323.9161
    -11502312.3648 3748524.2398
    -11502314.1459 3746930.2438
    -11502315.927 3745859.70104
    -11502316.9289 3745283.24382
    -11502322.3835 3741873.8218
    -11502325.1665 3740148.24703
    -11502325.3892 3739956.9684
    -11502328.6174 3737983.96174
    -11502333.8494 3734715.93147
    -11502333.8494 3734712.91951
    -11502334.406 3734071.3881
    -11502334.8513 3733781.34168
    -11502335.4079 3733399.9052
    -11502335.7419 3733173.24884
    -11502339.1928 3730555.55078
    -11502340.0833 3730140.04943
    -11502345.6493 3727739.21749
    -11502348.0983 3726665.65935
    -11502348.6549 3726416.09654
    -11502351.104 3725376.15409
    -11502351.104 3725350.37585
    -11502357.2265 3722702.70583
    -11502362.3472 3720421.71887
    -11502365.7981 3718937.35177
    -11502368.9151 3717640.55913
    -11502629.0687 3717640.6899
    -11503520.9605 3717641.08221
    -11504750.5956 3717641.6053
    -11507127.9346 3717642.52069
    -11507702.4545 3717621.33583
    -11509332.2832 3717618.72042
    -11509986.0626 3717619.76659
    -11510071.5559 3717619.89736
    -11510157.0493 3717620.02813
    -11511802.1287 3717622.64354
    -11512693.9092 3717624.08202
    -11513442.5327 3717625.38972
    -11513470.3626 3717625.25895
    -11513470.4739 3717625.25895
    -11513784.0609 3717625.78204
    -11514618.4005 3717626.95897
    -11514855.2884 3717627.08974
    -11514855.3997 3717627.08974
    -11515584.9877 3717628.00514
    -11516314.9096 3717628.92053
    -11516699.5184 3717629.57438
    -11518786.8702 3717633.36674
    -11518937.1515 3717633.62828
    -11519386.7709 3717634.4129
    -11520038.1013 3717635.58984
    -11520039.4371 3717635.58984
    -11520373.3956 3717636.11292
    -11520384.6388 3717636.11292
    -11520756.5573 3717636.76678
    -11520845.1676 3717638.20525
    -11520933.7779 3717639.77451
    -11521619.172 3717651.28234
    -11521739.8423 3717651.54388
    -11522173.4317 3717652.72082
    -11522867.0635 3717655.0747
    -11523560.5839 3717657.42858
    -11523977.2528 3717658.73629
    -11524393.9216 3717660.044
    -11524571.1422 3717660.56708
    -11524571.2536 3717660.56708
    -11525113.3795 3717662.26711
    -11527157.8733 3717668.67489
    -11527776.253 3717670.898
    -11527810.6507 3717670.76723
    -11527810.9847 3717670.76723
    -11527921.6363 3717671.15954
    -11529411.3137 3717675.8673
    -11532515.4577 3717685.80592
    -11532821.8089 3717686.85209
    -11533026.8594 3717687.50594
    -11533292.6904 3717684.62898
    -11533904.7249 3717690.51369
    -11533911.1815 3717690.51369
    -11533911.2928 3717690.64446
    -11533911.1815 3717691.16754
    -11533911.1815 3717691.29831
    -11533908.7325 3717741.77617
    -11533896.2647 3717811.73934
    -11533881.5705 3717845.34796
    -11533853.9633 3717874.9027
    -11533849.0652 3717919.75804
    -11533864.8726 3717952.84386
    -11533881.6818 3717967.8829
    -11533953.9282 3718019.01578
    -11533976.1921 3718024.90065
    -11534028.2896 3718006.72294
    -11534051.8893 3717985.2759
    -11534090.2945 3717918.05798
    -11534106.5472 3717850.57888
    -11534186.1406 3717716.27567
    -11534227.3288 3717660.43631
    -11534302.8034 3717598.05869
    -11534338.6483 3717550.19683
    -11534356.7934 3717535.68138
    -11534394.5307 3717527.8352
    -11534445.515 3717531.62752
    -11534480.0241 3717543.91988
    -11534498.8371 3717557.12763
    -11534516.7595 3717581.32009
    -11534539.8026 3717653.63622
    -11534538.6894 3717773.68455
    -11534535.4612 3717784.66943
    -11534533.6801 3717787.54642
    -11534533.3461 3717791.86191
    -11534506.0728 3717884.18761
    -11534447.7414 3718029.08545
    -11534446.0716 3718033.27025
    -11534444.4018 3718154.6301
    -11534451.8602 3718185.75491
    -11534470.5619 3718211.91028
    -11534496.2767 3718231.39606
    -11534528.3367 3718235.31938
    -11534569.191 3718227.21119
    -11534585.4436 3718218.5799
    -11534607.0396 3718194.2554
    -11534659.5824 3718104.54286
    -11534718.5817 3718052.4942
    -11534764.668 3718038.63203
    -11534811.3109 3718043.07838
    -11534837.6936 3718051.448
    -11534879.3271 3718080.61091
    -11534889.6798 3718097.08864
    -11534891.7949 3718100.35803
    -11534898.474 3718141.29092
    -11534871.4234 3718248.52788
    -11534847.601 3718297.04638
    -11534816.9882 3718330.00245
    -11534801.4034 3718344.25729
    -11534780.3641 3718364.00484
    -11534759.5473 3718393.03773
    -11534750.0852 3718406.37719
    -11534747.9701 3718411.60835
    -11534741.9588 3718417.88575
    -11534730.3816 3718434.10238
    -11534728.9345 3718447.04954
    -11534727.042 3718464.96635
    -11534727.2647 3718472.68235
    -11534724.4817 3718488.89905
    -11534721.9213 3718512.83181
    -11534728.9345 3718552.9814
    -11534741.8475 3718582.01473
    -11534775.0207 3718611.96361
    -11534795.7262 3718622.29533
    -11534822.5542 3718627.00347
    -11534849.8274 3718625.56487
    -11534942.7792 3718596.53143
    -11534973.726 3718593.2619
    -11535015.0256 3718599.27783
    -11535042.7441 3718616.01783
    -11535061.1118 3718636.81208
    -11535080.5927 3718668.06891
    -11535085.4908 3718689.9095
    -11535077.5871 3718720.64333
    -11535059.776 3718746.53828
    -11535033.6159 3718814.41471
    -11534959.5884 3718922.31153
    -11534877.6573 3719079.38487
    -11534870.5329 3719128.95298
    -11534879.4384 3719224.16617
    -11534868.8631 3719263.27181
    -11534838.4728 3719297.4076
    -11534831.905 3719324.35009
    -11534834.7993 3719337.55978
    -11534846.1539 3719351.68501
    -11534870.4215 3719364.37157
    -11535001.8898 3719397.33054
    -11535159.9635 3719378.75841
    -11535197.0329 3719381.11262
    -11535295.5507 3719440.22964
    -11535302.0072 3719452.00077
    -11535301.228 3719498.03905
    -11535290.096 3719541.72326
    -11535186.7915 3719684.67897
    -11535191.2443 3719729.80257
    -11535159.4069 3719818.21917
    -11535158.5164 3719855.49559
    -11535165.9748 3719886.49397
    -11535203.8234 3719918.27719
    -11535246.4588 3719935.1498
    -11535264.7152 3719936.45776
    -11535290.8752 3719927.69446
    -11535353.4368 3719889.63305
    -11535388.7251 3719877.33832
    -11535485.1278 3719869.62142
    -11535540.4535 3719845.42441
    -11535568.1721 3719849.60983
    -11535627.5054 3719886.36317
    -11535636.9675 3719893.81849
    -11535737.6004 3719973.86534
    -11535792.5922 3720009.83427
    -11535831.1087 3720026.8378
    -11535931.5189 3720047.24208
    -11535963.5789 3720074.97101
    -11535980.2769 3720118.26491
    -11535980.7221 3720140.3697
    -11535920.9436 3720269.59854
    -11535912.7059 3720294.5812
    -11535910.5909 3720305.43755
    -11535908.1418 3720308.44594
    -11535902.4645 3720325.84229
    -11535901.574 3720360.63507
    -11535922.836 3720417.53325
    -11535938.866 3720449.31786
    -11535966.3619 3720479.66374
    -11535995.0823 3720499.67637
    -11536047.5138 3720519.95063
    -11536084.1379 3720519.95063
    -11536142.358 3720484.11099
    -11536187.3311 3720472.60047
    -11536236.757 3720475.3473
    -11536270.8207 3720490.78186
    -11536292.0827 3720507.52447
    -11536295.5337 3720515.63417
    -11536295.5337 3720518.51181
    -11536297.5374 3720520.60464
    -11536297.76 3720524.3979
    -11536300.3204 3720526.88313
    -11536307.8901 3720544.5414
    -11536305.1071 3720615.43633
    -11536301.7675 3720633.22553
    -11536242.8795 3720734.72911
    -11536234.9758 3720777.76374
    -11536244.6606 3720852.71501
    -11536270.5981 3720921.78045
    -11536334.9408 3720971.09447
    -11536386.927 3721019.62384
    -11536409.7474 3721045.91611
    -11536431.3434 3721096.01548
    -11536465.2959 3721125.31651
    -11536466.0751 3721129.764
    -11536468.6355 3721143.10646
    -11536469.526 3721147.68476
    -11536471.7524 3721159.45754
    -11536469.1921 3721201.05477
    -11536452.3828 3721244.22187
    -11536430.5642 3721267.76762
    -11536428.2265 3721299.42365
    -11536438.2452 3721325.06248
    -11536553.6836 3721439.39138
    -11536560.2514 3721451.55688
    -11536550.1213 3721495.90217
    -11536538.7667 3721518.14029
    -11536517.1708 3721560.78526
    -11536513.3859 3721592.31124
    -11536542.1063 3721714.75317
    -11536625.1507 3721858.78098
    -11536640.2901 3721920.91885
    -11536654.0937 3722030.02064
    -11536641.5146 3722083.26371
    -11536614.0187 3722131.01262
    -11536599.3245 3722142.65553
    -11536560.1401 3722158.48467
    -11536484.2202 3722181.63974
    -11536447.5961 3722210.68175
    -11536428.3378 3722247.96551
    -11536428.6718 3722298.72395
    -11536436.2415 3722320.30943
    -11536463.5148 3722323.05667
    -11536509.1558 3722358.50928
    -11536647.1919 3722446.94501
    -11536700.18 3722520.20587
    -11536704.6328 3722526.35457
    -11536717.9911 3722561.02283
    -11536728.0099 3722620.15533
    -11536709.5308 3722682.16627
    -11536666.5615 3722724.29203
    -11536611.4584 3722729.52505
    -11536573.8324 3722748.23313
    -11536545.7799 3722750.84965
    -11536482.9957 3722768.90363
    -11536459.062 3722775.96824
    -11536369.7838 3722782.64037
    -11536292.528 3722749.01809
    -11536248.0002 3722714.87259
    -11536188.1103 3722651.68406
    -11536106.1792 3722565.20919
    -11536074.1192 3722537.60539
    -11536004.7671 3722498.09675
    -11535951.3338 3722480.82811
    -11535777.7867 3722477.42671
    -11535656.0032 3722491.81724
    -11535479.6731 3722578.16076
    -11535406.0909 3722625.51913
    -11535347.6482 3722641.74138
    -11535315.3655 3722637.68582
    -11535276.0698 3722612.95999
    -11535272.3962 3722610.73598
    -11535213.3969 3722527.79363
    -11535147.6071 3722469.96981
    -11535121.2243 3722461.98962
    -11535098.0699 3722462.25126
    -11535064.4514 3722486.32267
    -11535045.7497 3722507.12354
    -11535027.9386 3722544.2774
    -11535017.6972 3722565.73249
    -11535005.2294 3722690.27743
    -11535009.3483 3722731.48744
    -11535032.5027 3722765.89463
    -11535080.0361 3722803.1801
    -11535165.8635 3722888.34839
    -11535230.9854 3722985.161
    -11535238.3324 3723002.1687
    -11535251.4681 3723104.21539
    -11535280.1886 3723209.79538
    -11535294.6601 3723325.05786
    -11535295.662 3723328.19783
    -11535307.7958 3723364.30753
    -11535367.797 3723463.7406
    -11535372.1385 3723500.24321
    -11535347.9821 3723607.92001
    -11535346.3124 3723682.23456
    -11535325.8296 3723812.67863
    -11535325.6069 3723872.86394
    -11535343.418 3723961.44154
    -11535382.9365 3724048.58056
    -11535397.8533 3724134.01927
    -11535421.787 3724184.00054
    -11535477.3354 3724264.07567
    -11535515.6293 3724298.48721
    -11535526.9839 3724318.89866
    -11535537.5592 3724401.59155
    -11535529.4329 3724463.6116
    -11535529.6556 3724518.30464
    -11535563.0514 3724653.46817
    -11535605.5754 3724709.33969
    -11535636.077 3724738.51859
    -11535757.5266 3724831.42051
    -11535794.0393 3724848.29995
    -11535826.7673 3724848.95419
    -11535860.3858 3724838.87886
    -11535879.1988 3724825.40149
    -11535945.3225 3724766.25825
    -11535971.1487 3724734.33148
    -11536027.031 3724616.04617
    -11536053.3024 3724589.35362
    -11536204.8083 3724587.78348
    -11536298.5393 3724595.50337
    -11536379.1346 3724619.18647
    -11536463.6261 3724678.45985
    -11536486.0013 3724700.18041
    -11536493.7937 3724707.76952
    -11536560.6967 3724808.65293
    -11536625.262 3724869.36657
    -11536665.2257 3724882.32059
    -11536749.7172 3724879.44192
    -11536796.5827 3724883.49823
    -11536824.4126 3724900.50859
    -11536857.8084 3724933.09004
    -11536897.5495 3725007.41271
    -11536922.9303 3725041.1721
    -11536954.3224 3725069.43585
    -11536997.0691 3725088.80179
    -11537043.6006 3725092.46562
    -11537059.408 3725082.65179
    -11537082.0059 3725042.61146
    -11537100.8188 3725029.00301
    -11537137.6656 3725025.6009
    -11537187.6481 3725038.81679
    -11537262.7887 3725043.26571
    -11537327.5767 3725036.59233
    -11537360.0819 3725040.387
    -11537419.8605 3725066.55713
    -11537437.2264 3725081.99754
    -11537580.3832 3725161.42434
    -11537628.8072 3725179.61275
    -11537747.2511 3725207.87682
    -11537789.5525 3725227.63554
    -11537961.7638 3725218.60672
    -11537975.4561 3725221.35462
    -11538007.2935 3725227.89725
    -11538127.4072 3725300.91319
    -11538235.8324 3725354.69403
    -11538252.6416 3725377.07007
    -11538256.3152 3725414.36356
    -11538266.3339 3725435.16945
    -11538361.2894 3725503.8684
    -11538404.4814 3725521.40306
    -11538427.6359 3725520.61792
    -11538582.37 3725452.44229
    -11538598.9566 3725436.08543
    -11538630.3487 3725379.29459
    -11538660.9615 3725359.27391
    -11538740.3323 3725385.96815
    -11538764.6 3725407.82083
    -11538774.5074 3725429.01928
    -11538799.8882 3725456.62965
    -11538827.9407 3725465.13523
    -11538892.7287 3725440.92706
    -11539088.5397 3725459.1159
    -11539135.2939 3725457.02222
    -11539171.1387 3725435.56201
    -11539193.8479 3725405.98887
    -11539205.3138 3725380.60313
    -11539222.2344 3725365.03149
    -11539267.9867 3725354.69403
    -11539318.971 3725355.61
    -11539396.2267 3725423.65423
    -11539451.2186 3725459.77017
    -11539641.2409 3725540.76972
    -11539727.2909 3725596.77618
    -11539774.9357 3725654.09147
    -11539778.1639 3725677.12235
    -11539773.2659 3725727.76427
    -11539778.8318 3725783.50987
    -11539785.511 3725805.75585
    -11539799.7599 3725824.20695
    -11539831.7086 3725831.40419
    -11539873.5647 3725826.82413
    -11539935.4584 3725788.35164
    -11539972.1938 3725786.12705
    -11540056.6853 3725843.57409
    -11540166.2237 3725950.35566
    -11540210.5288 3725965.66633
    -11540239.1379 3725967.49837
    -11540317.9521 3725972.60194
    -11540363.9271 3725981.23874
    -11540389.5306 3725992.75448
    -11540414.5775 3726013.16878
    -11540508.7537 3726175.30666
    -11540602.0395 3726303.94544
    -11540653.2464 3726409.4224
    -11540680.8537 3726513.32989
    -11540712.3571 3726673.38056
    -11540705.5666 3726728.08357
    -11540713.5816 3726754.12647
    -11540721.04 3726758.05254
    -11540775.3639 3726786.45116
    -11540834.9198 3726830.68508
    -11540857.629 3726871.38567
    -11540907.6115 3726932.37137
    -11540928.5395 3726958.0221
    -11540938.113 3726995.71306
    -11541061.455 3726967.5757
    -11541121.4562 3726964.04218
    -11541162.4218 3726971.76358
    -11541178.3405 3726981.44807
    -11541188.3592 3726997.15265
    -11541208.0628 3727064.02824
    -11541262.9433 3727166.37085
    -11541309.8088 3727313.08088
    -11541336.3028 3727436.49667
    -11541345.0971 3727477.33016
    -11541346.099 3727644.461
    -11541384.0589 3727707.2829
    -11541412.5567 3727760.55089
    -11541424.0226 3727815.12791
    -11541409.5511 3727945.48555
    -11541412.0001 3727982.91782
    -11541419.3472 3727994.69723
    -11541442.9469 3728009.87959
    -11541516.0838 3728027.41787
    -11541591.3358 3728025.45463
    -11541678.8329 3728041.81498
    -11541715.0117 3728063.14891
    -11541733.2681 3728088.01673
    -11541745.1793 3728104.24629
    -11541759.8735 3728157.51602
    -11541749.4095 3728187.88118
    -11541742.3963 3728281.07129
    -11541805.0692 3728495.98716
    -11541807.8522 3728533.02846
    -11541801.0617 3728559.99146
    -11541816.7578 3728642.84416
    -11541831.8972 3728676.09011
    -11541919.0604 3728710.64505
    -11542038.2835 3728734.59797
    -11542138.0258 3728795.85482
    -11542230.8663 3728827.13782
    -11542261.8131 3728854.75593
    -11542269.3828 3728886.56265
    -11542267.1564 3728905.01844
    -11542245.3378 3728971.25008
    -11542228.0833 3729004.49693
    -11542214.6136 3729017.32448
    -11542153.6105 3729039.96907
    -11542142.8125 3729048.73895
    -11542125.4467 3729070.59823
    -11542111.4204 3729104.49982
    -11542115.7619 3729122.69415
    -11542144.5937 3729170.86345
    -11542162.5161 3729213.66622
    -11542163.9632 3729250.84061
    -11542136.1334 3729349.53656
    -11542144.0371 3729381.08279
    -11542168.3047 3729431.87107
    -11542192.3497 3729468.26074
    -11542252.1283 3729512.89714
    -11542335.0613 3729524.67804
    -11542381.1476 3729531.35389
    -11542430.0168 3729517.0859
    -11542462.1882 3729520.88197
    -11542536.4383 3729547.32357
    -11542586.532 3729586.98608
    -11542596.8847 3729607.79913
    -11542612.3582 3729675.99812
    -11542646.5332 3729777.70827
    -11542697.5176 3729881.64462
    -11542706.7571 3729935.83848
    -11542705.1986 3729937.01661
    -11542705.9778 3729938.58745
    -11542707.8703 3729942.51456
    -11542708.0929 3729943.82359
    -11542708.4269 3729945.78714
    -11542721.4513 3730023.02043
    -11542725.2361 3730045.14327
    -11542778.2242 3730137.43132
    -11542822.752 3730196.33895
    -11542838.448 3730211.65498
    -11542850.2479 3730223.17474
    -11542896.8908 3730243.33435
    -11542898.6719 3730242.15619
    -11542899.0058 3730244.2507
    -11542909.1359 3730248.57062
    -11542925.8338 3730242.2871
    -11542946.094 3730223.82927
    -11542986.7256 3730218.85483
    -11543099.9375 3730232.20729
    -11543243.4284 3730249.22515
    -11543326.584 3730254.19961
    -11543526.9591 3730229.32734
    -11543572.0435 3730238.09808
    -11543724.1059 3730283.13004
    -11543844.4423 3730318.86773
    -11543898.3209 3730328.6858
    -11543929.713 3730321.87861
    -11543983.703 3730303.42066
    -11544025.3365 3730289.41358
    -11544110.6072 3730271.47932
    -11544147.4539 3730256.94865
    -11544183.6328 3730242.94163
    -11544195.544 3730231.42185
    -11544196.6572 3730228.411
    -11544201.1099 3730226.05468
    -11544225.8229 3730202.36063
    -11544288.941 3730084.80741
    -11544358.4044 3730048.8086
    -11544390.4644 3730043.1797
    -11544417.9603 3730047.10684
    -11544524.3817 3730092.79261
    -11544560.8945 3730095.14891
    -11544579.1509 3730094.10166
    -11544674.663 3730058.23373
    -11544688.9119 3730035.19453
    -11544690.0251 3730007.83554
    -11544639.3748 3729948.92882
    -11544648.9482 3729923.27177
    -11544645.1634 3729891.85504
    -11544664.0877 3729878.50295
    -11544711.1758 3729881.90642
    -11544783.5335 3729899.3165
    -11544898.0813 3729944.47811
    -11545016.7478 3730014.90436
    -11545152.001 3730009.7991
    -11545186.1761 3729997.75593
    -11545236.3812 3729963.98274
    -11545310.2973 3729857.16583
    -11545336.7914 3729838.70859
    -11545435.0865 3729799.04526
    -11545474.2709 3729789.62033
    -11545579.0226 3729808.07749
    -11545606.4072 3729804.93584
    -11545627.3352 3729795.2491
    -11545684.3308 3729750.21896
    -11545746.4471 3729722.99151
    -11545823.3689 3729668.66769
    -11545873.3513 3729645.10563
    -11545953.1674 3729618.79472
    -11545997.5839 3729619.71102
    -11546102.3355 3729693.40791
    -11546172.2442 3729768.02155
    -11546213.0984 3729850.09709
    -11546261.0771 3729899.57831
    -11546326.7556 3729935.83848
    -11546365.9401 3729949.19063
    -11546438.6317 3729958.74659
    -11546470.6917 3729954.55768
    -11546575.666 3729897.09115
    -11546650.3614 3729830.85445
    -11546654.8141 3729824.83295
    -11546666.8367 3729809.1247
    -11546672.2913 3729791.58385
    -11546662.7178 3729746.81552
    -11546629.6559 3729687.38647
    -11546578.5603 3729657.14846
    -11546404.1227 3729602.43224
    -11546301.9314 3729600.86144
    -11546265.8638 3729592.87656
    -11546228.9058 3729573.63433
    -11546177.9214 3729520.09658
    -11546159.2198 3729482.52866
    -11546146.9746 3729437.76147
    -11546147.7539 3729372.83625
    -11546147.8652 3729363.54255
    -11546164.6744 3729311.1838
    -11546198.6269 3729267.20262
    -11546220.3342 3729247.17553
    -11546233.2472 3729235.5258
    -11546303.9351 3729190.75952
    -11546388.0926 3729161.43901
    -11546504.1989 3729131.46409
    -11546562.8642 3729144.42267
    -11546598.1525 3729160.26095
    -11546625.8711 3729172.69598
    -11546643.6822 3729193.77011
    -11546675.0743 3729275.97266
    -11546677.078 3729276.36535
    -11546675.8535 3729278.067
    -11546687.6534 3729308.82766
    -11546745.9848 3729391.81637
    -11546831.5895 3729461.45403
    -11546861.3118 3729474.28206
    -11546889.3643 3729476.63823
    -11546951.8145 3729456.74169
    -11546985.2104 3729424.27899
    -11547017.6044 3729385.1406
    -11547031.7419 3729361.4482
    -11547052.8926 3729326.36781
    -11547125.2503 3729206.59786
    -11547253.2677 3729073.347
    -11547292.3409 3729058.42509
    -11547324.6235 3729055.15274
    -11547478.4671 3729069.28929
    -11547602.477 3729092.45755
    -11547686.4119 3729119.94537
    -11547768.7883 3729137.74704
    -11548188.1288 3729181.20417
    -11548305.5709 3729185.39281
    -11548577.0791 3729195.20996
    -11548665.2441 3729183.29849
    -11548764.2072 3729142.98283
    -11548865.9532 3729081.33154
    -11548895.8981 3729070.33644
    -11548923.394 3729067.32588
    -11548983.2839 3729091.2795
    -11549021.5778 3729128.97709
    -11549039.389 3729160.91543
    -11549041.9493 3729165.49675
    -11549041.6153 3729216.02234
    -11549027.5891 3729269.68964
    -11549010.5572 3729307.64959
    -11548961.688 3729376.10869
    -11548924.3959 3729440.37943
    -11548879.3115 3729572.45623
    -11548872.1871 3729641.04773
    -11548881.3153 3729685.42296
    -11548891.5567 3729705.71258
    -11548911.2602 3729724.82412
    -11548963.0238 3729755.32411
    -11549013.2289 3729760.42926
    -11549073.0074 3729739.61595
    -11549178.093 3729681.62685
    -11549222.0642 3729647.33094
    -11549249.4488 3729604.78843
    -11549261.0261 3729566.69666
    -11549304.552 3729424.54079
    -11549322.6971 3729392.07817
    -11549391.9378 3729338.01763
    -11549460.9559 3729314.9798
    -11549463.5162 3729315.89608
    -11549466.2992 3729314.8489
    -11549474.9821 3729311.83828
    -11549477.8764 3729310.92201
    -11549480.2141 3729308.56587
    -11549515.3911 3729296.78518
    -11549520.5118 3729296.91608
    -11549544.0002 3729298.22504
    -11549578.2866 3729300.05759
    -11549647.9726 3729319.0376
    -11549652.8707 3729319.69208
    -11549692.9457 3729325.45154
    -11549697.0645 3729327.54588
    -11549700.6267 3729326.49871
    -11549726.8981 3729330.16382
    -11549755.3959 3729334.22162
    -11549812.5028 3729342.33723
    -11549816.8443 3729343.90799
    -11549837.3271 3729351.76181
    -11549845.3421 3729355.81962
    -11549861.0381 3729360.66281
    -11549875.1757 3729366.0296
    -11549897.4396 3729384.35522
    -11549903.3395 3729389.32932
    -11549939.8523 3729440.51033
    -11549969.352 3729491.42976
    -11549986.2725 3729547.97807
    -11549991.0593 3729555.04662
    -11550027.3494 3729608.84633
    -11550030.2437 3729614.99862
    -11550035.0305 3729625.20882
    -11550038.5927 3729633.71732
    -11550041.3757 3729640.13143
    -11550045.3832 3729647.46184
    -11550052.285 3729662.12267
    -11550087.2393 3729696.94223
    -11550174.7364 3729767.10524
    -11550175.293 3729767.49795
    -11550264.9052 3729816.32431
    -11550322.68 3729858.73666
    -11550368.321 3729936.10029
    -11550390.8076 3730006.5265
    -11550396.5962 3730042.39428
    -11550399.3792 3730083.76017
    -11550381.5681 3730154.31814
    -11550322.9027 3730218.06939
    -11550219.9322 3730330.12578
    -11550203.3456 3730356.70005
    -11550201.4531 3730362.32909
    -11550198.3362 3730364.81635
    -11550196.6664 3730367.3036
    -11550190.6551 3730377.1217
    -11550187.3155 3730382.48894
    -11550186.8703 3730386.15437
    -11550186.5363 3730391.25979
    -11550187.8721 3730393.22341
    -11550185.4231 3730403.82699
    -11550182.0835 3730441.92139
    -11550183.642 3730470.06682
    -11550189.4306 3730570.21271
    -11550171.6195 3730610.14039
    -11550144.3462 3730635.40616
    -11550132.5464 3730654.65008
    -11550132.5464 3730677.0359
    -11550132.6577 3730677.55955
    -11550142.7878 3730697.85083
    -11550157.148 3730708.32376
    -11550172.1761 3730719.32034
    -11550181.4156 3730718.53487
    -11550182.3062 3730716.83302
    -11550189.9872 3730717.88031
    -11550212.0285 3730716.04755
    -11550274.0334 3730673.63221
    -11550318.1159 3730653.21006
    -11550412.0696 3730563.27447
    -11550455.3729 3730522.03785
    -11550481.6443 3730502.53233
    -11550548.2133 3730473.33955
    -11550563.3528 3730462.34319
    -11550594.4109 3730423.46326
    -11550750.9261 3730362.06728
    -11550762.8373 3730359.58003
    -11550788.5521 3730366.51815
    -11550823.8404 3730386.28528
    -11550857.6815 3730422.41599
    -11550869.8153 3730445.97957
    -11550877.1624 3730490.88139
    -11550872.487 3730573.74729
    -11550829.8516 3730660.01744
    -11550771.2976 3730729.66238
    -11550724.766 3730785.43099
    -11550666.4346 3730884.00852
    -11550628.4747 3730930.87567
    -11550615.339 3730959.80772
    -11550620.571 3730978.00484
    -11550622.6861 3730979.05216
    -11550621.3502 3730980.62313
    -11550624.0219 3730989.91807
    -11550643.8368 3731015.83922
    -11550690.257 3731046.21154
    -11550729.3301 3731060.08857
    -11550797.235 3731070.69274
    -11550857.5702 3731068.07442
    -11550950.7446 3731043.20049
    -11551065.515 3731022.25406
    -11551144.8858 3731012.1736
    -11551172.2704 3731017.27929
    -11551206.5568 3731031.67995
    -11551234.7206 3731055.89928
    -11551253.645 3731099.62512
    -11551275.3523 3731149.37327
    -11551284.7031 3731234.33835
    -11551277.69 3731293.64406
    -11551257.2072 3731374.94442
    -11551224.3679 3731454.41245
    -11551208.1153 3731475.75239
    -11551172.2704 3731504.55482
    -11551144.2179 3731545.14017
    -11551126.9634 3731581.79803
    -11551107.1485 3731657.07792
    -11551106.3693 3731684.17879
    -11551118.9484 3731736.5478
    -11551180.7307 3731860.92509
    -11551194.7569 3731954.92899
    -11551225.2585 3731964.22468
    -11551256.5393 3731956.89287
    -11551313.8688 3731919.05555
    -11551343.7024 3731890.38306
    -11551514.4665 3731676.06161
    -11551564.6716 3731582.97633
    -11551599.5146 3731539.64151
    -11551631.1293 3731522.75275
    -11551719.1831 3731527.33497
    -11551750.7978 3731545.66386
    -11551782.4125 3731590.96252
    -11551811.4669 3731662.18387
    -11551817.1442 3731707.74481
    -11551773.0617 3731903.86829
    -11551720.8529 3731995.64678
    -11551693.1343 3732031.2586
    -11551661.4082 3732097.63825
    -11551655.9536 3732132.85759
    -11551655.9536 3732133.51222
    -11551659.8498 3732151.7111
    -11551680.7778 3732177.37288
    -11551716.8454 3732197.27388
    -11551795.3256 3732208.40275
    -11552061.7131 3732167.9461
    -11552147.4291 3732145.29567
    -11552248.3959 3732147.91421
    -11552304.9462 3732130.63183
    -11552317.8593 3732135.60706
    -11552322.4234 3732143.59361
    -11552327.2101 3732188.63265
    -11552343.3514 3732216.38935
    -11552383.2038 3732247.15747
    -11552438.307 3732270.59366
    -11552447.3239 3732272.1648
    -11552586.6959 3732297.82683
    -11552694.1192 3732341.81901
    -11552746.8846 3732357.26868
    -11552862.4342 3732357.7924
    -11552898.7244 3732378.47928
    -11552929.8938 3732405.97456
    -11552971.8613 3732469.73765
    -11552978.7631 3732480.08118
    -11553005.0345 3732572.64963
    -11553004.2553 3732663.2548
    -11552994.2365 3732683.28754
    -11552973.865 3732724.13871
    -11552940.2466 3732768.65617
    -11552907.7413 3732794.31925
    -11552897.1659 3732798.50915
    -11552873.2322 3732808.06736
    -11552795.5312 3732813.5666
    -11552768.5919 3732821.02987
    -11552636.7896 3732896.97212
    -11552605.6202 3732906.26854
    -11552542.0567 3732912.94625
    -11552519.2362 3732940.83554
    -11552512.1118 3732959.03563
    -11552509.3288 3732966.62993
    -11552508.9948 3732985.22286
    -11552517.3438 3733011.01734
    -11552536.0455 3733042.04935
    -11552577.679 3733089.97235
    -11552580.0167 3733094.29329
    -11552589.5902 3733103.58985
    -11552602.3919 3733118.38581
    -11552664.5082 3733255.34745
    -11552681.3174 3733277.73807
    -11552683.7664 3733281.01156
    -11552770.1504 3733326.70953
    -11552796.8671 3733334.17311
    -11552834.0478 3733361.80149
    -11552847.4061 3733358.92081
    -11552886.4792 3733331.94713
    -11552914.1978 3733333.51841
    -11553007.2609 3733362.06337
    -11553035.7587 3733377.64529
    -11553087.8562 3733430.80726
    -11553103.5522 3733463.93541
    -11553095.092 3733508.58653
    -11553084.5166 3733534.64401
    -11553073.6073 3733545.90504
    -11553027.2984 3733594.09192
    -11553014.274 3733623.16128
    -11553015.4985 3733660.48014
    -11553022.4003 3733682.2168
    -11553045.6661 3733723.20229
    -11553049.117 3733726.73778
    -11553050.8981 3733732.49933
    -11553065.481 3733758.16446
    -11553086.743 3733775.842
    -11553117.4672 3733786.0557
    -11553217.0981 3733803.73328
    -11553258.8429 3733801.50721
    -11553353.1305 3733743.10583
    -11553474.5801 3733643.85032
    -11553490.7214 3733634.4224
    -11553512.4287 3733629.31561
    -11553526.789 3733626.04203
    -11553568.1998 3733589.1161
    -11553606.605 3733574.45051
    -11553764.9013 3733436.69961
    -11553799.0764 3733423.6055
    -11553835.8119 3733428.58126
    -11553866.2021 3733440.10408
    -11553886.1283 3733459.09057
    -11553894.4772 3733480.43404
    -11553889.2452 3733566.72489
    -11553858.521 3733698.06101
    -11553858.521 3733753.31951
    -11553921.5279 3733839.35041
    -11553947.02 3733859.64698
    -11553997.2251 3733882.16967
    -11554030.9549 3733868.5513
    -11554065.6866 3733820.36332
    -11554073.8129 3733790.11499
    -11554097.9693 3733740.61789
    -11554129.25 3733587.02101
    -11554148.9536 3733520.76414
    -11554173.2212 3733475.98203
    -11554196.487 3733372.66955
    -11554218.083 3733326.44765
    -11554245.6902 3733302.22377
    -11554292.5557 3733282.05908
    -11554345.6551 3733278.52371
    -11554376.1567 3733284.28505
    -11554386.5094 3733286.24914
    -11554424.8033 3733311.91332
    -11554443.3936 3733311.25862
    -11554469.4424 3733292.4033
    -11554516.9758 3733237.14691
    -11554521.3173 3733223.92208
    -11554519.6475 3733187.52112
    -11554528.9983 3733171.80852
    -11554549.1472 3733160.41689
    -11554585.9939 3733158.97657
    -11554635.6424 3733170.10632
    -11554655.012 3733181.75983
    -11554671.1533 3733214.75636
    -11554700.8756 3733321.86475
    -11554729.1508 3733350.01687
    -11554730.3753 3733353.55225
    -11554734.2715 3733364.55124
    -11554735.6073 3733368.21757
    -11554738.5016 3733376.074
    -11554759.207 3733545.11939
    -11554778.1313 3733617.13789
    -11554805.5159 3733684.96662
    -11554814.5328 3733707.22709
    -11554875.3133 3733793.65051
    -11554891.6772 3733826.38681
    -11554886.1113 3733862.52779
    -11554855.9437 3733924.4653
    -11554833.0119 3734009.71174
    -11554801.0632 3734042.44862
    -11554789.9312 3734062.48364
    -11554793.9387 3734094.56593
    -11554823.3271 3734141.05266
    -11554865.2945 3734176.27793
    -11554914.1638 3734209.01527
    -11554995.761 3734240.31224
    -11555008.8967 3734259.29999
    -11555023.2569 3734308.01351
    -11555054.8716 3734346.38209
    -11555082.2562 3734348.87016
    -11555136.2462 3734341.66786
    -11555218.066 3734330.92989
    -11555254.5788 3734339.17979
    -11555282.9652 3734369.29854
    -11555306.1197 3734434.25054
    -11555300.3311 3734491.86954
    -11555302.0009 3734493.31002
    -11555300.1084 3734494.09573
    -11555298.9952 3734505.22671
    -11555298.8839 3734506.92909
    -11555288.4199 3734561.53651
    -11555262.2598 3734587.98911
    -11555246.8977 3734620.72756
    -11555238.4374 3734685.28804
    -11555251.1279 3734729.41985
    -11555288.3086 3734776.8257
    -11555305.3405 3734814.67195
    -11555312.3536 3734874.64998
    -11555324.71 3734978.36815
    -11555365.7869 3735061.52666
    -11555365.3417 3735097.80229
    -11555334.1722 3735137.48297
    -11555321.3705 3735224.04755
    -11555344.6362 3735308.3864
    -11555360.5549 3735394.82124
    -11555399.962 3735481.64959
    -11555440.1484 3735511.90214
    -11555507.608 3735610.38718
    -11555508.4985 3735638.15172
    -11555494.9175 3735710.8375
    -11555500.5948 3735737.81648
    -11555514.0645 3735761.78329
    -11555563.6017 3735809.97899
    -11555648.9837 3735845.20912
    -11555687.7229 3735871.40259
    -11555695.9606 3735884.23742
    -11555697.7417 3735886.85677
    -11555709.9868 3735940.02976
    -11555709.0962 3735988.35714
    -11555700.8586 3736028.56462
    -11555703.9756 3736060.52114
    -11555710.2094 3736072.96325
    -11555726.0168 3736089.98932
    -11555757.075 3736109.63482
    -11555829.4326 3736149.18785
    -11555874.4057 3736166.86888
    -11555877.8566 3736168.96441
    -11555910.0279 3736189.39586
    -11555973.9253 3736250.95236
    -11556008.5457 3736311.72334
    -11556010.5494 3736315.12862
    -11556016.0041 3736341.71602
    -11556000.4194 3736451.60252
    -11555983.7214 3736524.16221
    -11555980.7158 3736588.07797
    -11555988.3969 3736708.18287
    -11555999.6401 3736772.62351
    -11556024.7983 3736805.36786
    -11556031.1435 3736841.51774
    -11556026.1342 3736864.17695
    -11555995.9666 3736921.67654
    -11555971.9216 3736967.91216
    -11555967.5801 3736986.11831
    -11555969.5839 3737004.58644
    -11555982.8309 3737034.58084
    -11556033.4812 3737075.18474
    -11556039.1585 3737089.5926
    -11556040.1604 3737092.47418
    -11556041.2736 3737125.08842
    -11556035.0397 3737151.93957
    -11556017.8965 3737182.06532
    -11556017.1173 3737183.76808
    -11555997.4137 3737218.47828
    -11555992.627 3737226.86114
    -11555991.6251 3737228.43292
    -11555988.8421 3737233.54123
    -11555987.9516 3737235.37498
    -11555954.4444 3737296.54385
    -11555924.3881 3737336.75567
    -11555881.6415 3737418.22759
    -11555877.4113 3737431.84996
    -11555841.1212 3737552.09422
    -11555825.4251 3737639.06903
    -11555827.9855 3737722.63879
    -11555849.3588 3737768.74649
    -11555845.7966 3737796.12302
    -11555901.679 3738066.22396
    -11555894.6658 3738107.61727
    -11555895.1111 3738116.52471
    -11555896.2243 3738134.99456
    -11555889.9904 3738152.15453
    -11555837.225 3738210.05321
    -11555822.6421 3738268.21416
    -11555828.2081 3738321.79059
    -11555832.5496 3738421.21546
    -11555836.1118 3738501.77771
    -11555819.9705 3738687.00742
    -11555823.5327 3738718.83997
    -11555827.4289 3738751.98259
    -11555862.3832 3738803.85818
    -11555877.3 3738823.24608
    -11555905.3525 3738859.53298
    -11555915.5939 3738886.38798
    -11555924.8334 3738910.36102
    -11555999.9741 3739006.7777
    -11556006.0967 3739134.11176
    -11556020.5682 3739167.12451
    -11556016.672 3739232.36427
    -11555996.9685 3739264.19825
    -11555933.6277 3739333.49968
    -11555891.2149 3739389.56994
    -11555810.1743 3739526.99557
    -11555766.5371 3739699.00907
    -11555755.6278 3739810.76021
    -11555760.3032 3739894.738
    -11555754.5146 3739912.94855
    -11555755.8504 3739936.13756
    -11555775.9993 3740022.47444
    -11555786.018 3740048.28392
    -11555820.3044 3740098.33088
    -11555884.7584 3740253.84461
    -11555885.7603 3740300.355
    -11555897.3375 3740355.38162
    -11555902.9035 3740462.42219
    -11555898.562 3740598.02575
    -11555924.9447 3740667.33483
    -11555955.4463 3740719.48067
    -11555973.9253 3740740.44388
    -11556171.6287 3740890.725
    -11556182.4267 3740886.40128
    -11556201.1284 3740878.80202
    -11556244.209 3740918.23961
    -11556283.2822 3740944.31305
    -11556388.5904 3740995.14985
    -11556432.005 3741022.92675
    -11556487.6648 3741085.55604
    -11556572.8242 3741273.05276
    -11556657.7609 3741429.36777
    -11556744.1449 3741528.03201
    -11556777.3181 3741553.71367
    -11556819.2855 3741574.28524
    -11556989.493 3741602.06348
    -11557081.9995 3741635.86914
    -11557161.3703 3741676.35745
    -11557191.3153 3741698.76367
    -11557215.1376 3741727.4594
    -11557226.8262 3741747.90024
    -11557248.1995 3741819.05035
    -11557289.0538 3741875.65626
    -11557326.9024 3741932.1314
    -11557334.1382 3741968.2966
    -11557325.1213 3742033.02733
    -11557325.6779 3742097.88944
    -11557312.9875 3742147.81385
    -11557295.5103 3742180.83483
    -11557273.5804 3742204.8144
    -11557164.7099 3742257.49102
    -11557149.9044 3742286.05705
    -11557136.5461 3742298.89867
    -11557100.3672 3742304.00912
    -11557071.5355 3742290.25023
    -11557057.8432 3742290.90541
    -11557025.1153 3742308.59542
    -11556975.9121 3742351.05155
    -11556934.2786 3742401.6322
    -11556829.5269 3742560.71363
    -11556614.3463 3742833.54185
    -11556577.1656 3742893.16651
    -11556542.8792 3742980.31078
    -11556450.0388 3743092.87852
    -11556418.424 3743155.12538
    -11556404.0638 3743259.96294
    -11556393.9338 3743280.53742
    -11556383.0244 3743288.92448
    -11556377.5698 3743316.05141
    -11556381.0207 3743455.22532
    -11556390.0376 3743491.78822
    -11556401.9488 3743511.44574
    -11556444.1388 3743540.14578
    -11556455.9387 3743580.11626
    -11556471.6348 3743603.0502
    -11556501.0231 3743616.81059
    -11556546.2188 3743626.63945
    -11556571.0431 3743639.61355
    -11556583.6222 3743653.37398
    -11556596.3126 3743678.27385
    -11556614.569 3743764.89956
    -11556628.7066 3743794.12441
    -11556661.7685 3743826.75673
    -11556666.5552 3743849.16693
    -11556658.4289 3743885.20681
    -11556631.8235 3743917.57726
    -11556500.9118 3743989.00225
    -11556466.2914 3744013.77175
    -11556380.9094 3744075.10597
    -11556365.102 3744107.60799
    -11556371.4472 3744164.09356
    -11556371.8925 3744167.63211
    -11556373.0057 3744169.46691
    -11556402.1714 3744220.05516
    -11556428.9994 3744238.40329
    -11556497.3496 3744252.95075
    -11556549.5584 3744273.39586
    -11556633.6046 3744282.30784
    -11556871.3831 3744270.77469
    -11556918.0259 3744274.57538
    -11557048.2697 3744309.96123
    -11557115.7293 3744341.80859
    -11557174.84 3744413.62927
    -11557223.7092 3744524.24444
    -11557332.3571 3744684.92656
    -11557376.2169 3744726.73572
    -11557440.337 3744763.95779
    -11557463.9367 3744798.42763
    -11557465.9405 3744826.4754
    -11557443.3426 3744861.07648
    -11557406.8298 3744880.99835
    -11557369.8717 3744879.94983
    -11557352.2833 3744885.06137
    -11557339.4815 3744898.29896
    -11557330.0194 3744929.36147
    -11557329.5741 3744961.47259
    -11557342.0419 3745029.49602
    -11557405.6053 3745116.13142
    -11557430.0956 3745137.49546
    -11557468.3895 3745154.79643
    -11557617.2236 3745193.98585
    -11557673.106 3745192.28196
    -11557801.9027 3745165.01975
    -11557866.5793 3745156.89352
    -11557958.9745 3745166.8547
    -11558008.4003 3745154.79643
    -11558057.2696 3745169.47607
    -11558092.6692 3745191.49555
    -11558122.2802 3745221.51026
    -11558141.9837 3745247.46191
    -11558155.3421 3745281.53992
    -11558162.4665 3745419.03254
    -11558159.0156 3745441.70783
    -11558138.5328 3745477.75246
    -11558121.0557 3745529.65691
    -11558059.6073 3745602.40216
    -11558008.5117 3745652.0789
    -11557996.4891 3745738.71876
    -11558005.84 3745821.82022
    -11558030.7756 3745920.78247
    -11558067.8449 3746012.14305
    -11558093.8937 3746050.02447
    -11558125.2858 3746069.55507
    -11558160.4628 3746079.12377
    -11558240.5015 3746086.07091
    -11558315.5308 3746122.90393
    -11558385.8847 3746200.24053
    -11558419.8372 3746250.70621
    -11558449.8934 3746337.87469
    -11558489.1892 3746519.02985
    -11558487.5194 3746604.49618
    -11558488.6326 3746607.24894
    -11558487.5194 3746609.47737
    -11558485.8496 3746694.94434
    -11558467.3706 3746785.52426
    -11558447.5557 3746843.07104
    -11558396.794 3746947.67843
    -11558376.4226 3747018.99025
    -11558278.9067 3747187.57096
    -11558262.2088 3747225.32498
    -11558258.2013 3747248.13475
    -11558253.5259 3747360.08679
    -11558235.3808 3747441.3641
    -11558228.479 3747543.48588
    -11558231.0393 3747585.04275
    -11558248.1825 3747661.60214
    -11558283.0255 3747742.0949
    -11558277.7935 3748033.65624
    -11558261.2069 3748060.92492
    -11558211.4471 3748095.92857
    -11558192.8567 3748116.38018
    -11558114.9331 3748237.12407
    -11558111.5935 3748250.49643
    -11558114.5991 3748310.67225
    -11558132.9668 3748395.36464
    -11558201.5396 3748540.36568
    -11558234.2676 3748616.80002
    -11558271.337 3748663.99815
    -11558309.8535 3748690.48162
    -11558434.3087 3748751.31516
    -11558521.1379 3748808.34688
    -11558597.9484 3748858.82346
    -11558617.9859 3748872.0654
    -11558663.8495 3748880.84966
    -11558858.6586 3748877.96528
    -11558946.7123 3748876.7853
    -11559117.6991 3748860.39676
    -11559253.2862 3748843.09047
    -11559376.0716 3748800.74263
    -11559488.1703 3748728.76476
    -11559669.5098 3748576.81287
    -11559825.691 3748422.24083
    -11559962.8366 3748320.11161
    -11560042.3187 3748224.93164
    -11560112.6727 3748151.90839
    -11560162.7664 3748079.93438
    -11560197.9434 3747990.52464
    -11560262.62 3747888.66128
    -11560329.3004 3747806.46328
    -11560378.8376 3747800.30173
    -11560457.3178 3747802.92367
    -11560719.2526 3747870.5698
    -11560975.1761 3747900.46008
    -11561092.0615 3747931.00592
    -11561203.381 3747925.89309
    -11561367.6886 3747859.95091
    -11561425.4634 3747822.32601
    -11561447.7273 3747798.72857
    -11561485.3533 3747735.67119
    -11561528.6566 3747701.06188
    -11561574.8542 3747649.67248
    -11561589.6597 3747626.20647
    -11561600.0124 3747589.76215
    -11561608.6953 3747583.07633
    -11561619.7159 3747542.30604
    -11561625.5045 3747518.97133
    -11561639.0855 3747509.79478
    -11561639.0855 3747500.09385
    -11561632.7403 3747488.29544
    -11561640.644 3747455.91542
    -11561660.6815 3747375.16238
    -11561685.8397 3747299.39135
    -11561699.4207 3747274.61512
    -11561735.8222 3747246.16839
    -11561740.3863 3747227.8157
    -11561787.2518 3747156.63374
    -11561837.2342 3747120.84628
    -11561891.8921 3747057.66135
    -11561917.1616 3747036.425
    -11561956.3461 3747010.20733
    -11561975.2704 3747011.91148
    -11562057.7581 3746920.80552
    -11562100.3935 3746883.31463
    -11562136.5723 3746834.94369
    -11562161.5079 3746822.62158
    -11562235.6467 3746814.10099
    -11562286.1857 3746814.49424
    -11562341.4002 3746804.53171
    -11562461.4026 3746802.30325
    -11562543.779 3746836.12347
    -11562607.8991 3746849.10102
    -11562632.5007 3746835.99238
    -11562663.5588 3746842.28452
    -11562666.8984 3746843.59539
    -11562675.0247 3746842.28452
    -11562681.5926 3746840.31823
    -11562687.9378 3746842.28452
    -11562691.2774 3746841.36692
    -11562712.4281 3746840.5804
    -11562842.2266 3746810.95492
    -11562914.3616 3746811.34818
    -11562922.154 3746811.47927
    -11562940.1877 3746803.74519
    -11562942.6368 3746801.12347
    -11562946.4216 3746800.99239
    -11562963.6761 3746793.65158
    -11563025.1245 3746696.51736
    -11563077.1107 3746565.04003
    -11563078.8918 3746560.84536
    -11563088.02 3746491.89573
    -11563082.5654 3746397.9099
    -11563096.7029 3746289.63702
    -11563079.5597 3746207.97422
    -11563078.0013 3746166.81533
    -11563099.152 3746095.63962
    -11563145.2382 3745985.53438
    -11563188.7642 3745922.61754
    -11563246.6503 3745875.43014
    -11563322.0136 3745783.15307
    -11563381.1242 3745726.39778
    -11563432.7765 3745676.85181
    -11563493.8909 3745627.43711
    -11563612.4461 3745561.50748
    -11563618.68 3745559.0171
    -11563625.8045 3745556.13351
    -11563647.6231 3745547.61381
    -11563654.8589 3745544.86129
    -11563790.112 3745540.01161
    -11563877.0526 3745561.63855
    -11563960.8761 3745582.47909
    -11564068.7447 3745646.96704
    -11564226.3731 3745767.68624
    -11564294.0554 3745844.10304
    -11564341.0322 3745929.17137
    -11564403.4824 3746018.04153
    -11564443.2235 3746074.40496
    -11564473.6137 3746162.6208
    -11564484.523 3746257.39129
    -11564490.3116 3746307.07072
    -11564474.9496 3746383.35985
    -11564457.2498 3746415.737
    -11564437.5462 3746452.0467
    -11564390.792 3746516.27711
    -11564387.8977 3746576.05104
    -11564362.0716 3746635.69417
    -11564324.8909 3746710.15018
    -11564274.2405 3746749.08247
    -11564252.5332 3746789.58792
    -11564239.9541 3746827.99612
    -11564238.173 3746833.895
    -11564222.3656 3746920.80552
    -11564198.6546 3746949.90692
    -11564196.0942 3746981.36797
    -11564195.2037 3746991.855
    -11564192.7546 3747023.31616
    -11564191.9754 3747033.93432
    -11564182.7359 3747061.98728
    -11564176.2794 3747197.66491
    -11564212.1242 3747498.12745
    -11564221.9204 3747579.53678
    -11564216.1317 3747668.55019
    -11564181.9567 3747867.03017
    -11564179.5076 3748016.74444
    -11564170.8247 3748048.07717
    -11564147.225 3748093.56877
    -11564068.7447 3748367.17747
    -11563952.0819 3748631.61497
    -11563949.5216 3748687.46617
    -11563930.0406 3748788.54963
    -11563940.5047 3748839.28834
    -11563942.2858 3748847.94147
    -11563967.6666 3748908.6447
    -11564030.1169 3749023.75878
    -11564065.1825 3749067.94295
    -11564134.6459 3749131.40061
    -11564163.9229 3749146.21619
    -11564209.2299 3749158.934
    -11564295.9478 3749196.43196
    -11564313.8702 3749206.52758
    -11564361.4037 3749233.27447
    -11564455.58 3749262.51255
    -11564548.977 3749268.93707
    -11564641.2609 3749285.45729
    -11564659.5173 3749288.73511
    -11564753.3596 3749294.37297
    -11564798.11 3749321.38227
    -11564948.8366 3749383.53013
    -11564976.5552 3749385.1035
    -11565023.6433 3749396.11708
    -11565063.2731 3749405.5573
    -11565119.6007 3749406.21287
    -11565255.1879 3749421.42213
    -11565617.7554 3749515.4315
    -11565855.8678 3749616.39078
    -11565858.8735 3749617.70194
    -11566045.111 3749663.98616
    -11566094.8708 3749705.81256
    -11566123.7025 3749719.71101
    -11566133.0534 3749723.38231
    -11566148.7494 3749732.69166
    -11566153.8701 3749734.13396
    -11566166.0039 3749731.24937
    -11566173.0171 3749727.97143
    -11566180.3642 3749724.8246
    -11566201.8488 3749724.0379
    -11566223.4448 3749726.92248
    -11566251.386 3749735.57626
    -11566262.8519 3749743.57444
    -11566270.0877 3749752.22823
    -11566277.2121 3749768.09351
    -11566285.1158 3749777.53402
    -11566307.491 3749796.6773
    -11566314.5041 3749802.70875
    -11566341.7774 3749814.24718
    -11566355.4697 3749821.72095
    -11566361.0357 3749824.73668
    -11566369.7186 3749829.45696
    -11566376.1751 3749830.89926
    -11566378.6242 3749830.37479
    -11566384.8581 3749829.45696
    -11566394.4315 3749828.93248
    -11566418.5879 3749850.96046
    -11566499.2945 3749942.08854
    -11566528.6828 3749962.28104
    -11566580.3351 3749997.9458
    -11566625.9761 3750062.19508
    -11566680.9679 3750113.46363
    -11566736.8503 3750155.55383
    -11566796.4062 3750182.30282
    -11566859.3017 3750222.29529
    -11566929.8783 3750248.78218
    -11567002.3473 3750292.18409
    -11567009.917 3750296.77343
    -11567026.3923 3750312.90168
    -11567033.2941 3750314.73741
    -11567044.5374 3750317.62214
    -11567067.9145 3750314.99966
    -11567116.5611 3750298.74029
    -11567166.4322 3750310.80369
    -11567174.6698 3750322.08036
    -11567184.7999 3750325.75184
    -11567193.8168 3750330.60344
    -11567196.2658 3750330.73456
    -11567212.0732 3750323.52273
    -11567217.7505 3750324.9651
    -11567254.3746 3750354.5992
    -11567265.7292 3750366.00704
    -11567292.2232 3750381.34863
    -11567295.5628 3750383.84
    -11567298.9024 3750386.33137
    -11567341.2038 3750418.06363
    -11567359.3489 3750432.09404
    -11567388.1806 3750454.51649
    -11567413.7841 3750474.4476
    -11567432.0405 3750488.6092
    -11567435.1575 3750490.96946
    -11567440.7234 3750495.29662
    -11567458.5345 3750509.06486
    -11567462.4307 3750519.81721
    -11567464.6571 3750525.98015
    -11567466.5495 3750531.09408
    -11567475.4551 3750555.61475
    -11567484.5833 3750580.92223
    -11567502.1718 3750629.57043
    -11567504.5095 3750635.86455
    -11567511.1887 3750654.22243
    -11567521.764 3750683.46396
    -11567535.5676 3750721.2289
    -11567553.824 3750771.45122
    -11567564.5107 3750800.82416
    -11567566.5145 3750806.46272
    -11567572.0804 3750821.93601
    -11567578.203 3750862.32399
    -11567607.0347 3751051.28384
    -11567616.2743 3751111.86701
    -11567616.6082 3751114.35853
    -11567622.3968 3751151.73143
    -11567701.3224 3751316.17355
    -11567823.7738 3751570.84033
    -11567948.7856 3751930.03191
    -11567971.6061 3751995.47176
    -11568033.2771 3752130.1557
    -11568034.5016 3752133.04086
    -11568055.3183 3752178.81015
    -11568086.5991 3752247.52997
    -11568117.8799 3752316.51248
    -11568138.808 3752362.54476
    -11568139.9211 3752365.03654
    -11568146.155 3752378.28233
    -11568168.6416 3752425.36402
    -11568169.6435 3752427.46237
    -11568171.2019 3752443.06888
    -11568171.3132 3752443.85576
    -11568171.5359 3752446.47871
    -11568172.5378 3752456.83934
    -11568172.983 3752460.38032
    -11568177.1019 3752499.33116
    -11568189.5696 3752616.18443
    -11568193.2432 3752649.6275
    -11568192.3526 3752653.82428
    -11568192.0187 3752655.13578
    -11568176.7679 3752726.61247
    -11568131.2382 3752941.0451
    -11568117.9912 3753004.12968
    -11568117.8799 3753012.91695
    -11568117.8799 3753015.40887
    -11568116.3214 3753128.72597
    -11568113.7611 3753335.29633
    -11568106.7479 3753476.15967
    -11568103.631 3753540.42748
    -11568074.6879 3753579.11949
    -11568035.1695 3753631.9769
    -11567916.7256 3753790.94404
    -11567902.4767 3753810.22485
    -11567879.3222 3753845.90098
    -11567878.4317 3753847.34377
    -11567864.8507 3753868.06746
    -11567843.366 3753901.38283
    -11567821.5474 3753934.96062
    -11567808.3004 3753955.42213
    -11567807.0759 3753957.25843
    -11567804.5155 3753961.19334
    -11567800.508 3753967.4892
    -11567801.5099 3753974.30971
    -11567802.4005 3753979.29394
    -11567802.8457 3753981.78606
    -11567809.8589 3754025.46373
    -11567821.2134 3754095.50573
    -11567832.2341 3754164.23648
    -11567839.5812 3754209.22647
    -11567839.8038 3754210.53814
    -11567842.5868 3754227.98328
    -11567844.2566 3754238.08312
    -11567875.8713 3754259.46331
    -11567889.007 3754268.38267
    -11567892.0126 3754270.35018
    -11567897.4673 3754274.02285
    -11567909.3785 3754282.15522
    -11567922.7368 3754291.20576
    -11567926.633 3754293.82911
    -11567931.3084 3754296.97712
    -11567990.753 3754336.58973
    -11568035.5035 3754366.49603
    -11568176.5453 3754438.37637
    -11568239.3295 3754470.38163
    -11568243.7822 3754472.61151
    -11568244.4501 3754472.87384
    -11568251.018 3754476.28425
    -11568258.1424 3754483.49856
    -11568258.3651 3754483.7609
    -11568262.7065 3754488.08949
    -11568265.6009 3754490.97522
    -11568270.0536 3754495.43498
    -11568274.2838 3754499.63241
    -11568277.2894 3754502.64931
    -11568281.9648 3754507.37141
    -11568286.8629 3754511.04416
    -11568302.6702 3754526.91571
    -11568349.2018 3754573.74344
    -11568352.764 3754617.81677
    -11568355.6583 3754653.4953
    -11568355.881 3754656.38106
    -11568360.6677 3754709.63672
    -11568368.0148 3754791.09472
    -11568375.0279 3754869.79862
    -11568379.926 3754923.18639
    -11568380.4826 3754928.69571
    -11568382.8203 3754953.61884
    -11568391.1692 3755039.8008
    -11568391.0579 3755045.179
    -11568390.8353 3755075.8741
    -11568390.8353 3755077.44821
    -11568390.056 3755204.03358
    -11568389.0542 3755392.93028
    -11568477.1079 3755559.13558
    -11568533.7695 3755665.91747
    -11568534.7714 3755668.01639
    -11568558.7051 3755713.14318
    -11568588.2047 3755768.7648
    -11568652.8814 3755823.73076
    -11568689.6168 3755854.95259
    -11568692.2885 3755857.18273
    -11568798.042 3755947.04433
    -11568887.7655 3756023.39443
    -11569151.4814 3756167.56887
    -11569214.3769 3756201.9401
    -11569271.1498 3756232.37578
    -11569273.0422 3756233.42529
    -11569345.3999 3756272.12594
    -11569542.2128 3756377.47105
    -11569564.254 3756382.45627
    -11569635.8325 3756398.98623
    -11569642.4003 3756400.03575
    -11569643.4022 3756400.29813
    -11569717.8749 3756418.4024
    -11569837.766 3756447.7891
    -11569941.5158 3756408.16955
    -11570013.7621 3756380.7508
    -11570014.9866 3756380.22604
    -11570068.5313 3756359.76041
    -11570136.8815 3756333.91605
    -11570206.6788 3756254.54664
    -11570247.3104 3756208.6307
    -11570269.6856 3756183.4426
    -11570281.9308 3756169.93025
    -11570343.4905 3756117.71764
    -11570368.6487 3756096.46534
    -11570368.76 3756096.46534
    -11570381.6731 3756085.44564
    -11570401.2653 3756069.0473
    -11570420.7462 3756052.51779
    -11570433.7706 3756041.49813
    -11570462.7136 3756016.96631
    -11570483.6417 3756018.80292
    -11570647.6153 3756033.62696
    -11570649.6191 3756039.66152
    -11570670.8811 3756101.45044
    -11570670.9924 3756101.71282
    -11570676.8923 3756119.1607
    -11570685.7979 3756145.00461
    -11570694.9261 3756171.76688
    -11570700.7147 3756188.55893
    -11570700.9374 3756189.34605
    -11570707.5052 3756208.6307
    -11570717.8579 3756238.54164
    -11570727.5427 3756266.61601
    -11570734.2219 3756286.03197
    -11570735.0011 3756288.39337
    -11570745.4651 3756319.09164
    -11570772.0705 3756396.49362
    -11570784.093 3756415.77859
    -11570802.1268 3756444.64052
    -11570802.7947 3756445.82124
    -11570845.2074 3756514.17181
    -11570974.8946 3756722.76809
    -11570987.4737 3756742.84075
    -11571028.4393 3756780.62468
    -11571128.4042 3756872.4611
    -11571273.2309 3757005.49396
    -11571398.1313 3757184.71018
    -11571478.6153 3757300.29686
    -11571478.838 3757300.69046
    -11571488.8567 3757314.99128
    -11571504.3301 3757337.29533
    -11571493.7548 3757363.01065
    -11571486.9643 3757379.93556
    -11571486.7416 3757380.19796
    -11571436.8705 3757503.52745
    -11571395.4597 3757544.72503
    -11571101.5762 3757838.22907
    -11570997.6038 3757920.62666
    -11570856.4507 3758032.54658
    -11570856.3394 3758032.67779
    -11570830.2906 3758053.14626
    -11570814.7059 3758065.61105
    -11570762.7197 3758130.16575
    -11570741.1237 3758157.06364
    -11570734.7785 3758164.80499
    -11570725.539 3758176.48264
    -11570716.0768 3758188.1603
    -11570709.8429 3758196.03289
    -11570704.0543 3758203.11822
    -11570695.4827 3758213.87743
    -11570686.6885 3758224.63666
    -11570681.0112 3758231.85322
    -11570673.5528 3758239.20099
    -11570673.998 3758243.39972
    -11570674.666 3758249.82903
    -11570675.3339 3758256.25834
    -11570675.8905 3758260.58828
    -11570677.5603 3758276.98961
    -11570680.3432 3758301.65724
    -11570682.9036 3758326.19371
    -11570684.6847 3758342.72634
    -11570688.5809 3758379.46559
    -11570694.5921 3758434.83709
    -11570700.6034 3758490.07764
    -11570704.6109 3758526.94855
    -11570708.3958 3758562.63865
    -11570715.7428 3758630.47637
    -11570743.5727 3758653.04529
    -11570768.8422 3758673.51482
    -11570839.8641 3758731.11834
    -11570930.1442 3758804.33688
    -11571058.1616 3758895.13899
    -11571132.1891 3758947.75729
    -11571137.4211 3758951.56261
    -11571238.8331 3759081.33794
    -11571310.0776 3759172.40458
    -11571448.5591 3759438.26012
    -11571468.7079 3759551.37516
    -11571500.7679 3759731.28538
    -11571507.3357 3759827.99972
    -11571513.7923 3759923.14009
    -11571556.4276 3760112.50446
    -11571571.4558 3760179.30106
    -11571557.3182 3760201.87289
    -11571472.1588 3760337.56718
    -11571471.4909 3760338.74828
    -11571393.9012 3760566.3087
    -11571410.2651 3760825.10812
    -11571414.8292 3760895.97709
    -11571447.3345 3760986.00753
    -11571486.9643 3761097.29973
    -11571504.4414 3761150.97758
    -11571576.9104 3761373.9598
    -11571670.9754 3761583.03398
    -11571715.1692 3761611.77704
    -11571765.8196 3761644.85133
    -11571858.6601 3761657.05735
    -11571869.3467 3761658.50107
    -11571875.024 3761659.28855
    -11571900.4049 3761648.78876
    -11571910.7576 3761644.58884
    -11572059.8144 3761582.90273
    -11572131.9494 3761553.10977
    -11572361.6015 3761449.68807
    -11572502.532 3761383.27815
    -11572649.3624 3761314.24373
    -11572737.1935 3761235.62897
    -11572860.0902 3761125.77915
    -11572967.2909 3760960.41572
    -11572979.2021 3760942.30462
    -11573038.6467 3760861.32999
    -11573045.8824 3760851.74956
    -11573046.1051 3760851.48708
    -11573067.0331 3760827.60165
    -11573083.2858 3760810.14695
    -11573100.429 3760791.11742
    -11573111.7836 3760777.07495
    -11573145.736 3760780.09342
    -11573166.5528 3760781.93075
    -11573182.1375 3760783.37437
    -11573213.6409 3760792.03608
    -11573222.4351 3760794.5296
    -11573228.1124 3760796.10446
    -11573242.9179 3760800.17284
    -11573248.5952 3760798.72922
    -11573263.4007 3760794.5296
    -11573285.6646 3760788.36142
    -11573307.9285 3760782.06199
    -11573322.8453 3760777.99362
    -11573350.6752 3760770.11934
    -11573416.0197 3760752.00853
    -11573433.6082 3760744.26551
    -11573460.5475 3760732.58538
    -11573497.283 3760716.44318
    -11573604.1497 3760669.98528
    -11573607.6006 3760668.41044
    -11573644.5586 3760652.79328
    -11573674.7262 3760653.05576
    -11573720.2559 3760653.5807
    -11573765.5629 3760653.97441
    -11573795.8418 3760654.36812
    -11573849.4978 3760654.89307
    -11573869.3127 3760655.81172
    -11573989.3151 3760662.24232
    -11574089.7253 3760662.24232
    -11574126.0154 3760662.24232
    -11574161.415 3760648.46248
    -11574201.4901 3760632.84534
    -11574291.8815 3760598.06776
    -11574323.1623 3760592.29338
    -11574365.0184 3760584.81293
    -11574383.6087 3760581.4008
    -11574505.281 3760642.81931
    -11574593.7799 3760687.43978
    -11574621.3872 3760729.1732
    -11574709.2183 3760869.20432
    -11574797.6059 3761033.25409
    -11574828.3301 3761090.2127
    -11574878.5352 3761183.91937
    -11574890.4464 3761206.09935
    -11574909.482 3761241.79739
    -11574932.8591 3761266.33985
    -11574949.557 3761283.92646
    -11574977.8322 3761313.71876
    -11575037.1655 3761376.19095
    -11575050.6351 3761413.85817
    -11575065.4406 3761455.20037
    -11575070.8953 3761470.68732
    -11575083.2517 3761505.07369
    -11575087.5932 3761517.27956
    -11575093.2705 3761532.89784
    -11575096.8327 3761542.87255
    -11575098.7252 3761548.25365
    -11575104.6251 3761564.65945
    -11575106.1836 3761568.99059
    -11575106.8515 3761570.04056
    -11575135.7945 3761616.10819
    -11575163.9584 3761660.86353
    -11575202.4749 3761768.09325
    -11575221.5106 3761820.9866
    -11575233.9783 3761856.03022
    -11575243.1065 3761881.36143
    -11575278.3948 3761957.35539
    -11575293.9795 3761990.82439
    -11575321.2528 3762049.4938
    -11575348.6374 3762108.55725
    -11575387.7106 3762234.03523
    -11575407.4141 3762297.03722
    -11575417.7668 3762306.8813
    -11575418.6574 3762307.66883
    -11575429.4554 3762352.03297
    -11575433.2402 3762367.25857
    -11575436.3572 3762380.25285
    -11575441.1439 3762399.80992
    -11575445.8193 3762419.23576
    -11575449.0476 3762432.36135
    -11575450.7174 3762439.44918
    -11575452.6098 3762446.93077
    -11575450.3834 3762461.50021
    -11575449.2702 3762468.98182
    -11575448.491 3762473.44454
    -11575446.5986 3762486.8327
    -11575445.9306 3762491.29542
    -11575439.3628 3762534.08515
    -11575438.8062 3762537.89161
    -11575377.8031 3762604.30789
    -11575368.7862 3762613.88972
    -11575359.3241 3762623.20903
    -11575349.9732 3762632.52836
    -11575331.7168 3762651.95458
    -11575331.6055 3762651.95458
    -11575319.3604 3762665.21168
    -11575311.7907 3762672.16838
    -11575250.4536 3762730.31607
    -11575230.0822 3762749.61119
    -11575229.9708 3762749.61119
    -11575196.6863 3762781.1135
    -11575195.9071 3762782.03231
    -11575125.9984 3762906.86101
    -11575102.6213 3762948.9959
    -11575101.5081 3762963.17217
    -11575099.9497 3762984.83037
    -11575098.2799 3763005.96357
    -11575097.278 3763020.27116
    -11575097.278 3763020.79621
    -11575095.6082 3763043.2421
    -11575093.2705 3763075.0077
    -11575084.1423 3763110.84254
    -11575078.5763 3763132.89481
    -11575078.465 3763133.02607
    -11575068.4463 3763172.40521
    -11575063.3256 3763193.14495
    -11575032.824 3763288.44318
    -11575020.5789 3763327.03524
    -11574993.6396 3763326.90397
    -11574966.7002 3763326.90397
    -11574952.5627 3763326.90397
    -11574938.5364 3763326.90397
    -11574929.1856 3763326.90397
    -11574907.367 3763326.90397
    -11574876.0862 3763326.90397
    -11574808.7379 3763326.90397
    -11574782.4665 3763326.90397
    -11574741.6122 3763326.90397
    -11574701.5372 3763326.90397
    -11574064.1218 3763326.90397
    -11573959.3702 3763326.90397
    -11573672.0546 3763326.90397
    -11573453.5344 3763326.90397
    -11573424.1461 3763326.90397
    -11573145.2907 3763326.90397
    -11573136.8305 3763326.90397
    -11573127.9249 3763326.90397
    -11573099.4271 3763326.90397
    -11573071.0406 3763326.90397
    -11572764.3554 3763326.90397
    -11572463.5702 3763326.90397
    -11571511.5659 3763326.90397
    -11571367.2958 3763326.90397
    -11571365.96 3763326.90397
    -11570379.7806 3763326.90397
    -11570280.8176 3763326.90397
    -11569805.9286 3763326.90397
    -11569719.5447 3763326.90397
    -11569705.5185 3763326.90397
    -11569286.8459 3763326.90397
    -11568329.2756 3763326.90397
    -11568308.2362 3763326.90397
    -11567967.042 3763326.90397
    -11567879.4335 3763326.90397
    -11567850.6018 3763326.90397
    -11567838.6906 3763326.90397
    -11567712.6769 3763329.66055
    -11567370.1469 3763336.88017
    -11567248.6973 3763338.32409
    -11566673.2869 3763345.01865
    -11566253.6124 3763349.74423
    -11565993.1248 3763352.76334
    -11565903.1786 3763353.81347
    -11565880.6921 3763354.07601
    -11565863.1036 3763354.20727
    -11565817.7966 3763354.8636
    -11565749.3351 3763355.6512
    -11565747.1087 3763355.6512
    -11565664.621 3763356.70133
    -11565566.8824 3763357.88272
    -11564977.4457 3763364.57729
    -11563365.0942 3763383.34836
    -11562671.6851 3763381.11683
    -11559474.9233 3763370.7468
    -11559471.9177 3763370.7468
    -11559415.7013 3763370.7468
    -11559133.3951 3763370.48427
    -11559128.0518 3763370.48427
    -11559103.6728 3763370.48427
    -11559088.3107 3763370.48427
    -11559073.6165 3763370.48427
    -11559062.4846 3763370.48427
    -11559055.3601 3763370.48427
    -11559051.3526 3763370.48427
    -11559050.3508 3763370.48427
    -11559049.5715 3763370.48427
    -11559047.2338 3763370.353
    -11558993.6891 3763370.353
    -11558967.9743 3763370.353
    -11558664.1835 3763370.09047
    -11558623.9971 3763370.09047
    -11558037.2321 3763369.69667
    -11557709.2849 3763369.56541
    -11557698.7095 3763369.56541
    -11556365.2133 3763368.64654
    -11555784.9048 3763368.25274
    -11555771.6578 3763368.25274
    -11550913.4526 3763365.36489
    -11550254.4412 3763364.97109
    -11550219.1529 3763364.97109
    -11550025.0117 3763364.83982
    -11550002.0799 3763364.83982
    -11549986.8291 3763364.83982
    -11549449.6013 3763364.57729
    -11549220.1718 3763337.66776
    -11549209.8191 3763336.48637
    -11548225.0869 3763336.88017
    -11548205.1607 3763336.88017
    -11546375.1796 3763337.66776
    -11546056.3606 3763337.9303
    -11546030.3118 3763337.9303
    -11546028.3081 3763337.9303
    -11546026.6383 3763337.9303
    -11538849.5367 3763340.94941
    -11538205.6648 3763341.34321
    -11537016.6613 3763341.86827
    -11535534.1083 3763342.65587
    -11532888.9346 3763348.16904
    -11532884.4818 3763348.16904
    -11530334.4862 3763350.40056
END
END
