48329 Midland County
1
    -11386584.6222 3746773.2022
    -11386584.7335 3746786.0486
    -11386584.3995 3746803.61411
    -11386583.6203 3746842.02235
    -11386583.6203 3746863.38945
    -11386575.16 3748272.91484
    -11386575.7166 3748286.41834
    -11386575.2713 3748335.0573
    -11386575.16 3748355.77153
    -11386575.2713 3748386.84293
    -11386575.16 3748394.0536
    -11386575.2713 3748410.96593
    -11386575.16 3748858.43013
    -11386574.3808 3749151.85398
    -11386574.3808 3749233.27447
    -11386574.3808 3749258.31695
    -11386574.3808 3749277.32829
    -11386574.3808 3749678.93351
    -11386574.3808 3749784.74553
    -11386574.3808 3749795.62835
    -11386574.3808 3749890.29624
    -11386573.4902 3750520.07947
    -11386573.6015 3750790.85833
    -11386573.6015 3750814.85501
    -11386573.4902 3750836.88479
    -11386573.4902 3750845.40823
    -11386572.4883 3750906.77715
    -11386571.8204 3750945.98524
    -11386571.8204 3750946.64089
    -11386570.9299 3750962.24548
    -11386569.1487 3751045.77629
    -11386566.811 3751176.90902
    -11386565.4752 3751248.5081
    -11386565.1412 3751283.25872
    -11386565.4752 3751302.27325
    -11386567.2563 3751401.67384
    -11386568.0355 3751444.42422
    -11386570.2619 3751567.56188
    -11386570.5959 3751588.28166
    -11386570.7072 3751598.64156
    -11386572.4883 3751760.86039
    -11386572.5996 3751767.94194
    -11386572.711 3751840.33137
    -11386572.5996 3751958.8831
    -11386572.711 3751993.24234
    -11386572.711 3752083.59974
    -11386572.711 3752088.97661
    -11386572.711 3752105.10726
    -11386572.5996 3752125.04109
    -11386571.8204 3752302.74218
    -11386571.8204 3752338.54501
    -11386571.8204 3752405.03625
    -11386571.8204 3752432.57711
    -11386571.8204 3752736.71105
    -11386571.8204 3752831.40201
    -11386571.8204 3753382.11944
    -11386571.8204 3753385.13606
    -11386570.9299 3753411.10526
    -11386570.9299 3753416.22041
    -11386570.9299 3753485.20961
    -11386570.9299 3753530.85286
    -11386570.3733 3753549.3463
    -11386570.9299 3753550.26442
    -11386570.9299 3753551.96949
    -11386570.9299 3753554.85499
    -11386570.9299 3753558.13398
    -11386570.9299 3753571.77455
    -11386570.9299 3753619.64786
    -11386571.1525 3753668.17716
    -11386571.8204 3753945.19137
    -11386571.8204 3753968.53851
    -11386571.8204 3753972.99808
    -11386573.4902 3754494.9103
    -11386573.6015 3754504.87919
    -11386574.3808 3754748.98834
    -11386574.2694 3754791.88175
    -11386575.16 3755067.47885
    -11386580.2807 3756788.23395
    -11386582.9524 3757848.72555
    -11386584.0656 3758286.96162
    -11386585.4014 3758789.77187
    -11386587.0712 3759259.27282
    -11386589.1863 3760173.78935
    -11386589.1863 3760240.58629
    -11386589.4089 3760261.18974
    -11386589.6315 3760351.60913
    -11386590.5221 3760802.14142
    -11386589.0749 3761632.77658
    -11386589.0749 3761658.76357
    -11386588.8523 3761809.04292
    -11386588.741 3761831.22405
    -11386588.8523 3762024.16223
    -11386588.8523 3762033.61234
    -11386587.0712 3762860.00087
    -11386587.1825 3762863.80743
    -11386579.5015 3764828.67747
    -11386579.3901 3764894.05613
    -11386579.3901 3764907.05314
    -11386579.5015 3764930.68409
    -11386579.5015 3764932.52206
    -11386579.5015 3764949.72017
    -11386578.6109 3765062.09931
    -11386578.6109 3765077.98476
    -11386578.6109 3765080.74174
    -11386578.6109 3765095.31437
    -11386578.6109 3765193.38467
    -11386577.7203 3765278.72092
    -11386577.8317 3765295.65696
    -11386577.8317 3765306.29122
    -11386577.7203 3765320.0764
    -11386577.7203 3765346.20263
    -11386577.7203 3765363.27005
    -11386576.9411 3765437.97312
    -11386576.0506 3765550.61939
    -11386576.0506 3765565.84904
    -11386576.0506 3765569.0
    -11386576.0506 3765601.6913
    -11386576.0506 3765612.58842
    -11386576.0506 3765676.65843
    -11386576.0506 3765689.78757
    -11386575.2713 3765854.55953
    -11386575.16 3765881.60598
    -11386574.3808 3765893.15982
    -11386574.3808 3765894.99793
    -11386574.3808 3765900.24968
    -11386574.3808 3766031.93808
    -11386574.1581 3766071.5893
    -11386573.4902 3766162.97143
    -11386573.4902 3766177.54537
    -11386573.4902 3766182.14076
    -11386573.4902 3766216.54059
    -11386572.5996 3766313.30704
    -11386572.5996 3766351.77751
    -11386571.8204 3766444.86866
    -11386571.8204 3766455.11005
    -11386571.8204 3766459.83684
    -11386571.8204 3766546.10119
    -11386571.5978 3766557.39306
    -11386571.0412 3766587.06712
    -11386570.9299 3766635.9113
    -11386570.9299 3766649.56669
    -11386570.1506 3766815.66484
    -11386570.1506 3766821.04829
    -11386568.3695 3767115.43511
    -11386568.3695 3767188.57337
    -11386566.6997 3767555.58443
    -11386565.8092 3767718.9375
    -11386565.8092 3767722.35165
    -11386565.8092 3767794.96834
    -11386565.0299 3767841.32244
    -11386565.0299 3767870.86835
    -11386565.0299 3767893.32328
    -11386565.0299 3767969.22391
    -11386565.0299 3767975.00183
    -11386564.1394 3768045.38766
    -11386564.1394 3768067.84292
    -11386564.1394 3768069.944
    -11386564.2507 3768108.42008
    -11386564.1394 3768137.17874
    -11386563.3601 3768205.72704
    -11386563.3601 3768226.0815
    -11386562.4696 3768462.19571
    -11386562.4696 3768474.80261
    -11386562.4696 3768480.18681
    -11386562.4696 3768489.77332
    -11386561.579 3768629.63213
    -11386560.7998 3768818.87092
    -11386560.7998 3768823.99262
    -11386559.0187 3769096.75923
    -11386559.0187 3769105.2956
    -11386558.2394 3769308.46295
    -11386555.6791 3769792.82148
    -11386555.6791 3769815.01733
    -11386554.7885 3769916.27824
    -11386554.8998 3770012.68046
    -11386553.898 3770146.51534
    -11386554.0093 3770174.49083
    -11386554.0093 3770194.84862
    -11386553.1187 3770346.81077
    -11386550.5584 3770826.61397
    -11386547.998 3772115.20302
    -11386547.998 3772145.15352
    -11386547.998 3772189.81669
    -11386546.4396 3772700.56496
    -11386546.3282 3772744.17925
    -11386546.3282 3772765.19824
    -11386546.3282 3772794.88762
    -11386546.3282 3772802.24429
    -11386546.3282 3772845.46484
    -11386544.6585 3773830.7778
    -11386543.7679 3774195.75824
    -11386542.0981 3774734.97211
    -11386525.0662 3774734.84072
    -11386474.0819 3774734.44655
    -11386457.1613 3774734.31516
    -11386181.9796 3774733.78959
    -11386012.7739 3774733.39542
    -11384790.8199 3774731.42457
    -11384679.723 3774731.0304
    -11384235.4469 3774729.71649
    -11384109.322 3774729.32232
    -11383807.3122 3774728.79676
    -11383731.281 3774728.53398
    -11383605.2673 3774728.66537
    -11383453.3162 3774728.2712
    -11382997.7968 3774727.08869
    -11382845.9571 3774726.82591
    -11382822.1347 3774726.69452
    -11382695.5644 3774726.16896
    -11382244.6092 3774724.3295
    -11382094.3279 3774723.80393
    -11381799.7765 3774722.62142
    -11380916.345 3774719.20528
    -11380778.7541 3774718.67972
    -11380627.5822 3774717.75998
    -11380625.0219 3774717.6286
    -11380621.9049 3774717.6286
    -11380525.9475 3774717.10303
    -11380238.0753 3774716.1833
    -11380152.8046 3774715.92052
    -11380142.1179 3774715.92052
    -11379910.4621 3774714.47523
    -11379657.6555 3774713.16133
    -11379215.7171 3774711.05909
    -11378984.1726 3774710.13936
    -11378971.5935 3774710.00797
    -11378933.8562 3774709.74519
    -11378921.2771 3774709.74519
    -11378836.3403 3774709.35102
    -11378757.8601 3774709.35102
    -11378267.609 3774709.6138
    -11378104.192 3774709.87658
    -11377859.2891 3774709.74519
    -11377124.9145 3774709.6138
    -11376880.4569 3774709.6138
    -11376877.3399 3774709.6138
    -11376867.9891 3774709.74519
    -11376865.2061 3774709.87658
    -11376846.3931 3774709.6138
    -11376691.325 3774710.13936
    -11376170.0159 3774711.97882
    -11376035.4306 3774712.76716
    -11375996.3575 3774712.63577
    -11375981.3293 3774712.63577
    -11375936.3563 3774712.63577
    -11375921.5508 3774712.76716
    -11375840.0649 3774713.29272
    -11375669.3008 3774713.81828
    -11375348.2554 3774714.8694
    -11374912.4396 3774715.92052
    -11374857.3364 3774716.1833
    -11374660.4123 3774716.70886
    -11374657.8519 3774716.44608
    -11374649.9482 3774716.44608
    -11374647.6105 3774716.57747
    -11374297.0654 3774717.4972
    -11373245.7642 3774720.51918
    -11372898.8926 3774721.83308
    -11372895.4417 3774721.70169
    -11372478.3276 3774722.8842
    -11372413.9849 3774723.14698
    -11370903.0455 3774727.22008
    -11369623.094 3774727.48286
    -11369164.903 3774727.48286
    -11368914.8794 3774727.48286
    -11367790.6638 3774722.62142
    -11367790.5525 3774722.49003
    -11367332.5841 3774720.78196
    -11367268.1302 3774720.38779
    -11367074.9908 3774719.33667
    -11367010.6482 3774719.20528
    -11367008.0878 3774718.9425
    -11367000.4068 3774719.07389
    -11366997.9577 3774719.20528
    -11366959.7752 3774718.81111
    -11366647.6353 3774718.54833
    -11365596.8906 3774717.89138
    -11365265.3812 3774717.75998
    -11365265.2699 3774717.75998
    -11365246.6795 3774717.75998
    -11365190.0179 3774717.75998
    -11365020.367 3774717.75998
    -11364963.8167 3774717.89138
    -11364963.0375 3774717.89138
    -11364960.5884 3774718.15416
    -11364946.7848 3774718.15416
    -11364939.883 3774717.4972
    -11364732.7174 3774718.9425
    -11364039.6423 3774723.80393
    -11363808.6543 3774725.51201
    -11362985.6693 3774730.24206
    -11362137.6375 3774735.23489
    -11361749.3551 3774731.16179
    -11360584.5079 3774719.59945
    -11360196.2255 3774715.78913
    -11359908.9099 3774714.21245
    -11359046.9631 3774709.35102
    -11359007.1107 3774709.08824
    -11358759.7588 3774708.03712
    -11358729.3686 3774708.2999
    -11358638.5319 3774709.74519
    -11358608.3643 3774710.40214
    -11358484.911 3774710.53353
    -11358483.5752 3774710.40214
    -11358109.5417 3774710.13936
    -11358109.0964 3774710.13936
    -11357984.4186 3774710.27075
    -11357913.842 3774710.00797
    -11357702.335 3774709.6138
    -11357693.8747 3774709.6138
    -11357631.8698 3774709.35102
    -11357110.4493 3774708.2999
    -11357008.8146 3774707.77434
    -11356985.5488 3774707.77434
    -11356397.8932 3774707.38017
    -11355510.0089 3774706.85461
    -11355140.3169 3774706.72322
    -11355050.0368 3774706.85461
    -11354976.1207 3774706.85461
    -11354517.5957 3774706.72322
    -11354513.8108 3774706.72322
    -11354503.1241 3774706.72322
    -11354499.6732 3774706.85461
    -11354043.5973 3774706.19766
    -11353150.1471 3774705.80349
    -11353144.1358 3774705.6721
    -11353126.3247 3774705.6721
    -11353120.4247 3774705.80349
    -11353015.8957 3774705.27793
    -11352905.3555 3774705.27793
    -11352577.7422 3774705.6721
    -11352260.0364 3774706.06627
    -11352045.1898 3774706.59183
    -11351884.6671 3774706.72322
    -11351404.1008 3774707.38017
    -11351244.246 3774707.77434
    -11351127.4719 3774707.90573
    -11351073.5933 3774708.16851
    -11350829.8036 3774708.69407
    -11350777.4834 3774708.69407
    -11350660.8206 3774709.35102
    -11350657.815 3774708.95685
    -11350649.6886 3774708.95685
    -11350647.2396 3774709.21963
    -11350405.1197 3774709.74519
    -11349678.9827 3774711.19048
    -11349436.9741 3774711.84743
    -11349434.4138 3774711.84743
    -11349426.6214 3774711.97882
    -11349424.2837 3774712.11021
    -11349256.6365 3774712.37299
    -11349127.8399 3774712.89855
    -11348753.6951 3774713.42411
    -11348586.0479 3774713.81828
    -11348583.8215 3774713.68689
    -11348577.0311 3774713.68689
    -11348574.916 3774713.68689
    -11348373.3164 3774714.08106
    -11347769.0742 3774715.26357
    -11347567.6972 3774715.78913
    -11347566.584 3774715.65774
    -11347563.5784 3774715.65774
    -11347562.5765 3774715.65774
    -11347260.2328 3774716.84025
    -11347160.0453 3774716.84025
    -11347137.1134 3774716.84025
    -11347125.9815 3774716.84025
    -11347122.0853 3774716.70886
    -11347110.1741 3774717.10303
    -11347106.5006 3774717.36582
    -11347070.9897 3774717.36582
    -11346174.8678 3774718.9425
    -11346087.0367 3774718.9425
    -11345824.2114 3774719.33667
    -11345736.6029 3774719.59945
    -11345577.6387 3774719.73084
    -11345196.4808 3774720.65057
    -11345101.1913 3774720.78196
    -11345024.0469 3774721.17613
    -11344942.4497 3774721.43891
    -11344893.6917 3774721.43891
    -11344747.4179 3774721.5703
    -11344746.3047 3774721.5703
    -11344698.7713 3774721.83308
    -11344542.4787 3774721.96447
    -11344466.1136 3774722.22725
    -11344186.5903 3774722.75281
    -11344074.3803 3774722.75281
    -11343918.3104 3774723.27837
    -11343788.5118 3774723.40976
    -11343593.814 3774723.67254
    -11343399.0049 3774724.06671
    -11343291.4703 3774724.3295
    -11343269.429 3774724.3295
    -11343197.9619 3774724.3295
    -11343140.855 3774724.46088
    -11343138.5173 3774724.46088
    -11343130.5023 3774724.1981
    -11343111.4667 3774724.1981
    -11343099.4442 3774724.46088
    -11343089.3141 3774724.72366
    -11343075.0652 3774724.46088
    -11343032.4299 3774724.46088
    -11343021.4092 3774724.85506
    -11343018.5149 3774724.85506
    -11342991.5756 3774724.85506
    -11342817.5832 3774724.46088
    -11342215.6787 3774724.46088
    -11342014.9697 3774724.46088
    -11341749.918 3774723.80393
    -11341429.6518 3774723.40976
    -11341074.654 3774723.01559
    -11340954.8742 3774723.01559
    -11340689.9338 3774723.14698
    -11340396.8296 3774722.8842
    -11340372.228 3774722.62142
    -11339903.9069 3774722.62142
    -11339796.5949 3774722.49003
    -11339689.3942 3774722.35864
    -11339623.7157 3774722.35864
    -11339558.0372 3774722.35864
    -11339419.1105 3774722.22725
    -11339101.516 3774721.96447
    -11339094.9481 3774721.83308
    -11339075.2446 3774721.5703
    -11339068.7881 3774721.70169
    -11339038.0639 3774721.5703
    -11338979.3985 3774721.5703
    -11338946.3366 3774721.5703
    -11338915.8351 3774721.70169
    -11338783.0309 3774721.43891
    -11338385.7317 3774720.78196
    -11338261.0538 3774720.78196
    -11338253.4841 3774720.65057
    -11337099.3236 3774719.73084
    -11336860.5433 3774720.2564
    -11336738.2032 3774720.2564
    -11336730.5222 3774720.2564
    -11336695.7905 3774720.12501
    -11336638.9062 3774720.2564
    -11336611.9669 3774720.2564
    -11336373.9658 3774720.78196
    -11336256.3011 3774720.78196
    -11336137.7459 3774720.91335
    -11336083.422 3774720.78196
    -11335934.5878 3774720.78196
    -11335325.8928 3774721.43891
    -11335122.9574 3774721.70169
    -11335119.5065 3774721.83308
    -11334780.4273 3774721.96447
    -11333753.1711 3774722.75281
    -11333410.7523 3774723.27837
    -11333362.4396 3774723.27837
    -11333217.7243 3774723.40976
    -11333184.7737 3774723.67254
    -11333169.523 3774723.80393
    -11332977.1629 3774723.80393
    -11332963.1366 3774723.80393
    -11332400.7506 3774724.06671
    -11332208.9471 3774724.1981
    -11332107.9803 3774724.1981
    -11331805.3026 3774724.46088
    -11331704.4471 3774724.85506
    -11331166.9966 3774725.24923
    -11331139.2781 3774725.24923
    -11331078.1637 3774725.38062
    -11331017.0493 3774725.38062
    -11329661.9571 3774726.30035
    -11329660.176 3770696.44921
    -11329660.176 3770658.49022
    -11329654.2761 3769073.77673
    -11329654.2761 3769060.90655
    -11329653.3855 3768638.43082
    -11329650.8252 3767656.43236
    -11329650.0459 3767514.6152
    -11329642.4762 3764681.51114
    -11329642.3649 3764639.50145
    -11329641.4743 3764150.36198
    -11329641.4743 3763659.01082
    -11329641.4743 3762677.8125
    -11329641.4743 3762656.2861
    -11329641.4743 3761585.79016
    -11329641.4743 3761510.19228
    -11329640.5838 3760666.17942
    -11329640.6951 3760661.84861
    -11329640.6951 3759662.1292
    -11329640.5838 3758666.95407
    -11329640.5838 3758662.75519
    -11329640.6951 3758660.26211
    -11329640.6951 3757840.32836
    -11329639.8046 3757666.74417
    -11329639.8046 3756671.07785
    -11329639.8046 3756633.42547
    -11329638.914 3754970.01567
    -11329638.0234 3754691.40385
    -11329638.1348 3754213.4238
    -11329638.1348 3754144.29927
    -11329638.1348 3754086.84883
    -11329638.1348 3754023.3651
    -11329638.1348 3754013.7901
    -11329638.1348 3752692.12
    -11329638.1348 3752149.17156
    -11329638.1348 3752071.53456
    -11329638.2461 3751977.50527
    -11329638.914 3751168.38535
    -11329639.0253 3751109.90002
    -11329639.0253 3750715.72151
    -11329639.8046 3750065.47311
    -11329640.6951 3749541.39238
    -11329640.6951 3749510.44912
    -11329640.6951 3749479.37482
    -11329640.6951 3749449.87398
    -11329640.6951 3749420.37321
    -11329641.5857 3749174.79851
    -11329641.5857 3749053.12747
    -11329641.4743 3748739.25331
    -11329641.4743 3748663.86704
    -11329642.3649 3748295.46439
    -11329643.2555 3747497.0787
    -11329644.0347 3746843.33322
    -11329644.0347 3746763.2397
    -11329644.0347 3746613.93422
    -11329643.5894 3745614.19873
    -11329643.4781 3745443.93604
    -11329643.1441 3744741.80803
    -11329643.1441 3744657.40337
    -11329643.1441 3744259.50366
    -11329642.3649 3743490.21562
    -11329641.4743 3742753.21282
    -11329640.6951 3742268.23603
    -11329639.8046 3741049.78655
    -11329639.8046 3740865.69985
    -11329639.8046 3740780.66715
    -11329639.8046 3740530.81336
    -11329639.8046 3740400.97528
    -11329639.8046 3739961.55382
    -11329640.6951 3738943.37317
    -11329640.6951 3738783.42231
    -11329640.6951 3738502.56368
    -11329641.4743 3738007.14705
    -11329641.4743 3737637.36621
    -11329641.4743 3737253.45054
    -11329641.5857 3736872.16663
    -11329641.5857 3736817.41781
    -11329642.3649 3736482.64335
    -11329642.3649 3736185.46673
    -11329642.3649 3736167.13082
    -11329642.3649 3735656.09394
    -11329642.3649 3735378.32
    -11329642.3649 3735316.37505
    -11329642.3649 3735210.42766
    -11329643.1441 3734847.1491
    -11329643.2555 3734845.0538
    -11329643.2555 3734822.79123
    -11329643.2555 3734590.47723
    -11329643.2555 3734588.64388
    -11329643.2555 3734584.71527
    -11329643.2555 3734547.26261
    -11329644.3687 3734150.08813
    -11329644.9253 3733911.23972
    -11329644.9253 3733711.15542
    -11329644.9253 3733675.40772
    -11329646.595 3732870.65415
    -11329646.595 3732838.44417
    -11329648.3762 3732257.10802
    -11329648.2648 3732240.61105
    -11329648.2648 3732185.49039
    -11329650.8252 3730933.49396
    -11329654.2761 3729615.78402
    -11329655.9459 3729158.55932
    -11329655.9459 3728964.70544
    -11329655.1666 3728545.46284
    -11329653.3855 3727966.03402
    -11329652.495 3727642.75958
    -11329650.8252 3727171.21317
    -11329650.0459 3726990.4782
    -11329648.3762 3726288.63434
    -11329648.2648 3726234.7185
    -11329647.7082 3726081.08584
    -11329647.5969 3726061.19487
    -11329647.5969 3726041.30393
    -11329647.0403 3725870.66197
    -11329646.929 3725827.21671
    -11329646.8177 3725783.77159
    -11329644.9253 3725211.93325
    -11329644.0347 3725042.08806
    -11329640.6951 3723758.77379
    -11329638.1348 3723052.40696
    -11329637.2442 3722568.21814
    -11329636.465 3721817.83557
    -11329635.5744 3721120.21499
    -11329635.5744 3721099.28568
    -11329634.7952 3720350.69427
    -11329633.9046 3719911.99902
    -11329633.348 3719728.23306
    -11329633.0141 3719641.25583
    -11329633.0141 3719542.24642
    -11329633.0141 3719297.79996
    -11329633.0141 3719126.59882
    -11329632.2348 3718770.20998
    -11329632.1235 3718594.70049
    -11329631.3443 3718511.26245
    -11329631.3443 3718272.8525
    -11329631.3443 3718270.76005
    -11329630.4537 3717824.81661
    -11329630.4537 3717670.63646
    -11329630.4537 3717627.35128
    -11330281.8954 3717627.48205
    -11330345.5701 3717627.61283
    -11330371.9528 3717627.61283
    -11330411.8052 3717627.48205
    -11330793.1858 3717628.00514
    -11330805.8762 3717628.00514
    -11330825.4685 3717628.00514
    -11331289.1141 3717628.13591
    -11331307.8158 3717628.13591
    -11331332.4174 3717628.26668
    -11331534.5736 3717628.00514
    -11331550.7149 3717628.13591
    -11331893.8016 3717628.00514
    -11331954.1368 3717628.00514
    -11331993.0986 3717628.13591
    -11332070.7996 3717628.39745
    -11332075.5863 3717628.39745
    -11332084.9372 3717628.26668
    -11332535.8924 3717628.39745
    -11333152.4911 3717628.52822
    -11333156.6099 3717628.65899
    -11333160.3948 3717628.78976
    -11333172.6399 3717628.65899
    -11333520.2907 3717628.78976
    -11333707.9753 3717628.65899
    -11333726.677 3717628.65899
    -11333735.9165 3717628.65899
    -11333851.4662 3717628.78976
    -11333869.2773 3717628.65899
    -11333874.9546 3717628.65899
    -11334006.0889 3717628.78976
    -11334014.5492 3717628.78976
    -11334040.0414 3717628.92053
    -11334244.7579 3717628.78976
    -11334508.8078 3717628.78976
    -11334801.0214 3717628.92053
    -11335200.2131 3717628.78976
    -11335201.1037 3717628.78976
    -11335447.3424 3717631.01286
    -11335462.5932 3717630.88209
    -11335490.6457 3717631.01286
    -11335538.1791 3717631.01286
    -11335627.346 3717631.2744
    -11335675.9926 3717631.2744
    -11335707.0508 3717631.40517
    -11335726.7543 3717631.40517
    -11335730.2052 3717631.40517
    -11336406.1372 3717632.05903
    -11336482.6137 3717631.92826
    -11337405.6749 3717633.10519
    -11337420.2577 3717633.10519
    -11337456.7705 3717633.23597
    -11337860.1924 3717633.75905
    -11337861.8621 3717633.49751
    -11337864.0885 3717633.49751
    -11338446.1782 3717634.28213
    -11338514.9736 3717634.4129
    -11338708.6695 3717634.4129
    -11339429.6859 3717634.93598
    -11339447.497 3717635.19753
    -11339448.8328 3717635.19753
    -11339459.4082 3717634.93598
    -11339649.9871 3717634.93598
    -11339661.5644 3717634.93598
    -11339667.4643 3717634.80522
    -11340697.5035 3717633.23597
    -11340699.396 3717633.23597
    -11340705.2959 3717633.49751
    -11340828.0813 3717633.23597
    -11340832.7567 3717633.23597
    -11340837.8774 3717633.36674
    -11341372.8789 3717632.58211
    -11341782.312 3717634.28213
    -11342537.2808 3717637.42063
    -11342573.7936 3717637.28986
    -11343417.15 3717637.81294
    -11344420.1386 3717642.25915
    -11345388.3956 3717646.18228
    -11345426.5781 3717646.70536
    -11345437.5988 3717646.70536
    -11345627.0645 3717647.09767
    -11345650.7756 3717647.09767
    -11346219.8408 3717649.19001
    -11346433.9082 3717649.84386
    -11346880.6333 3717651.28234
    -11347422.4253 3717653.37468
    -11349386.8803 3717655.85933
    -11349630.67 3717656.25164
    -11350457.8852 3717657.29781
    -11350496.9583 3717657.55935
    -11350510.5393 3717657.55935
    -11351456.6436 3717658.73629
    -11351506.7374 3717658.86706
    -11353230.8537 3717660.56708
    -11353404.9574 3717660.69785
    -11353423.659 3717660.69785
    -11353425.3288 3717660.69785
    -11353471.1925 3717661.09017
    -11355372.752 3717667.36718
    -11355470.4905 3717667.36718
    -11356706.1369 3717666.58255
    -11356709.3651 3717666.58255
    -11356810.6659 3717666.84409
    -11356850.5182 3717666.71332
    -11356915.3062 3717666.84409
    -11356930.4456 3717666.84409
    -11357027.1823 3717666.58255
    -11357231.8988 3717668.02103
    -11357321.845 3717666.05947
    -11357352.4578 3717666.32101
    -11357385.631 3717666.45178
    -11358086.4986 3717665.92869
    -11358135.4791 3717665.92869
    -11358194.1445 3717665.79792
    -11358220.5272 3717665.79792
    -11359039.1708 3717665.27484
    -11359355.0955 3717665.14407
    -11359393.3894 3717664.88253
    -11361424.3022 3717663.1825
    -11361441.334 3717663.1825
    -11361444.451 3717663.1825
    -11361489.4241 3717663.1825
    -11361510.5748 3717663.1825
    -11361511.688 3717663.1825
    -11361514.9162 3717663.31327
    -11361536.1783 3717663.31327
    -11363329.3126 3717662.79019
    -11363340.8898 3717662.79019
    -11363352.2444 3717662.79019
    -11363401.225 3717662.92096
    -11363864.0914 3717662.65942
    -11364531.6744 3717662.65942
    -11365178.6633 3717662.13633
    -11365194.916 3717662.13633
    -11365265.3812 3717661.87479
    -11365267.051 3717661.87479
    -11365340.1879 3717662.13633
    -11366916.2492 3717660.95939
    -11366951.2036 3717660.95939
    -11367015.7689 3717661.09017
    -11367019.7764 3717661.09017
    -11367302.0826 3717660.82862
    -11367956.8638 3717663.44404
    -11369001.8199 3717667.62872
    -11369006.6066 3717667.62872
    -11369012.5066 3717667.75949
    -11369018.9631 3717667.75949
    -11369252.0661 3717668.54412
    -11369268.2074 3717668.41335
    -11369270.6565 3717668.41335
    -11369297.0392 3717668.41335
    -11369499.9746 3717668.67489
    -11369982.4333 3717668.02103
    -11370449.4186 3717667.36718
    -11370461.4411 3717667.36718
    -11370475.8013 3717667.49795
    -11370489.0483 3717667.49795
    -11370821.5596 3717667.10563
    -11370869.093 3717667.23641
    -11370952.36 3717667.10563
    -11371258.0433 3717666.84409
    -11371457.9731 3717666.58255
    -11371463.6504 3717666.58255
    -11371512.8537 3717666.19024
    -11371536.676 3717666.19024
    -11372453.0581 3717665.14407
    -11372697.627 3717665.0133
    -11373219.1588 3717664.49021
    -11373597.979 3717664.22867
    -11373604.6582 3717664.22867
    -11373611.56 3717664.0979
    -11374800.4522 3717662.92096
    -11374805.5729 3717663.05173
    -11374810.4709 3717663.05173
    -11375208.9947 3717662.92096
    -11375225.136 3717662.13633
    -11377164.9895 3717662.13633
    -11377184.4704 3717662.13633
    -11377186.9194 3717662.13633
    -11377203.1721 3717662.00556
    -11377213.3021 3717662.00556
    -11377778.1372 3717661.74402
    -11379198.24 3717660.69785
    -11379213.4907 3717660.82862
    -11379783.3352 3717660.69785
    -11381194.8664 3717659.52091
    -11383141.5103 3717646.0515
    -11383154.2007 3717645.78996
    -11384747.5166 3717634.67444
    -11384879.2076 3717633.49751
    -11385144.9272 3717631.92826
    -11386575.16 3717621.72815
    -11386576.0506 3719163.74233
    -11386576.9411 3720142.46246
    -11386576.9411 3720635.44918
    -11386576.9411 3720647.87548
    -11386576.9411 3720774.62443
    -11386577.7203 3721118.25286
    -11386577.7203 3721292.75233
    -11386577.7203 3721373.85489
    -11386577.7203 3721750.46563
    -11386577.7203 3721768.77975
    -11386577.7203 3721777.28274
    -11386577.7203 3721784.08514
    -11386577.7203 3722105.63373
    -11386577.7203 3722388.075
    -11386578.2769 3722448.51488
    -11386578.6109 3722489.06995
    -11386578.6109 3722555.65906
    -11386578.6109 3722830.7845
    -11386578.6109 3722961.74274
    -11386578.6109 3722984.2452
    -11386578.6109 3723062.08832
    -11386578.6109 3723081.58189
    -11386578.6109 3723099.50553
    -11386582.841 3724667.59958
    -11386583.7316 3725064.46352
    -11386584.5108 3725232.60794
    -11386586.2919 3725806.67186
    -11386586.4033 3726017.4872
    -11386589.5202 3727056.1759
    -11386595.5315 3729062.35191
    -11386592.0806 3730097.24339
    -11386588.6297 3731006.54426
    -11386582.7297 3733009.96985
    -11386577.7203 3734960.68885
    -11386577.609 3734975.35611
    -11386574.3808 3736700.58623
    -11386573.4902 3736970.00783
    -11386574.3808 3737407.35591
    -11386575.16 3738955.94925
    -11386577.7203 3740926.49401
    -11386578.6109 3741657.88219
    -11386580.2807 3742925.53431
    -11386580.726 3743130.61974
    -11386582.841 3743908.7966
    -11386584.5108 3744496.85267
    -11386585.2901 3744696.72224
    -11386585.4014 3744696.8533
    -11386585.4014 3744905.24542
    -11386584.6222 3746718.27745
    -11386584.9561 3746740.69301
    -11386584.6222 3746773.2022
END
END
