48321 Matagorda County
1
    -10690972.8352 3389214.71946
    -10690970.0522 3389216.37578
    -10690964.8202 3389219.56101
    -10690937.9922 3389236.12421
    -10690896.5814 3389261.60611
    -10690855.1705 3389287.08806
    -10690727.9324 3389365.44535
    -10690600.6942 3389443.80311
    -10690561.7324 3389467.75648
    -10690522.7705 3389491.58247
    -10690492.3803 3389509.92979
    -10690291.8939 3389630.84435
    -10690060.572 3389770.36254
    -10689269.981 3390263.21129
    -10687831.0652 3391160.65643
    -10687643.6032 3391280.31193
    -10687146.673 3391597.48712
    -10687015.0934 3391679.42635
    -10686697.1649 3391878.09608
    -10686484.4334 3391995.84659
    -10686482.4296 3391997.24838
    -10686481.5391 3391997.50326
    -10684939.5415 3392982.87704
    -10684911.0437 3393001.1018
    -10684689.1839 3393142.69503
    -10684436.4887 3393304.04436
    -10684422.5738 3393312.83834
    -10684401.9797 3393326.09304
    -10682796.7526 3394351.97125
    -10682669.0691 3394484.52939
    -10680286.9434 3396955.70994
    -10679290.7452 3397989.2673
    -10679177.8673 3398106.43531
    -10678387.9442 3398926.25819
    -10677871.4217 3399462.29458
    -10677471.3395 3399877.47012
    -10677466.2188 3399882.82567
    -10677461.0981 3399888.0537
    -10677452.3038 3399897.10713
    -10676961.0509 3400406.78705
    -10676953.5925 3400414.56565
    -10676907.9515 3400461.87498
    -10675453.785 3401975.48131
    -10675444.8795 3401986.19412
    -10675434.5268 3401997.28954
    -10675426.6231 3402007.10963
    -10675197.9728 3402249.55346
    -10675060.1593 3402397.87876
    -10675050.2519 3402408.08177
    -10674985.2413 3402474.52904
    -10674832.0657 3402633.31515
    -10674817.7055 3402648.23732
    -10674556.1047 3402912.12017
    -10674533.5068 3402936.0982
    -10674118.8417 3403365.79687
    -10673961.3246 3403530.3335
    -10673941.8437 3403550.48619
    -10673834.0864 3403661.83675
    -10673792.0077 3403711.07109
    -10673781.321 3403723.57103
    -10673772.0815 3403738.87709
    -10673768.4079 3403750.86685
    -10673768.1853 3403752.39746
    -10673767.6287 3403756.35154
    -10673447.0286 3404089.51843
    -10672781.7833 3404762.12818
    -10672647.9773 3404914.56399
    -10671899.131 3404193.9856
    -10671273.9608 3403574.84803
    -10671011.4694 3403301.51336
    -10671009.0204 3403301.00317
    -10671000.6714 3403298.19716
    -10670995.8847 3403295.26359
    -10670769.1269 3403074.3553
    -10670578.6592 3402888.77991
    -10670491.3848 3402804.21963
    -10670043.2125 3402370.07561
    -10670041.0974 3402368.03501
    -10669843.6166 3402176.73056
    -10669767.0288 3402101.99505
    -10669408.6914 3401752.17223
    -10669379.5257 3401722.58501
    -10669863.5428 3401242.69491
    -10669872.4484 3401233.76808
    -10669886.8086 3401219.35763
    -10669909.9631 3401196.53049
    -10670412.9045 3400700.08197
    -10670458.4342 3400655.06715
    -10670472.4605 3400641.16742
    -10670532.239 3400582.12561
    -10670570.0876 3400544.76236
    -10670578.4366 3400536.60112
    -10670580.2177 3400534.81585
    -10670588.9006 3400526.27205
    -10670613.3909 3400502.04341
    -10670627.3059 3400488.39889
    -10670774.1363 3400341.62546
    -10670784.489 3400331.29655
    -10670785.6022 3400330.14889
    -10670795.1757 3400320.58509
    -10670800.519 3400315.22937
    -10670816.3264 3400299.54476
    -10670838.2563 3400277.61185
    -10670838.7016 3400277.10178
    -10670842.0412 3400273.78634
    -10670517.4335 3399958.31358
    -10670498.9545 3399939.44156
    -10670492.8319 3399933.1934
    -10670487.8225 3399928.09286
    -10670484.0377 3399924.26745
    -10670482.7018 3399922.86481
    -10670481.9226 3399921.97221
    -10670481.0321 3399921.07962
    -10670457.4323 3399896.97962
    -10670315.5 3399751.99799
    -10670301.919 3399738.09922
    -10670298.802 3399734.91143
    -10669203.5296 3398656.33571
    -10669077.9612 3398531.64029
    -10669065.1594 3398518.89032
    -10669056.1426 3398510.22034
    -10668875.3597 3398331.9771
    -10668678.6582 3398137.92678
    -10668712.9446 3398101.71797
    -10668891.501 3397915.32068
    -10669040.1126 3397760.28913
    -10669050.02 3397749.96225
    -10669034.4353 3397735.17317
    -10668959.1833 3397687.61871
    -10668892.169 3397670.02489
    -10668870.573 3397667.98502
    -10668838.513 3397676.39946
    -10668823.1509 3397669.38743
    -10668806.453 3397658.16819
    -10668794.5418 3397641.33935
    -10668788.9758 3397620.30333
    -10668788.3079 3397602.83708
    -10668788.9758 3397587.4107
    -10668798.7719 3397568.54211
    -10668809.2359 3397557.32295
    -10668821.0358 3397547.5062
    -10668857.326 3397525.70539
    -10668871.9088 3397514.48627
    -10668895.6199 3397485.03614
    -10668901.1858 3397470.37484
    -10668908.199 3397433.14797
    -10668902.633 3397366.59882
    -10668892.169 3397327.33243
    -10668891.3897 3397296.60783
    -10668879.5899 3397270.60035
    -10668858.6618 3397244.72041
    -10668808.4567 3397173.20024
    -10668806.3416 3397159.94164
    -10668809.7925 3397148.72284
    -10668818.1415 3397136.1017
    -10668822.3716 3397120.67587
    -10668829.2734 3397102.44538
    -10668841.1846 3397084.97982
    -10668862.7806 3397068.15172
    -10668889.9426 3397056.93299
    -10668924.1177 3397056.16808
    -10669000.1489 3397066.62189
    -10669060.818 3397078.60554
    -10669098.444 3397101.68046
    -10669118.7041 3397117.10627
    -10669131.1719 3397131.76717
    -10669151.4321 3397150.76262
    -10669171.6922 3397162.61886
    -10669206.5352 3397177.27981
    -10669217.6672 3397178.04473
    -10669289.4682 3397126.79521
    -10669316.6302 3397099.5132
    -10669375.1842 3397029.39616
    -10669413.4781 3397003.5167
    -10669437.9684 3396989.49336
    -10669495.0753 3396979.67704
    -10669526.4674 3396982.4817
    -10669557.8595 3396995.74012
    -10669580.1234 3396999.94712
    -10669595.4855 3396999.94712
    -10669625.4304 3396978.91213
    -10669633.1115 3396966.29115
    -10669640.1246 3396947.29597
    -10669638.6775 3396927.02597
    -10669628.8813 3396886.35857
    -10669618.4173 3396875.14
    -10669600.2722 3396838.04231
    -10669587.8045 3396817.00758
    -10669587.8045 3396788.96132
    -10669589.8082 3396767.92667
    -10669610.0684 3396734.2713
    -10669644.9114 3396717.44364
    -10669662.2772 3396711.83443
    -10669681.2015 3396709.02982
    -10669700.0145 3396713.23673
    -10669722.9463 3396723.05286
    -10669733.4104 3396724.45516
    -10669741.8706 3396723.81775
    -10669759.2365 3396716.80623
    -10669785.0626 3396718.08105
    -10669793.4116 3396716.80623
    -10669805.9907 3396705.58781
    -10669812.8925 3396696.40911
    -10669851.2977 3396663.51881
    -10669854.0807 3396651.53554
    -10669856.8637 3396623.48964
    -10669856.0844 3396584.99037
    -10669845.6204 3396565.35833
    -10669833.0413 3396545.08892
    -10669778.7174 3396498.81359
    -10669766.8062 3396479.18169
    -10669759.1252 3396454.70558
    -10669755.6742 3396429.46465
    -10669765.359 3396371.97159
    -10669763.244 3396325.69688
    -10669758.4572 3396286.43361
    -10669739.5329 3396211.4768
    -10669717.1577 3396070.74271
    -10669725.618 3396053.15105
    -10669736.7499 3396037.08913
    -10669765.2477 3396015.29083
    -10669799.4228 3396014.65345
    -10669825.2489 3396024.34158
    -10669851.0751 3396041.16834
    -10669887.2539 3396074.82193
    -10669901.9481 3396081.19573
    -10669934.5647 3396065.89863
    -10669967.5152 3396050.34659
    -10669986.9962 3396034.15719
    -10669993.898 3396018.09529
    -10669991.115 3395903.11304
    -10669984.8811 3395870.22474
    -10669974.3057 3395826.75621
    -10669957.6078 3395768.62844
    -10669960.3908 3395720.95366
    -10669968.7398 3395686.66362
    -10669979.2038 3395674.04389
    -10669999.3526 3395656.45277
    -10670014.7147 3395646.63744
    -10670027.9617 3395634.01775
    -10670027.9617 3395578.69519
    -10670000.7998 3395530.38375
    -10669921.9856 3395475.69899
    -10669896.1594 3395432.23177
    -10669882.2445 3395412.72893
    -10669868.2183 3395386.08785
    -10669863.3202 3395360.84898
    -10669866.8824 3395340.45396
    -10669874.4521 3395318.01949
    -10669896.0481 3395290.74125
    -10669916.3083 3395273.27811
    -10669933.7854 3395262.06093
    -10669949.0362 3395247.27465
    -10669962.2832 3395228.40943
    -10669974.8623 3395206.61248
    -10669994.3432 3395178.56967
    -10670029.1862 3395134.46611
    -10670041.7653 3395121.84691
    -10670045.2162 3395113.43412
    -10670046.5521 3395063.72227
    -10670049.7803 3395029.94381
    -10670050.7822 3395019.49162
    -10670051.4501 3394990.81189
    -10670042.3219 3394959.328
    -10670022.841 3394931.28572
    -10670004.696 3394901.8414
    -10669962.1719 3394869.59293
    -10669946.8098 3394843.71773
    -10669948.257 3394818.4799
    -10669946.8098 3394805.86101
    -10669932.8949 3394782.79013
    -10669919.6479 3394771.57336
    -10669912.6347 3394758.18974
    -10669896.6047 3394718.29386
    -10669895.1576 3394696.62522
    -10669886.8086 3394667.81873
    -10669876.3446 3394660.171
    -10669860.3146 3394657.36684
    -10669851.2977 3394654.56267
    -10669841.5016 3394647.55226
    -10669824.8037 3394613.90234
    -10669798.9775 3394582.41935
    -10669781.5004 3394549.53436
    -10669765.4704 3394525.69917
    -10669758.4572 3394471.0186
    -10669747.3253 3394428.95678
    -10669755.0063 3394383.45369
    -10669768.2534 3394351.20649
    -10669773.8193 3394328.13641
    -10669772.3722 3394301.49754
    -10669757.0101 3394271.28988
    -10669716.6011 3394253.19081
    -10669661.498 3394218.13986
    -10669593.927 3394197.10934
    -10669568.7688 3394191.50121
    -10669520.0109 3394173.27479
    -10669499.0828 3394170.47073
    -10669481.0491 3394171.23547
    -10669451.772 3394169.19616
    -10669413.3668 3394162.18601
    -10669388.9878 3394143.95963
    -10669379.1917 3394127.77259
    -10669337.3356 3394073.22114
    -10669306.7227 3394029.75858
    -10669289.9135 3394009.49309
    -10669276.6665 3393996.11024
    -10669261.3044 3393952.64794
    -10669261.3044 3393922.56854
    -10669271.1005 3393888.92048
    -10669267.6496 3393842.65454
    -10669261.9723 3393815.37938
    -10669248.0574 3393793.71224
    -10669227.1293 3393778.92762
    -10669206.9805 3393769.87842
    -10669183.9373 3393768.47644
    -10669163.0093 3393769.87842
    -10669137.2945 3393777.52563
    -10669067.4972 3393802.88891
    -10669023.6373 3393815.50684
    -10668953.9513 3393821.75208
    -10668928.1252 3393822.5168
    -10668913.5423 3393821.75208
    -10668898.8481 3393814.10484
    -10668880.0351 3393797.91821
    -10668863.3372 3393780.45706
    -10668846.6393 3393765.03519
    -10668838.9582 3393750.37806
    -10668836.1753 3393726.54432
    -10668837.5111 3393686.52413
    -10668844.5242 3393658.61204
    -10668861.8901 3393613.74888
    -10668867.456 3393594.1213
    -10668868.7919 3393566.7192
    -10668865.341 3393543.01325
    -10668861.8901 3393500.18971
    -10668857.6599 3393486.17012
    -10668840.962 3393444.87617
    -10668824.1528 3393396.5726
    -10668812.3529 3393376.94534
    -10668806.7869 3393362.16119
    -10668803.2247 3393342.66144
    -10668786.5268 3393314.62262
    -10668784.4117 3393252.17276
    -10668781.6287 3393232.67316
    -10668768.3817 3393207.43844
    -10668753.6875 3393185.00762
    -10668742.5556 3393161.81215
    -10668725.1897 3393142.94992
    -10668703.5937 3393104.46088
    -10668691.0146 3393089.03981
    -10668672.8696 3393070.81493
    -10668671.4224 3393021.74806
    -10668672.8696 3393002.88604
    -10668680.5506 3392965.67187
    -10668682.5544 3392950.25096
    -10668681.8864 3392935.59473
    -10668676.3205 3392916.73284
    -10668663.0734 3392888.69494
    -10668655.3924 3392877.47979
    -10668645.5963 3392852.24575
    -10668620.5494 3392735.25221
    -10668610.7533 3392656.74732
    -10668624.0003 3392600.03548
    -10668629.5663 3392570.5964
    -10668629.5663 3392524.33511
    -10668628.1191 3392485.84789
    -10668628.787 3392459.9774
    -10668634.353 3392416.52019
    -10668631.57 3392361.84843
    -10668613.425 3392279.26773
    -10668596.727 3392252.63302
    -10668588.3781 3392219.62644
    -10668586.263 3392191.59003
    -10668593.944 3392161.51468
    -10668637.8039 3392112.45122
    -10668655.1698 3392091.42407
    -10668674.762 3392057.78072
    -10668693.575 3392029.10747
    -10668708.1578 3391958.3804
    -10668719.2898 3391928.17814
    -10668729.0859 3391881.28195
    -10668744.3367 3391842.03201
    -10668747.5649 3391835.0231
    -10668754.1328 3391821.0053
    -10668768.7156 3391796.53791
    -10668780.0702 3391767.61036
    -10668800.7757 3391715.23511
    -10668814.6906 3391690.76791
    -10668830.7206 3391665.53615
    -10668846.0827 3391634.69741
    -10668860.6655 3391593.40929
    -10668875.2484 3391565.37422
    -10668915.7687 3391503.06011
    -10668940.8156 3391469.41827
    -10668951.9475 3391436.5411
    -10668955.5097 3391388.1175
    -10668967.3096 3391325.16709
    -10668965.1945 3391283.11537
    -10668961.7436 3391265.65758
    -10668946.3816 3391235.45692
    -10668938.7005 3391225.00776
    -10668912.8744 3391194.80719
    -10668907.3084 3391182.95636
    -10668905.1933 3391165.4987
    -10668905.8613 3391140.90509
    -10668910.0914 3391114.27269
    -10668932.3553 3391033.10156
    -10668934.4704 3390997.29467
    -10668940.0363 3390970.66256
    -10668944.8231 3390938.42377
    -10668957.4022 3390914.72257
    -10668974.768 3390896.50071
    -10668990.1301 3390875.47552
    -10669004.8243 3390859.29252
    -10669015.9562 3390843.87409
    -10669021.5222 3390833.42524
    -10669027.0882 3390818.64396
    -10669029.0919 3390803.99013
    -10669031.207 3390754.29463
    -10669029.0919 3390711.48019
    -10669024.8618 3390684.84867
    -10669023.526 3390667.39167
    -10669024.1939 3390639.99569
    -10669027.6448 3390614.89339
    -10669035.9937 3390591.06535
    -10669043.0069 3390581.89093
    -10669068.7217 3390556.78874
    -10669069.8349 3390555.89678
    -10669092.4327 3390548.25145
    -10669108.4627 3390535.63667
    -10669121.0418 3390520.21862
    -10669130.7266 3390503.39895
    -10669131.5059 3390494.35201
    -10669127.6097 3390484.54055
    -10669118.9268 3390462.87892
    -10669107.7948 3390443.89316
    -10669089.6497 3390427.83811
    -10669058.2576 3390404.64752
    -10669027.6448 3390382.98601
    -10668992.8018 3390361.96165
    -10668975.3246 3390345.14218
    -10668951.5022 3390315.963
    -10668949.4985 3390303.85812
    -10668946.0476 3390283.5984
    -10668949.4985 3390251.36129
    -10668959.9625 3390227.53392
    -10668972.5416 3390210.07753
    -10668983.6736 3390197.46307
    -10668984.5641 3390197.08082
    -10669000.3715 3390190.45505
    -10669028.9806 3390191.09214
    -10669060.7067 3390194.2776
    -10669071.3933 3390195.29696
    -10669077.4046 3390193.76793
    -10669085.4196 3390191.72923
    -10669088.3139 3390189.94537
    -10669111.8023 3390175.67449
    -10669120.9305 3390166.50036
    -10669129.9474 3390153.24886
    -10669140.0775 3390129.42166
    -10669155.7735 3390092.34307
    -10669162.6753 3390081.7674
    -10669198.9655 3390062.90961
    -10669220.5615 3390050.2953
    -10669254.6252 3390018.69585
    -10669261.6384 3390008.24767
    -10669268.5402 3389994.8689
    -10669272.7703 3389976.64832
    -10669272.7703 3389961.99543
    -10669265.7572 3389922.75123
    -10669257.4082 3389811.39009
    -10669258.0761 3389779.15415
    -10669267.093 3389749.08433
    -10669282.4551 3389710.47784
    -10669299.153 3389678.24214
    -10669317.1868 3389646.77101
    -10669382.754 3389555.67078
    -10669427.9497 3389505.98001
    -10669505.3167 3389435.13914
    -10669526.9127 3389414.1163
    -10669550.5124 3389388.25187
    -10669562.4236 3389373.59963
    -10669567.9896 3389360.22152
    -10669570.1047 3389345.56931
    -10669570.1047 3389326.58517
    -10669565.2066 3389306.96401
    -10669554.7426 3389292.94891
    -10669540.8276 3389278.29678
    -10669519.8996 3389262.88021
    -10669466.9115 3389246.8266
    -10669429.2855 3389241.85764
    -10669390.9916 3389246.8266
    -10669357.4844 3389255.23563
    -10669319.8584 3389266.44768
    -10669311.5095 3389270.6522
    -10669287.7984 3389274.21967
    -10669274.5514 3389274.85672
    -10669259.9686 3389267.84918
    -10669248.1687 3389259.44015
    -10669216.7766 3389216.75801
    -10669215.9974 3389183.88648
    -10669249.5045 3389121.5837
    -10669257.8535 3389074.57014
    -10669250.1724 3389036.73008
    -10669204.7541 3388922.70094
    -10669183.1581 3388873.6496
    -10669181.8223 3388821.79552
    -10669191.5071 3388734.26835
    -10669185.9411 3388713.24663
    -10669178.2601 3388692.22494
    -10669144.7529 3388663.55905
    -10669123.9361 3388648.1432
    -10669098.7779 3388634.12881
    -10669055.586 3388605.46305
    -10669017.96 3388574.63151
    -10668974.768 3388528.38432
    -10668967.087 3388515.13447
    -10668960.7418 3388487.74299
    -10668960.0739 3388464.04623
    -10668965.6398 3388447.8662
    -10668976.7718 3388437.41927
    -10668988.2377 3388432.96021
    -10668994.9169 3388430.28478
    -10669001.93 3388427.60935
    -10669065.9387 3388420.60227
    -10669086.1988 3388409.39094
    -10669097.3308 3388398.81664
    -10669101.4496 3388386.96833
    -10669105.6797 3388369.38699
    -10669103.5647 3388347.72885
    -10669092.4327 3388324.54194
    -10669070.8367 3388264.40904
    -10669060.3727 3388248.99365
    -10669052.6917 3388242.62367
    -10669026.8655 3388204.14901
    -10668987.2358 3388190.13509
    -10668966.9757 3388185.93092
    -10668932.8006 3388176.88558
    -10668894.284 3388162.6169
    -10668887.0483 3388159.94152
    -10668886.269 3388159.68672
    -10668885.4898 3388159.43192
    -10668884.4879 3388159.04973
    -10668881.8162 3388158.03053
    -10668858.9958 3388149.62221
    -10668831.0546 3388134.84396
    -10668795.5436 3388113.95059
    -10668774.6156 3388092.92987
    -10668753.6875 3388073.94754
    -10668744.0027 3388052.28989
    -10668736.3217 3388039.04052
    -10668726.5256 3387986.42536
    -10668725.1897 3387942.346
    -10668726.5256 3387918.52282
    -10668723.7426 3387864.63418
    -10668718.8445 3387844.25083
    -10668711.8314 3387804.376
    -10668695.8014 3387753.9275
    -10668684.0015 3387736.4744
    -10668659.6225 3387706.40926
    -10668618.4343 3387641.94781
    -10668562.6633 3387571.2444
    -10668527.8203 3387532.77171
    -10668465.1474 3387469.07546
    -10668442.8835 3387455.06232
    -10668433.7553 3387450.85839
    -10668416.3895 3387448.69272
    -10668392.6784 3387450.85839
    -10668357.8354 3387466.27283
    -10668340.4696 3387479.52162
    -10668322.3245 3387500.54137
    -10668302.1757 3387529.33211
    -10668285.3664 3387560.79816
    -10668258.9837 3387593.66562
    -10668240.1707 3387614.68554
    -10668231.0425 3387622.45656
    -10668218.5747 3387628.06188
    -10668208.1107 3387630.10018
    -10668192.0807 3387624.49486
    -10668173.9356 3387612.01028
    -10668143.9907 3387576.97709
    -10668103.5817 3387525.12814
    -10668083.3215 3387502.07008
    -10668076.4197 3387492.26086
    -10668063.8406 3387478.88466
    -10668022.7637 3387455.18972
    -10667988.5887 3387443.97922
    -10667978.1246 3387438.37398
    -10667969.1077 3387428.5648
    -10667967.6606 3387415.18867
    -10667971.1115 3387392.76776
    -10667973.2266 3387345.88779
    -10667966.9927 3387322.83004
    -10667942.6137 3387275.82292
    -10667922.3536 3387247.16014
    -10667902.8726 3387222.70127
    -10667888.1785 3387212.89226
    -10667852.6676 3387193.27426
    -10667838.7526 3387182.82832
    -10667826.9528 3387168.8155
    -10667817.8246 3387161.04475
    -10667808.8077 3387149.83451
    -10667782.9816 3387109.19745
    -10667750.9215 3387085.50317
    -10667741.2367 3387077.09554
    -10667735.3368 3387073.1465
    -10667722.4238 3387064.48409
    -10667707.7296 3387041.42684
    -10667702.8315 3387033.65617
    -10667684.7978 3387012.63717
    -10667670.1036 3386984.61189
    -10667658.9716 3386978.36991
    -10667648.5076 3386967.79676
    -10667640.1586 3386968.56108
    -10667631.8097 3386981.17243
    -10667620.6777 3386989.58001
    -10667606.7628 3387025.24857
    -10667596.9667 3387037.22303
    -10667569.8047 3387063.08282
    -10667533.6259 3387075.69426
    -10667502.9017 3387067.28663
    -10667463.1607 3387062.44588
    -10667414.4027 3387063.84715
    -10667385.9049 3387065.88536
    -10667351.0619 3387077.09554
    -10667327.3509 3387091.10827
    -10667305.7549 3387105.88534
    -10667289.057 3387125.50321
    -10667271.6911 3387138.11472
    -10667248.648 3387144.35678
    -10667222.154 3387146.52239
    -10666976.9171 3387180.15315
    -10666870.3844 3387192.7647
    -10666831.3112 3387187.79651
    -10666767.9704 3387168.94288
    -10666713.6465 3387161.29953
    -10666656.4283 3387173.14673
    -10666633.4965 3387173.91107
    -10666611.2326 3387168.30594
    -10666588.8574 3387155.69441
    -10666542.8824 3387120.02549
    -10666503.9206 3387094.80253
    -10666444.6986 3387078.6242
    -10666423.1027 3387067.41402
    -10666406.4047 3387054.16565
    -10666384.0295 3387040.15295
    -10666378.0183 3387040.66251
    -10666372.7862 3387041.17206
    -10666363.8807 3387042.06378
    -10666361.0977 3387042.31855
    -10666321.3566 3387054.92998
    -10666282.3948 3387075.18471
    -10666243.3217 3387084.99362
    -10666227.2917 3387083.59234
    -10666200.1297 3387066.77708
    -10666174.3036 3387066.14014
    -10666154.1548 3387080.7898
    -10666139.5719 3387085.75795
    -10666123.5419 3387087.79617
    -10666058.754 3387086.39489
    -10666034.375 3387091.36304
    -10666012.779 3387104.61146
    -10665980.719 3387110.21656
    -10665924.9479 3387103.97451
    -10665883.871 3387097.60508
    -10665731.252 3387087.79617
    -10665704.758 3387082.9554
    -10665688.8393 3387084.35668
    -10665663.6811 3387091.36304
    -10665633.7361 3387101.80891
    -10665587.0933 3387122.1911
    -10665546.6843 3387145.2485
    -10665453.2873 3387206.14061
    -10665438.7044 3387221.55476
    -10665420.5593 3387248.17925
    -10665400.4105 3387264.99475
    -10665382.9333 3387268.56168
    -10665360.6694 3387269.19863
    -10665331.3924 3387262.19217
    -10665295.8815 3387255.95005
    -10665283.9703 3387246.14102
    -10665276.4006 3387227.15991
    -10665274.9534 3387219.51653
    -10665259.5913 3387197.73289
    -10665254.0254 3387195.05771
    -10665240.7783 3387193.52904
    -10665223.4125 3387198.49723
    -10665203.9316 3387200.66285
    -10665192.0204 3387195.05771
    -10665152.3907 3387166.26771
    -10665132.7984 3387168.43333
    -10665120.3307 3387171.87284
    -10665108.4195 3387173.27412
    -10665091.0536 3387178.2423
    -10665077.8066 3387175.43974
    -10665064.5596 3387174.6754
    -10665052.7597 3387158.62436
    -10665047.1937 3387113.01911
    -10665038.7335 3387091.36304
    -10665024.1506 3387068.30574
    -10665007.4527 3387046.52236
    -10664977.5077 3387022.06387
    -10664939.1025 3386998.24236
    -10664902.9237 3386965.24901
    -10664884.7786 3386946.3957
    -10664863.9619 3386921.9374
    -10664841.5866 3386898.75301
    -10664827.6717 3386875.69604
    -10664816.5398 3386851.11048
    -10664808.8587 3386826.01543
    -10664803.9607 3386793.78682
    -10664801.9569 3386764.36077
    -10664802.6248 3386739.77542
    -10664798.3947 3386706.27318
    -10664797.7268 3386676.84733
    -10664799.5079 3386660.54212
    -10664803.9607 3386617.99582
    -10664803.2927 3386595.57627
    -10664804.7399 3386578.12471
    -10664802.6248 3386554.30401
    -10664801.1777 3386511.50329
    -10664802.6248 3386448.57629
    -10664801.9569 3386404.37471
    -10664784.4797 3386341.44822
    -10664774.0157 3386325.27082
    -10664761.5479 3386306.41843
    -10664756.6499 3386300.81367
    -10664739.1727 3386289.60416
    -10664721.139 3386279.79585
    -10664709.2278 3386268.58636
    -10664697.4279 3386251.00785
    -10664684.8488 3386214.7045
    -10664673.7169 3386199.92843
    -10664669.598 3386190.12018
    -10664657.0189 3386175.47151
    -10664647.2228 3386167.06446
    -10664638.2059 3386161.45976
    -10664620.0609 3386153.05272
    -10664610.3761 3386153.05272
    -10664583.882 3386149.48609
    -10664565.737 3386143.8814
    -10664555.2729 3386127.83162
    -10664547.5919 3386111.78185
    -10664545.5881 3386094.20356
    -10664562.954 3386022.10733
    -10664575.5331 3385980.07261
    -10664588.0008 3385892.5644
    -10664585.9971 3385862.50349
    -10664570.635 3385830.91413
    -10664551.1541 3385812.06245
    -10664529.5581 3385800.0891
    -10664500.949 3385795.24882
    -10664460.54 3385807.09478
    -10664424.3612 3385821.87041
    -10664356.1223 3385844.92553
    -10664311.4832 3385856.77154
    -10664299.0155 3385858.93694
    -10664253.7084 3385861.73923
    -10664239.0142 3385858.93694
    -10664215.4145 3385850.53009
    -10664203.5033 3385849.76583
    -10664179.7923 3385854.73352
    -10664162.983 3385865.17839
    -10664151.2945 3385870.14608
    -10664132.4815 3385871.54723
    -10664114.3364 3385865.17839
    -10664096.9706 3385856.13466
    -10664081.6085 3385844.92553
    -10664073.9274 3385824.54532
    -10664064.2426 3385727.99449
    -10664064.9106 3385683.92271
    -10664062.7955 3385643.92707
    -10664043.9825 3385592.85
    -10664027.2846 3385568.26685
    -10664010.5867 3385552.98201
    -10663970.1777 3385509.54769
    -10663957.5986 3385490.5691
    -10663943.0157 3385471.71791
    -10663923.5348 3385460.50911
    -10663902.6067 3385445.09702
    -10663893.5899 3385433.12401
    -10663884.4617 3385414.2729
    -10663882.4579 3385399.6251
    -10663872.6618 3385354.7902
    -10663863.6449 3385270.72517
    -10663856.6318 3385241.30253
    -10663856.6318 3385216.84741
    -10663858.7469 3385198.63346
    -10663867.7637 3385159.40351
    -10663869.2109 3385144.756
    -10663867.7637 3385114.56943
    -10663864.3128 3385106.16306
    -10663858.0789 3385100.55881
    -10663847.6149 3385093.55351
    -10663825.351 3385083.74609
    -10663812.104 3385070.49971
    -10663804.423 3385057.8902
    -10663791.8439 3385016.62278
    -10663776.5931 3384990.63965
    -10663758.448 3384978.03021
    -10663739.635 3384973.82707
    -10663731.954 3384968.22288
    -10663712.4731 3384937.39988
    -10663704.1241 3384914.34636
    -10663704.1241 3384892.56656
    -10663702.009 3384875.11726
    -10663697.2223 3384867.47524
    -10663676.2942 3384841.49242
    -10663652.5832 3384824.68002
    -10663639.3361 3384817.67487
    -10663627.5363 3384816.27384
    -10663594.1404 3384815.637
    -10663586.4594 3384814.23597
    -10663574.5482 3384805.82979
    -10663564.1955 3384796.02259
    -10663527.2374 3384741.38258
    -10663515.4376 3384727.37236
    -10663497.2925 3384712.72533
    -10663474.2493 3384700.75298
    -10663444.3044 3384686.7428
    -10663415.8066 3384680.50191
    -10663372.6146 3384666.49175
    -10663339.8867 3384660.12351
    -10663286.8986 3384641.91034
    -10663264.6347 3384630.70224
    -10663250.0519 3384618.09315
    -10663238.9199 3384602.04523
    -10663227.0088 3384576.82711
    -10663215.3202 3384553.77422
    -10663214.3183 3384551.7364
    -10663213.0938 3384549.44385
    -10663190.162 3384523.58902
    -10663172.6848 3384509.57903
    -10663154.6511 3384496.97005
    -10663129.4929 3384484.36108
    -10663104.446 3384469.71432
    -10663017.3942 3384433.92534
    -10662922.6613 3384398.90064
    -10662768.7064 3384317.64369
    -10662740.2086 3384286.18541
    -10662695.5695 3384242.75528
    -10662669.8547 3384224.54268
    -10662654.4926 3384211.93398
    -10662637.1268 3384207.73108
    -10662622.5439 3384206.33012
    -10662577.2369 3384197.16016
    -10662538.943 3384186.71661
    -10662475.4909 3384160.09833
    -10662457.4571 3384143.92361
    -10662421.167 3384108.26288
    -10662406.5841 3384089.41368
    -10662380.8693 3384060.63049
    -10662368.9581 3384050.82384
    -10662357.1583 3384036.17756
    -10662341.7962 3384024.96998
    -10662303.5023 3384006.75769
    -10662278.4554 3383996.95108
    -10662217.8976 3383984.97939
    -10662038.8958 3383945.75307
    -10661952.7345 3383929.3239
    -10661935.814 3383926.13995
    -10661817.37 3383909.32873
    -10661739.3351 3383899.5222
    -10661655.7341 3383886.91381
    -10661570.1295 3383865.13571
    -10661535.2865 3383854.56506
    -10661510.2396 3383850.36228
    -10661480.9625 3383851.12642
    -10661448.9025 3383858.13106
    -10661428.7537 3383874.94221
    -10661398.8088 3383906.39951
    -10661379.9958 3383933.01728
    -10661359.0677 3383968.67753
    -10661328.3435 3384028.15395
    -10661303.9646 3384059.61161
    -10661265.6706 3384093.23446
    -10661252.4236 3384101.00338
    -10661235.0578 3384105.84305
    -10661217.5806 3384107.244
    -10661185.5206 3384105.20625
    -10661151.4568 3384094.63541
    -10661117.2818 3384075.78623
    -10661090.1198 3384032.35679
    -10661081.1029 3384010.57845
    -10661071.3068 3383991.72939
    -10661053.2731 3383908.30987
    -10661021.9923 3383743.12806
    -10661004.6264 3383703.90246
    -10660992.0473 3383667.4788
    -10660963.5495 3383620.61213
    -10660944.0686 3383602.4004
    -10660918.9104 3383582.02367
    -10660859.7998 3383575.01918
    -10660834.6416 3383569.41559
    -10660746.2539 3383532.99229
    -10660630.593 3383467.15044
    -10660581.835 3383446.13716
    -10660542.8732 3383418.88361
    -10660526.8432 3383403.47392
    -10660520.6093 3383392.90365
    -10660515.7112 3383376.85723
    -10660515.7112 3383363.48522
    -10660516.4905 3383343.23622
    -10660523.3923 3383308.85118
    -10660529.0696 3383297.13482
    -10660529.7375 3383295.73395
    -10660538.7544 3383280.96116
    -10660554.1165 3383267.58925
    -10660580.6105 3383259.18406
    -10660604.2102 3383263.38666
    -10660623.0232 3383268.99012
    -10660685.6961 3383275.99445
    -10660755.9387 3383239.18992
    -10660792.5628 3383202.38549
    -10660815.4946 3383161.1239
    -10660811.0418 3383119.60774
    -10660779.0932 3383096.55741
    -10660742.5804 3383096.55741
    -10660669.4435 3383123.93764
    -10660646.623 3383123.81029
    -10660628.3666 3383105.4719
    -10660628.4779 3383054.78676
    -10660642.2815 3383022.69476
    -10660720.0938 3382935.46096
    -10660720.2051 3382880.19195
    -10660706.6242 3382843.38853
    -10660706.7355 3382783.53543
    -10660727.4409 3382726.10219
    -10660738.9068 3382705.47212
    -10660739.1295 3382654.78853
    -10660752.8218 3382627.28193
    -10660807.8136 3382558.38836
    -10660807.9249 3382517.00145
    -10660794.3439 3382480.19904
    -10660794.4552 3382424.93195
    -10660821.9512 3382397.42584
    -10660890.524 3382360.75112
    -10660904.2163 3382360.87846
    -10660963.7722 3382287.40197
    -10661046.0373 3382278.3607
    -10661082.6614 3382250.85489
    -10661132.8665 3382250.98223
    -10661192.0885 3382292.49565
    -10661297.1741 3382297.33464
    -10661304.1872 3382300.77288
    -10661306.6362 3382301.91896
    -10661383.8919 3382338.97554
    -10661415.7293 3382366.60888
    -10661452.2421 3382375.9049
    -10661484.3021 3382376.03224
    -10661530.0544 3382348.52623
    -10661584.8236 3382344.06924
    -10661630.5759 3382316.5633
    -10661694.5846 3382302.93769
    -10661721.9692 3382289.18475
    -10661734.5483 3382274.15842
    -10661742.1181 3382265.11715
    -10661743.7879 3382263.07969
    -10661744.9011 3382261.67893
    -10661745.0124 3382188.07565
    -10661754.2519 3382169.61123
    -10661781.6365 3382151.27417
    -10661804.5683 3382123.76863
    -10661804.6796 3382091.55156
    -10661786.4232 3382059.33458
    -10661786.6459 3382004.06927
    -10661809.5777 3381962.81144
    -10661841.749 3381861.70485
    -10661841.8603 3381788.10382
    -10661828.2794 3381760.4717
    -10661830.5057 3381743.28124
    -10661835.7378 3381742.13521
    -10661836.9623 3381741.88054
    -10661849.9867 3381739.07913
    -10661862.4544 3381745.44596
    -10661879.2637 3381757.28828
    -10661893.1786 3381754.48687
    -10661902.1955 3381742.64456
    -10661893.1786 3381675.41099
    -10661884.1617 3381657.20196
    -10661870.5808 3381643.06769
    -10661863.9016 3381636.19156
    -10661848.6508 3381617.34591
    -10661843.0848 3381603.33902
    -10661835.4038 3381553.67835
    -10661834.2906 3381518.534
    -10661833.9566 3381504.65455
    -10661843.7528 3381462.63429
    -10661876.4807 3381381.3955
    -10661875.8128 3381358.34822
    -10661883.4938 3381318.49308
    -10661898.8559 3381293.28127
    -10661914.1067 3381289.0793
    -10661928.1329 3381289.0793
    -10661944.0516 3381295.31859
    -10661955.2949 3381311.4898
    -10661969.2098 3381326.89703
    -10661981.6776 3381338.73897
    -10661990.6945 3381345.10561
    -10662002.6057 3381345.10561
    -10662016.5206 3381339.50297
    -10662028.3205 3381323.33172
    -10662036.6694 3381302.32186
    -10662044.3505 3381277.87407
    -10662061.0484 3381249.22437
    -10662078.5256 3381227.45065
    -10662112.7007 3381204.40364
    -10662166.2453 3381185.5586
    -10662173.8151 3381184.03063
    -10662207.3222 3381177.15474
    -10662242.1652 3381176.39076
    -10662282.5742 3381177.15474
    -10662306.9532 3381183.39397
    -10662341.7962 3381189.76053
    -10662364.728 3381187.72323
    -10662374.5241 3381178.55539
    -10662396.1201 3381169.51488
    -10662406.0275 3381172.57082
    -10662409.1445 3381173.58947
    -10662432.2989 3381180.72002
    -10662451.7798 3381193.96247
    -10662467.8098 3381202.36634
    -10662481.7248 3381203.76698
    -10662498.4227 3381201.72968
    -10662522.8017 3381192.56182
    -10662547.1806 3381177.91873
    -10662575.7897 3381149.26925
    -10662613.4157 3381099.48297
    -10662624.5477 3381075.03556
    -10662638.4626 3380986.79605
    -10662637.7947 3380962.34885
    -10662635.6796 3380944.90478
    -10662627.9986 3380918.92971
    -10662616.644 3380900.97638
    -10662609.9648 3380886.07896
    -10662605.7347 3380872.07285
    -10662607.1818 3380853.10096
    -10662616.8666 3380831.45522
    -10662644.0286 3380801.40589
    -10662671.1905 3380774.79447
    -10662703.9185 3380736.97833
    -10662740.8765 3380704.76467
    -10662763.1404 3380688.72153
    -10662778.5025 3380673.95167
    -10662785.5157 3380659.94579
    -10662791.7495 3380643.9027
    -10662793.0854 3380629.89685
    -10662787.5194 3380605.45031
    -10662777.1667 3380592.08113
    -10662768.0385 3380578.07534
    -10662752.0085 3380564.06955
    -10662697.0167 3380528.16389
    -10662656.6077 3380501.80767
    -10662642.0248 3380493.40425
    -10662595.382 3380491.23974
    -10662557.0881 3380495.44145
    -10662491.6322 3380516.45001
    -10662461.6873 3380522.68893
    -10662428.2914 3380503.84487
    -10662401.7974 3380487.03803
    -10662377.4184 3380475.83348
    -10662332.8906 3380445.02102
    -10662320.3115 3380434.45313
    -10662306.3966 3380421.21145
    -10662297.3797 3380410.7709
    -10662293.9288 3380396.76529
    -10662291.8137 3380375.75692
    -10662304.3928 3380342.7802
    -10662303.6136 3380302.16421
    -10662286.9157 3380255.30955
    -10662272.3328 3380221.05992
    -10662271.6649 3380204.89005
    -10662273.0007 3380193.04913
    -10662280.0138 3380174.84215
    -10662300.274 3380143.39379
    -10662299.4948 3380122.38582
    -10662284.9119 3380101.37789
    -10662259.865 3380077.56893
    -10662244.5029 3380069.16578
    -10662228.4729 3380066.36473
    -10662197.1921 3380067.00134
    -10662162.3491 3380069.80239
    -10662143.5361 3380068.40186
    -10662129.6212 3380064.96421
    -10662118.4893 3380059.99872
    -10662106.6894 3380049.55845
    -10662101.1234 3380036.18984
    -10662101.7913 3380015.18204
    -10662113.7025 3379992.13716
    -10662135.9664 3379970.36551
    -10662185.3923 3379934.07952
    -10662217.4523 3379896.90239
    -10662261.9801 3379853.61409
    -10662326.3228 3379772.7672
    -10662342.798 3379752.14177
    -10662359.496 3379730.37053
    -10662379.7561 3379681.48084
    -10662381.0919 3379670.91356
    -10662387.3258 3379649.90635
    -10662409.7011 3379633.1006
    -10662490.4077 3379596.81553
    -10662521.1319 3379552.00043
    -10662529.4808 3379537.99575
    -10662536.3826 3379530.99341
    -10662555.1956 3379519.78968
    -10662574.0086 3379521.19014
    -10662587.9236 3379523.99107
    -10662610.9667 3379523.99107
    -10662624.8816 3379519.78968
    -10662636.6815 3379510.75031
    -10662639.4645 3379491.78039
    -10662638.7966 3379468.73642
    -10662635.3457 3379453.33136
    -10662624.2137 3379432.3245
    -10662619.9836 3379400.87792
    -10662619.3157 3379371.46843
    -10662622.0986 3379325.89022
    -10662632.5627 3379279.80292
    -10662634.0098 3379260.83333
    -10662633.2306 3379234.22503
    -10662626.3288 3379215.38281
    -10662615.1968 3379203.41548
    -10662608.1837 3379192.9759
    -10662586.5877 3379176.17073
    -10662565.771 3379171.20557
    -10662549.0731 3379180.37202
    -10662526.6978 3379184.57331
    -10662503.766 3379181.77245
    -10662473.8211 3379171.96944
    -10662461.242 3379170.56902
    -10662440.4252 3379174.7703
    -10662427.1782 3379190.81159
    -10662419.4972 3379202.65161
    -10662406.2501 3379220.22068
    -10662405.137 3379220.4753
    -10662393.0031 3379223.02154
    -10662363.1695 3379213.21851
    -10662342.2414 3379213.85507
    -10662302.5004 3379225.05854
    -10662281.6836 3379227.22285
    -10662247.8425 3379215.76475
    -10662221.7938 3379197.04988
    -10662191.8488 3379169.80515
    -10662173.8151 3379151.7269
    -10662166.8019 3379144.59745
    -10662140.3079 3379125.62806
    -10662110.3629 3379108.82298
    -10662081.8652 3379090.6175
    -10662057.4862 3379068.2108
    -10662039.3411 3379047.20455
    -10662019.1923 3379019.96013
    -10662015.0735 3378988.51453
    -10662019.8602 3378967.50841
    -10662021.196 3378948.15734
    -10662021.3073 3378946.50232
    -10662019.8602 3378935.80832
    -10662017.1885 3378917.09384
    -10662009.5075 3378885.52119
    -10661998.3755 3378859.6775
    -10661966.3155 3378827.46843
    -10661958.7458 3378803.02525
    -10661957.9666 3378771.45286
    -10661965.6476 3378740.00786
    -10661995.7039 3378593.73231
    -10662018.6357 3378549.68447
    -10662035.3336 3378524.47796
    -10662054.1466 3378501.4357
    -10662079.9727 3378478.26617
    -10662103.5725 3378460.06156
    -10662136.3004 3378445.42152
    -10662146.7644 3378443.25734
    -10662178.1565 3378444.78499
    -10662202.4242 3378448.98605
    -10662218.4542 3378459.42504
    -10662241.4973 3378483.23106
    -10662265.097 3378500.03534
    -10662275.5611 3378501.4357
    -10662301.2759 3378493.79739
    -10662328.4378 3378477.62964
    -10662354.2639 3378459.42504
    -10662401.5747 3378412.57695
    -10662415.4897 3378391.57174
    -10662421.8349 3378363.56486
    -10662411.3708 3378320.91812
    -10662406.4728 3378302.71374
    -10662386.324 3378273.3067
    -10662368.9581 3378256.50272
    -10662340.349 3378236.26158
    -10662214.3353 3378193.48795
    -10662112.0327 3378152.24209
    -10661970.7683 3378066.05902
    -10661946.3893 3378054.85653
    -10661901.0823 3378040.21694
    -10661851.6564 3378031.05129
    -10661812.0267 3378021.24914
    -10661793.8816 3378010.6832
    -10661774.4007 3377993.87954
    -10661759.8179 3377971.47471
    -10661749.3538 3377949.19721
    -10661746.5708 3377923.22806
    -10661761.9329 3377894.58567
    -10661793.9929 3377872.8175
    -10661821.8228 3377861.74248
    -10661915.7765 3377867.98013
    -10661961.0835 3377868.74393
    -10662004.1641 3377864.54306
    -10662039.0071 3377854.74103
    -10662069.62 3377836.53729
    -10662109.3611 3377816.2968
    -10662135.0759 3377800.12989
    -10662150.438 3377784.0903
    -10662162.2378 3377765.88665
    -10662172.0339 3377748.44682
    -10662176.932 3377721.84158
    -10662176.932 3377707.83885
    -10662174.149 3377691.03558
    -10662143.5361 3377576.21384
    -10662114.2591 3377496.52662
    -10662110.1403 3377481.12387
    -10662108.0252 3377464.95737
    -10662108.0252 3377447.51794
    -10662117.8213 3377424.35027
    -10662135.8551 3377390.87177
    -10662164.4642 3377344.66396
    -10662174.2603 3377323.66046
    -10662175.5962 3377293.61915
    -10662171.4773 3377260.65017
    -10662156.7832 3377229.84525
    -10662135.2985 3377205.40503
    -10662101.1234 3377159.19787
    -10662092.1065 3377143.79551
    -10662082.4217 3377117.95525
    -10662081.6425 3377063.34716
    -10662087.9877 3377042.34411
    -10662097.6725 3377026.17815
    -10662120.0477 3377015.10384
    -10662295.4873 3376980.09891
    -10662367.8449 3376976.66207
    -10662444.4327 3376967.49716
    -10662479.2757 3376954.25896
    -10662513.3395 3376939.62059
    -10662548.1825 3376929.81926
    -10662603.8422 3376931.8559
    -10662614.3063 3376940.25704
    -10662621.2081 3376949.42193
    -10662628.8891 3376963.42386
    -10662632.34 3376978.82601
    -10662631.0042 3376994.86462
    -10662619.8723 3377012.43074
    -10662597.6084 3377037.50705
    -10662594.0461 3377038.90725
    -10662571.7822 3377058.51009
    -10662556.4201 3377078.11296
    -10662550.1862 3377104.7169
    -10662549.5183 3377139.72217
    -10662550.1862 3377173.32731
    -10662556.4201 3377209.73298
    -10662571.1143 3377240.53786
    -10662594.0461 3377266.37836
    -10662619.093 3377278.21665
    -10662655.2718 3377271.97927
    -10662686.6639 3377260.77746
    -10662713.7146 3377247.53897
    -10662733.9747 3377231.37276
    -10662754.9028 3377211.76966
    -10662768.0385 3377180.32839
    -10662772.2686 3377141.88613
    -10662766.7027 3377068.43882
    -10662757.6858 3377033.43374
    -10662738.8728 3376979.46246
    -10662736.7577 3376960.62348
    -10662736.0898 3376944.58491
    -10662738.8728 3376913.01699
    -10662750.0047 3376871.0114
    -10662752.899 3376843.00775
    -10662750.784 3376818.56826
    -10662744.5501 3376782.16367
    -10662722.2862 3376724.75664
    -10662670.7453 3376601.66969
    -10662654.7153 3376568.70244
    -10662638.0173 3376541.46316
    -10662615.0855 3376517.66065
    -10662577.4595 3376482.02061
    -10662560.0937 3376473.61976
    -10662533.5996 3376463.81877
    -10662511.3357 3376465.85534
    -10662483.5059 3376480.49318
    -10662423.616 3376528.86182
    -10662393.0031 3376549.10033
    -10662365.1733 3376558.13767
    -10662295.5986 3376544.13617
    -10662202.9808 3376520.33365
    -10662134.7419 3376513.33292
    -10662117.3761 3376516.76964
    -10662103.4611 3376525.93424
    -10662099.231 3376543.37245
    -10662104.797 3376566.53857
    -10662115.261 3376585.37699
    -10662124.9458 3376618.34428
    -10662127.7288 3376665.18598
    -10662116.5968 3376702.22668
    -10662098.4518 3376737.9946
    -10662081.0859 3376758.86988
    -10662060.9371 3376772.23516
    -10662031.6601 3376784.83673
    -10661985.0172 3376800.23866
    -10661959.1911 3376807.87599
    -10661945.1648 3376807.7487
    -10661934.1442 3376795.91084
    -10661928.5782 3376775.03551
    -10661924.4594 3376750.46885
    -10661907.7615 3376696.62602
    -10661887.6126 3376662.25837
    -10661855.5526 3376631.45485
    -10661815.1437 3376608.4159
    -10661770.6159 3376579.64909
    -10661701.7091 3376518.16979
    -10661667.6453 3376490.80332
    -10661643.2664 3376465.60077
    -10661630.0193 3376445.99881
    -10661607.0875 3376429.19716
    -10661528.496 3376401.95816
    -10661491.5379 3376379.55603
    -10661452.5761 3376364.79102
    -10661414.2822 3376358.42679
    -10661381.5542 3376357.79037
    -10661355.1715 3376361.99076
    -10661309.1966 3376396.23034
    -10661282.0346 3376412.26824
    -10661252.0897 3376423.46932
    -10661221.4768 3376428.43345
    -10661175.5019 3376418.63249
    -10661128.1911 3376398.90332
    -10661072.5313 3376384.26557
    -10661012.6414 3376357.66309
    -10660994.4964 3376340.86155
    -10660969.4495 3376307.89495
    -10660950.7478 3376257.61787
    -10660933.2706 3376239.41634
    -10660899.2069 3376217.01449
    -10660865.811 3376200.08585
    -10660839.317 3376181.8844
    -10660819.7248 3376153.62765
    -10660812.2664 3376135.04442
    -10660809.4834 3376088.20461
    -10660815.7173 3376060.20262
    -10660829.6322 3376038.43749
    -10660851.2282 3376020.36354
    -10660937.6121 3375994.52548
    -10660965.442 3375989.56152
    -10661042.6977 3376012.72667
    -10661081.6595 3376036.52827
    -10661124.0723 3376079.1676
    -10661179.0641 3376182.77538
    -10661213.1278 3376240.81645
    -10661227.7107 3376275.81942
    -10661240.9577 3376298.22137
    -10661261.8858 3376320.62335
    -10661277.9158 3376329.02411
    -10661311.3116 3376328.38769
    -10661323.1115 3376324.18731
    -10661352.3885 3376305.98569
    -10661364.1884 3376288.5478
    -10661371.8694 3376270.34622
    -10661378.8826 3376247.94432
    -10661379.5505 3376224.77876
    -10661384.4485 3376198.9403
    -10661383.0014 3376137.3355
    -10661384.4485 3376114.93383
    -10661395.6918 3376081.2041
    -10661419.2915 3376038.69205
    -10661447.7893 3376004.4534
    -10661470.1646 3375981.28827
    -10661493.7643 3375968.81475
    -10661529.9431 3375952.01371
    -10661568.237 3375938.64926
    -10661590.6122 3375926.17578
    -10661615.6591 3375897.41046
    -10661627.459 3375865.97234
    -10661629.5741 3375828.80671
    -10661637.923 3375793.93221
    -10661655.4002 3375741.36608
    -10661694.362 3375687.52738
    -10661773.0649 3375646.28937
    -10661822.4907 3375607.46976
    -10661834.2906 3375594.86932
    -10661850.3206 3375571.06853
    -10661879.5976 3375508.83029
    -10661912.3256 3375424.19184
    -10661931.1386 3375387.79112
    -10661942.9384 3375374.42724
    -10661979.8965 3375327.59014
    -10661992.3643 3375302.3898
    -10661995.4812 3375274.64404
    -10661995.9265 3375270.9531
    -10661978.4493 3375239.51647
    -10661977.7814 3375235.31644
    -10661968.0966 3375214.31631
    -10661955.5175 3375196.11622
    -10661945.0535 3375187.71619
    -10661925.5726 3375175.11615
    -10661909.6539 3375161.75249
    -10661897.0748 3375147.11611
    -10661879.709 3375121.1525
    -10661875.4788 3375107.15253
    -10661874.143 3375095.3162
    -10661874.8109 3375074.95265
    -10661878.2618 3375061.71636
    -10661879.709 3375037.28018
    -10661868.577 3375011.31677
    -10661859.5601 3374998.08055
    -10661852.547 3374989.68064
    -10661837.9641 3374977.0808
    -10661826.1643 3374970.71724
    -10661815.0323 3374967.91728
    -10661734.9936 3374950.48116
    -10661647.2739 3374932.91779
    -10661615.8818 3374930.88146
    -10661585.9368 3374931.51781
    -10661577.5879 3374932.91779
    -10661546.975 3374934.31777
    -10661491.3153 3374929.35421
    -10661452.3534 3374918.91802
    -10661441.2215 3374918.1544
    -10661422.4085 3374918.91802
    -10661395.2465 3374923.75431
    -10661372.9826 3374931.51781
    -10661337.4717 3374941.31766
    -10661329.1228 3374941.19039
    -10661313.872 3374939.15406
    -10661306.8589 3374936.3541
    -10661242.1822 3374888.75494
    -10661198.9903 3374851.71934
    -10661167.7095 3374830.71982
    -10661127.3005 3374807.55676
    -10661098.8027 3374782.35742
    -10661095.3518 3374770.52139
    -10661094.5726 3374742.52221
    -10661096.0197 3374681.68784
    -10661093.9047 3374673.28814
    -10661083.552 3374657.8887
    -10661067.522 3374643.88922
    -10661047.2618 3374636.12588
    -10661039.6921 3374636.12588
    -10661029.896 3374629.88976
    -10661022.9942 3374622.89003
    -10661018.0961 3374615.89031
    -10660995.1643 3374569.69224
    -10660987.4832 3374561.29261
    -10660968.6702 3374552.12939
    -10660946.4063 3374552.89299
    -10660938.7253 3374554.92926
    -10660921.3595 3374562.69255
    -10660876.0524 3374598.32739
    -10660838.5378 3374622.76277
    -10660827.4058 3374625.56266
    -10660812.7116 3374624.92632
    -10660811.0418 3374624.28998
    -10660790.4477 3374616.52665
    -10660772.414 3374603.16355
    -10660759.8349 3374587.7642
    -10660756.384 3374577.96461
    -10660756.384 3374570.96492
    -10660773.0819 3374497.53195
    -10660784.9931 3374435.29879
    -10660787.7761 3374408.70024
    -10660784.9931 3374391.26486
    -10660767.6272 3374340.86784
    -10660741.1332 3374279.90806
    -10660739.7974 3374272.90852
    -10660738.3502 3374258.27314
    -10660739.1295 3374250.51002
    -10660752.2652 3374209.27652
    -10660766.2914 3374185.47823
    -10660788.5553 3374163.07988
    -10660813.9362 3374142.46325
    -10660843.5471 3374118.41056
    -10660876.2751 3374102.24819
    -10660891.5258 3374100.21199
    -10660909.003 3374100.21199
    -10660920.8029 3374103.64808
    -10660934.0499 3374114.21088
    -10660937.5008 3374119.81045
    -10660949.3007 3374132.40947
    -10660965.3307 3374166.00694
    -10660968.1136 3374182.8057
    -10660968.7816 3374196.0411
    -10660975.7947 3374219.20309
    -10660985.4795 3374233.20212
    -10660991.0455 3374235.23834
    -10661002.8453 3374237.40183
    -10661007.7434 3374236.00192
    -10661037.0204 3374221.23931
    -10661048.8203 3374210.0401
    -10661055.0542 3374202.40428
    -10661069.7483 3374182.04212
    -10661072.5313 3374175.80621
    -10661073.1992 3374170.84294
    -10661073.1992 3374158.37114
    -10661066.9654 3374100.21199
    -10661042.5864 3373995.34799
    -10661017.5395 3373902.19281
    -10661016.2037 3373882.59467
    -10661016.8716 3373872.15931
    -10661019.6546 3373859.56053
    -10661037.7996 3373830.16343
    -10661057.9485 3373809.16554
    -10661099.8046 3373774.2964
    -10661110.9366 3373761.69771
    -10661122.7364 3373739.93638
    -10661125.5194 3373724.53803
    -10661125.5194 3373718.93864
    -10661122.0685 3373708.50341
    -10661115.0554 3373695.14123
    -10661106.0385 3373685.34231
    -10661093.4594 3373674.14356
    -10661091.4556 3373666.50805
    -10661090.7877 3373653.27318
    -10661094.2386 3373628.07606
    -10661099.8046 3373569.28296
    -10661099.1367 3373562.2838
    -10661096.3537 3373558.0843
    -10661090.7877 3373544.72228
    -10661089.3406 3373534.28719
    -10661085.2218 3373517.48925
    -10661073.4219 3373496.49186
    -10661060.1749 3373484.65698
    -10661021.213 3373459.46019
    -10661014.1999 3373455.89701
    -10660994.719 3373454.49718
    -10660987.8172 3373452.46108
    -10660983.5871 3373449.66144
    -10660976.5739 3373443.17137
    -10660972.1211 3373438.97191
    -10660946.7403 3373415.30227
    -10660921.6934 3373385.26989
    -10660911.2294 3373377.50729
    -10660906.3313 3373371.90804
    -10660899.4295 3373366.3088
    -10660895.1994 3373360.70955
    -10660883.3995 3373353.7105
    -10660839.5396 3373339.71241
    -10660806.923 3373327.87768
    -10660772.08 3373317.3155
    -10660756.05 3373311.08
    -10660741.4672 3373301.28137
    -10660662.0964 3373231.92763
    -10660655.8625 3373224.92864
    -10660644.7305 3373206.09504
    -10660619.0157 3373178.09919
    -10660606.4366 3373161.30171
    -10660591.8538 3373133.94222
    -10660581.3897 3373099.71113
    -10660575.1558 3373066.8799
    -10660578.7181 3373034.68502
    -10660585.6199 3373018.52398
    -10660590.5179 3373012.28863
    -10660600.314 3373004.52625
    -10660617.012 3372996.89113
    -10660624.5817 3372996.12762
    -10660638.608 3372997.52739
    -10660672.6717 3373008.08931
    -10660690.0376 3373011.65237
    -10660699.8337 3373011.65237
    -10660710.1864 3373008.08931
    -10660748.4803 3372979.45762
    -10660759.8349 3372963.04215
    -10660761.616 3372960.36986
    -10660777.0894 3372941.02763
    -10660787.5534 3372934.0288
    -10660797.2382 3372930.46577
    -10660807.0343 3372923.46695
    -10660816.7191 3372913.6686
    -10660825.0681 3372908.06955
    -10660834.1963 3372905.27003
    -10660884.2901 3372895.4717
    -10660909.337 3372888.60015
    -10660930.9329 3372877.40207
    -10660942.0649 3372870.40328
    -10660972.6777 3372848.00716
    -10660995.6096 3372822.04808
    -10661085.4444 3372674.56582
    -10661102.8102 3372638.1727
    -10661123.0704 3372589.18212
    -10661131.4193 3372561.18758
    -10661144.6664 3372507.36189
    -10661147.4493 3372490.56526
    -10661147.4493 3372466.13384
    -10661140.5475 3372412.18129
    -10661114.7214 3372305.16757
    -10661109.9347 3372278.57333
    -10661109.2668 3372262.54047
    -10661107.1517 3372249.94323
    -10661105.0366 3372169.52479
    -10661103.7008 3372161.12669
    -10661089.1179 3372116.33691
    -10661075.203 3372088.9796
    -10661000.0623 3371969.37153
    -10660931.8235 3371883.35619
    -10660872.7128 3371811.97407
    -10660842.8792 3371781.94534
    -10660802.4702 3371750.3898
    -10660784.4365 3371739.95613
    -10660711.2996 3371702.16595
    -10660694.6017 3371692.36852
    -10660677.2358 3371679.77183
    -10660613.895 3371606.22775
    -10660581.2784 3371580.39835
    -10660565.2484 3371569.20139
    -10660558.2353 3371565.00253
    -10660533.1884 3371554.44177
    -10660526.2866 3371550.24291
    -10660516.4905 3371540.44559
    -10660511.7037 3371530.01209
    -10660504.6906 3371509.65405
    -10660504.134 3371495.02174
    -10660504.0227 3371492.22252
    -10659044.4015 3371515.63422
    -10658641.5363 3371521.6144
    -10658596.6745 3371522.50506
    -10658555.2637 3371523.26848
    -10658357.5603 3371526.95838
    -10658281.6404 3371528.358
    -10658216.8524 3371529.63037
    -10658209.5053 3371529.75761
    -10658201.379 3371529.88485
    -10658200.4885 3371529.88485
    -10658199.1526 3371530.01209
    -10658198.1508 3371530.01209
    -10658197.4828 3371530.01209
    -10658165.7568 3371530.64828
    -10657814.7664 3371537.26464
    -10657433.1632 3371544.38997
    -10657393.4222 3371545.15339
    -10657199.5036 3371551.00634
    -10657193.381 3371551.13358
    -10657185.7 3371551.38805
    -10657008.4794 3371556.85929
    -10656454.3309 3371573.78196
    -10656411.8069 3371575.05435
    -10656425.6105 3371587.77817
    -10656422.6049 3371587.26922
    -10656401.7881 3371581.67074
    -10656317.5193 3371583.07036
    -10656254.2898 3371585.8696
    -10656204.864 3371584.59722
    -10656135.9572 3371588.79608
    -10656093.5445 3371586.63303
    -10656058.7015 3371589.43227
    -10656006.4926 3371591.59533
    -10655936.9179 3371593.75838
    -10655863.1131 3371593.75838
    -10655789.4196 3371598.72068
    -10655718.3978 3371600.1203
    -10655641.81 3371603.68298
    -10655414.2729 3371610.0449
    -10655375.979 3371612.08072
    -10655247.2937 3371612.84415
    -10655186.2906 3371615.6434
    -10655185.6227 3371615.6434
    -10655137.978 3371617.80646
    -10655070.0731 3371618.82437
    -10654990.4796 3371619.96952
    -10654945.9518 3371622.76877
    -10654755.9295 3371629.7669
    -10654620.231 3371630.53033
    -10654407.3881 3371639.69153
    -10654197.8849 3371645.29004
    -10654074.6542 3371644.01765
    -10654027.3434 3371648.21653
    -10653933.3897 3371651.65198
    -10653883.296 3371652.41542
    -10653870.8282 3371656.6143
    -10653852.6831 3371670.61061
    -10653809.6025 3371688.80582
    -10653790.7895 3371690.20545
    -10653749.0447 3371687.40618
    -10653728.6732 3371692.24128
    -10653726.0015 3371693.00472
    -10653710.0828 3371694.40435
    -10653694.0528 3371703.56559
    -10653646.0741 3371723.16048
    -10653633.1611 3371725.32356
    -10653625.48 3371726.59595
    -10653611.8991 3371728.75903
    -10653593.754 3371730.03143
    -10653574.3844 3371731.5583
    -10653541.6565 3371732.1945
    -10653525.9604 3371738.04753
    -10653519.2812 3371740.59233
    -10653506.1455 3371745.55468
    -10653491.5627 3371746.95432
    -10653482.4345 3371743.3916
    -10653465.7366 3371723.79668
    -10653461.6177 3371720.99741
    -10653437.2388 3371725.95976
    -10653414.307 3371732.1945
    -10653407.2938 3371741.99197
    -10653400.392 3371745.55468
    -10653392.711 3371746.19088
    -10653364.2132 3371726.72319
    -10653353.7492 3371722.52428
    -10653347.5153 3371722.52428
    -10653339.8342 3371725.95976
    -10653323.8042 3371736.52065
    -10653300.2045 3371761.71416
    -10653283.5066 3371768.71236
    -10653265.3615 3371774.31093
    -10653224.9525 3371776.34677
    -10653206.2508 3371768.71236
    -10653178.421 3371769.34856
    -10653174.1908 3371765.14964
    -10653172.0757 3371753.31632
    -10653167.289 3371742.7554
    -10653157.1589 3371736.90237
    -10653149.1439 3371732.32174
    -10653134.5611 3371718.96157
    -10653124.097 3371702.16595
    -10653099.7181 3371683.33453
    -10653085.8031 3371668.70202
    -10653079.5693 3371658.14117
    -10653069.1052 3371645.54452
    -10653035.7094 3371595.92143
    -10653030.8113 3371582.5614
    -10653023.1303 3371570.09205
    -10653013.4455 3371530.13932
    -10653013.4455 3371513.34395
    -10653009.2153 3371458.12293
    -10653011.9983 3371418.29777
    -10653020.3473 3371379.7451
    -10653020.3473 3371357.35153
    -10653016.1171 3371337.75718
    -10653009.2153 3371329.35961
    -10652986.9514 3371311.92831
    -10652977.1553 3371309.12912
    -10652954.2235 3371307.09335
    -10652939.6407 3371307.09335
    -10652929.8445 3371304.29417
    -10652913.8145 3371295.89662
    -10652902.0147 3371283.30031
    -10652899.343 3371279.35601
    -10652898.7864 3371278.46536
    -10652898.1185 3371277.57471
    -10652897.5619 3371276.68407
    -10652894.8902 3371272.73977
    -10652888.7676 3371263.70607
    -10652878.3036 3371258.10772
    -10652871.4018 3371256.70813
    -10652834.5551 3371257.34431
    -10652815.0741 3371254.54513
    -10652794.1461 3371246.14762
    -10652780.3425 3371237.87734
    -10652773.3293 3371233.67859
    -10652750.2862 3371226.68067
    -10652738.4863 3371226.68067
    -10652712.7715 3371231.51559
    -10652698.0774 3371235.71435
    -10652681.3794 3371237.11393
    -10652662.6778 3371237.11393
    -10652627.1668 3371229.47984
    -10652601.3407 3371218.28317
    -10652577.741 3371210.52185
    -10652486.5703 3371176.29576
    -10652428.1276 3371160.90041
    -10652400.2977 3371149.7038
    -10652378.0338 3371144.8689
    -10652350.2039 3371143.46933
    -10652338.2928 3371144.8689
    -10652330.723 3371153.26635
    -10652316.0289 3371164.46296
    -10652297.9951 3371185.45664
    -10652284.5254 3371193.85411
    -10652277.8463 3371198.05285
    -10652259.0333 3371194.49029
    -10652238.7731 3371180.49449
    -10652226.9733 3371165.09914
    -10652218.179 3371150.33997
    -10652217.0658 3371148.43146
    -10652208.7169 3371134.43571
    -10652207.4924 3371132.27274
    -10652183.8926 3371107.08043
    -10652174.0965 3371092.44857
    -10652162.9646 3371080.48862
    -10652140.0327 3371071.45504
    -10652130.2366 3371070.05548
    -10652118.4368 3371063.05764
    -10652102.4068 3371051.86112
    -10652082.9259 3371032.90339
    -10652069.0109 3371024.50601
    -10652058.5469 3371021.07073
    -10652037.7301 3371011.2738
    -10652021.7001 3371005.67556
    -10651979.9553 3370997.91436
    -10651951.4575 3370986.71789
    -10651939.5463 3370978.44778
    -10651904.8147 3370959.49016
    -10651877.6527 3370941.29595
    -10651848.3757 3370928.06382
    -10651827.5589 3370916.86741
    -10651808.078 3370904.27146
    -10651787.8179 3370887.47688
    -10651777.4652 3370871.31848
    -10651747.5202 3370833.65802
    -10651719.0224 3370801.4686
    -10651698.7623 3370781.1117
    -10651689.0775 3370774.11402
    -10651684.8474 3370772.71448
    -10651628.5197 3370717.49657
    -10651576.9788 3370665.07793
    -10651544.2508 3370626.52747
    -10651531.1151 3370618.89373
    -10651521.319 3370616.09469
    -10651507.4041 3370614.69517
    -10651489.3703 3370613.9318
    -10651474.0082 3370615.33132
    -10651458.7575 3370623.09228
    -10651430.1484 3370651.71885
    -10651424.5824 3370663.67841
    -10651417.6806 3370688.86986
    -10651413.4504 3370713.29798
    -10651409.9995 3370751.08532
    -10651402.3185 3370770.6788
    -10651378.7188 3370799.30568
    -10651364.8038 3370822.4617
    -10651350.8889 3370839.89235
    -10651329.9608 3370892.43891
    -10651327.1778 3370909.86966
    -10651326.5099 3370924.50132
    -10651311.1478 3370973.48571
    -10651299.7932 3370993.33399
    -10651299.014 3370994.60631
    -10651275.7482 3371035.06635
    -10651220.7564 3371104.28129
    -10651180.3474 3371147.66805
    -10651130.9216 3371191.05495
    -10651075.9297 3371232.279
    -10651031.4019 3371268.66824
    -10651011.2531 3371282.02795
    -10650998.7853 3371285.46331
    -10650975.7422 3371285.46331
    -10650959.0443 3371283.42754
    -10650936.1125 3371277.82919
    -10650913.8486 3371274.26659
    -10650897.8186 3371268.66824
    -10650872.7717 3371257.47154
    -10650865.0906 3371249.83744
    -10650847.7248 3371224.64491
    -10650847.0569 3371194.61752
    -10650842.8267 3371184.82046
    -10650829.5797 3371164.46296
    -10650809.4309 3371155.42933
    -10650797.631 3371153.26635
    -10650694.6605 3371168.02552
    -10650661.2646 3371168.6617
    -10650641.7837 3371168.02552
    -10650627.0895 3371163.06339
    -10650616.7368 3371155.42933
    -10650609.7237 3371145.63231
    -10650603.4898 3371139.2706
    -10650591.69 3371131.63656
    -10650579.7788 3371126.03827
    -10650558.962 3371121.07615
    -10650547.0508 3371111.27915
    -10650539.4811 3371107.84384
    -10650519.221 3371104.28129
    -10650506.7532 3371095.88387
    -10650492.8382 3371072.09121
    -10650459.4424 3370983.28261
    -10650446.8633 3370953.89194
    -10650421.8164 3370904.27146
    -10650407.9015 3370883.27824
    -10650399.5525 3370874.88096
    -10650358.4756 3370843.45482
    -10650336.991 3370823.09785
    -10650327.8628 3370813.30107
    -10650310.4969 3370779.71216
    -10650303.5951 3370768.51588
    -10650279.2161 3370744.08765
    -10650267.4163 3370733.52755
    -10650248.6033 3370723.09469
    -10650224.8922 3370702.10175
    -10650177.5814 3370671.31218
    -10650161.1062 3370656.42633
    -10650157.4326 3370653.11837
    -10650153.2025 3370643.32172
    -10650138.6196 3370602.09951
    -10650128.9348 3370583.14243
    -10650121.9217 3370571.94631
    -10650088.5259 3370529.96096
    -10650077.3939 3370512.53071
    -10649972.4196 3370371.56288
    -10649954.2745 3370334.79444
    -10649936.2408 3370270.41811
    -10649868.2246 3370136.83188
    -10649809.1139 3370076.78213
    -10649759.0202 3370062.91474
    -10649745.4392 3370049.04738
    -10649636.1234 3369998.03085
    -10649581.3543 3369993.3236
    -10649458.3462 3369946.88731
    -10649449.218 3369937.60007
    -10649430.9616 3369937.60007
    -10649380.8679 3369919.02561
    -10649335.3382 3369891.29119
    -10649276.2275 3369822.08262
    -10649198.7492 3369821.82817
    -10649184.9455 3369830.98811
    -10649111.92 3369844.47359
    -10649039.2283 3369770.68531
    -10648998.1514 3369770.55809
    -10648989.0232 3369779.71799
    -10648938.8182 3369788.75068
    -10648893.1772 3369779.33633
    -10648889.7263 3369775.77415
    -10648888.0565 3369774.12028
    -10648856.7757 3369742.44232
    -10648834.1778 3369696.38857
    -10648806.9046 3369668.65462
    -10648771.505 3369654.78767
    -10648670.0929 3369640.66629
    -10648661.076 3369631.37927
    -10648633.6914 3369626.67215
    -10648528.7171 3369626.29049
    -10648487.8629 3369589.39691
    -10648483.2988 3369570.95016
    -10648424.2995 3369511.03021
    -10648310.197 3369501.36162
    -10648273.7955 3369478.33514
    -10648242.0695 3369418.41561
    -10648242.1808 3369390.80946
    -10648233.1639 3369367.78318
    -10648233.3865 3369308.11858
    -10648219.8056 3369285.09245
    -10648187.9682 3369248.19982
    -10648128.7462 3369234.07888
    -10648069.6356 3369183.31995
    -10648062.6224 3369158.89466
    -10648061.5092 3369155.07822
    -10648047.0377 3369105.08287
    -10648042.6963 3369063.73826
    -10648020.0984 3369008.52751
    -10647961.0991 3368920.87774
    -10647874.7151 3368833.22855
    -10647829.4081 3368736.54797
    -10647793.118 3368690.49773
    -10647770.5201 3368626.00223
    -10647766.29 3368552.47519
    -10647743.5808 3368511.00511
    -10647666.3251 3368423.35865
    -10647657.4195 3368372.73004
    -10647639.3857 3368331.38773
    -10647562.13 3368225.29759
    -10647475.8574 3368137.65303
    -10647453.1482 3368096.18425
    -10647353.1833 3368013.11988
    -10647326.0214 3367953.20701
    -10647244.2015 3367870.14354
    -10647244.3129 3367824.22353
    -10647276.5955 3367750.82818
    -10647436.7843 3367581.39712
    -10647482.7592 3367498.71759
    -10647510.2551 3367471.24267
    -10647528.6228 3367416.16578
    -10647570.0337 3367338.19359
    -10647597.7522 3367246.35744
    -10647602.4277 3367205.01866
    -10647653.1894 3367053.52905
    -10647717.4207 3366938.92723
    -10647745.0279 3366869.98855
    -10647741.0204 3366709.21782
    -10647791.5595 3366617.38605
    -10647832.7477 3366567.01876
    -10647846.6626 3366516.52447
    -10647856.4587 3366341.89458
    -10647897.7583 3366259.35001
    -10647920.8014 3366190.41488
    -10647908.2223 3365891.65776
    -10647844.7702 3365776.55731
    -10647844.9928 3365712.20324
    -10647881.9509 3365583.62323
    -10647882.3962 3365468.77982
    -10647873.3793 3365431.89788
    -10647869.7058 3365425.41175
    -10647866.1435 3365419.05281
    -10647855.2342 3365399.72165
    -10647828.0723 3365371.99673
    -10647627.9198 3365228.79468
    -10647555.1169 3365191.78623
    -10647500.5703 3365141.04285
    -10647350.8456 3364933.62021
    -10647215.0358 3364657.40088
    -10647156.3705 3364487.11938
    -10647156.8157 3364363.00221
    -10647193.6625 3364257.45266
    -10647207.4661 3364239.14054
    -10647203.236 3364160.93279
    -10647144.014 3364061.36166
    -10647071.7677 3363939.91895
    -10647008.4269 3363801.81896
    -10646917.8128 3363659.01543
    -10646877.1812 3363543.93446
    -10646831.8742 3363465.73084
    -10646782.003 3363401.13372
    -10646755.509 3363383.20426
    -10646752.8373 3363381.42404
    -10646727.3451 3363364.1304
    -10646654.5422 3363340.86032
    -10646567.9356 3363340.606
    -10646471.9782 3363390.70666
    -10646440.0295 3363399.86213
    -10646321.4743 3363399.35349
    -10646285.0728 3363385.49313
    -10646266.5938 3363373.41301
    -10646207.7058 3363334.62954
    -10646162.3987 3363274.73792
    -10646144.2537 3363228.70675
    -10646137.6858 3363190.17802
    -10646130.8953 3363150.505
    -10646121.8784 3363136.6449
    -10646113.1955 3363021.69564
    -10646104.0673 3363012.54043
    -10646086.1449 3362929.76238
    -10646063.547 3362869.8726
    -10646049.966 3362851.43524
    -10646050.0774 3362837.70261
    -10645977.6084 3362717.92415
    -10645873.1907 3362602.59708
    -10645850.3702 3362588.73755
    -10645813.9687 3362579.4555
    -10645713.6699 3362579.07404
    -10645631.5161 3362592.5521
    -10645590.6618 3362592.42495
    -10645575.745 3362592.2978
    -10645567.0621 3362592.2978
    -10645563.1659 3362592.2978
    -10645555.1509 3362589.75477
    -10645503.9439 3362573.60653
    -10645394.8508 3362499.73178
    -10645285.8691 3362388.984
    -10645249.5789 3362338.25141
    -10645149.614 3362250.64595
    -10645113.2125 3362232.08231
    -10645088.1656 3362223.5634
    -10644949.3502 3362176.26442
    -10644940.222 3362166.98265
    -10644926.3071 3362169.01701
    -10644867.3078 3362157.82803
    -10644840.0345 3362143.96898
    -10644789.6068 3362143.71468
    -10644785.2653 3362143.71468
    -10644780.9239 3362142.18891
    -10644730.7188 3362125.15119
    -10644662.5912 3362060.4335
    -10644653.6857 3362048.60888
    -10644653.0178 3362047.71886
    -10644651.014 3362045.04878
    -10644640.3273 3362030.80841
    -10644621.6257 3362005.76064
    -10644607.822 3361987.19735
    -10644594.575 3361969.5241
    -10644562.7376 3361926.80326
    -10644512.9778 3361834.75048
    -10644513.0892 3361820.89176
    -10644485.9272 3361765.71132
    -10644463.218 3361733.41688
    -10644458.7652 3361710.40397
    -10644437.3919 3361678.87252
    -10644428.8203 3361666.28539
    -10644408.8941 3361636.78833
    -10644349.8948 3361581.35438
    -10644327.0743 3361572.07302
    -10644281.7673 3361525.92065
    -10644254.494 3361484.47265
    -10644213.8624 3361392.42296
    -10644114.0088 3361277.10747
    -10644091.4109 3361240.23724
    -10644023.7287 3361074.57676
    -10643978.3103 3361023.84921
    -10643932.7807 3361000.71039
    -10643855.4136 3360977.44448
    -10643838.493 3360967.40074
    -10643800.8671 3360945.02484
    -10643796.6369 3360940.70222
    -10643795.8577 3360939.93941
    -10643760.0128 3360903.45153
    -10643710.1417 3360834.41724
    -10643642.0141 3360774.40982
    -10643573.7753 3360746.56749
    -10643391.434 3360745.80469
    -10643368.6135 3360731.94711
    -10643227.9056 3360598.07605
    -10643164.2309 3360556.50384
    -10643077.6243 3360556.12244
    -10643018.5137 3360532.85731
    -10642977.6594 3360491.2853
    -10642973.2066 3360449.96768
    -10642946.156 3360394.66584
    -10642946.156 3360380.93576
    -10642914.43 3360339.49136
    -10642832.4988 3360311.52281
    -10642773.3882 3360265.37485
    -10642759.8072 3360265.24772
    -10642705.1493 3360237.53359
    -10642673.3119 3360228.12605
    -10642607.6334 3360224.56645
    -10642597.1694 3360223.93081
    -10642582.1413 3360223.16803
    -10642541.287 3360186.30074
    -10642495.8687 3360163.1634
    -10642473.1595 3360140.02609
    -10642455.3484 3360020.52635
    -10642428.4091 3359942.3436
    -10642383.5473 3359900.51919
    -10642381.7662 3359898.86656
    -10642373.8625 3359891.49327
    -10642364.7343 3359891.49327
    -10642152.782 3359745.9353
    -10641948.2881 3359613.98108
    -10641843.6478 3359558.30137
    -10641842.6459 3359557.66576
    -10641785.539 3359522.83428
    -10641752.8111 3359484.44349
    -10641743.7942 3359452.28175
    -10641716.6322 3359424.56933
    -10641696.706 3359416.94207
    -10641690.4721 3359414.52677
    -10641680.2308 3359410.58602
    -10641639.1539 3359405.88255
    -10641571.0263 3359355.03429
    -10641525.608 3359331.8984
    -10641461.8219 3359313.21175
    -10641430.0959 3359271.77069
    -10641366.5324 3359211.77038
    -10641312.2085 3359124.18566
    -10641271.3543 3359082.61808
    -10641216.6964 3359068.63514
    -10641175.7308 3359068.50802
    -10641148.3462 3359086.68585
    -10641120.9616 3359086.68585
    -10641114.1711 3359079.69437
    -10641113.1693 3359078.29608
    -10641062.0736 3359003.29683
    -10641057.7322 3358943.93331
    -10641044.1512 3358920.92526
    -10641021.442 3358902.3663
    -10641003.2969 3358902.3663
    -10640976.0237 3358883.80737
    -10640903.332 3358814.65652
    -10640876.2814 3358763.93766
    -10640853.5722 3358740.92991
    -10640799.0257 3358690.08421
    -10640771.7524 3358676.2288
    -10640764.4053 3358672.54249
    -10640726.334 3358653.09409
    -10640699.0608 3358625.38335
    -10640699.2834 3358574.79232
    -10640706.8531 3358556.10674
    -10640708.5229 3358551.91202
    -10640706.8531 3358540.21766
    -10640704.0701 3358519.75255
    -10640700.6192 3358514.28672
    -10640699.0608 3358511.87159
    -10640695.9438 3358506.91421
    -10640622.5843 3358390.73413
    -10640618.2428 3358344.71999
    -10640573.1584 3358229.68532
    -10640546.1078 3358179.09581
    -10640505.3648 3358114.52455
    -10640469.0747 3358077.66315
    -10640359.9816 3358012.83817
    -10640312.2255 3357973.56202
    -10640296.4182 3357957.41942
    -10640291.9654 3357938.98893
    -10640264.6921 3357915.98262
    -10640045.9493 3357910.38993
    -10639986.8387 3357882.55364
    -10639909.4716 3357859.29322
    -10639882.1983 3357840.73576
    -10639832.3272 3357790.02063
    -10639818.7462 3357762.31169
    -10639818.8576 3357730.15415
    -10639837.2253 3357702.69955
    -10639846.5761 3357661.39065
    -10639855.7043 3357652.23915
    -10639851.5855 3357537.46472
    -10639838.1158 3357496.02924
    -10639761.1941 3357390.02617
    -10639725.0152 3357320.88313
    -10639688.7251 3357279.44833
    -10639585.3093 3357211.06847
    -10639572.8415 3357202.80699
    -10639551.6908 3357198.8669
    -10639527.3118 3357118.15886
    -10639517.5157 3357055.24507
    -10639516.7365 3357050.28824
    -10639502.4876 3356999.83034
    -10639502.7102 3356962.46365
    -10639502.8215 3356950.26231
    -10639496.2537 3356925.98675
    -10639496.2537 3356918.74222
    -10639496.365 3356905.77834
    -10639489.0179 3356875.91062
    -10639511.8384 3356776.1402
    -10639513.5082 3356772.96281
    -10639521.8571 3356757.71135
    -10639529.8722 3356719.96407
    -10639539.3343 3356689.3342
    -10639542.8965 3356653.74771
    -10639559.1492 3356598.97013
    -10639570.1698 3356562.11296
    -10639567.4981 3356522.58693
    -10639558.9265 3356509.49634
    -10639540.3362 3356481.02753
    -10639539.0004 3356447.34799
    -10639547.6833 3356429.17379
    -10639548.1285 3356415.9562
    -10639548.2399 3356411.76216
    -10639561.8208 3356390.02943
    -10639571.283 3356374.90551
    -10639603.7883 3356351.52065
    -10639616.7014 3356329.91511
    -10639637.4068 3356255.05854
    -10639633.1766 3356223.66721
    -10639631.5068 3356211.08527
    -10639641.8596 3356147.92162
    -10639644.7539 3356141.05878
    -10639659.8933 3356088.57093
    -10639694.1797 3355952.45933
    -10639717.3342 3355886.24682
    -10639724.6813 3355876.84238
    -10639728.2435 3355850.40832
    -10639741.3792 3355831.21825
    -10639755.2941 3355810.88442
    -10639757.4092 3355804.40302
    -10639765.2016 3355781.01917
    -10639816.4085 3355704.00526
    -10639828.765 3355672.99649
    -10639837.0026 3355652.28165
    -10639844.5724 3355609.32706
    -10639847.3553 3355509.69329
    -10639848.9138 3355454.41212
    -10639836.2234 3355370.4106
    -10639821.4179 3355315.76542
    -10639807.9482 3355250.06442
    -10639756.1847 3355165.55588
    -10639744.6074 3355153.73743
    -10639711.8795 3355120.56959
    -10639675.812 3355046.86359
    -10639598.5563 3354977.22449
    -10639589.762 3354919.78523
    -10639587.313 3354894.75093
    -10639584.7527 3354867.81053
    -10639579.5206 3354857.00897
    -10639562.4888 3354835.40587
    -10639555.0304 3354828.6708
    -10639504.2687 3354781.90659
    -10639411.9848 3354694.9866
    -10639335.9536 3354593.83482
    -10639261.4809 3354468.66692
    -10639244.5603 3354431.81568
    -10639212.389 3354378.19096
    -10639133.0182 3354326.98082
    -10639063.7774 3354309.19074
    -10639052.9795 3354312.49462
    -10639013.1271 3354310.58854
    -10639000.3253 3354300.29572
    -10638997.431 3354290.25705
    -10638946.558 3354200.6718
    -10638929.4148 3354189.74372
    -10638919.6187 3354183.39018
    -10638854.8308 3354166.99808
    -10638821.9915 3354145.65025
    -10638802.288 3354132.81615
    -10638795.4975 3354128.3687
    -10638750.0791 3354113.88271
    -10638648.6671 3354054.54115
    -10638548.5908 3353995.8352
    -10638527.5515 3353991.51486
    -10638516.6421 3353996.97882
    -10638465.4352 3354022.39262
    -10638403.6529 3354041.0718
    -10638362.7986 3354089.8665
    -10638346.7686 3354098.88845
    -10638305.6917 3354095.45757
    -10638304.1332 3354095.3305
    -10638280.5335 3354093.29738
    -10638267.3978 3354079.19264
    -10638266.1733 3354078.04901
    -10638240.2359 3354054.79529
    -10638174.6687 3353981.73056
    -10638140.8275 3353970.29438
    -10638124.7975 3353964.83043
    -10638090.7338 3353973.21696
    -10638081.049 3353975.63126
    -10638051.9946 3353997.23296
    -10638008.246 3354014.51434
    -10637744.5302 3354016.92865
    -10637655.3632 3354011.97296
    -10637592.4677 3354042.85077
    -10637546.7154 3354063.81722
    -10637543.2645 3354065.59619
    -10637518.7742 3354078.43022
    -10637504.9706 3354092.15375
    -10637488.718 3354094.18687
    -10637481.5935 3354094.18687
    -10637470.2389 3354094.18687
    -10637447.975 3354094.0598
    -10637431.6111 3354093.93273
    -10637421.0357 3354097.49069
    -10637409.5698 3354093.80566
    -10637401.7774 3354090.12064
    -10637318.3991 3354050.47493
    -10637230.1228 3354040.81766
    -10637175.2423 3354074.23692
    -10637123.3674 3354080.2092
    -10637095.7602 3354068.64586
    -10637091.1961 3354068.39172
    -10637081.5113 3354067.88344
    -10636954.8297 3354011.59175
    -10636949.8203 3354006.50899
    -10636941.8053 3353998.37658
    -10636919.7641 3353993.29382
    -10636871.3401 3353972.07334
    -10636834.716 3353956.0627
    -10636767.9243 3353900.40682
    -10636721.1701 3353884.52334
    -10636691.3365 3353874.35792
    -10636667.6254 3353866.22559
    -10636621.6505 3353870.67295
    -10636606.7336 3353872.0707
    -10636601.3903 3353873.59551
    -10636574.0057 3353904.21886
    -10636525.0251 3353950.47169
    -10636517.6781 3353957.33339
    -10636475.3766 3353984.27194
    -10636434.8563 3354010.32106
    -10636433.4092 3354011.21054
    -10636356.9327 3354073.34744
    -10636353.4818 3354075.25348
    -10636332.3311 3354086.56268
    -10636307.9521 3354099.77794
    -10636204.091 3354161.15283
    -10636100.23 3354222.52801
    -10636047.0192 3354253.91459
    -10635996.0349 3354284.03054
    -10635993.9198 3354285.30125
    -10635957.9637 3354306.52224
    -10635944.828 3354314.27362
    -10635941.5997 3354316.1797
    -10635922.1188 3354327.74325
    -10635897.2945 3354342.48362
    -10635872.4703 3354357.09693
    -10635866.5703 3354360.40081
    -10635849.3158 3354361.03617
    -10635816.2539 3354362.43397
    -10635791.4297 3354356.58864
    -10635786.0864 3354355.31792
    -10635733.6549 3354343.24605
    -10635702.3741 3354330.28469
    -10635687.012 3354326.09132
    -10635681.1121 3354320.37308
    -10635673.8763 3354313.51119
    -10635665.0821 3354298.64378
    -10635652.2803 3354227.35671
    -10635670.5367 3354130.52889
    -10635655.7312 3354085.80027
    -10635619.9977 3354074.23692
    -10635586.0452 3354083.64008
    -10635509.5687 3354193.80998
    -10635505.0046 3354210.07505
    -10635504.6707 3354211.34576
    -10635503.4462 3354211.47283
    -10635491.0897 3354212.10818
    -10635468.7145 3354225.06943
    -10635464.8183 3354227.35671
    -10635462.8146 3354230.15227
    -10635457.6939 3354231.67712
    -10635448.677 3354234.34562
    -10635439.3261 3354233.83733
    -10635428.9734 3354232.82077
    -10635364.9647 3354215.41203
    -10635323.5539 3354209.56677
    -10635308.4144 3354222.78215
    -10635295.0561 3354258.74331
    -10635293.9429 3354304.36202
    -10635283.4789 3354323.4228
    -10635281.3638 3354366.62736
    -10635269.7866 3354395.21869
    -10635269.23 3354396.48942
    -10635245.0736 3354397.76014
    -10635192.0856 3354400.80989
    -10635180.731 3354399.53916
    -10635160.2482 3354397.25185
    -10635139.6541 3354394.96454
    -10635114.2732 3354387.46726
    -10635091.3414 3354381.2407
    -10635042.6948 3354367.13565
    -10635014.7536 3354358.36766
    -10634995.0501 3354334.22393
    -10634990.0407 3354331.04713
    -10634989.0388 3354327.74325
    -10634987.2577 3354325.83717
    -10634977.1276 3354315.03605
    -10634987.9256 3354286.95318
    -10634992.601 3354277.16867
    -10635017.5366 3354224.307
    -10635020.2083 3354162.80475
    -10635001.1726 3354148.19165
    -10634957.2014 3354136.62826
    -10634939.5016 3354143.49005
    -10634926.5886 3354148.44579
    -10634922.0245 3354149.84357
    -10634907.1077 3354127.60627
    -10634904.102 3354123.03175
    -10634892.3022 3354105.36902
    -10634880.057 3354087.19803
    -10634870.0383 3354081.98817
    -10634864.361 3354079.06557
    -10634847.1065 3354070.1707
    -10634837.4217 3354065.21498
    -10634827.6255 3354060.1322
    -10634772.5224 3354031.79574
    -10634763.5055 3354026.84004
    -10634754.6 3354022.01141
    -10634746.1397 3354018.07227
    -10634721.3154 3354011.97296
    -10634707.8458 3354008.79623
    -10634682.2423 3354002.69692
    -10634656.6388 3353996.72468
    -10634654.6351 3353996.21641
    -10634644.8389 3353993.92917
    -10634632.9278 3353991.13365
    -10634561.3493 3353973.97937
    -10634540.6439 3353960.00183
    -10634463.4995 3353907.6497
    -10634403.387 3353911.97001
    -10633550.2344 3354438.55055
    -10633447.4865 3354515.81124
    -10633359.9894 3354533.60159
    -10633295.8693 3354535.76185
    -10633081.1341 3354598.02828
    -10633043.5081 3354608.06719
    -10632790.1449 3354675.7982
    -10632470.4353 3354775.04446
    -10632427.132 3354788.76872
    -10632342.6405 3354815.70896
    -10632289.9864 3354832.4831
    -10632280.6356 3354835.40587
    -10632279.9677 3354835.66003
    -10632277.9639 3354836.29541
    -10632276.7394 3354836.67664
    -10632267.1659 3354839.72649
    -10632215.0684 3354856.24651
    -10632140.1504 3354880.13703
    -10632104.4168 3354891.574
    -10631977.0673 3354932.11178
    -10631818.9937 3354969.98103
    -10631565.4079 3355030.72457
    -10631504.1821 3355028.94546
    -10631472.4561 3355012.17107
    -10631467.3354 3355009.50242
    -10631457.9846 3354981.79931
    -10631451.4167 3354829.68741
    -10631444.2923 3354652.79758
    -10631443.4017 3354491.92137
    -10631463.2166 3354379.96997
    -10631503.6255 3354303.9808
    -10631522.7725 3354230.0252
    -10631522.5499 3354131.16424
    -10631514.8688 3354010.82933
    -10631514.8688 3354010.06692
    -10631514.5349 3354005.61951
    -10631484.8126 3353931.79264
    -10631473.3466 3353890.87673
    -10631464.9977 3353855.04364
    -10631476.1296 3353828.23242
    -10631502.401 3353809.93475
    -10631525.7781 3353797.60925
    -10631616.1696 3353771.56054
    -10631707.5629 3353743.6059
    -10631764.1132 3353670.66996
    -10631804.4108 3353575.24393
    -10631820.3295 3353494.17681
    -10631824.671 3353487.95068
    -10631811.9805 3353438.14169
    -10631800.1807 3353391.3824
    -10631789.828 3353326.83452
    -10631785.7091 3353301.42205
    -10631474.1259 3351344.68181
    -10631036.4176 3348540.24146
    -10631036.4176 3348381.97984
    -10630527.131 3345748.96677
    -10630941.4621 3345575.75388
    -10634772.1884 3343897.45853
    -10634575.7095 3343897.45853
    -10640123.539 3340681.39335
    -10644952.1332 3337883.01487
    -10648865.4586 3335582.63526
    -10658867.7375 3329704.87804
    -10661940.9347 3328036.70299
    -10666618.2457 3325712.79263
    -10672782.8965 3322650.70935
    -10676976.0791 3320713.562
    -10681169.1503 3318776.56922
    -10683367.4876 3317761.10065
    -10685565.8249 3316745.83604
    -10686633.0449 3316252.93087
    -10686698.1668 3316222.90099
    -10686698.1668 3316371.91068
    -10686698.1668 3316395.47869
    -10686708.2969 3316390.4103
    -10692179.9838 3313647.17129
    -10695136.7408 3312160.11306
    -10695390.8832 3312159.98639
    -10697171.2158 3311220.89029
    -10699029.1381 3310255.26327
    -10700586.1638 3309438.3851
    -10702698.3398 3308309.27564
    -10705046.7358 3307098.71678
    -10705133.2311 3307052.75316
    -10706958.2028 3306085.65435
    -10708865.4396 3304850.22965
    -10710920.6201 3303469.08936
    -10712882.1808 3302216.05879
    -10712885.4091 3302204.41384
    -10714528.5961 3301101.35373
    -10715412.8068 3300495.12068
    -10715417.7049 3300469.68227
    -10715425.1633 3300432.22083
    -10715592.5878 3299587.34111
    -10715937.5669 3298764.40655
    -10716401.1012 3298009.34555
    -10716924.0802 3297339.35466
    -10717650.1059 3296698.62413
    -10718097.3876 3296335.75951
    -10718583.7425 3295995.04514
    -10719418.5274 3295488.48098
    -10720460.2552 3295072.89504
    -10721449.4401 3294873.39305
    -10722378.1787 3294800.6521
    -10722452.3174 3294538.02893
    -10722761.3403 3294052.392
    -10723266.2856 3293432.56313
    -10723783.0306 3292927.36051
    -10724290.9815 3292451.90049
    -10724720.8973 3292209.18078
    -10724663.3452 3291996.44101
    -10724774.776 3291292.72891
    -10725046.3955 3290136.06008
    -10725369.89 3289400.19936
    -10725931.9421 3288483.81254
    -10726667.43 3287577.22385
    -10727633.0152 3286498.62728
    -10728443.9777 3285681.67732
    -10729094.0835 3285218.73574
    -10730006.6807 3284642.92539
    -10730664.3563 3284288.0969
    -10730354.8881 3286548.43982
    -10730045.8652 3288917.52999
    -10729750.0893 3291206.09544
    -10729480.8075 3293358.94454
    -10729367.5955 3294237.71374
    -10729202.8427 3295516.31368
    -10729143.9547 3296371.05867
    -10729097.9797 3296646.37
    -10729085.6233 3296720.00662
    -10729062.0235 3296861.58744
    -10729025.956 3297076.80833
    -10729003.6921 3297194.98518
    -10728969.9623 3297374.65646
    -10728967.2906 3297388.95435
    -10728917.3082 3297663.40084
    -10728867.6597 3297917.22773
    -10728863.4296 3297938.99177
    -10728836.6016 3298078.05472
    -10728831.3695 3298105.26011
    -10728760.6817 3298460.07402
    -10728682.8693 3298835.39737
    -10728642.0151 3299059.00195
    -10728553.9614 3299530.51992
    -10728543.1634 3299594.93416
    -10728531.9201 3299659.0956
    -10728518.1165 3299738.31706
    -10728443.8664 3300061.40876
    -10728400.8971 3300389.95026
    -10728348.9109 3300614.97293
    -10728279.7815 3300969.347
    -10728236.7008 3301208.68135
    -10727936.6948 3302827.30636
    -10727586.261 3304620.7049
    -10727472.9378 3305201.55065
    -10727256.8667 3306364.5839
    -10727248.8517 3306407.5064
    -10727239.9461 3306456.00012
    -10727220.6878 3306559.57215
    -10727055.8237 3307448.32405
    -10726858.4542 3308452.37194
    -10726123.4116 3312194.94727
    -10725905.8933 3313273.58603
    -10725901.6632 3313295.88177
    -10725887.6369 3313367.20306
    -10723066.0218 3327807.28662
    -10722713.0277 3329641.96732
    -10722707.6844 3329669.87123
    -10722684.6412 3329789.73188
    -10722664.9377 3329892.08993
    -10722659.483 3329921.26275
    -10722637.4418 3330039.73043
    -10722627.757 3330091.4811
    -10722618.1835 3330143.23197
    -10722597.3667 3330278.82527
    -10722611.1704 3330942.09811
    -10722629.0928 3331801.52261
    -10722632.989 3331928.50649
    -10722633.1003 3331931.29736
    -10722635.772 3332021.74718
    -10722642.0059 3332338.26296
    -10722647.1266 3332593.63769
    -10722657.5906 3333122.671
    -10722660.5962 3333275.8028
    -10722663.4905 3333374.76215
    -10722674.3998 3333920.57425
    -10722675.4017 3333979.69889
    -10722676.2923 3334000.50677
    -10722677.0715 3334017.88898
    -10722682.0809 3334259.33919
    -10722685.4205 3334421.23889
    -10722530.2411 3337837.57957
    -10722518.6639 3338103.34024
    -10722517.9959 3338118.82408
    -10722517.7733 3338122.88541
    -10722516.8827 3338145.3497
    -10722514.3224 3338198.02036
    -10722452.7627 3339525.00905
    -10722432.6139 3339960.13283
    -10722432.0573 3339971.17613
    -10722431.8347 3339975.99964
    -10722431.7233 3339977.26898
    -10722431.7233 3339978.41139
    -10722427.9385 3340064.60021
    -10722401.5558 3340666.66817
    -10722400.7765 3340685.45547
    -10722399.886 3340705.63914
    -10722364.375 3341496.76196
    -10722363.0392 3341526.21417
    -10722362.9279 3341529.26096
    -10722362.7053 3341532.18079
    -10722362.7053 3341533.06944
    -10722362.3713 3341540.55945
    -10722360.1449 3341589.81593
    -10722357.8072 3341642.24636
    -10722352.4639 3341761.19944
    -10722338.4376 3342073.63093
    -10722333.6509 3342180.90796
    -10722330.7566 3342245.52851
    -10722320.4038 3342475.19427
    -10722307.9361 3342738.50861
    -10722307.6021 3342746.12627
    -10722307.1568 3342756.02923
    -10722306.7115 3342766.05916
    -10722306.6002 3342767.96358
    -10722306.6002 3342768.72534
    -10722306.4889 3342769.36015
    -10722306.3776 3342771.77241
    -10722306.2663 3342774.4386
    -10722305.821 3342783.57981
    -10722254.3914 3343893.77634
    -10722241.2557 3344233.04981
    -10722240.6991 3344246.50919
    -10722240.1425 3344261.61927
    -10722239.9199 3344267.33317
    -10722236.3576 3344360.2796
    -10722236.0237 3344367.26331
    -10722211.1994 3344828.704
    -10722187.8223 3345262.35098
    -10722180.9205 3345393.14627
    -10722180.8092 3345394.92407
    -10722180.6979 3345396.32092
    -10722180.5866 3345398.86065
    -10722146.7454 3346060.85727
    -10722146.6341 3346063.52411
    -10722087.4121 3347211.33442
    -10722072.384 3347511.1937
    -10722072.2727 3347513.98785
    -10722053.0144 3347882.05828
    -10722009.3772 3348715.5254
    -10722009.1545 3348719.84402
    -10721997.466 3348938.69823
    -10721996.9094 3348950.00305
    -10721980.3228 3349274.67126
    -10721978.8756 3349303.25159
    -10721977.6511 3349327.64018
    -10721977.0945 3349338.56426
    -10721976.9832 3349339.45343
    -10721976.7606 3349344.15332
    -10721976.5379 3349348.7262
    -10721975.5361 3349368.0339
    -10721966.5192 3349545.23418
    -10721954.7193 3349777.56704
    -10721931.0083 3350244.15048
    -10721929.4498 3350275.7817
    -10721892.937 3351108.00204
    -10721892.8257 3351111.43216
    -10721890.8219 3351155.51552
    -10721810.6719 3352988.34449
    -10721810.1153 3353001.55866
    -10721770.2629 3353913.6219
    -10721769.261 3353937.25658
    -10721769.0384 3353942.97466
    -10721768.9271 3353943.73706
    -10721768.8158 3353946.27843
    -10721768.7044 3353949.45514
    -10721768.1479 3353962.79733
    -10721764.6969 3354043.1049
    -10721757.9065 3354199.01988
    -10721723.3974 3354990.05941
    -10721679.0923 3356033.79569
    -10721659.0547 3356510.38599
    -10721642.0229 3356914.29383
    -10721598.163 3357955.00439
    -10721596.9385 3357983.34927
    -10721595.1574 3358027.70976
    -10721582.4669 3358330.61071
    -10721560.203 3358861.68923
    -10721547.9579 3359153.04152
    -10721547.5126 3359161.55846
    -10721517.1224 3359690.89066
    -10721515.3413 3359721.52749
    -10721514.896 3359727.88369
    -10721514.896 3359728.64643
    -10721514.7847 3359730.17192
    -10721514.6734 3359732.33303
    -10721513.4489 3359753.18138
    -10721512.6696 3359767.41931
    -10721512.0017 3359779.11475
    -10721491.7416 3359921.87632
    -10721492.7434 3359963.44654
    -10721493.5227 3359991.03296
    -10721429.4026 3361401.95847
    -10721421.7216 3361593.56
    -10721421.3876 3361602.20565
    -10721419.8292 3361642.76402
    -10721414.4858 3361778.55283
    -10721414.0405 3361790.12292
    -10721413.8179 3361795.5901
    -10721413.7066 3361797.6244
    -10721413.7066 3361798.51441
    -10721413.5953 3361799.15013
    -10721413.0387 3361813.39026
    -10721411.8142 3361844.2863
    -10721409.4765 3361903.66286
    -10721390.5521 3362385.29666
    -10721390.1069 3362396.86728
    -10721361.4978 3363121.13178
    -10721361.2751 3363127.87108
    -10721361.0525 3363134.22892
    -10721324.0944 3364075.09556
    -10721323.9831 3364078.40187
    -10721322.8699 3364106.50557
    -10721322.4246 3364118.33202
    -10721321.5341 3364141.09481
    -10721321.4227 3364143.12947
    -10721321.3114 3364145.79997
    -10721321.2001 3364148.3433
    -10721320.8661 3364156.3548
    -10721319.9756 3364178.73614
    -10721312.8511 3364360.45883
    -10721311.9606 3364383.98505
    -10721267.7667 3365509.73162
    -10721256.5235 3365797.03367
    -10721244.9462 3366090.70124
    -10721246.1708 3366270.92403
    -10721246.1708 3366272.45027
    -10721246.1708 3366273.84933
    -10721247.3953 3366456.36402
    -10721247.7292 3366503.29678
    -10721247.8406 3366517.54199
    -10721247.8406 3366519.32264
    -10721247.8406 3366520.59453
    -10721247.9519 3366521.35767
    -10721247.9519 3366522.1208
    -10721247.9519 3366525.68211
    -10721248.3971 3366586.86039
    -10721248.5085 3366608.22835
    -10721248.8424 3366655.28883
    -10721248.9537 3366672.96836
    -10721249.399 3366735.67363
    -10721249.5103 3366753.86203
    -10721192.7374 3367999.38187
    -10721192.6261 3368002.43476
    -10721192.5148 3368006.12367
    -10721192.4034 3368007.0141
    -10721192.4034 3368008.03173
    -10721186.8375 3368143.25005
    -10721177.3753 3368339.02015
    -10721126.7249 3369451.87383
    -10721125.9457 3369468.7938
    -10721088.6537 3370974.63081
    -10720896.8502 3371085.57796
    -10719860.0205 3371685.37035
    -10719844.2131 3371694.53159
    -10719821.2813 3371724.43288
    -10719815.4927 3371731.81278
    -10719800.0193 3371752.04392
    -10719795.0099 3371758.6604
    -10719631.7042 3371855.4904
    -10719615.2289 3371865.41519
    -10719548.1032 3371905.87791
    -10719480.9776 3371946.2135
    -10719465.6155 3371955.37492
    -10718658.2152 3372441.19349
    -10718511.7188 3372529.88467
    -10717623.0553 3373066.37089
    -10717587.8783 3373087.6221
    -10717578.0822 3373093.60299
    -10717185.4584 3373330.67729
    -10716804.7457 3373560.50219
    -10716796.9534 3373565.21072
    -10716773.7989 3373579.20904
    -10716735.2824 3373602.75172
    -10716266.8499 3373885.77618
    -10716174.5661 3373933.88076
    -10716051.6694 3373997.38417
    -10715960.1647 3374044.98012
    -10715748.4351 3374155.0623
    -10715744.9842 3374156.84398
    -10715667.8398 3374197.05921
    -10715532.2526 3374278.76268
    -10715371.6186 3374375.61122
    -10714527.9282 3374886.97315
    -10713389.7977 3375602.76051
    -10713269.016 3375678.7452
    -10713240.1843 3375696.43684
    -10713177.7341 3375734.62032
    -10712872.2734 3375919.93905
    -10712566.8127 3376105.26039
    -10712421.5408 3376193.46713
    -10712276.1575 3376281.67447
    -10712255.4521 3376294.27557
    -10712233.6335 3376311.84075
    -10712175.3021 3376349.89873
    -10712092.4804 3376404.24929
    -10711908.5806 3376515.3695
    -10710986.6325 3377072.89401
    -10710453.6348 3377395.19979
    -10709744.9749 3377823.68012
    -10708760.688 3378418.81486
    -10708105.9067 3378822.75802
    -10707940.9313 3378921.67698
    -10707924.456 3378931.60711
    -10707277.2445 3379318.50605
    -10707270.7879 3379322.32545
    -10706304.6461 3379906.70594
    -10706107.6106 3380026.51351
    -10706098.4824 3380032.11559
    -10705791.5745 3380219.02277
    -10705537.6548 3380374.61101
    -10705133.3424 3380622.2573
    -10704168.425 3381213.31684
    -10704163.9723 3381216.11814
    -10703746.5242 3381458.5596
    -10703737.396 3381463.90763
    -10703325.6252 3381718.95997
    -10703278.7597 3381747.9927
    -10703107.8842 3381857.88472
    -10703087.2901 3381872.01921
    -10702500.4138 3382218.8922
    -10702196.8455 3382403.28362
    -10701594.0505 3382765.45221
    -10701529.7078 3382804.29297
    -10701499.2063 3382822.63094
    -10700613.8824 3383354.57056
    -10700088.7883 3383685.30855
    -10699934.7222 3383782.35378
    -10699932.4958 3383783.62734
    -10699879.7303 3383815.08442
    -10699664.8837 3383943.71534
    -10698402.4094 3384699.47933
    -10697807.2954 3385055.72493
    -10697590.3337 3385185.64171
    -10697552.5964 3385208.18623
    -10696963.0484 3385561.2613
    -10695685.7685 3386340.30179
    -10695254.7395 3386606.2765
    -10694845.529 3386858.62627
    -10694840.0743 3386862.0657
    -10694836.2895 3386864.35865
    -10693858.5704 3387459.13887
    -10693616.3392 3387606.65975
    -10692476.205 3388300.08106
    -10692228.9644 3388450.54164
    -10692220.9494 3388455.3829
    -10691842.3518 3388685.72733
    -10691702.3119 3388771.0883
    -10691403.0851 3388953.15108
    -10691373.6967 3388970.98802
    -10691009.1254 3389192.93251
    -10690990.9803 3389203.76228
    -10690972.8352 3389214.71946
END
END
