48333 Mills County
1
    -11003513.2149 3686173.05194
    -11003528.6884 3686173.83454
    -11003572.103 3686183.35622
    -11003611.0648 3686198.87787
    -11003645.6851 3686226.52994
    -11003651.8077 3686231.61688
    -11003691.8827 3686265.52989
    -11003738.303 3686341.31277
    -11003762.1253 3686370.26952
    -11003860.4204 3686449.57484
    -11003908.3991 3686468.09688
    -11004006.0263 3686476.44485
    -11004024.8393 3686469.53168
    -11004062.688 3686455.96624
    -11004085.1745 3686439.79208
    -11004112.7817 3686435.87898
    -11004163.8774 3686458.44454
    -11004165.4358 3686459.61847
    -11004194.1563 3686480.22752
    -11004279.427 3686506.44541
    -11004314.8266 3686528.88067
    -11004335.6433 3686528.48936
    -11004367.592 3686536.31562
    -11004409.4482 3686557.44655
    -11004459.7646 3686606.36088
    -11004477.1304 3686654.49277
    -11004483.587 3686738.49576
    -11004474.7927 3686784.41069
    -11004465.1079 3686804.7594
    -11004454.9778 3686826.67344
    -11004357.3506 3686975.24644
    -11004214.8617 3687255.43993
    -11004196.8279 3687361.2316
    -11004205.8448 3687468.32866
    -11004228.888 3687554.03308
    -11004275.9761 3687671.30691
    -11004310.2625 3687737.70605
    -11004477.7983 3687997.17491
    -11004542.8089 3688147.5885
    -11004587.6707 3688290.307
    -11004612.161 3688355.7963
    -11004656.4661 3688473.99102
    -11004688.9714 3688631.84669
    -11004787.6005 3688906.72915
    -11004877.6579 3689196.4909
    -11004914.2821 3689277.51062
    -11004966.2683 3689366.4894
    -11005028.7185 3689442.29149
    -11005067.1237 3689475.16965
    -11005131.689 3689530.61913
    -11005208.3882 3689604.59565
    -11005486.5756 3689868.14879
    -11005705.7636 3690092.69533
    -11005818.6416 3690175.93908
    -11005882.6503 3690230.60887
    -11006127.9985 3690410.66864
    -11006271.2667 3690507.22351
    -11006357.9845 3690553.93547
    -11006436.3535 3690585.25085
    -11006474.4247 3690595.42836
    -11006522.5147 3690608.47647
    -11006628.4909 3690628.83155
    -11006684.5959 3690632.87647
    -11006777.659 3690624.00374
    -11006836.547 3690608.73743
    -11006975.8077 3690589.6872
    -11007038.4806 3690574.02949
    -11007139.336 3690552.89162
    -11007188.3166 3690537.10348
    -11007234.2916 3690514.39992
    -11007322.1226 3690515.31328
    -11007417.0782 3690517.53144
    -11007466.2814 3690518.70576
    -11007506.6904 3690507.87591
    -11007564.6878 3690477.73505
    -11007656.6377 3690452.422
    -11007738.0123 3690430.24051
    -11007829.5169 3690411.32103
    -11007852.3374 3690414.32205
    -11007878.2748 3690404.53612
    -11007925.8082 3690360.04287
    -11007968.8889 3690282.66936
    -11007989.9283 3690229.3041
    -11008027.109 3690123.48762
    -11008103.8081 3690006.32075
    -11008230.935 3689903.37662
    -11008311.1963 3689807.47888
    -11008371.8654 3689735.19726
    -11008467.4889 3689632.64683
    -11008603.2987 3689513.00574
    -11008632.7983 3689474.64778
    -11008703.3749 3689393.62676
    -11008718.5143 3689379.40573
    -11008775.2873 3689326.69676
    -11008930.4666 3689222.32322
    -11008967.4247 3689202.10095
    -11009003.047 3689191.1418
    -11009035.2183 3689185.00989
    -11009128.3927 3689192.31599
    -11009154.6641 3689201.97048
    -11009158.6716 3689202.49235
    -11009205.3145 3689209.66799
    -11009217.6709 3689216.1913
    -11009256.1875 3689262.76786
    -11009265.093 3689293.42759
    -11009278.674 3689308.56179
    -11009380.8653 3689364.92379
    -11009713.154 3689505.17757
    -11009815.4566 3689537.79496
    -11009884.4747 3689549.79819
    -11009938.6873 3689547.84114
    -11009968.5209 3689546.79738
    -11010000.6922 3689540.6653
    -11010039.5427 3689524.35659
    -11010157.764 3689440.85634
    -11010206.6333 3689426.11338
    -11010272.5344 3689390.49552
    -11010300.5869 3689365.96753
    -11010443.7438 3689296.95021
    -11010534.4692 3689275.03174
    -11010664.8243 3689259.89759
    -11010740.7442 3689260.68039
    -11010866.4239 3689274.11847
    -11010899.2632 3689273.33567
    -11010921.0818 3689265.76859
    -11010944.3476 3689267.7256
    -11010983.866 3689282.33789
    -11011038.3012 3689346.00596
    -11011104.2023 3689381.62369
    -11011389.4029 3689481.56264
    -11011417.678 3689488.99938
    -11011486.8074 3689500.87208
    -11011551.9293 3689495.65331
    -11011596.2345 3689480.64935
    -11011632.636 3689456.904
    -11011765.6628 3689361.00975
    -11011837.5752 3689317.3031
    -11011886.1104 3689296.95021
    -11011919.6176 3689282.99023
    -11011993.3111 3689264.07253
    -11012172.2015 3689229.23794
    -11012219.067 3689226.49814
    -11012302.0001 3689239.93619
    -11012369.4597 3689272.94427
    -11012477.2169 3689346.91923
    -11012511.392 3689362.18396
    -11012549.9086 3689366.35894
    -11012557.7009 3689367.27221
    -11012606.3476 3689352.26841
    -11012629.7246 3689354.09496
    -11012736.7027 3689386.58148
    -11013039.0464 3689526.18316
    -11013118.4172 3689570.54291
    -11013153.2602 3689589.98297
    -11013192.1107 3689623.51388
    -11013227.733 3689694.0987
    -11013262.576 3689834.22579
    -11013277.4928 3689940.17024
    -11013312.0018 3690123.35715
    -11013363.988 3690332.1205
    -11013410.5196 3690580.29257
    -11013418.4232 3690621.52459
    -11013424.6571 3690742.08991
    -11013438.1268 3690825.07711
    -11013454.0455 3690872.83415
    -11013458.053 3690928.15949
    -11013451.4851 3690978.91809
    -11013454.6021 3691062.68982
    -11013480.4282 3691289.4766
    -11013463.1737 3691394.78122
    -11013450.3719 3691424.66336
    -11013423.9892 3691456.37244
    -11013416.4195 3691489.38651
    -11013409.963 3691582.81811
    -11013409.5177 3691590.6476
    -11013412.9686 3691707.43818
    -11013447.8116 3691955.76867
    -11013481.764 3692078.69608
    -11013495.1224 3692103.09902
    -11013552.6745 3692164.17182
    -11013594.5307 3692184.92098
    -11013616.4606 3692201.10274
    -11013633.3812 3692213.50008
    -11013684.1429 3692251.08364
    -11013701.1747 3692263.61152
    -11013779.9889 3692304.32722
    -11013807.4849 3692322.72763
    -11013931.1608 3692405.33407
    -11013986.8206 3692429.86816
    -11014060.0688 3692445.52824
    -11014137.3245 3692450.09577
    -11014237.6234 3692456.22931
    -11014251.6496 3692455.96831
    -11014255.1005 3692455.1853
    -11014259.9986 3692455.83781
    -11014263.2269 3692455.70731
    -11014425.0854 3692452.83629
    -11014527.1654 3692441.35222
    -11014610.321 3692417.60111
    -11014647.2791 3692414.7301
    -11014653.6243 3692411.98959
    -11014755.0364 3692369.44653
    -11014929.2514 3692317.11616
    -11015023.9843 3692277.44441
    -11015087.993 3692239.07777
    -11015153.0035 3692172.39318
    -11015220.5745 3692066.29889
    -11015256.642 3692044.89745
    -11015314.6394 3692026.49745
    -11015377.6463 3691985.91317
    -11015437.6475 3691940.89218
    -11015484.4017 3691894.8274
    -11015535.2747 3691833.75595
    -11015641.4735 3691679.12125
    -11015667.6336 3691641.14797
    -11015694.2389 3691571.20436
    -11015703.9237 3691516.00661
    -11015701.6973 3691460.02617
    -11015674.5354 3691395.82513
    -11015648.3753 3691362.81132
    -11015565.1083 3691298.6108
    -11015516.7956 3691261.42162
    -11015481.5074 3691239.63013
    -11015436.423 3691224.75451
    -11015399.3536 3691170.8632
    -11015384.2141 3691097.79061
    -11015383.6575 3691023.15262
    -11015395.9027 3690978.0047
    -11015439.8739 3690908.58682
    -11015481.73 3690857.95899
    -11015535.9426 3690801.85108
    -11015553.4198 3690783.97489
    -11015816.2451 3690543.36655
    -11015987.7884 3690327.29281
    -11016041.1104 3690250.44141
    -11016084.9703 3690204.90491
    -11016109.238 3690160.02095
    -11016154.545 3690106.39528
    -11016207.0878 3690028.8929
    -11016246.7175 3689944.08446
    -11016311.8394 3689753.98522
    -11016347.7956 3689683.13911
    -11016447.5379 3689535.96839
    -11016488.2808 3689491.21736
    -11016551.399 3689382.53697
    -11016585.3514 3689358.13946
    -11016622.1982 3689351.35514
    -11016677.3013 3689355.66057
    -11016682.756 3689356.18244
    -11016776.3757 3689376.53544
    -11016849.8465 3689390.62599
    -11016901.6101 3689412.15326
    -11016942.4644 3689443.46571
    -11016973.7451 3689489.7822
    -11017000.3505 3689554.62557
    -11017020.2767 3689641.12743
    -11017023.0597 3689748.63587
    -11017020.1654 3689770.9466
    -11017007.3636 3689867.75737
    -11016977.0847 3689990.01142
    -11016916.8609 3690172.15526
    -11016897.7139 3690249.26712
    -11016906.6195 3690304.32867
    -11016910.5157 3690312.80974
    -11016932.0003 3690321.9432
    -11016947.3624 3690339.55776
    -11016969.6263 3690405.31899
    -11016981.0922 3690523.66401
    -11016981.3149 3690525.49074
    -11016971.0735 3690561.1119
    -11016960.2755 3690576.24767
    -11016940.1267 3690588.12143
    -11016858.6408 3690608.34599
    -11016754.4457 3690648.79521
    -11016713.1462 3690670.45518
    -11016688.322 3690698.24784
    -11016652.6997 3690707.38159
    -11016627.8755 3690735.17433
    -11016595.3702 3690792.06484
    -11016576.7798 3690839.95224
    -11016568.3196 3690890.71047
    -11016573.7742 3690960.38922
    -11016614.9624 3691028.37205
    -11016644.3508 3691136.41464
    -11016672.5146 3691462.63597
    -11016668.8411 3691523.3141
    -11016659.1563 3691563.63586
    -11016668.7297 3691593.90989
    -11016657.8204 3691623.40105
    -11016667.2826 3691649.62996
    -11016701.1237 3691687.99475
    -11016735.4101 3691759.50495
    -11016785.6152 3691801.39342
    -11016823.4638 3691820.31505
    -11016886.4707 3691838.58423
    -11017051.0009 3691876.03615
    -11017427.4834 3691928.23414
    -11017524.3313 3691941.67516
    -11017822.7789 3692000.78971
    -11017994.2109 3692049.98681
    -11018101.5229 3692092.26776
    -11018205.9406 3692145.11916
    -11018328.392 3692223.02646
    -11018507.5051 3692353.00355
    -11018527.8765 3692367.75003
    -11018735.2648 3692535.3131
    -11018802.1678 3692600.56414
    -11018873.1896 3692687.47906
    -11018904.4704 3692728.32668
    -11018959.9075 3692820.72371
    -11019002.9881 3692869.53259
    -11019075.6798 3692912.0774
    -11019234.0874 3692982.4202
    -11019322.1411 3693035.79747
    -11019479.4356 3693145.42391
    -11019522.7388 3693187.96967
    -11019591.3116 3693243.04446
    -11019623.483 3693244.87159
    -11019641.2941 3693241.34784
    -11019655.4317 3693238.60715
    -11019672.9088 3693228.68845
    -11019691.3879 3693231.69016
    -11019825.6392 3693298.38052
    -11019871.5028 3693327.87579
    -11020019.5577 3693417.2756
    -11020057.295 3693449.64241
    -11020067.4251 3693463.86817
    -11020076.2193 3693505.10992
    -11020083.1212 3693598.16539
    -11020051.2838 3693962.82437
    -11020042.1556 3694067.76047
    -11020006.0881 3694232.21438
    -11019932.8398 3694367.82526
    -11019905.01 3694432.30295
    -11019887.0875 3694459.45156
    -11019867.384 3694472.11222
    -11019809.4978 3694489.86328
    -11019712.7612 3694501.61032
    -11019645.8582 3694552.77534
    -11019488.3411 3694740.07768
    -11019420.2136 3694829.48782
    -11019363.6633 3694920.85653
    -11019318.2449 3694974.3728
    -11019250.4514 3695038.59264
    -11019217.1668 3695056.99717
    -11019210.0424 3695061.04356
    -11019175.8673 3695104.64023
    -11019163.2882 3695248.48422
    -11019201.5821 3695426.26835
    -11019230.0799 3695515.42244
    -11019248.0023 3695535.91623
    -11019275.9435 3695567.89705
    -11019328.9316 3695606.27414
    -11019355.4256 3695625.59327
    -11019413.7571 3695663.97054
    -11019473.4243 3695715.79311
    -11019537.3217 3695754.82335
    -11019595.2078 3695772.44574
    -11019626.7112 3695782.10543
    -11019695.3954 3695775.83968
    -11019695.7293 3695790.85137
    -11019695.952 3695801.2943
    -11019697.2878 3695861.86344
    -11018419.7853 3696800.07082
    -11018411.659 3696806.076
    -11018403.5327 3696812.08118
    -11018149.7242 3696998.50432
    -11018132.6924 3697006.99004
    -11018114.2133 3697016.78126
    -11017393.9762 3697424.49451
    -11017381.6198 3697431.41387
    -11017380.3952 3697432.84997
    -11017377.0557 3697437.28881
    -11017375.9425 3697438.85546
    -11017214.7518 3697526.32704
    -11016731.18 3697788.74553
    -11016570.1007 3697876.35018
    -11016570.5459 3697876.35018
    -11016572.2157 3697876.35018
    -11016572.7723 3697876.35018
    -11016568.4309 3697879.09191
    -11016555.7404 3697887.7088
    -11016551.5103 3697890.71166
    -11016187.2729 3698136.42609
    -11015094.6721 3698874.12136
    -11014730.5461 3699119.98617
    -11014707.6143 3699135.26311
    -11014639.1528 3699181.48579
    -11014616.4436 3699196.89338
    -11014616.3323 3699197.02396
    -11014547.4255 3699243.37744
    -11014340.7052 3699382.96123
    -11014271.9098 3699429.57657
    -11014269.2381 3699431.27405
    -11014261.4457 3699436.62764
    -11014258.8854 3699438.4557
    -11014047.601 3699580.91442
    -11013809.8226 3699750.27402
    -11013066.431 3700279.78277
    -11012471.8736 3700703.14513
    -11012026.039 3701021.13362
    -11011937.6514 3701083.81816
    -11011673.2676 3701273.04907
    -11011585.1025 3701336.1267
    -11011561.2802 3701353.10417
    -11011521.6504 3701381.31294
    -11011331.4054 3701516.87266
    -11011268.0646 3701562.19017
    -11011233.4443 3701586.74267
    -11011129.8058 3701660.79225
    -11011095.2968 3701685.47554
    -11010956.1474 3701784.60102
    -11010767.9062 3701918.85921
    -11010760.1138 3701924.3445
    -11010752.4328 3701929.82979
    -11010539.0333 3702081.85168
    -11010399.9952 3702181.11099
    -11010322.1829 3702236.61818
    -11010213.8691 3702313.93687
    -11009655.7131 3702712.81503
    -11009469.6983 3702845.90793
    -11009462.4625 3702851.13241
    -11009372.5163 3702915.2631
    -11009147.8736 3703075.91783
    -11009132.8455 3703086.75884
    -11009117.8174 3703097.46924
    -11009103.5685 3703107.65719
    -11009081.3046 3703123.5922
    -11009078.6329 3703125.55143
    -11009053.6973 3703143.31508
    -11009025.9788 3703163.1686
    -11008998.2602 3703182.89155
    -11008984.234 3703192.94895
    -11008848.0902 3703289.34373
    -11008439.993 3703579.05512
    -11008303.9606 3703675.58357
    -11008161.3603 3703777.20705
    -11008039.7994 3703864.07097
    -11007873.5994 3703983.72214
    -11007734.6727 3704083.78068
    -11007592.629 3704186.19131
    -11007527.3958 3704231.12686
    -11007331.9188 3704366.45702
    -11007266.7969 3704411.52386
    -11007137.5549 3704503.09497
    -11006775.5439 3704759.65451
    -11006750.9423 3704777.02864
    -11006749.8291 3704777.81244
    -11006627.0437 3704880.88207
    -11006494.2396 3704974.80814
    -11006095.9385 3705256.72132
    -11005963.2456 3705350.78092
    -11005946.8817 3705363.06097
    -11005898.235 3705399.90122
    -11005881.9824 3705412.31197
    -11005844.2451 3705439.22373
    -11005731.0332 3705519.95939
    -11005693.2959 3705546.87139
    -11005660.4566 3705569.99486
    -11005562.4955 3705639.49617
    -11005529.8788 3705662.75046
    -11005517.1884 3705671.76477
    -11005472.438 3705703.64153
    -11005300.4494 3705826.83814
    -11005243.4538 3705867.99106
    -11005238.2218 3705871.25717
    -11005225.9766 3705879.8797
    -11005215.7352 3705887.32644
    -11005211.8391 3705890.06998
    -11005174.2131 3705916.85215
    -11005166.1981 3705922.60053
    -11005157.0699 3705929.52472
    -11005092.7272 3705975.11992
    -11004900.3671 3706112.03721
    -11004836.3584 3706158.02504
    -11004741.2916 3706225.56998
    -11004456.759 3706428.3377
    -11004362.2487 3706496.14544
    -11004333.9736 3706516.13508
    -11004286.7741 3706549.32057
    -11004060.7955 3706708.45536
    -11003985.5435 3706761.76206
    -11003883.2409 3706833.36065
    -11003576.4444 3707048.28958
    -11003474.2531 3707120.02051
    -11003404.9011 3707169.14794
    -11003197.0676 3707316.92342
    -11003127.8269 3707366.18231
    -11003085.4141 3707396.23425
    -11002958.3986 3707486.39052
    -11002916.0972 3707516.57341
    -11002782.4025 3707609.99715
    -11002716.6127 3707656.25196
    -11002381.6523 3707890.79531
    -11002248.1803 3707984.48325
    -11002165.3586 3708043.02224
    -11001917.2274 3708219.16359
    -11001834.517 3708277.83438
    -11001646.721 3708410.8574
    -11001083.5557 3708810.19653
    -11000913.4596 3708930.9417
    -11000904.7766 3708937.08353
    -11000895.8711 3708943.35604
    -11000895.6484 3708943.35604
    -11000890.8617 3708946.88433
    -11000446.1403 3709262.213
    -11000375.8977 3709312.13316
    -11000365.0997 3709319.71268
    -11000354.3018 3709327.2922
    -10999096.9481 3710218.83397
    -10998647.3287 3710537.85503
    -10998523.0961 3710625.81273
    -10998150.6211 3710890.08176
    -10998026.4999 3710978.17271
    -10998026.3886 3710978.17271
    -10998016.9264 3710984.96907
    -10997988.206 3711006.01168
    -10997873.6582 3711090.31315
    -10997837.4794 3711116.84536
    -10997835.587 3711118.41377
    -10997772.8028 3711162.5907
    -10997584.8955 3711295.90664
    -10997534.2451 3711331.98062
    -10997522.3339 3711340.60702
    -10997516.1 3711344.78952
    -10997498.0663 3711357.72914
    -10997492.2777 3711362.30376
    -10997462.444 3711383.08561
    -10997374.7243 3711444.64714
    -10997021.9528 3711692.07275
    -10996904.5107 3711774.54906
    -10996790.7422 3711855.19602
    -10996449.548 3712097.27081
    -10996335.8908 3712178.05062
    -10996252.6238 3712236.87121
    -10996148.4288 3712310.85484
    -10996133.8459 3712321.31193
    -10996094.8841 3712494.50873
    -10996070.1712 3712604.83311
    -10996022.8604 3712829.92932
    -10995883.4884 3713495.17701
    -10995881.262 3713505.63511
    -10995834.0625 3713730.87872
    -10995783.9687 3713972.72937
    -10995735.6561 3714206.61006
    -10995723.9675 3714258.773
    -10995721.4072 3714270.27763
    -10995718.8468 3714281.78228
    -10995716.2865 3714293.02547
    -10995713.8375 3714304.39941
    -10995626.3403 3714696.08761
    -10995583.8163 3714886.70679
    -10995572.6844 3714936.91152
    -10995571.3485 3714942.53341
    -10995567.5637 3714959.52986
    -10995566.3391 3714965.28251
    -10995549.5299 3715040.19794
    -10995499.5474 3715264.94698
    -10995482.8495 3715339.86425
    -10995375.4262 3715819.05806
    -10995054.2695 3717257.53743
    -10994951.7442 3717717.19107
    -10994947.4028 3717737.32992
    -10994917.2352 3717872.9411
    -10994826.8438 3718280.17605
    -10994797.6781 3718411.86991
    -10994796.8988 3718416.05484
    -10994761.3879 3718574.42944
    -10994710.8489 3718801.33637
    -10994656.3023 3719050.08878
    -10994621.5706 3719208.864
    -10994435.4444 3720056.39785
    -10994317.5571 3720593.85388
    -10994314.2175 3720609.94261
    -10994288.8367 3720725.83443
    -10994286.8329 3720734.72911
    -10994151.5797 3721351.61704
    -10994086.2352 3721649.86926
    -10994052.3941 3721803.96911
    -10993950.982 3722266.67285
    -10993919.256 3722411.49215
    -10993911.0183 3722412.80037
    -10993859.4774 3722421.04217
    -10993705.2999 3722446.16008
    -10993653.8703 3722454.53272
    -10993633.9441 3722457.80329
    -10993622.9235 3722459.50399
    -10993530.417 3722474.67943
    -10993501.6965 3722479.38905
    -10993499.6928 3722479.78152
    -10993483.3288 3722482.26716
    -10993434.4596 3722490.24736
    -10993418.2069 3722492.99464
    -10991993.0948 3722723.24542
    -10991964.4857 3722727.69349
    -10991879.3263 3722741.56102
    -10991851.4964 3722746.66322
    -10991830.5683 3722749.54139
    -10991767.6728 3722759.74581
    -10991746.8561 3722763.01646
    -10991614.3859 3722784.34111
    -10991511.1927 3722800.82522
    -10991338.9815 3722828.42962
    -10991335.7532 3722828.95293
    -10990804.0913 3722915.29885
    -10990568.6506 3722953.76223
    -10990559.8564 3722955.07051
    -10990511.655 3722965.53676
    -10990468.0178 3722972.47065
    -10990165.1174 3723021.40051
    -10990064.3733 3723037.75411
    -10990036.8774 3723042.07147
    -10989954.8349 3723055.15437
    -10989941.8105 3723057.37847
    -10989934.6861 3723058.68676
    -10989927.7843 3723060.12588
    -10989901.2903 3723064.18159
    -10989875.0189 3723068.36812
    -10989733.0865 3723091.26327
    -10989149.6611 3723185.33005
    -10988955.2972 3723216.99108
    -10988716.9622 3723255.32458
    -10988007.6344 3723369.93333
    -10988002.2911 3723370.71832
    -10987764.0674 3723409.31398
    -10987761.7296 3723409.70648
    -10987652.9705 3723427.2381
    -10987319.6799 3723481.01064
    -10987214.0377 3723498.14987
    -10987208.6944 3723499.06571
    -10986905.4601 3723547.86685
    -10986559.2565 3723603.86412
    -10986368.9002 3723634.61039
    -10985996.0912 3723694.66397
    -10985693.0795 3723743.72758
    -10985542.5756 3723767.93236
    -10985091.7317 3723840.80868
    -10984945.0126 3723864.62115
    -10984941.4503 3723865.27534
    -10984697.2154 3723904.52676
    -10983964.6218 3724022.80514
    -10983720.6095 3724062.31875
    -10983500.5309 3724097.77643
    -10982840.4063 3724204.4118
    -10982620.439 3724240.13158
    -10982349.8213 3724283.83285
    -10981538.1909 3724414.93761
    -10981267.6845 3724458.77036
    -10981255.8846 3724460.60218
    -10981220.3737 3724466.35933
    -10981208.6852 3724468.32199
    -10981155.9197 3724476.82688
    -10980997.8461 3724502.21073
    -10980945.1919 3724510.84648
    -10980941.5184 3724511.36986
    -10980930.7204 3724513.20169
    -10980927.1582 3724513.85591
    -10980920.9243 3724514.77183
    -10980759.1771 3724541.7259
    -10980715.9851 3724548.79154
    -10980082.5772 3724653.86071
    -10979871.5155 3724688.92758
    -10979816.8576 3724697.43262
    -10979652.7727 3724723.07863
    -10979598.2261 3724731.71454
    -10979558.7077 3724737.86436
    -10979440.2637 3724756.44468
    -10979400.8566 3724762.72536
    -10979392.953 3724763.90299
    -10979369.2419 3724767.56672
    -10979361.4495 3724768.8752
    -10979247.3471 3724786.80133
    -10978920.6244 3724838.22462
    -10978905.2623 3724841.62668
    -10978792.3843 3724867.53469
    -10978666.482 3724896.19058
    -10978289.1089 3724982.28951
    -10978163.3179 3725011.07652
    -10978082.7226 3725024.16154
    -10977840.9366 3725063.67841
    -10977760.4526 3725077.0252
    -10977187.4912 3725170.58397
    -10975633.8051 3725425.35535
    -10975468.9409 3725449.17092
    -10975311.3125 3725472.07055
    -10974895.2003 3725532.5258
    -10974694.7139 3725561.31411
    -10974093.6999 3725648.33376
    -10973893.5475 3725677.64578
    -10973874.2892 3725680.39379
    -10973816.6257 3725688.63781
    -10973797.4788 3725691.51667
    -10973549.125 3725727.50255
    -10972803.9523 3725835.46083
    -10972555.7098 3725871.57799
    -10972386.7269 3725896.04874
    -10972076.9247 3725940.93372
    -10972040.8572 3725946.16813
    -10972014.1405 3725949.96308
    -10971987.3125 3725953.88889
    -10971879.7779 3725969.33042
    -10971710.9062 3725993.93223
    -10971499.1766 3726024.81542
    -10971475.2429 3726028.34867
    -10970864.4328 3726118.51236
    -10970652.9258 3726149.78845
    -10970504.0916 3726171.51164
    -10970374.8497 3726190.48675
    -10970057.9231 3726237.46663
    -10969920.5549 3726258.01221
    -10969909.2003 3726259.71344
    -10969782.5187 3726278.42696
    -10969402.5853 3726334.43683
    -10969276.015 3726353.28133
    -10969155.5673 3726370.94807
    -10969068.7381 3726383.9037
    -10968794.5582 3726424.34106
    -10968674.2218 3726442.26964
    -10968668.7672 3726443.05483
    -10968656.0768 3726444.88695
    -10968601.9755 3726452.73889
    -10968583.9417 3726455.48707
    -10968562.0118 3726458.49699
    -10968496.1106 3726467.91933
    -10968474.292 3726471.06011
    -10968377.5554 3726484.80105
    -10968087.4568 3726526.02394
    -10967990.8315 3726539.8958
    -10967860.0311 3726559.65669
    -10967467.6299 3726618.93954
    -10967425.5511 3726625.35205
    -10967336.8295 3726638.70056
    -10967289.0734 3726647.33783
    -10967238.8683 3726655.84424
    -10966944.7622 3726705.57417
    -10966846.8011 3726722.32534
    -10966771.8831 3726734.88874
    -10966547.129 3726772.57902
    -10966515.9595 3726777.81378
    -10966506.8313 3726779.38422
    -10966497.7031 3726780.82378
    -10966490.3561 3726782.0016
    -10966483.1203 3726783.3103
    -10966472.211 3726785.14247
    -10966261.9285 3726820.34637
    -10965631.1922 3726926.22044
    -10965421.021 3726961.55562
    -10965388.4044 3726967.31396
    -10965290.5546 3726984.45811
    -10965258.0493 3726990.34733
    -10965239.6816 3726993.48825
    -10965185.2464 3727003.04188
    -10965167.2126 3727006.44454
    -10965124.6885 3727013.77336
    -10965005.2427 3727035.10548
    -10964997.3391 3727035.4981
    -10964954.7037 3727038.24641
    -10964666.7202 3727054.99805
    -10964168.5654 3727084.31347
    -10963954.6094 3726734.88874
    -10963786.183 3726459.93651
    -10963454.2283 3725929.94146
    -10963098.6738 3725362.1527
    -10962611.651 3724584.51234
    -10962605.4172 3724574.56807
    -10962458.5867 3724340.22604
    -10962153.9053 3723853.89245
    -10962142.3281 3723835.31351
    -10962130.6395 3723816.73459
    -10962126.7433 3723810.4544
    -10962123.0698 3723804.56673
    -10962112.1605 3723787.03455
    -10962108.5983 3723781.27773
    -10962094.2381 3723757.85794
    -10962051.1574 3723687.59883
    -10962036.9085 3723664.31006
    -10962030.7859 3723654.49738
    -10962012.4182 3723625.19025
    -10962006.407 3723615.50844
    -10961980.9148 3723574.68794
    -10961904.4383 3723452.48893
    -10961878.9462 3723411.7998
    -10961844.3258 3723356.45758
    -10961740.576 3723190.6941
    -10961706.067 3723135.48372
    -10961551.3329 3722888.34839
    -10961087.4646 3722147.36502
    -10960932.9531 3721900.38062
    -10960902.4516 3721851.58609
    -10960811.0583 3721705.59614
    -10960780.6681 3721657.06403
    -10960705.3048 3721536.71569
    -10960528.1955 3721253.90178
    -10960507.0448 3721220.02212
    -10960485.7827 3721186.14254
    -10960479.5488 3721176.07025
    -10960411.0873 3721066.84533
    -10960404.4082 3721055.98829
    -10960366.6709 3720995.68615
    -10960253.7929 3720815.43552
    -10960216.3896 3720755.39618
    -10960165.5166 3720674.42856
    -10960013.6768 3720431.65973
    -10959963.917 3720352.39467
    -10959963.1377 3720350.95586
    -10959959.1302 3720344.67747
    -10959894.0083 3720240.69197
    -10959686.8427 3719909.7755
    -10959617.936 3719799.51561
    -10959543.1293 3719680.23201
    -10959318.9318 3719322.25747
    -10959244.4591 3719203.24013
    -10959058.8895 3718906.87896
    -10958502.96 3718019.01578
    -10958321.6205 3717729.35284
    -10958317.8356 3717723.0758
    -10958256.0533 3717624.47433
    -10958070.7064 3717328.54396
    -10958009.0354 3717230.07645
    -10958004.1373 3717222.36124
    -10957989.7771 3717199.34639
    -10957984.9904 3717191.76196
    -10957677.6373 3716701.00709
    -10956755.9119 3715229.12283
    -10956548.9689 3714898.73499
    -10956448.6701 3714738.57791
    -10956418.1685 3714689.94287
    -10956326.9979 3714544.3004
    -10956297.3869 3714496.97351
    -10956296.6077 3714495.79687
    -10956289.7058 3714484.68423
    -10956268.7778 3714451.47711
    -10956261.9873 3714440.49525
    -10956149.4433 3714260.73401
    -10956115.3795 3714206.34859
    -10955813.7037 3713720.68188
    -10955702.0503 3713540.80056
    -10955675.7789 3713497.66081
    -10955597.4099 3713368.76539
    -10955571.4725 3713325.8877
    -10955570.5819 3713324.58045
    -10955466.3869 3713151.63328
    -10955151.464 3712628.62357
    -10955046.7124 3712454.37914
    -10954995.5054 3712369.28393
    -10954841.8845 3712114.394
    -10954790.7889 3712029.43187
    -10954640.5076 3711779.77738
    -10954227.401 3711093.71136
    -10954227.2896 3711093.44996
    -10954201.2409 3711049.92679
    -10954189.8863 3711031.10601
    -10954039.7163 3710781.73338
    -10953901.3462 3710551.97004
    -10953486.3471 3709862.70604
    -10953348.0883 3709633.22142
    -10953072.2386 3709175.1799
    -10952245.0235 3707801.42004
    -10952051.1049 3707479.33478
    -10952041.6428 3707463.39407
    -10951971.7341 3707347.36722
    -10951970.8436 3707345.92996
    -10951969.5077 3707343.31675
    -10951965.6115 3707335.08516
    -10951965.5002 3707334.82384
    -10951949.9155 3707302.94282
    -10951945.2401 3707293.40466
    -10951889.5803 3707201.4206
    -10951881.8993 3707188.61605
    -10951858.9675 3707150.85579
    -10951814.551 3707077.68745
    -10951681.5242 3706858.57704
    -10951637.219 3706785.67176
    -10951635.104 3706782.1441
    -10951628.7588 3706771.56111
    -10951626.6437 3706768.16411
    -10951589.0177 3706708.19405
    -10951481.9284 3706537.30062
    -10951476.919 3706528.93892
    -10951440.6288 3706468.44744
    -10951283.3344 3706206.10341
    -10951089.9724 3705883.79904
    -10950802.7681 3705427.20488
    -10950734.3067 3705318.38253
    -10950727.2935 3705307.14762
    -10950723.286 3705300.87698
    -10950719.3898 3705294.60635
    -10950640.687 3705169.45556
    -10950527.2524 3704983.03814
    -10950246.3933 3704521.25252
    -10950187.06 3704423.80297
    -10950073.7368 3704237.39695
    -10950004.9414 3704125.58083
    -10949798.555 3703790.53049
    -10949729.8709 3703678.84909
    -10949718.7389 3703660.56218
    -10949685.5657 3703605.83222
    -10949674.5451 3703587.67603
    -10949653.8397 3703554.36799
    -10949591.7234 3703454.57504
    -10949571.1293 3703421.39798
    -10949560.7766 3703404.80948
    -10949530.1637 3703355.43598
    -10949520.4789 3703339.7619
    -10949520.145 3703338.9782
    -10949423.4083 3703179.62616
    -10949133.1984 3702701.71314
    -10949037.4637 3702543.67551
    -10949036.5731 3702542.63064
    -10948927.814 3702363.43676
    -10948601.7592 3701826.26269
    -10948493.2227 3701647.60173
    -10948391.8106 3701478.86877
    -10948358.3034 3701423.23443
    -10948309.6568 3701342.2647
    -10948301.6418 3701328.94393
    -10948293.6268 3701315.62317
    -10947953.9911 3700750.67964
    -10947819.2945 3700526.59001
    -10947817.402 3700521.75828
    -10947812.0587 3700507.39371
    -10947810.3889 3700502.69258
    -10947793.8023 3700473.70232
    -10947753.7273 3700403.83869
    -10947747.1594 3700385.16493
    -10947735.9162 3700353.0409
    -10947708.9769 3700310.209
    -10947628.3815 3700181.71418
    -10947601.7762 3700139.27463
    -10947543.7787 3700047.73628
    -10947424.5556 3699859.43843
    -10947370.343 3699774.0394
    -10947312.6795 3699682.89552
    -10947238.7633 3699563.80884
    -10947017.1262 3699206.55578
    -10946943.3214 3699087.60433
    -10946896.5672 3699011.22008
    -10946822.8737 3698890.57313
    -10946756.6386 3698782.07022
    -10946709.9957 3698705.81846
    -10946657.0077 3698619.12183
    -10946498.2661 3698359.42732
    -10946451.7345 3698283.30876
    -10946445.5006 3698272.86371
    -10946419.4519 3698230.30023
    -10946341.4169 3698102.61069
    -10946315.4795 3698060.17836
    -10946208.0562 3697876.21962
    -10946116.2176 3697727.25293
    -10945506.632 3696738.84429
    -10945330.9699 3696453.99484
    -10945318.2795 3696433.49951
    -10945305.7004 3696413.00422
    -10945303.474 3696409.47955
    -10945220.6523 3696275.02088
    -10944972.1872 3695871.65374
    -10944892.5937 3695742.55296
    -10944889.3655 3695737.33152
    -10944737.1917 3695487.35776
    -10944280.3365 3694737.72823
    -10944128.2741 3694487.90545
    -10944127.2722 3694486.33917
    -10944053.4674 3694365.86744
    -10943829.4926 3694000.41332
    -10943794.9836 3693944.02994
    -10943754.4633 3693879.03276
    -10943753.4614 3693877.20554
    -10943594.9424 3693619.43904
    -10943397.0164 3693296.94492
    -10943392.7862 3693289.89738
    -10943386.6637 3693279.97865
    -10943275.6781 3693100.00712
    -10943117.0479 3692841.21298
    -10942958.0836 3692582.03281
    -10942878.3789 3692452.18378
    -10942639.7099 3692063.55846
    -10942560.3391 3691934.10643
    -10942550.3203 3691917.79452
    -10942520.4867 3691869.25043
    -10942510.5793 3691853.06911
    -10942421.4124 3691707.69916
    -10942154.1343 3691271.99117
    -10942065.0787 3691126.8891
    -10941885.0751 3690833.42806
    -10941345.0642 3689953.08718
    -10941165.0606 3689659.78477
    -10941143.0193 3689623.90529
    -10941076.8956 3689516.26748
    -10941054.9656 3689480.38842
    -10941044.9469 3689464.21026
    -10941015.2246 3689415.80637
    -10941007.7661 3689403.54234
    -10941005.3171 3689399.88923
    -10940983.8325 3689364.66285
    -10940961.7912 3689328.78424
    -10940919.2672 3689259.50619
    -10940897.8938 3689224.54115
    -10940855.1471 3689154.87229
    -10940727.0184 3688946.2595
    -10940684.383 3688876.72269
    -10940682.9359 3688874.2439
    -10940678.5944 3688867.59031
    -10940677.3699 3688865.37244
    -10940549.5751 3688659.76518
    -10940166.8587 3688042.96411
    -10940039.3979 3687837.50112
    -10939947.448 3687689.43945
    -10939671.9323 3687245.52609
    -10939606.1424 3687139.60497
    -10939580.0937 3687097.60202
    -10939561.058 3687067.07823
    -10939504.2851 3686975.63776
    -10939485.4721 3686945.24472
    -10939397.0844 3686802.93323
    -10939132.144 3686376.13914
    -10939043.979 3686234.09514
    -10939009.47 3686178.6606
    -10939142.6081 3686082.53118
    -10939691.6358 3685687.32591
    -10939874.8677 3685555.59365
    -10940030.381 3685443.55713
    -10940497.255 3685107.58416
    -10940652.8796 3684995.68217
    -10940774.9971 3684907.6481
    -10941051.7373 3684708.49782
    -10941141.4609 3684643.94095
    -10941263.801 3684556.17025
    -10941438.6839 3684430.31885
    -10941658.2059 3684272.38696
    -10941963.3327 3684052.77242
    -10942138.3269 3683927.05661
    -10942487.8701 3683675.49845
    -10942833.7398 3683426.81436
    -10942852.998 3683412.99148
    -10943010.5151 3683299.67053
    -10943536.8337 3682920.98537
    -10943883.7052 3682671.66462
    -10943886.4882 3682669.57827
    -10944076.3992 3682532.79307
    -10944646.2437 3682122.9682
    -10944836.2661 3681986.44988
    -10945357.3526 3681611.58649
    -10945418.6896 3681567.64673
    -10946936.8649 3680518.74588
    -10947459.3986 3680157.87695
    -10947463.6287 3680154.87845
    -10947508.7131 3680122.67716
    -10947644.0776 3680026.33453
    -10947689.2733 3679994.26394
    -10947691.3884 3679992.82989
    -10948041.3769 3679743.43836
    -10948544.3183 3679385.46021
    -10949098.4667 3678990.86204
    -10949450.9042 3678740.44805
    -10949462.8154 3678731.58393
    -10949498.6603 3678705.9041
    -10949510.9055 3678697.43107
    -10949544.0787 3678673.31555
    -10949644.0436 3678602.14247
    -10949677.5507 3678578.54855
    -10949698.5901 3678563.29726
    -10949762.1535 3678518.0649
    -10949774.51 3678509.3313
    -10949783.6382 3678503.3351
    -10950182.2733 3678225.55769
    -10951089.8611 3677593.77115
    -10951376.6201 3677388.74406
    -10951772.6949 3677106.03908
    -10951866.3146 3677039.04587
    -10952147.3963 3676838.32909
    -10952241.1273 3676771.46767
    -10952276.5269 3676746.18294
    -10952382.7257 3676670.32906
    -10952418.1253 3676645.04454
    -10952515.1959 3676575.57754
    -10952679.7261 3676458.14923
    -10952806.4077 3676367.56989
    -10952867.7447 3676323.90958
    -10952883.9973 3676312.3103
    -10952900.25 3676300.71104
    -10952903.5896 3676298.23479
    -10952944.7778 3676268.6502
    -10953068.6764 3676180.1575
    -10953109.9759 3676150.83384
    -10953241.1103 3676057.12894
    -10953634.5133 3675775.88822
    -10953765.759 3675682.31651
    -10953781.9004 3675670.97848
    -10953830.213 3675637.09478
    -10953843.0148 3675626.92969
    -10953885.7614 3675596.0435
    -10954014.7807 3675504.037
    -10954057.8614 3675473.54209
    -10954060.3104 3675471.84793
    -10954077.6762 3675459.33721
    -10954245.1008 3675339.70417
    -10954806.9302 3674938.32951
    -10954994.2809 3674804.62775
    -10955170.7223 3674678.48551
    -10955179.0713 3674672.62149
    -10955700.1578 3674300.4575
    -10955876.7105 3674174.58106
    -10955984.1338 3674097.83095
    -10955988.2527 3674094.96423
    -10956306.5151 3673867.45318
    -10956414.0497 3673790.70498
    -10956436.6476 3673774.54753
    -10956444.3286 3673768.94455
    -10956535.1653 3673704.05437
    -10956565.5555 3673682.42439
    -10957148.5357 3673265.98952
    -10958366.8162 3672396.42109
    -10958898.0328 3672017.16054
    -10959481.2356 3671601.173
    -10959755.9721 3671404.58373
    -10960580.6269 3670815.48616
    -10960855.8087 3670619.30027
    -10960881.3009 3670600.93243
    -10960957.8887 3670546.21988
    -10960983.4922 3670527.98242
    -10960985.7186 3670526.41921
    -10961174.5164 3670390.94177
    -10961494.1147 3670161.93619
    -10961747.8118 3669979.95926
    -10961938.9474 3669843.05499
    -10962342.9258 3669555.05298
    -10963500.9825 3668729.77119
    -10963555.195 3668691.08746
    -10963959.2848 3668403.11246
    -10964161.107 3668259.19261
    -10964766.4624 3667827.8339
    -10964968.396 3667684.05102
    -10965005.0201 3667688.21862
    -10965028.5085 3667671.15753
    -10965192.7048 3667551.99106
    -10965247.5853 3667512.3994
    -10965250.4796 3667510.18539
    -10965259.3851 3667503.67362
    -10965262.3908 3667501.72009
    -10965262.3908 3667501.45962
    -10965346.3257 3667440.63983
    -10965598.353 3667258.05204
    -10965682.3992 3667197.23346
    -10965686.4067 3667194.36835
    -10966017.6935 3666954.48306
    -10966214.395 3666811.88245
    -10967707.746 3665730.64605
    -10967810.3826 3665656.16236
    -10968329.0201 3665280.75576
    -10968343.269 3665272.81284
    -10968344.1595 3665272.29199
    -10968410.8399 3665235.31189
    -10968496.7786 3665174.11269
    -10968542.6422 3665141.29962
    -10968996.0465 3664818.77267
    -10969020.6481 3664801.32494
    -10969045.2497 3664783.74704
    -10969129.9638 3664723.33131
    -10969325.7748 3664584.0117
    -10969327.3333 3664583.10027
    -10969332.12 3664580.88679
    -10969333.7898 3664580.10557
    -10969343.5859 3664575.1578
    -10969386.11 3664544.95041
    -10969483.0693 3664475.94244
    -10969684.4462 3664332.97997
    -10969929.2378 3664158.90133
    -10970077.9606 3664053.30958
    -10970209.4289 3663960.08753
    -10970603.8339 3663680.55582
    -10970735.4135 3663587.46679
    -10970787.845 3663550.23137
    -10970945.3621 3663438.5258
    -10970997.9049 3663401.42103
    -10971051.7835 3663363.66541
    -10971180.3575 3663273.44297
    -10971727.7155 3662889.64697
    -10971910.1681 3662761.80443
    -10971918.851 3662755.55554
    -10971922.6359 3662753.08202
    -10971934.9924 3662744.22944
    -10971944.4545 3662737.59
    -10971945.1224 3662737.06926
    -10971953.9167 3662730.95057
    -10971957.2563 3662852.02311
    -10971963.3788 3663064.48878
    -10971972.0617 3663215.50828
    -10971978.2956 3663321.09283
    -10971980.9673 3663336.58559
    -10971978.8522 3663407.80044
    -10972000.5595 3663518.46418
    -10972044.1968 3663677.17075
    -10972077.4813 3663777.29104
    -10972114.3281 3663881.70865
    -10972153.9578 3663968.4202
    -10972206.3893 3664103.04566
    -10972216.6307 3664137.41835
    -10972200.712 3664169.96834
    -10972198.3743 3664185.46216
    -10972197.1498 3664218.27268
    -10972205.1648 3664254.07791
    -10972231.9928 3664298.99734
    -10972279.3035 3664352.77067
    -10972356.0027 3664408.10667
    -10972455.8563 3664468.26044
    -10972493.4822 3664505.88925
    -10972538.01 3664533.23205
    -10972587.4359 3664583.10027
    -10972620.6091 3664635.44259
    -10972708.9968 3664776.97629
    -10972755.5283 3664847.54845
    -10972794.2675 3664902.36584
    -10972832.8954 3664957.18348
    -10972845.9197 3664975.54289
    -10972858.8328 3664993.90232
    -10972887.8872 3665034.39734
    -10972916.9416 3665074.89249
    -10972975.3843 3665180.49302
    -10973035.3855 3665280.75576
    -10973156.7238 3665495.08639
    -10973193.5705 3665560.19364
    -10973333.9444 3665799.92151
    -10973387.0438 3665949.02132
    -10973391.6079 3665961.913
    -10973424.4471 3666152.68546
    -10973441.813 3666253.99791
    -10973449.494 3666298.40376
    -10973534.0968 3666429.27824
    -10973622.2619 3666565.49335
    -10973671.7991 3666679.44118
    -10973676.8084 3666690.64069
    -10973677.1424 3666954.61329
    -10973703.6364 3667037.4396
    -10973708.4232 3667052.67658
    -10973723.2287 3667098.38762
    -10973728.1267 3667113.62468
    -10973740.1492 3667151.26158
    -10973741.819 3667152.82436
    -10973826.0879 3667235.26132
    -10973854.2517 3667262.74042
    -10974020.6743 3667300.76848
    -10974187.097 3667338.9269
    -10974298.4165 3667364.45273
    -10974471.9636 3667445.97946
    -10974495.0067 3667456.91919
    -10974825.4029 3667550.16776
    -10974826.4048 3667550.03752
    -10974903.1039 3667529.72073
    -10975065.6304 3667442.72359
    -10975137.8767 3667414.46267
    -10975178.8423 3667398.44384
    -10975219.8079 3667382.55526
    -10975299.5126 3667351.42934
    -10975311.0899 3667332.80591
    -10975329.1236 3667274.59162
    -10975369.5326 3667189.2893
    -10975410.0529 3667104.1178
    -10975478.8483 3666956.17604
    -10975506.5669 3666844.04884
    -10975505.6763 3666752.23813
    -10975505.3424 3666710.43518
    -10975439.4412 3666488.4001
    -10975404.4869 3666370.80778
    -10975400.1455 3666200.73715
    -10975400.1455 3666199.17449
    -10975401.9266 3666177.03684
    -10975408.7171 3666094.0861
    -10975415.6189 3666011.26614
    -10975424.7471 3665900.44974
    -10975434.4319 3665872.84346
    -10975476.8446 3665752.13182
    -10975557.1059 3665698.22215
    -10975583.1547 3665680.64296
    -10975609.3148 3665663.0638
    -10975617.6638 3665657.46451
    -10975635.6975 3665661.63142
    -10975648.6106 3665664.7566
    -10975661.5236 3665667.75157
    -10975679.8913 3665672.17892
    -10975698.2591 3665676.47605
    -10975790.3203 3665720.35894
    -10975866.7968 3665765.67438
    -10975936.9281 3665827.52762
    -10976034.7779 3665938.21315
    -10976084.7603 3666000.32769
    -10976175.8197 3666119.08846
    -10976266.6564 3666213.49888
    -10976280.6826 3666224.56773
    -10976501.6518 3666399.19652
    -10976643.9181 3666520.82608
    -10976758.9112 3666630.86672
    -10976833.7179 3666686.21297
    -10976931.2337 3666731.6622
    -10977160.3293 3666814.35679
    -10977245.266 3666841.05358
    -10977387.5323 3666871.00616
    -10977454.324 3666892.36369
    -10977497.4047 3666910.85621
    -10977563.7511 3666952.00869
    -10977734.5152 3667090.44353
    -10977954.4825 3667249.71714
    -10978042.9815 3667339.7083
    -10978095.1903 3667414.2022
    -10978118.3448 3667443.505
    -10978159.0877 3667474.63115
    -10978195.1552 3667484.52903
    -10978232.336 3667481.53362
    -10978251.0376 3667480.10103
    -10978286.7712 3667491.43149
    -10978642.3256 3667690.30242
    -10978812.0879 3667798.53018
    -10978844.3705 3667793.1904
    -10978872.0891 3667795.79517
    -10978922.0715 3667817.28455
    -10978936.0978 3667823.27554
    -10978954.6881 3667837.34134
    -10978972.6106 3667873.41758
    -10979025.4873 3667961.19922
    -10979044.3003 3667992.32669
    -10979053.3172 3668038.04123
    -10979075.6924 3668089.48657
    -10979137.6974 3668176.35806
    -10979151.7236 3668220.64061
    -10979151.9463 3668239.65611
    -10979243.5622 3668369.37906
    -10979257.5885 3668398.81438
    -10979259.8149 3668417.30917
    -10979255.4734 3668451.82417
    -10979244.3414 3668542.47537
    -10979223.4134 3668640.55133
    -10979187.6798 3668800.36604
    -10979173.8762 3668878.64605
    -10979166.6404 3668962.39709
    -10979099.1808 3669320.07127
    -10979015.5799 3669408.51452
    -10978943.2222 3669468.04149
    -10978925.5224 3669485.75635
    -10978833.1272 3669575.63363
    -10978767.894 3669666.29312
    -10978739.1736 3669696.77361
    -10978669.8216 3669758.38612
    -10978565.8491 3669828.85663
    -10978501.3952 3669836.41172
    -10978445.9581 3669828.72637
    -10978329.2952 3669795.24957
    -10978269.628 3669768.02532
    -10977890.6964 3669526.00566
    -10977747.7622 3669406.03966
    -10977694.9968 3669376.08091
    -10977672.065 3669371.00096
    -10977639.671 3669373.86657
    -10977581.8962 3669403.56481
    -10977438.8506 3669453.58305
    -10977271.2035 3669496.04661
    -10977032.4232 3669577.06646
    -10976927.3376 3669600.51282
    -10976834.3858 3669631.51418
    -10976595.4942 3669695.8618
    -10976449.7769 3669757.99535
    -10976358.8289 3669805.40984
    -10976120.7165 3669953.51616
    -10975981.6785 3669994.93936
    -10975939.1544 3670023.33648
    -10975900.1926 3670077.65592
    -10975868.3552 3670174.83229
    -10975857.2233 3670243.87228
    -10975861.6761 3670313.56398
    -10975865.2383 3670330.88927
    -10975867.91 3670343.13422
    -10975870.5816 3670355.50945
    -10975896.2964 3670466.23577
    -10975919.8962 3670623.85967
    -10975922.0112 3670710.87935
    -10975885.7211 3670949.40502
    -10975874.1439 3671199.7903
    -10975824.6067 3671315.21417
    -10975807.9088 3671390.7744
    -10975785.5335 3671621.36624
    -10975781.9713 3671766.23746
    -10975795.6636 3671894.56456
    -10975792.324 3671931.82527
    -10975743.6774 3672193.43511
    -10975729.4285 3672327.89015
    -10975687.795 3672531.39951
    -10975577.7001 3672922.66289
    -10975546.5306 3673042.01178
    -10975526.827 3673147.94141
    -10975515.8064 3673183.64237
    -10975475.2861 3673267.94397
    -10975424.6358 3673335.17719
    -10975361.9629 3673403.97436
    -10975298.5108 3673473.5537
    -10975120.8449 3673632.77982
    -10975085.2226 3673676.16995
    -10975063.738 3673712.26335
    -10975053.4966 3673762.42945
    -10975058.5059 3673904.71988
    -10975039.1364 3674024.07832
    -10975012.865 3674067.46983
    -10974984.4785 3674091.70659
    -10974950.526 3674107.08263
    -10974936.7224 3674105.64927
    -10974899.0964 3674106.43111
    -10974858.1309 3674128.84367
    -10974727.3305 3674198.16651
    -10974670.4462 3674239.21311
    -10974633.9334 3674275.30817
    -10974616.3449 3674302.93335
    -10974591.8546 3674374.47241
    -10974567.253 3674445.88158
    -10974565.3606 3674452.39704
    -10974552.8928 3674496.96285
    -10974541.8722 3674580.23099
    -10974594.9716 3674788.20833
    -10974635.0466 3674914.48201
    -10974657.8671 3674986.15496
    -10974659.0916 3675050.66096
    -10974664.3236 3675069.68704
    -10974684.4725 3675089.23442
    -10974736.9039 3675120.11933
    -10974772.6375 3675137.32108
    -10974829.6331 3675164.9482
    -10975101.03 3675233.49499
    -10975124.9637 3675257.08247
    -10975127.4127 3675259.55851
    -10975162.4784 3675272.06902
    -10975194.0931 3675280.67
    -10975245.3001 3675282.36413
    -10975261.8867 3675273.11156
    -10975303.9654 3675274.1541
    -10975382.3343 3675260.21009
    -10975446.3431 3675231.01896
    -10975479.6276 3675205.34645
    -10975546.4193 3675124.28945
    -10975548.0891 3675122.46502
    -10975589.0546 3675048.96686
    -10975606.7544 3675005.83251
    -10975626.6806 3674923.47368
    -10975643.3786 3674860.40179
    -10975641.4861 3674832.51474
    -10975635.1409 3674814.92247
    -10975605.196 3674773.87394
    -10975570.6869 3674743.51115
    -10975569.9077 3674696.85945
    -10975572.1341 3674640.82553
    -10975581.3736 3674604.46877
    -10975629.7976 3674477.93766
    -10975719.6324 3674324.56442
    -10975801.3409 3674210.54563
    -10975817.7049 3674191.52088
    -10975894.8493 3674102.00072
    -10976037.0043 3673937.55636
    -10976146.8766 3673827.45024
    -10976443.7657 3673555.38159
    -10976550.855 3673473.4234
    -10976566.5511 3673461.43592
    -10976651.8218 3673412.18313
    -10976718.2796 3673389.64158
    -10976864.2194 3673354.33091
    -10977285.4524 3673277.58592
    -10978033.1854 3673141.94783
    -10978071.368 3673135.04218
    -10978083.7244 3673132.95746
    -10978378.4984 3673078.7548
    -10978531.5627 3673046.1812
    -10978543.4739 3673043.70561
    -10978673.6064 3673004.7477
    -10978728.5982 3672997.19067
    -10978761.6601 3672992.76068
    -10979154.8406 3673007.61417
    -10979255.696 3673028.07031
    -10979329.5009 3673052.17473
    -10979398.0737 3673074.71567
    -10979485.0142 3673093.73868
    -10979527.2043 3673095.56281
    -10979557.4832 3673130.87274
    -10979577.966 3673183.12119
    -10979589.6545 3673242.66646
    -10979594.1073 3673322.01717
    -10979551.8059 3673617.79527
    -10979550.6927 3673640.20695
    -10979544.4588 3673770.76877
    -10979529.8759 3673805.29883
    -10979487.6858 3673861.19864
    -10979421.1168 3673912.53808
    -10979268.7204 3673972.73841
    -10979014.1327 3674053.26658
    -10978879.6588 3674069.94563
    -10978803.5163 3674105.77958
    -10978707.8928 3674180.70546
    -10978684.961 3674204.0303
    -10978653.2349 3674250.41951
    -10978639.7653 3674274.91725
    -10978628.4107 3674320.00365
    -10978633.0861 3674385.28801
    -10978627.6315 3674426.85647
    -10978619.3938 3674448.61807
    -10978592.0092 3674480.41354
    -10978490.1519 3674555.08109
    -10978471.2276 3674569.1546
    -10978429.0375 3674589.09211
    -10978364.1382 3674592.7408
    -10978291.7806 3674575.27919
    -10978249.7018 3674572.80329
    -10978188.1421 3674594.69546
    -10978145.0615 3674627.01255
    -10978117.5656 3674686.3042
    -10978116.341 3674732.82555
    -10978122.1297 3674762.0155
    -10978128.9201 3674796.93929
    -10978169.997 3674875.64848
    -10978232.1133 3674945.23617
    -10978364.2495 3675015.2152
    -10978437.9431 3675045.44834
    -10978549.9305 3675079.85167
    -10978642.7709 3675092.49231
    -10978877.2098 3675089.886
    -10979036.2853 3675078.15757
    -10979097.1771 3675081.93673
    -10979203.8211 3675096.92306
    -10979235.5472 3675111.51846
    -10979288.424 3675135.8876
    -10979347.2007 3675151.26495
    -10979435.3657 3675161.95091
    -10979467.2031 3675154.7835
    -10979551.9172 3675153.61065
    -10979600.7865 3675137.32108
    -10979650.5463 3675111.38814
    -10979689.2854 3675077.50599
    -10979735.5944 3675024.85852
    -10979871.9607 3674840.33353
    -10979969.9219 3674675.35803
    -10980129.9993 3674444.83911
    -10980292.3031 3674244.81631
    -10980512.0478 3674008.31147
    -10980677.6912 3673855.33501
    -10980907.8999 3673655.97332
    -10980961.2219 3673617.92557
    -10980991.0556 3673604.63495
    -10981028.4589 3673605.67735
    -10981137.7747 3673631.86771
    -10981295.5144 3673653.62791
    -10981343.2704 3673672.91242
    -10981404.2735 3673707.57251
    -10981438.226 3673739.75696
    -10981473.2916 3673783.53837
    -10981505.7969 3673840.4805
    -10981552.5511 3673993.97799
    -10981567.0226 3674062.64854
    -10981572.1433 3674193.34517
    -10981560.4548 3674384.76677
    -10981531.0664 3674574.1064
    -10981518.2647 3674751.32989
    -10981504.2384 3674829.38722
    -10981492.5499 3674854.79831
    -10981455.1465 3674896.629
    -10981331.3593 3674963.08925
    -10981251.8771 3675013.91205
    -10981030.0174 3675147.61609
    -10981008.1988 3675171.98531
    -10980976.6954 3675244.57198
    -10980946.0825 3675279.49714
    -10980927.3808 3675311.81603
    -10980898.2151 3675341.91959
    -10980838.9931 3675338.79194
    -10980823.7424 3675360.8158
    -10980791.4597 3675396.00193
    -10980745.9301 3675466.63513
    -10980668.229 3675641.78636
    -10980659.2122 3675658.46757
    -10980630.4917 3675711.76937
    -10980601.66 3675765.0714
    -10980584.0715 3675865.94189
    -10980556.019 3675907.90635
    -10980523.625 3675924.19694
    -10980514.3855 3675990.79309
    -10980517.6138 3676046.70285
    -10980525.1835 3676068.72798
    -10980557.4662 3676108.47757
    -10980624.2579 3676151.48548
    -10980695.6136 3676178.59357
    -10980938.958 3676271.38709
    -10981042.2625 3676335.6392
    -10981075.6584 3676361.31407
    -10981100.1487 3676389.59559
    -10981130.9842 3676447.3318
    -10981172.2837 3676546.5136
    -10981233.9547 3676791.27842
    -10981251.9885 3676844.45481
    -10981274.5863 3676900.75947
    -10981304.4199 3676942.4668
    -10981329.1329 3676992.64611
    -10981333.363 3677010.76285
    -10981327.5744 3677042.95597
    -10981330.3574 3677073.06378
    -10981313.8821 3677106.03908
    -10981284.2711 3677128.58746
    -10981180.1874 3677254.88524
    -10981073.8773 3677414.68181
    -10980979.0331 3677536.29023
    -10980840.8856 3677679.01546
    -10980761.2921 3677761.3928
    -10980725.7812 3677783.81204
    -10980689.6024 3677793.58788
    -10980540.7682 3677779.64101
    -10980495.2386 3677789.80789
    -10980407.4075 3677821.35133
    -10980373.9003 3677837.7748
    -10980360.0967 3677856.28382
    -10980355.31 3677869.44871
    -10980354.1968 3677939.18373
    -10980345.2912 3677984.2836
    -10980304.7709 3678083.86888
    -10980239.4264 3678298.68384
    -10980238.9811 3678299.46594
    -10980196.791 3678392.01482
    -10980191.559 3678419.51891
    -10980152.4858 3678615.82957
    -10980151.0387 3678666.79785
    -10980166.7347 3678700.68992
    -10980195.0099 3678737.97131
    -10980251.8942 3678786.333
    -10980369.7815 3678864.80709
    -10980613.2372 3678984.8656
    -10980713.3134 3679046.1337
    -10980868.6041 3679141.42575
    -10980935.8411 3679199.04456
    -10980975.8048 3679267.35318
    -10981035.0268 3679442.55872
    -10981044.2663 3679458.72364
    -10981066.1962 3679476.32257
    -10981130.2049 3679514.64922
    -10981230.9491 3679552.5849
    -10981358.5212 3679582.04706
    -10981400.266 3679586.74015
    -10981451.139 3679579.70051
    -10981476.9651 3679566.66415
    -10981517.8194 3679546.1971
    -10981555.668 3679481.7978
    -10981579.9357 3679416.22558
    -10981605.4278 3679377.37779
    -10981704.3909 3679284.69112
    -10981753.8167 3679249.49383
    -10981770.292 3679226.81119
    -10981808.9199 3679199.69636
    -10981854.4495 3679191.09263
    -10981918.7922 3679200.60887
    -10982004.2856 3679238.67394
    -10982088.6658 3679319.10634
    -10982133.9728 3679342.96241
    -10982181.3949 3679394.3248
    -10982214.6794 3679461.07016
    -10982217.4624 3679507.60963
    -10982214.4568 3679535.37695
    -10982202.5456 3679565.88197
    -10982164.697 3679638.10357
    -10982016.1968 3679793.49877
    -10981906.2131 3679932.9911
    -10981751.1451 3680204.6798
    -10981707.3965 3680265.43251
    -10981695.1514 3680310.2802
    -10981688.3609 3680339.6138
    -10981680.3459 3680375.07497
    -10981681.0138 3680487.06513
    -10981712.1832 3680584.19362
    -10981738.232 3680633.99672
    -10981818.4933 3680737.12368
    -10981907.1037 3680805.832
    -10981996.1593 3680857.07015
    -10982028.1079 3680891.09866
    -10982054.7133 3680900.2251
    -10982110.4844 3680905.96172
    -10982175.3836 3680897.35679
    -10982274.9033 3680856.54864
    -10982385.6662 3680786.66664
    -10982458.5804 3680727.99736
    -10982590.1601 3680602.57642
    -10982699.4758 3680498.53798
    -10982901.966 3680324.88181
    -10982932.4675 3680289.55116
    -10982953.0616 3680218.49906
    -10983045.9021 3680144.70961
    -10983112.6937 3680124.50233
    -10983154.4386 3680104.29508
    -10983220.8963 3680125.15417
    -10983253.4016 3680158.26806
    -10983269.7655 3680167.13321
    -10983339.3402 3680161.1362
    -10983400.8999 3680138.84297
    -10983531.4777 3680065.57548
    -10983597.0449 3680012.90659
    -10983635.3388 3679992.69952
    -10983809.6651 3679810.18562
    -10983888.2566 3679744.87237
    -10983914.9733 3679701.33041
    -10983929.3335 3679656.87604
    -10983933.0071 3679615.02911
    -10983923.4336 3679503.43801
    -10983902.0603 3679407.75206
    -10983898.0528 3679376.3349
    -10983887.0321 3679287.29833
    -10983884.5831 3679151.98483
    -10983901.8376 3678993.99062
    -10983912.7469 3678953.44953
    -10983990.4479 3678793.76325
    -10984036.3116 3678740.70876
    -10984080.6167 3678708.25048
    -10984098.5392 3678695.08469
    -10984183.5872 3678669.79599
    -10984290.0087 3678686.35096
    -10984346.1137 3678688.30627
    -10984419.6959 3678674.22803
    -10984481.5895 3678653.24105
    -10984564.9678 3678610.35472
    -10984688.0872 3678534.61967
    -10984715.2491 3678481.30559
    -10984717.1416 3678458.10296
    -10984705.453 3678429.94702
    -10984704.5625 3678427.73105
    -10984702.3361 3678409.87292
    -10984719.034 3678387.19183
    -10984838.9251 3678269.35512
    -10984987.2027 3678091.68974
    -10985151.9555 3677939.18373
    -10985240.3432 3677849.24518
    -10985316.0404 3677786.28858
    -10985395.7452 3677737.14878
    -10985465.7651 3677710.68896
    -10985690.1852 3677660.89774
    -10985757.1996 3677640.30352
    -10986028.1512 3677551.54024
    -10986170.7515 3677492.23473
    -10986183.2193 3677478.41855
    -10986216.5038 3677402.29946
    -10986213.1642 3677367.36826
    -10986241.4394 3677336.217
    -10986302.6651 3677285.38459
    -10986524.9701 3677120.50654
    -10986716.217 3676978.96082
    -10986756.1807 3676954.84869
    -10986860.1531 3676901.93249
    -10986877.7416 3676895.2854
    -10986910.1355 3676894.76406
    -10986958.7822 3676867.65439
    -10987000.0817 3676860.48597
    -10987094.4806 3676820.2126
    -10987122.3105 3676816.69358
    -10987203.685 3676821.90695
    -10987286.7294 3676836.5044
    -10987319.4573 3676837.02574
    -10987387.1396 3676828.94501
    -10987448.6992 3676821.64628
    -10987502.6892 3676849.27719
    -10987533.7473 3676872.73744
    -10987580.0562 3676942.20613
    -10987674.3438 3677150.74487
    -10987743.5846 3677265.31236
    -10987788.1124 3677338.8238
    -10987841.5457 3677448.57042
    -10987887.4093 3677580.86724
    -10987943.0691 3677869.7094
    -10987956.7614 3677899.4282
    -10987972.2348 3677916.7642
    -10987995.3893 3677932.53608
    -10988030.7889 3677944.39758
    -10988076.5412 3677954.69494
    -10988155.6893 3677961.47295
    -10988252.8712 3677946.61347
    -10988364.636 3677912.46279
    -10988422.4108 3677873.09838
    -10988443.4502 3677867.49353
    -10988445.0087 3677867.10249
    -10988500.8911 3677865.92938
    -10988563.3413 3677884.56879
    -10988608.7596 3677916.63386
    -10988658.7421 3678000.57695
    -10988689.9116 3678102.63896
    -10988695.4775 3678134.7046
    -10988694.8096 3678198.70578
    -10988690.4682 3678271.31037
    -10988671.3212 3678348.3473
    -10988666.7571 3678436.85565
    -10988669.7627 3678590.80174
    -10988649.1686 3678789.46153
    -10988640.931 3678933.89599
    -10988629.9104 3679012.24067
    -10988612.2106 3679033.61934
    -10988589.0561 3679049.39265
    -10988508.4608 3679087.19653
    -10988353.1701 3679121.87192
    -10988262.6673 3679120.56833
    -10988226.1546 3679113.3986
    -10988190.5323 3679091.368
    -10988137.8782 3679032.1854
    -10988096.69 3679011.06745
    -10988050.3811 3679009.89423
    -10988000.2873 3679021.62642
    -10987919.5807 3679057.86592
    -10987884.4037 3679101.4056
    -10987858.355 3679121.08976
    -10987830.6364 3679152.76699
    -10987749.8185 3679278.30345
    -10987642.7291 3679491.70536
    -10987600.873 3679600.68908
    -10987595.641 3679642.27523
    -10987573.711 3679718.92968
    -10987566.6979 3679882.27829
    -10987560.3527 3679919.0418
    -10987523.0607 3680139.88593
    -10987520.6116 3680209.89461
    -10987544.9906 3680299.98086
    -10987612.5615 3680454.2111
    -10987706.7378 3680630.9981
    -10987757.7221 3680685.75565
    -10987775.9785 3680712.87377
    -10987801.582 3680797.74865
    -10987800.1349 3680872.45468
    -10987797.4632 3680894.09735
    -10987777.9823 3681048.20468
    -10987780.0974 3681071.28183
    -10987771.6371 3681145.59839
    -10987723.5471 3681392.54119
    -10987698.5002 3681521.88175
    -10987693.0455 3681577.55598
    -10987693.3795 3681647.57288
    -10987699.7247 3681679.64779
    -10987756.1637 3681867.27467
    -10987764.0674 3681955.67805
    -10987756.8316 3682044.08207
    -10987717.7584 3682222.58711
    -10987704.7341 3682252.57725
    -10987657.7572 3682316.73033
    -10987395.4885 3682576.99708
    -10987304.6518 3682680.66198
    -10987179.8627 3682823.18635
    -10987070.4356 3682911.07503
    -10986958.2256 3682978.62196
    -10986857.8154 3683017.61157
    -10986817.629 3683033.25961
    -10986667.793 3683100.2856
    -10986555.0264 3683123.75782
    -10986507.6043 3683133.66833
    -10986457.6218 3683167.18156
    -10986433.9108 3683222.47206
    -10986425.4505 3683301.36578
    -10986433.4655 3683380.39041
    -10986457.7331 3683499.05872
    -10986478.2159 3683533.22497
    -10986520.072 3683603.12264
    -10986656.2158 3683750.48284
    -10986677.4778 3683786.60593
    -10986702.1907 3683827.94547
    -10986753.2864 3683953.26903
    -10986760.1882 3684004.25953
    -10986776.4408 3684057.46723
    -10986774.8824 3684155.40652
    -10986758.6297 3684193.74781
    -10986749.2789 3684234.8279
    -10986737.479 3684332.24695
    -10986728.5734 3684454.05446
    -10986715.9943 3684559.82192
    -10986704.6398 3684655.93938
    -10986699.9643 3684861.6098
    -10986707.2001 3684943.38333
    -10986711.4302 3684991.76953
    -10986713.768 3685132.10362
    -10986708.5359 3685187.79426
    -10986707.6454 3685355.91112
    -10986718.4434 3685471.99005
    -10986729.798 3685531.46463
    -10986748.8336 3685563.28886
    -10986782.4521 3685645.32794
    -10986839.4477 3685728.28058
    -10986859.0399 3685756.84459
    -10986904.6809 3685789.32156
    -10986945.0899 3685801.45153
    -10987015.2211 3685804.19056
    -10987084.6845 3685797.92992
    -10987409.6261 3685731.28045
    -10987563.5809 3685738.06277
    -10987745.2544 3685780.06105
    -10987869.4869 3685793.10402
    -10987949.1917 3685792.32144
    -10988018.4324 3685780.97406
    -10988100.4749 3685761.27919
    -10988229.4941 3685719.02012
    -10988283.1501 3685690.58662
    -10988386.0093 3685617.54676
    -10988513.9154 3685542.94221
    -10988568.6846 3685516.46553
    -10988699.1511 3685467.42513
    -10988843.6438 3685431.81879
    -10988868.3567 3685428.03644
    -10988982.0139 3685410.68981
    -10989043.3509 3685388.12617
    -10989251.4071 3685332.04334
    -10989283.801 3685334.26057
    -10989342.8004 3685362.17153
    -10989371.1868 3685381.6049
    -10989409.2581 3685429.3407
    -10989508.4438 3685525.98669
    -10989509.4456 3685526.89968
    -10989541.283 3685572.81006
    -10989573.343 3685600.06943
    -10989606.1823 3685617.67719
    -10989666.6288 3685682.23919
    -10989691.0077 3685695.9342
    -10989726.296 3685676.76119
    -10989754.2372 3685677.80462
    -10989841.0664 3685723.32427
    -10989887.4866 3685754.62729
    -10990047.1188 3685884.40522
    -10990049.4565 3685886.62255
    -10990252.2806 3686080.44425
    -10990395.1035 3686270.35598
    -10990444.8633 3686354.61721
    -10990476.3667 3686456.74886
    -10990480.5969 3686497.83655
    -10990476.1441 3686529.92417
    -10990460.4481 3686563.18582
    -10990446.7558 3686645.49248
    -10990432.8408 3686686.05904
    -10990400.8921 3686712.92957
    -10990320.8534 3686737.84356
    -10990283.6727 3686741.62632
    -10990237.9204 3686735.62609
    -10990196.5095 3686740.97412
    -10990179.7003 3686748.67008
    -10990157.1024 3686772.01886
    -10990138.6234 3686814.54245
    -10990117.4727 3686839.32621
    -10990080.9599 3686868.02325
    -10990067.1563 3686896.98124
    -10990066.3771 3686915.37352
    -10990079.2901 3686954.767
    -10990038.9925 3687341.01241
    -10989973.5366 3687603.73409
    -10989966.3008 3687637.78135
    -10989938.9162 3687767.44881
    -10989915.6505 3688023.13515
    -10989907.4128 3688059.14039
    -10989908.86 3688082.23076
    -10989929.788 3688148.76259
    -10989927.4503 3688265.12893
    -10989949.9369 3688350.96938
    -10989951.2727 3688374.32122
    -10989956.95 3688380.71363
    -10989960.2896 3688384.62736
    -10990006.2645 3688407.19651
    -10990138.5121 3688494.99484
    -10990301.0385 3688555.39733
    -10990394.6582 3688597.40528
    -10990493.0647 3688627.80243
    -10990530.5793 3688636.41279
    -10990588.4655 3688649.71973
    -10990750.4353 3688672.5503
    -10990799.7499 3688686.24866
    -10990832.3665 3688687.81419
    -10990857.1907 3688699.68611
    -10991032.2963 3688729.95305
    -10991218.5338 3688748.21763
    -10991292.5612 3688742.21641
    -10991358.2397 3688764.78622
    -10991427.2578 3688773.78807
    -10991476.5724 3688766.87361
    -10991538.3547 3688734.78012
    -10991630.3046 3688700.86026
    -10991723.5903 3688648.67605
    -10991801.4026 3688589.18632
    -10991852.9436 3688568.18234
    -10991913.8353 3688533.61065
    -10991966.1555 3688514.43319
    -10991999.8853 3688476.33927
    -10992008.6795 3688421.54686
    -10991995.7665 3688377.19128
    -10991926.971 3688272.30402
    -10991844.9286 3688186.85549
    -10991816.7647 3688157.50307
    -10991720.2507 3688068.92444
    -10991643.329 3687977.60694
    -10991564.2921 3687867.37457
    -10991499.6155 3687764.83979
    -10991439.503 3687648.86956
    -10991398.0921 3687581.03596
    -10991369.1491 3687497.41853
    -10991334.974 3687262.74487
    -10991322.7288 3687062.90405
    -10991328.4061 3687040.33737
    -10991367.3679 3686961.68043
    -10991411.6731 3686899.59008
    -10991446.0708 3686839.06532
    -10991505.7381 3686687.62431
    -10991519.987 3686631.66597
    -10991527.5567 3686602.18684
    -10991522.436 3686453.74881
    -10991530.5623 3686380.18265
    -10991549.0414 3686288.74732
    -10991620.5085 3686101.9657
    -10991680.3984 3685920.5346
    -10991693.9793 3685843.45003
    -10991716.5772 3685797.66907
    -10991777.5803 3685715.49853
    -10991879.6602 3685583.37469
    -10991939.3275 3685494.16256
    -10991969.2724 3685464.55575
    -10991985.3024 3685456.3389
    -10992075.5825 3685407.03789
    -10992145.0459 3685359.82388
    -10992201.1509 3685337.39077
    -10992287.6462 3685317.43576
    -10992387.6111 3685322.78318
    -10992452.1764 3685332.30419
    -10992515.2945 3685332.69547
    -10992622.3839 3685322.13106
    -10992684.3888 3685302.95863
    -10992724.9091 3685309.21901
    -10992762.2012 3685307.00179
    -10992922.2786 3685276.74331
    -10993005.6569 3685246.48491
    -10993022.4661 3685230.70362
    -10993188.3322 3685126.62586
    -10993228.5185 3685094.54192
    -10993283.8443 3685038.06917
    -10993317.2401 3684987.59605
    -10993346.2945 3684974.42351
    -10993391.6016 3684927.60243
    -10993431.12 3684864.34862
    -10993443.4765 3684824.17935
    -10993452.0481 3684771.48999
    -10993452.4933 3684769.01203
    -10993457.7253 3684675.63246
    -10993435.6841 3684457.44526
    -10993408.1882 3684358.9819
    -10993398.8373 3684275.90813
    -10993349.7454 3684137.01839
    -10993315.1251 3684065.94397
    -10993234.4184 3683989.2623
    -10993220.9488 3683921.05775
    -10993162.6174 3683809.94906
    -10993150.0383 3683764.82774
    -10993139.7969 3683728.83513
    -10993109.8519 3683655.54616
    -10993054.0809 3683553.30747
    -10993040.6112 3683503.75331
    -10992990.7401 3683383.52011
    -10992976.7138 3683329.53291
    -10992982.5024 3683278.67563
    -10992974.3761 3683258.33278
    -10992953.782 3683222.08085
    -10992956.231 3683190.0019
    -10993021.5756 3683071.59738
    -10993041.6131 3683045.77805
    -10993131.8932 3682876.91052
    -10993174.4172 3682821.09998
    -10993234.6411 3682762.29056
    -10993263.9181 3682738.68863
    -10993306.3308 3682715.21714
    -10993427.8917 3682627.98185
    -10993495.1287 3682569.95572
    -10993574.1655 3682489.63238
    -10993624.2593 3682420.13224
    -10993738.0278 3682249.18706
    -10993766.1917 3682194.94408
    -10993821.1835 3682061.03276
    -10993893.4298 3681929.73068
    -10993972.244 3681837.15508
    -10994093.2483 3681670.65116
    -10994142.1176 3681620.45269
    -10994185.0869 3681592.1591
    -10994201.1169 3681583.16253
    -10994326.3513 3681574.42674
    -10994327.4645 3681574.55712
    -10994749.3654 3681675.86659
    -10994776.75 3681683.95053
    -10994810.3685 3681703.37806
    -10994849.4416 3681777.82884
    -10994853.7831 3681800.64659
    -10995008.4059 3682044.73402
    -10995027.9981 3682089.19705
    -10995092.2294 3682197.29113
    -10995152.8986 3682271.09295
    -10995214.9035 3682301.86557
    -10995217.3525 3682301.60478
    -10995247.2975 3682299.12732
    -10995287.1499 3682285.17532
    -10995368.3018 3682234.71355
    -10995387.7827 3682214.11165
    -10995490.7532 3682106.14781
    -10995590.6068 3681989.05767
    -10995748.9031 3681843.54408
    -10995780.1839 3681823.07322
    -10995832.2814 3681816.0323
    -10995840.1851 3681814.9892
    -10995904.8617 3681823.72516
    -10995946.9405 3681844.4568
    -10996003.4908 3681894.78657
    -10996046.3488 3681964.41411
    -10996055.143 3681987.23221
    -10996073.2881 3682034.04205
    -10996081.1918 3682089.45783
    -10996063.6033 3682181.12259
    -10996025.7547 3682266.79
    -10996007.4983 3682294.56358
    -10996002.7115 3682301.99596
    -10995950.7253 3682361.97671
    -10995944.8254 3682376.71116
    -10995933.2482 3682405.13695
    -10995909.0919 3682439.03937
    -10995903.5259 3682446.99341
    -10995811.0194 3682635.02324
    -10995785.9725 3682686.13864
    -10995779.9612 3682701.39507
    -10995763.7086 3682742.73095
    -10995710.8318 3682885.64724
    -10995692.7981 3683005.61475
    -10995652.2778 3683188.04587
    -10995653.1683 3683346.7462
    -10995668.5304 3683453.28652
    -10995674.7643 3683560.6102
    -10995684.7831 3683645.76563
    -10995677.6586 3683738.61572
    -10995643.3722 3683840.46472
    -10995599.1784 3683943.8795
    -10995579.1409 3683990.95764
    -10995534.947 3684177.31581
    -10995523.0359 3684250.99915
    -10995521.5887 3684377.23995
    -10995531.2735 3684554.60525
    -10995543.296 3684628.29086
    -10995542.7394 3684674.98037
    -10995541.7375 3684799.53009
    -10995540.847 3684924.08108
    -10995545.9677 3685003.37703
    -10995544.8545 3685190.27231
    -10995517.4699 3685341.95564
    -10995490.0853 3685439.64435
    -10995418.9521 3685597.20002
    -10995385.445 3685704.28165
    -10995377.7639 3685774.06128
    -10995354.8321 3685874.23163
    -10995342.587 3685957.31625
    -10995345.036 3686097.27011
    -10995351.0472 3686185.70403
    -10995360.0641 3686231.48645
    -10995394.4618 3686323.31266
    -10995441.3274 3686398.31328
    -10995471.0497 3686428.05278
    -10995529.8263 3686472.27086
    -10995585.7087 3686514.53253
    -10995624.2253 3686531.88073
    -10995690.5717 3686575.57743
    -10995765.0444 3686614.83938
    -10995832.3927 3686634.01386
    -10995888.0525 3686625.92666
    -10995950.5027 3686606.62175
    -10996015.6246 3686569.9686
    -10996190.1736 3686428.96584
    -10996398.2297 3686245.05164
    -10996421.3841 3686228.48645
    -10996489.7343 3686179.8345
    -10996721.6128 3686030.35814
    -10996969.41 3685838.88497
    -10997048.5582 3685798.97336
    -10997088.2992 3685785.14781
    -10997158.3192 3685781.6262
    -10997315.057 3685808.49475
    -10997416.4691 3685834.97206
    -10997464.4478 3685853.6236
    -10997513.5397 3685881.14446
    -10997618.0687 3685922.36064
    -10997640.4439 3685951.3164
    -10997644.1174 3685954.57718
    -10997675.8435 3685981.96784
    -10997734.5089 3686011.1846
    -10998197.9319 3686173.57368
    -10998299.4553 3686189.09532
    -10998345.6529 3686181.92145
    -10998367.8054 3686170.83457
    -10998398.1957 3686155.96512
    -10998427.4727 3686141.61742
    -10998492.372 3686135.22618
    -10998513.9679 3686126.35671
    -10998533.2262 3686106.13956
    -10998556.2693 3686066.22708
    -10998571.7428 3686031.14073
    -10998595.6764 3685976.75056
    -10998601.4651 3685944.79482
    -10998613.2649 3685930.83867
    -10998630.2968 3685916.88253
    -10998660.4644 3685892.3615
    -10998821.4324 3685788.27812
    -10998921.5086 3685711.45523
    -10998932.9745 3685705.06422
    -10998983.8475 3685677.41333
    -10999042.5129 3685655.50135
    -10999106.2989 3685631.63299
    -10999206.5978 3685574.76647
    -10999224.075 3685564.98442
    -10999337.0643 3685519.98706
    -10999558.4787 3685464.03405
    -10999727.907 3685445.51352
    -10999738.705 3685444.47012
    -10999848.132 3685420.86302
    -10999875.0714 3685421.64557
    -10999902.6786 3685433.77518
    -10999951.2139 3685454.90421
    -11000101.0499 3685581.5487
    -11000156.9323 3685618.85104
    -11000186.6546 3685638.67611
    -11000227.3975 3685676.76119
    -11000243.0936 3685710.15095
    -11000240.5332 3685803.40798
    -11000258.6783 3685861.05814
    -11000258.7896 3685875.14464
    -11000250.3294 3685891.57892
    -11000214.2618 3685921.05633
    -11000189.6602 3685955.22934
    -11000117.6365 3686129.22624
    -10999986.2795 3686397.40023
    -10999952.661 3686499.53223
    -10999951.4365 3686521.83704
    -10999948.0969 3686587.96906
    -10999991.2889 3686798.23737
    -10999990.0644 3686849.50061
    -10999996.4096 3686866.84928
    -11000020.1206 3686908.72099
    -11000035.1488 3686935.33113
    -11000065.873 3686976.28998
    -11000106.2819 3687015.29232
    -11000108.731 3687016.33586
    -11000149.1399 3687033.55433
    -11000287.844 3687013.72701
    -11000478.8683 3686951.89727
    -11000581.6162 3686893.32888
    -11000807.5947 3686764.84465
    -11001019.7697 3686629.97026
    -11001103.8159 3686556.01173
    -11001152.4625 3686505.66279
    -11001174.949 3686470.96649
    -11001205.7845 3686449.96615
    -11001253.8746 3686398.83502
    -11001293.7269 3686366.35644
    -11001369.4242 3686319.53003
    -11001551.8768 3686225.87776
    -11001578.4822 3686206.83435
    -11001698.0393 3686153.87818
    -11001760.3782 3686138.22615
    -11001802.3457 3686127.92191
    -11001933.2574 3686120.74808
    -11002067.8427 3686137.70442
    -11002208.4392 3686167.57372
    -11002214.5618 3686168.87806
    -11002356.9394 3686174.61715
    -11002469.2608 3686180.61711
    -11002557.7598 3686185.5736
    -11002792.1986 3686183.22578
    -11002884.8164 3686175.92149
    -11003048.2334 3686175.00845
    -11003193.0601 3686164.31287
    -11003252.1707 3686164.44331
    -11003351.6904 3686164.83461
    -11003513.2149 3686173.05194
END
END
