48363 Palo Pinto County
1
    -10973396.506 3879502.23532
    -10973396.3946 3880038.82852
    -10973396.3946 3880047.84265
    -10973396.9512 3880125.12581
    -10973396.9512 3880130.82596
    -10973388.9362 3881515.51425
    -10973390.8287 3881740.23493
    -10973390.8287 3881744.87522
    -10973393.9456 3882149.64861
    -10973393.1664 3882773.0773
    -10973393.055 3882791.10976
    -10973391.6079 3883263.14572
    -10973392.1645 3885019.39225
    -10973390.1607 3886363.5413
    -10973390.1607 3886373.75397
    -10973388.6023 3887727.07824
    -10973388.7136 3887729.2006
    -10973389.0475 3888167.34352
    -10973388.9362 3888187.24141
    -10973387.3778 3889246.12302
    -10972811.4107 3889240.5511
    -10972644.5428 3889238.95913
    -10972619.7185 3889238.6938
    -10972053.4363 3889230.86659
    -10970627.9902 3889213.62022
    -10969619.8809 3889201.28244
    -10969608.081 3889201.28244
    -10969447.0017 3889201.54777
    -10969414.1625 3889198.76182
    -10968656.0768 3889182.70947
    -10968581.604 3889179.79087
    -10967645.9637 3889158.43199
    -10967607.7811 3889157.37068
    -10967603.9962 3889157.23802
    -10967323.4711 3889152.59479
    -10967317.7938 3889152.46213
    -10967118.198 3889161.48326
    -10967088.3644 3889161.48326
    -10966101.6284 3889161.08527
    -10965347.8841 3889149.67619
    -10965340.6484 3889149.67619
    -10965012.3672 3889147.55358
    -10964831.1391 3889142.64503
    -10963931.5662 3889118.36763
    -10963808.0016 3889115.84703
    -10963024.3124 3889099.79479
    -10962600.8531 3889091.03904
    -10962498.5504 3889088.91643
    -10962230.9384 3889083.34459
    -10962116.6133 3889081.08932
    -10960718.6631 3889055.08744
    -10960705.5274 3889054.82212
    -10960692.7257 3889053.89348
    -10960687.605 3889053.49549
    -10960681.5937 3889053.0975
    -10960657.5487 3889051.63822
    -10960637.9565 3889050.57692
    -10960618.2529 3889049.38296
    -10960593.3174 3889048.85231
    -10958561.848 3889005.73709
    -10958294.9038 3889001.09392
    -10958021.1692 3889000.8286
    -10958005.3618 3889000.8286
    -10957759.9024 3888998.83867
    -10957271.2098 3888991.14429
    -10957247.0535 3888990.48098
    -10957231.1348 3888989.95033
    -10957229.3537 3888989.95033
    -10957223.0085 3888989.68501
    -10957213.6576 3888989.41968
    -10957171.8015 3888988.49105
    -10957170.3543 3888988.49105
    -10957018.8485 3888982.12329
    -10956867.0087 3888974.29625
    -10956866.3408 3889255.80754
    -10956866.3408 3889272.12532
    -10956866.0068 3889493.54524
    -10956866.0068 3889510.65936
    -10956864.8937 3890139.12294
    -10956863.8918 3890784.73619
    -10956863.4465 3891060.85086
    -10956863.0012 3891337.10472
    -10956863.0012 3891342.14688
    -10956863.1125 3891528.0448
    -10956863.1125 3891686.34564
    -10956863.2239 3891858.84688
    -10956862.3333 3892523.92932
    -10956861.7767 3892697.23912
    -10956861.4427 3893121.10254
    -10956861.4427 3893185.06823
    -10956861.4427 3893207.23069
    -10956860.6635 3893836.68884
    -10956859.9956 3893849.8278
    -10956860.5522 3893881.41444
    -10956857.9918 3893952.81648
    -10956847.6391 3894247.45407
    -10956842.4071 3894396.23559
    -10956819.9206 3895030.93412
    -10956819.1413 3895045.00352
    -10956817.6942 3895070.88597
    -10956816.1357 3895096.9012
    -10956815.5791 3895108.31607
    -10956815.2452 3895118.53636
    -10956815.0225 3895128.62394
    -10956813.6867 3895173.22173
    -10956811.5716 3895241.57881
    -10956808.0094 3895319.62582
    -10956802.6661 3895762.69846
    -10956802.3321 3895783.40568
    -10956793.7605 3896354.32879
    -10955938.3815 3896345.16937
    -10955927.6949 3896345.03663
    -10955918.2327 3896344.77114
    -10955908.8819 3896344.77114
    -10955566.5744 3896340.92153
    -10955548.8746 3896340.65604
    -10955441.5626 3896342.51447
    -10955421.8591 3896342.91271
    -10954797.5794 3896335.74448
    -10954005.8752 3896326.85057
    -10953983.7226 3896326.45233
    -10953961.57 3896326.31959
    -10952955.3531 3896314.90354
    -10952801.7322 3896313.17785
    -10952785.0343 3896313.04511
    -10952768.2251 3896312.64688
    -10952736.6103 3896311.85041
    -10952002.6809 3896303.62024
    -10951268.7515 3896295.78831
    -10951146.3001 3896293.26616
    -10951135.0568 3896293.00067
    -10951093.5347 3896292.07146
    -10951052.0125 3896291.275
    -10949502.7791 3896222.77905
    -10948532.5184 3896205.38964
    -10947758.7367 3896191.58433
    -10947004.5471 3896178.17726
    -10947003.2113 3896178.17726
    -10946994.9736 3896178.04451
    -10946283.5308 3896165.43392
    -10946092.7292 3896162.11534
    -10945902.0389 3896158.66402
    -10945215.5316 3896146.71716
    -10944671.2906 3896137.02694
    -10944502.6416 3896134.1066
    -10944334.1039 3896131.05352
    -10944127.8288 3896127.60221
    -10944027.7526 3896130.12432
    -10944000.368 3896129.59335
    -10943985.0059 3896129.32787
    -10943314.64 3896117.91201
    -10942512.3604 3896104.10679
    -10942332.0228 3896101.18646
    -10941954.4271 3896094.81483
    -10940614.0291 3896071.98319
    -10940546.5695 3896070.92126
    -10940373.4677 3896067.86819
    -10940293.095 3896066.40803
    -10940108.5273 3896063.48771
    -10940081.8106 3896062.95674
    -10940066.8938 3896062.69126
    -10940045.4091 3896062.29303
    -10940024.0358 3896061.89481
    -10939964.1459 3896060.83287
    -10939959.4705 3896060.83287
    -10939427.6973 3896051.80643
    -10938828.2418 3896041.58532
    -10938527.4566 3896036.40839
    -10938391.4242 3896033.88631
    -10937176.1493 3896013.31138
    -10937155.7778 3896008.13447
    -10937071.509 3896007.60351
    -10937059.9317 3896008.39995
    -10937047.6866 3896007.33802
    -10936692.2434 3896004.41772
    -10936603.5218 3896003.22305
    -10936569.458 3896002.82482
    -10935785.2122 3895993.93117
    -10934864.6 3895983.84285
    -10934834.5438 3895983.57737
    -10934373.9037 3895979.59514
    -10933864.951 3895975.21469
    -10933641.9781 3895973.22357
    -10933256.0334 3895969.63957
    -10932964.8216 3895967.38298
    -10932687.3021 3895965.25912
    -10932409.7826 3895962.86979
    -10932244.5845 3895961.40964
    -10932091.8542 3895959.9495
    -10931828.1383 3895957.6929
    -10931564.4224 3895955.43631
    -10931366.719 3895953.84343
    -10931168.9043 3895952.1178
    -10931004.1514 3895950.79039
    -10930977.7687 3895950.52491
    -10930947.0445 3895950.25943
    -10930910.6431 3895949.99395
    -10930629.6727 3895947.33914
    -10930620.2105 3895947.20639
    -10930388.1094 3895945.34803
    -10930156.0082 3895943.48966
    -10929694.255 3895939.64018
    -10929232.3904 3895935.65797
    -10929121.1822 3895934.72879
    -10929009.8627 3895933.7996
    -10928664.7723 3895930.87932
    -10928319.5706 3895927.82629
    -10928311.3329 3895927.82629
    -10928303.0953 3895927.82629
    -10928294.635 3895927.82629
    -10928187.5457 3895926.8971
    -10928145.1329 3895926.49888
    -10928080.4563 3895925.96792
    -10927742.9356 3895923.18038
    -10927662.4516 3895921.72023
    -10927581.9676 3895919.99461
    -10927499.4799 3895918.53447
    -10927416.9922 3895916.94159
    -10926942.1032 3895907.91525
    -10926903.4753 3895907.51703
    -10926870.4135 3895907.25155
    -10926808.9651 3895906.85333
    -10926012.6968 3895902.07469
    -10926004.6818 3895902.07469
    -10925955.4786 3895901.67647
    -10925906.164 3895901.54373
    -10925894.4755 3895901.54373
    -10925889.9114 3895901.54373
    -10925873.6587 3895901.27825
    -10924992.565 3895896.10139
    -10924984.55 3895896.10139
    -10924516.2289 3895893.44659
    -10924048.0191 3895891.19001
    -10924037.6664 3895890.39357
    -10924029.54 3895890.39357
    -10923262.8827 3895885.61493
    -10923261.2129 3895885.61493
    -10923225.8133 3895884.55302
    -10922671.7762 3895865.04027
    -10922552.3304 3895860.92534
    -10922491.3273 3895858.66877
    -10921915.4716 3895838.35964
    -10921911.3528 3895838.35964
    -10921445.926 3895831.05897
    -10921408.4113 3895830.52802
    -10918832.367 3895788.44975
    -10918418.9264 3895783.93664
    -10916664.5312 3895753.27403
    -10916458.9241 3895759.38
    -10916448.4601 3895759.64548
    -10915554.4533 3895746.2389
    -10915554.5646 3895737.2127
    -10915555.0099 3895710.39962
    -10915555.1212 3895704.69189
    -10915555.2325 3895701.77166
    -10915561.4664 3895329.18263
    -10915564.2494 3894792.28768
    -10915564.472 3894768.52949
    -10915564.6947 3894713.97873
    -10915564.806 3894680.39896
    -10915564.6947 3894660.62277
    -10915570.8172 3894343.0138
    -10915571.4851 3894305.05526
    -10915576.4945 3894044.25952
    -10915576.8285 3894028.33325
    -10915596.532 3892977.51277
    -10915596.7547 3892953.49285
    -10915597.6452 3892881.69877
    -10915597.7565 3892879.84089
    -10915598.0905 3892857.94445
    -10915598.3131 3892832.99584
    -10915599.4263 3892758.1503
    -10915599.7603 3892733.4673
    -10915600.2056 3892700.42401
    -10915601.6527 3892601.69282
    -10915602.2093 3892568.7826
    -10915602.3206 3892560.55507
    -10915602.5433 3892549.00998
    -10915602.6546 3892535.87249
    -10915602.8772 3892527.77767
    -10915602.9886 3892523.26581
    -10915603.7678 3892489.29421
    -10915605.8829 3892333.50381
    -10915609.4451 3892083.235
    -10915609.6677 3892066.51522
    -10915610.0017 3892049.79546
    -10915614.3431 3891751.23234
    -10915617.2374 3891557.23674
    -10915627.1449 3891012.55354
    -10915650.2993 3889753.84171
    -10915657.0898 3889378.78844
    -10915667.2199 3888834.3391
    -10915669.335 3888696.77147
    -10915676.0141 3888284.34358
    -10915678.2405 3888146.91506
    -10915679.1311 3888087.2217
    -10915682.0254 3887908.67406
    -10915683.0273 3887849.11456
    -10915683.2499 3887828.42136
    -10915684.3631 3887766.60726
    -10915684.6971 3887746.04684
    -10915685.4763 3887690.06965
    -10915687.814 3887523.20082
    -10915688.7046 3887467.48997
    -10915693.7139 3887230.98712
    -10915695.6064 3887138.66873
    -10915716.4231 3886152.52557
    -10915723.4362 3885824.00644
    -10915724.7721 3885756.76526
    -10915729.0022 3885555.3093
    -10915730.4494 3885488.20228
    -10915733.2324 3885381.70716
    -10915742.0266 3885062.3602
    -10915745.0322 3884956.00155
    -10915742.2492 3884911.04476
    -10915740.0228 3884874.31028
    -10915740.6908 3884805.74841
    -10915739.3549 3884776.44064
    -10915738.5757 3884756.94638
    -10915739.2436 3884738.64568
    -10915741.0247 3884731.88238
    -10915743.8077 3884721.00807
    -10915743.8077 3884568.2383
    -10915745.1435 3884556.43586
    -10915747.1473 3884413.61399
    -10915752.4906 3884183.80305
    -10915768.7433 3883494.52983
    -10915771.3036 3883388.45059
    -10915771.8602 3883351.85347
    -10915772.4168 3883309.81997
    -10915773.0847 3883264.86948
    -10915777.2036 3883016.38523
    -10915789.56 3882271.36178
    -10915793.6788 3882025.01988
    -10915793.6788 3882023.03113
    -10915794.4581 3881985.11244
    -10915796.9071 3881871.62228
    -10915797.7977 3881833.83667
    -10915797.7977 3881830.1244
    -10915798.0203 3881819.38536
    -10915798.2429 3881815.80568
    -10915798.3543 3881808.116
    -10915800.4693 3881797.77472
    -10915805.0334 3881581.27278
    -10915819.8389 3880877.30446
    -10915824.8483 3880642.65773
    -10915824.9596 3880638.01787
    -10915826.8521 3880537.79734
    -10915833.0859 3880224.01718
    -10915835.0897 3880127.51192
    -10915835.201 3880119.42566
    -10915837.7614 3879878.16613
    -10915839.9878 3879680.7877
    -10915853.2348 3879154.94746
    -10915859.4687 3878913.97282
    -10915859.9139 3878904.56192
    -10915860.3592 3878825.82877
    -10915862.1403 3878561.40058
    -10915862.8082 3878473.39172
    -10915863.4762 3878427.26686
    -10915863.5875 3878417.98889
    -10915863.5875 3878412.95228
    -10915863.6988 3878408.71093
    -10915863.9214 3878396.78213
    -10915866.2592 3878232.03344
    -10915867.1497 3878171.99286
    -10915869.4874 3878051.11739
    -10915876.7232 3877688.89604
    -10915879.2835 3877568.29061
    -10915879.6175 3877547.61551
    -10915880.7307 3877486.12058
    -10915881.0646 3877474.32525
    -10915881.3986 3877465.71069
    -10915886.6306 3877279.77032
    -10915888.3004 3877042.41236
    -10915888.4117 3877029.55726
    -10915888.523 3877021.34061
    -10915890.7494 3876727.13524
    -10915890.8608 3876714.01544
    -10915890.9721 3876710.83489
    -10915891.5287 3876683.40264
    -10915892.1966 3876656.10298
    -10915892.1966 3876653.71757
    -10915900.5456 3876258.01218
    -10915900.6569 3876242.64011
    -10915900.8795 3876227.26805
    -10915903.6625 3876090.77567
    -10915903.7738 3876078.45167
    -10915904.5531 3876041.87732
    -10915904.887 3876029.6859
    -10915904.9983 3876024.38528
    -10915905.3323 3876009.01351
    -10915905.5549 3876003.84542
    -10915905.6663 3876001.0626
    -10915905.6663 3875998.27978
    -10915906.2228 3875981.5829
    -10915906.4455 3875976.14979
    -10915906.7794 3875955.34498
    -10915907.8926 3875893.46084
    -10915908.3379 3875872.78869
    -10915910.7869 3875745.04622
    -10915918.5793 3875362.48969
    -10915920.2491 3875282.5877
    -10915921.1397 3875235.15029
    -10915921.1397 3875232.89768
    -10915923.7 3875073.096
    -10915928.932 3874747.0066
    -10915931.3811 3874587.21152
    -10915934.0527 3874425.43116
    -10915934.7206 3874384.75454
    -10915936.8357 3874262.72555
    -10915937.5036 3874224.83189
    -10915937.5036 3874222.18199
    -10915939.0621 3874125.59349
    -10915942.9583 3873888.82916
    -10915943.7375 3873836.23024
    -10915945.4073 3873740.04238
    -10915946.1865 3873686.51669
    -10915948.8582 3873526.07359
    -10915949.7488 3873474.93364
    -10915949.8601 3873472.68136
    -10915951.4186 3873449.49623
    -10915956.3166 3873379.80862
    -10915957.7638 3873359.53834
    -10915957.8751 3873356.75615
    -10915958.7656 3873329.46421
    -10915961.66 3873248.1187
    -10915962.7732 3873221.09198
    -10915964.9995 3873131.00336
    -10915971.79 3872860.87411
    -10915974.0164 3872776.21987
    -10915974.1277 3872770.92073
    -10915974.573 3872736.21135
    -10915975.7975 3872632.21634
    -10915976.3541 3872597.63985
    -10915978.8032 3872458.54008
    -10915982.922 3872220.74952
    -10915982.922 3872218.62996
    -10915982.3654 3872150.93672
    -10915985.2597 3872089.33753
    -10915985.371 3872087.21799
    -10915988.2653 3871795.25551
    -10915988.488 3871780.949
    -10915989.3785 3871738.29453
    -10915989.6011 3871727.82963
    -10915989.7125 3871724.25303
    -10915989.8238 3871713.52321
    -10915990.3804 3871681.59876
    -10915990.603 3871671.13391
    -10915994.1652 3871617.48517
    -10916005.2972 3871457.07028
    -10916008.7481 3871406.86656
    -10916008.6368 3871403.55498
    -10916007.3009 3871376.26757
    -10916003.9614 3871308.31424
    -10916003.2934 3871295.20049
    -10916002.1802 3871271.88718
    -10916001.6237 3871268.17825
    -10916002.9595 3871239.0367
    -10916007.1896 3871151.87738
    -10916008.4141 3871127.90206
    -10916008.5255 3871122.86857
    -10916008.7481 3871111.21208
    -10916009.75 3871076.50761
    -10916010.0839 3871064.98363
    -10916010.5292 3871045.24718
    -10916011.7537 3871000.47603
    -10916011.865 3870986.70032
    -10916012.199 3870967.36138
    -10916014.0914 3870864.44165
    -10916019.9914 3870555.82032
    -10916021.8838 3870457.54003
    -10916021.9951 3870453.16909
    -10916022.2178 3870437.93705
    -10916022.5517 3870420.8507
    -10916024.3328 3870324.69076
    -10916024.5555 3870316.87614
    -10916025.0007 3870292.63762
    -10916025.0007 3870286.14753
    -10916025.446 3870266.80974
    -10916025.6687 3870260.45212
    -10916025.8913 3870248.66403
    -10916026.6705 3870213.4323
    -10916026.8932 3870203.89591
    -10916026.8932 3870201.77672
    -10916026.8932 3870196.08138
    -10916027.3385 3870179.52517
    -10916027.4498 3870174.09474
    -10916027.7837 3870151.7108
    -10916029.1196 3870085.08903
    -10916029.6762 3870062.97016
    -10916030.678 3870011.84526
    -10916031.5686 3869973.96529
    -10916033.9063 3869858.73677
    -10916035.0195 3869807.87764
    -10916035.0195 3869806.42074
    -10916035.2421 3869789.6002
    -10916036.0214 3869754.76718
    -10916036.3553 3869735.03292
    -10916036.8006 3869716.88804
    -10916037.1346 3869702.98139
    -10916037.2459 3869692.78319
    -10916038.8044 3869620.46896
    -10916039.361 3869596.36431
    -10916039.361 3869594.51011
    -10916039.4723 3869589.60972
    -10916039.5836 3869588.02041
    -10916040.1402 3869561.26698
    -10916034.4629 3869439.02311
    -10916034.4629 3869435.97696
    -10916035.2421 3869363.92919
    -10916035.6874 3869329.75962
    -10916035.5761 3869328.7001
    -10916035.5761 3869326.84595
    -10916034.4629 3869305.78801
    -10916044.593 3869007.40514
    -10916048.2665 3868900.52949
    -10916048.1552 3868880.00206
    -10916047.8212 3868818.81729
    -10916047.7099 3868798.6873
    -10916048.4892 3868750.87873
    -10916048.4892 3868748.75979
    -10916049.3797 3868699.75952
    -10916051.8287 3868599.37582
    -10916053.1646 3868549.71401
    -10916058.3966 3868340.47458
    -10916062.1815 3868194.93617
    -10916074.3153 3867712.64615
    -10916079.6586 3867503.68642
    -10916079.8813 3867488.59061
    -10916080.9944 3867443.70057
    -10916081.4397 3867428.73726
    -10916081.9963 3867404.10742
    -10916084.0001 3867331.01274
    -10916084.668 3867306.64794
    -10916085.0019 3867287.31505
    -10916086.4491 3867229.31654
    -10916087.0057 3867210.11619
    -10916087.2283 3867198.86082
    -10916088.2302 3867165.62445
    -10916088.6755 3867154.50154
    -10916089.5661 3867109.74518
    -10916092.349 3866976.27161
    -10916093.3509 3866931.78075
    -10916094.1301 3866890.60038
    -10916096.9131 3866767.58977
    -10916097.8037 3866726.67479
    -10916098.4716 3866693.83698
    -10916099.6961 3866635.70899
    -10916100.4754 3866596.25097
    -10916101.2546 3866563.81075
    -10916103.7036 3866443.71652
    -10916111.496 3866083.83837
    -10916114.1677 3865963.88143
    -10916114.8356 3865927.3385
    -10916117.2846 3865818.10759
    -10916118.0638 3865781.69751
    -10916119.3997 3865718.01325
    -10916123.5185 3865527.3597
    -10916124.9656 3865463.80921
    -10916125.077 3865458.11616
    -10916125.5222 3865441.30182
    -10916125.7449 3865435.74118
    -10916127.7486 3865337.50361
    -10916134.0938 3865043.72257
    -10916136.2089 3864945.75306
    -10916138.1013 3864856.1249
    -10916143.89 3864588.17123
    -10916145.8937 3864498.81057
    -10916149.122 3864344.58228
    -10916153.9087 3864123.90033
    -10916159.1407 3863882.04189
    -10916162.4803 3863727.95405
    -10916165.152 3863599.15192
    -10916173.6123 3863212.75399
    -10916176.3953 3863084.08987
    -10916177.1745 3863047.4235
    -10916177.3971 3863041.33451
    -10916179.5122 3862937.42507
    -10916180.2914 3862900.75915
    -10916180.848 3862871.63829
    -10916182.6291 3862785.46743
    -10916186.3027 3862609.8185
    -10916189.7536 3862439.7314
    -10916192.2026 3862324.57656
    -10916192.3139 3862274.27939
    -10916192.5366 3862185.06862
    -10916178.399 3862125.63928
    -10916167.0444 3862077.32833
    -10916164.4841 3862066.47494
    -10916163.3709 3861710.83342
    -10916161.2558 3861033.99265
    -10916160.1426 3860693.60169
    -10916159.8086 3860610.49061
    -10916158.8068 3860271.30292
    -10916159.3634 3860243.90894
    -10916161.0332 3860164.63881
    -10916166.1539 3859927.09627
    -10916167.935 3859848.09294
    -10916168.8255 3859808.65763
    -10916187.5272 3859384.93493
    -10916201.2195 3859076.48179
    -10916211.2383 3858851.6641
    -10916211.9062 3858840.01974
    -10916212.4628 3858828.3754
    -10916249.1982 3857996.09926
    -10916252.7604 3857916.44729
    -10916260.6641 3857532.22011
    -10916272.464 3856961.85633
    -10916273.5772 3856899.27808
    -10916273.6885 3856894.25067
    -10916274.8017 3856837.75856
    -10916275.9149 3856782.32512
    -10916278.9205 3856635.07716
    -10916287.8261 3856205.91211
    -10916297.8448 3855718.15931
    -10916300.9618 3855590.5029
    -10916301.0731 3855585.34376
    -10916304.0787 3855448.42889
    -10916304.19 3855444.32809
    -10916303.2995 3855277.91588
    -10916303.2995 3855276.85763
    -10916304.0787 3855249.60752
    -10916304.9693 3855222.48976
    -10916306.0825 3855188.36116
    -10916307.0843 3855154.23266
    -10916308.1975 3855118.91373
    -10916320.3314 3854763.61382
    -10916330.5727 3854260.4449
    -10916360.2951 3852819.17772
    -10916361.6309 3852758.20847
    -10916363.6346 3852656.37333
    -10916366.3063 3852575.83162
    -10916366.7516 3852552.29079
    -10916377.1043 3852038.90088
    -10916381.2231 3851841.85606
    -10916391.0192 3851363.67237
    -10916402.1512 3850814.10241
    -10916408.4964 3850499.12942
    -10916418.7378 3850002.09214
    -10916419.0717 3849985.96092
    -10916422.5226 3849815.52674
    -10916433.098 3849305.03223
    -10916436.7715 3849135.0045
    -10916437.7734 3849085.68898
    -10916440.779 3848937.74367
    -10916441.8922 3848888.56119
    -10916447.4582 3848617.40016
    -10916454.2487 3848293.89242
    -10916463.9335 3847804.08657
    -10916465.6033 3847724.3711
    -10916465.8259 3847714.98506
    -10916466.0486 3847706.12783
    -10916466.0486 3847704.14487
    -10916469.9447 3847533.0826
    -10916470.1674 3847519.06988
    -10916471.0579 3847477.4284
    -10916471.3919 3847463.68014
    -10916472.5051 3847406.17556
    -10916473.7296 3847346.02738
    -10916473.8409 3847340.21087
    -10916475.622 3847251.50944
    -10916478.8503 3847091.9543
    -10916479.0729 3847081.37905
    -10916479.2956 3847070.80382
    -10916479.4069 3847055.99851
    -10916479.7409 3847041.19321
    -10916481.4107 3846960.29318
    -10916485.1955 3846796.2476
    -10916485.1955 3846794.1326
    -10916507.7934 3845715.2692
    -10916508.1273 3845710.11436
    -10916508.9066 3845657.24441
    -10916514.0273 3845357.3441
    -10916514.1386 3845351.13205
    -10916514.6952 3845317.82496
    -10916514.8065 3845310.55557
    -10916515.0291 3845296.67766
    -10916522.3762 3844935.59322
    -10916526.829 3844749.10774
    -10916530.9478 3844599.36638
    -10916531.9497 3844563.94681
    -10916543.193 3844150.41799
    -10916547.4231 3844001.08068
    -10916554.1023 3843759.10537
    -10916555.7721 3843699.50435
    -10916574.1398 3843034.13415
    -10916580.819 3842794.29289
    -10916580.819 3842792.44289
    -10916587.2755 3842561.59205
    -10916587.6095 3842545.60312
    -10916608.3149 3841805.6432
    -10916612.0997 3841671.9268
    -10916615.328 3841559.08825
    -10916617.8884 3841468.3161
    -10916620.7827 3841365.78537
    -10916637.4806 3840786.29201
    -10916637.8145 3840778.3648
    -10916643.1579 3840593.26597
    -10916642.7126 3840556.53722
    -10916641.9334 3840484.00486
    -10916642.6013 3840475.02092
    -10916644.2711 3840446.74797
    -10916646.4975 3840410.2839
    -10916647.0541 3840407.77369
    -10916648.8352 3840400.50732
    -10916649.5031 3840398.12923
    -10916659.1879 3840122.14241
    -10916659.7445 3840101.13649
    -10916685.7932 3839209.93874
    -10916686.1272 3839202.27679
    -10916695.1441 3838913.23998
    -10916695.9233 3838883.78187
    -10916699.1516 3838770.70569
    -10916703.827 3838602.01811
    -10916714.8476 3838215.90828
    -10916729.5418 3837668.66571
    -10916738.0021 3837357.60861
    -10916740.4511 3837264.09494
    -10916747.6869 3836983.55839
    -10916750.2472 3836890.31184
    -10916751.5831 3836838.14163
    -10916759.1528 3836561.70943
    -10916787.4279 3835504.51147
    -10916828.2822 3834140.26453
    -10916828.8388 3834133.92632
    -10916835.9632 3834046.24807
    -10916843.4216 3833639.02806
    -10916877.5967 3832555.55289
    -10916887.8381 3832220.2053
    -10916888.3947 3832214.00013
    -10916892.9588 3832067.84972
    -10916892.9588 3832030.48726
    -10916893.0701 3831992.99289
    -10916893.0701 3831981.90302
    -10916893.0701 3831970.68115
    -10916905.5379 3831671.52314
    -10916911.8831 3831486.56647
    -10916940.4922 3830658.45536
    -10917857.4309 3830662.15156
    -10917990.3464 3830662.8116
    -10918496.6274 3830664.79171
    -10919313.6011 3830676.67239
    -10919968.8277 3830681.82068
    -10920834.448 3830688.9491
    -10921371.5646 3830694.75744
    -10921698.9552 3830699.37771
    -10921702.1835 3830699.50972
    -10921914.1358 3830705.97811
    -10922008.98 3830706.24212
    -10922239.5226 3830706.37413
    -10922515.8176 3830707.03417
    -10923267.6695 3830703.33795
    -10923438.6562 3830704.12999
    -10923690.1269 3830711.65445
    -10923718.8474 3830711.78645
    -10923807.6803 3830719.70693
    -10924081.3036 3830719.04689
    -10924099.2261 3830719.04689
    -10924740.9829 3830717.85882
    -10924895.8283 3830720.36697
    -10925080.73 3830721.95107
    -10926377.3794 3830732.64373
    -10926477.6783 3830728.28746
    -10926599.4618 3830724.19521
    -10926855.0514 3830726.83537
    -10927080.4733 3830729.60754
    -10928568.5923 3830747.29665
    -10928702.7323 3830748.22071
    -10928751.6015 3830748.35272
    -10929386.3453 3830753.23703
    -10929946.5049 3830757.4613
    -10932085.3976 3830773.69835
    -10932466.3329 3830776.60254
    -10932579.2109 3830777.26258
    -10933496.9288 3830782.54293
    -10934193.3435 3830786.6352
    -10935217.4828 3830791.51953
    -10935524.7246 3830792.97163
    -10935849.3323 3830794.42373
    -10936018.4266 3830795.21578
    -10937050.9148 3830803.40033
    -10937216.113 3830804.4564
    -10937887.0355 3830807.62462
    -10938409.9032 3830810.00078
    -10938634.9912 3830811.32087
    -10938797.9629 3830811.32087
    -10938868.5395 3830811.45288
    -10939845.0341 3830817.12927
    -10940374.2469 3830813.69704
    -10940475.1024 3830813.03699
    -10941188.7716 3830808.15266
    -10941198.0112 3830808.15266
    -10941594.5312 3830808.94471
    -10942117.5102 3830811.18886
    -10942162.9285 3830809.47275
    -10942398.2579 3830813.96106
    -10942472.2854 3830812.11293
    -10942681.2321 3830814.48909
    -10943148.9966 3830820.03348
    -10944773.2592 3830825.97389
    -10945285.4402 3830827.02996
    -10945622.1817 3830826.76595
    -10946286.4251 3830828.87809
    -10946500.6038 3830828.21805
    -10947131.34 3830826.63394
    -10947188.7809 3830826.63394
    -10948070.0973 3830826.63394
    -10948147.353 3830826.36992
    -10948552.6673 3830825.97389
    -10949311.1983 3830824.91782
    -10950180.6035 3830824.12576
    -10950387.9917 3830823.99375
    -10950503.43 3830824.12576
    -10950509.7752 3830824.12576
    -10950767.4799 3830824.52179
    -10950779.5024 3830824.52179
    -10950973.5322 3830824.78581
    -10951243.7046 3830824.78581
    -10951535.5843 3830822.27763
    -10951558.9614 3830824.52179
    -10951594.361 3830825.70987
    -10952005.7979 3830823.99375
    -10952849.1543 3830820.29749
    -10952863.0693 3830820.03348
    -10952879.6559 3830819.90147
    -10952904.4801 3830819.63745
    -10953020.0298 3830826.23791
    -10953026.4863 3830826.36992
    -10953168.9752 3830829.14211
    -10953217.9558 3830830.06618
    -10953284.1909 3830831.91431
    -10953927.061 3830832.31033
    -10955279.5928 3830832.31033
    -10955641.9377 3830832.70636
    -10955691.9202 3830833.49842
    -10955958.1964 3830837.85473
    -10956092.7817 3830838.64678
    -10956929.6816 3830843.66314
    -10956941.2588 3830844.98323
    -10956944.5984 3830844.98323
    -10956963.1888 3830844.85122
    -10957008.3845 3830844.98323
    -10957596.708 3830844.58721
    -10958752.093 3830843.79515
    -10958878.7746 3830843.79515
    -10959100.8569 3830843.79515
    -10960687.1597 3830843.00309
    -10960698.7369 3830843.00309
    -10961673.3391 3830842.73907
    -10962206.5594 3830844.98323
    -10962208.0066 3830844.98323
    -10962257.0985 3830845.24725
    -10962287.1547 3830845.37926
    -10962306.1904 3830845.51127
    -10962529.1633 3830846.69936
    -10962576.808 3830846.96338
    -10962609.8699 3830847.09539
    -10962612.6529 3830847.09539
    -10962704.3802 3830846.83137
    -10962988.0222 3830846.03931
    -10963082.6438 3830845.9073
    -10963108.136 3830845.77529
    -10963184.8351 3830845.51127
    -10963210.4386 3830845.51127
    -10963214.6687 3830845.51127
    -10963338.0107 3830844.98323
    -10963720.8385 3830844.19118
    -10963848.5219 3830844.05917
    -10963978.6544 3830843.79515
    -10964369.2745 3830843.26711
    -10964499.5183 3830843.26711
    -10964772.0284 3830868.34893
    -10964791.732 3830870.32907
    -10965015.3728 3830891.05462
    -10965591.3399 3830896.59904
    -10965620.6169 3830896.99507
    -10965860.2877 3830904.65165
    -10965864.6292 3830904.78366
    -10965967.1545 3830907.95191
    -10966156.7315 3830913.89236
    -10966201.148 3830915.47649
    -10966274.7302 3830917.98468
    -10966310.3524 3830919.30478
    -10966377.3668 3830921.68097
    -10966382.3762 3830921.81298
    -10966430.5775 3830923.52911
    -10966590.5436 3830929.46958
    -10966643.8656 3830931.44973
    -10966648.0958 3830931.58175
    -10966713.4403 3830932.90185
    -10966721.01 3830933.16587
    -10966922.387 3830937.12618
    -10966992.073 3830938.84232
    -10967554.4591 3830954.8156
    -10968064.0797 3830969.33678
    -10969241.7286 3831002.73557
    -10969804.226 3831018.84094
    -10970453.7752 3831037.32255
    -10970684.4292 3831044.05514
    -10971169.5595 3831063.19685
    -10972401.9776 3831111.90933
    -10972772.4489 3831126.56272
    -10972924.9566 3831133.29536
    -10973040.2836 3831138.31184
    -10973051.4155 3831138.83989
    -10973057.5381 3831139.10392
    -10973063.9946 3831138.97191
    -10973097.9471 3831138.31184
    -10973190.4536 3831136.59568
    -10973237.8757 3831134.21945
    -10973271.0489 3831132.6353
    -10973277.5054 3831132.37127
    -10973284.5185 3831132.10725
    -10973296.2071 3831131.71121
    -10973458.6222 3831125.3746
    -10973455.7279 3831357.71899
    -10973455.1713 3831396.00344
    -10973448.8261 3832768.7808
    -10973444.4847 3833276.05417
    -10973443.3715 3833403.60211
    -10973443.3715 3833406.11083
    -10973442.4809 3833529.30288
    -10973428.1207 3835271.29348
    -10973431.2376 3835578.86222
    -10973436.581 3836201.94778
    -10973437.0262 3836241.96478
    -10973434.9112 3836651.91569
    -10973436.581 3837053.42775
    -10973438.5847 3837440.68845
    -10973440.8111 3837902.45922
    -10973441.1451 3837998.75179
    -10973441.1451 3837999.14806
    -10973442.2583 3838173.50697
    -10973444.7073 3838693.95717
    -10973444.9299 3838728.83079
    -10973459.0675 3839806.00073
    -10973449.828 3841625.54923
    -10973449.7167 3841628.58821
    -10973449.6053 3841679.85461
    -10973449.6053 3841686.85751
    -10973444.262 3842910.31466
    -10973443.7054 3843380.35985
    -10973443.7054 3843389.47815
    -10973443.9281 3843541.58291
    -10973443.9281 3843544.09378
    -10973443.9281 3843790.29361
    -10973438.696 3844772.63303
    -10973435.2451 3845444.97394
    -10973429.7905 3845501.27944
    -10973433.6867 3845740.38252
    -10973434.5772 3846371.80177
    -10973431.1263 3847761.25431
    -10973432.6848 3847871.64023
    -10973432.9074 3849053.42908
    -10973432.9074 3849056.20554
    -10973432.7961 3849109.61954
    -10973432.7961 3849675.63768
    -10973432.7961 3849678.01763
    -10973433.2414 3851528.04583
    -10973433.2414 3852897.3405
    -10973433.6867 3855139.81406
    -10973433.798 3855141.5337
    -10973433.6867 3856808.78496
    -10973433.6867 3856870.56893
    -10973432.4621 3857287.18919
    -10973432.4621 3857321.72078
    -10973432.6848 3859405.04885
    -10973432.7961 3859944.82909
    -10973432.9074 3859961.50325
    -10973432.6848 3860026.87679
    -10973432.6848 3860027.93547
    -10973432.2395 3861752.92218
    -10973432.2395 3861754.11337
    -10973429.7905 3861987.9867
    -10973412.6473 3862202.14304
    -10973413.4265 3862317.03197
    -10973411.3114 3863678.04802
    -10973410.9775 3863925.06506
    -10973408.7511 3865237.14856
    -10973408.7511 3865254.095
    -10973408.5285 3865545.23334
    -10973407.3039 3866438.81744
    -10973406.8587 3866892.71898
    -10973406.8587 3866902.51752
    -10973402.4059 3869948.27056
    -10973401.404 3870717.54748
    -10973401.404 3870731.8527
    -10973400.5135 3871411.90017
    -10973399.5116 3872191.20819
    -10973401.738 3872678.31847
    -10973401.2927 3873084.23704
    -10973399.7342 3874638.88631
    -10973399.7342 3874647.6313
    -10973395.7267 3874829.28999
    -10973395.3928 3874838.56512
    -10973393.9456 3875813.42272
    -10973393.9456 3875822.3011
    -10973393.2777 3876377.54402
    -10973391.9419 3877100.32673
    -10973391.7192 3877409.78249
    -10973390.94 3877669.94368
    -10973402.0719 3878740.07121
    -10973398.7323 3878963.14821
    -10973398.1757 3878996.68303
    -10973396.2833 3879121.01454
    -10973396.3946 3879311.22573
    -10973396.506 3879502.23532
END
END
