48379 Rains County
1
    -10664302.4664 3865320.02747
    -10664320.1662 3865324.79369
    -10664364.2487 3865327.04441
    -10664379.4994 3865324.13172
    -10664387.5144 3865321.08664
    -10664407.7746 3865307.31757
    -10664425.8084 3865298.71192
    -10664443.9534 3865297.25558
    -10664457.6457 3865305.33165
    -10664476.57 3865327.04441
    -10664484.4737 3865328.50075
    -10664496.0509 3865327.83878
    -10664509.8546 3865319.63029
    -10664518.5375 3865316.18802
    -10664528.6676 3865315.52605
    -10664540.2448 3865316.18802
    -10664546.0334 3865319.10071
    -10664551.822 3865324.79369
    -10664567.7407 3865349.68397
    -10664575.6444 3865356.83331
    -10664587.3329 3865361.99673
    -10664609.0402 3865361.99673
    -10664615.4968 3865359.87841
    -10664620.6175 3865359.87841
    -10664633.6418 3865355.37696
    -10664639.4305 3865351.6699
    -10664657.4642 3865334.32613
    -10664669.8207 3865319.89508
    -10664687.9658 3865283.48654
    -10664695.2015 3865264.55415
    -10664724.1446 3865210.80219
    -10664747.967 3865181.67562
    -10664769.0063 3865151.75477
    -10664800.8437 3865117.46503
    -10664812.4209 3865105.28492
    -10664818.9888 3865094.95831
    -10664845.0376 3865064.37571
    -10664859.5091 3865049.8126
    -10664884.8899 3865007.0501
    -10664902.2558 3864993.94337
    -10664919.6216 3864992.48706
    -10664932.646 3864996.85597
    -10664939.1025 3865002.01923
    -10664944.2232 3865009.30076
    -10664946.3383 3865015.12598
    -10664945.6704 3865042.66344
    -10664939.8818 3865074.70229
    -10664921.0688 3865121.96638
    -10664921.0688 3865131.49866
    -10664923.1838 3865140.76615
    -10664933.3139 3865153.34348
    -10664943.444 3865162.74339
    -10664960.8098 3865175.85032
    -10664966.9324 3865178.10101
    -10664970.272 3865179.42494
    -10664997.1 3865178.76297
    -10665015.1337 3865171.34895
    -10665054.9861 3865146.06187
    -10665079.5877 3865135.86762
    -10665093.3913 3865134.4113
    -10665101.295 3865135.07326
    -10665107.8629 3865137.32394
    -10665115.0986 3865143.01683
    -10665121.5552 3865150.43084
    -10665131.0173 3865171.34895
    -10665137.4739 3865191.07555
    -10665138.2531 3865235.42744
    -10665136.8059 3865246.41615
    -10665138.2531 3865292.22458
    -10665143.2625 3865300.96263
    -10665156.2868 3865316.18802
    -10665176.547 3865330.08949
    -10665190.3506 3865335.1205
    -10665218.6258 3865334.45853
    -10665249.016 3865325.58806
    -10665277.1798 3865308.24434
    -10665288.8684 3865294.47529
    -10665295.9928 3865279.7795
    -10665297.5513 3865271.83583
    -10665296.1041 3865204.84448
    -10665284.5269 3865156.7857
    -10665268.4969 3865103.16664
    -10665239.2199 3865053.38718
    -10665226.5294 3865031.80732
    -10665222.9672 3865023.73143
    -10665222.188 3864996.19402
    -10665225.0823 3864983.74925
    -10665244.6745 3864956.21193
    -10665247.5688 3864945.88545
    -10665246.1217 3864915.43563
    -10665242.4481 3864896.37143
    -10665237.4388 3864886.30979
    -10665230.203 3864876.9101
    -10665219.2937 3864866.58369
    -10665196.9185 3864849.24064
    -10665186.0092 3864843.4155
    -10665175.2112 3864833.22151
    -10665175.2112 3864830.30894
    -10665170.8697 3864820.9093
    -10665170.8697 3864817.2024
    -10665168.6433 3864810.71533
    -10665167.3075 3864808.06755
    -10665164.3019 3864802.63959
    -10665162.8547 3864782.25169
    -10665163.1887 3864772.85209
    -10665163.6339 3864759.61322
    -10665170.8697 3864748.09542
    -10665176.6583 3864743.06466
    -10665182.4469 3864740.15211
    -10665188.9035 3864738.69584
    -10665203.4863 3864738.69584
    -10665213.5051 3864740.15211
    -10665225.0823 3864743.59421
    -10665236.6595 3864745.05048
    -10665263.4875 3864745.84481
    -10665271.5025 3864744.52093
    -10665279.2949 3864741.74077
    -10665290.3155 3864737.90151
    -10665296.772 3864734.32703
    -10665301.8927 3864729.03149
    -10665309.1285 3864718.30805
    -10665312.6907 3864710.36477
    -10665313.47 3864685.47584
    -10665304.787 3864665.75008
    -10665290.3155 3864652.9085
    -10665272.1704 3864641.92035
    -10665262.8196 3864633.97711
    -10665262.0404 3864632.91801
    -10665254.8046 3864624.44524
    -10665251.2424 3864617.16395
    -10665250.4631 3864591.61329
    -10665253.3574 3864575.06496
    -10665257.031 3864566.32746
    -10665267.829 3864552.42689
    -10665284.5269 3864542.23315
    -10665296.1041 3864542.23315
    -10665308.7946 3864540.51213
    -10665319.2586 3864539.32065
    -10665377.924 3864537.86441
    -10665392.3955 3864534.95191
    -10665404.6406 3864530.45079
    -10665434.3629 3864507.41564
    -10665463.306 3864476.83457
    -10665477.1096 3864465.18466
    -10665540.7844 3864463.06649
    -10665589.9876 3864453.53476
    -10665603.7912 3864453.53476
    -10665642.0851 3864443.34111
    -10665676.1489 3864430.235
    -10665754.2952 3864395.41782
    -10665773.8874 3864385.22422
    -10665798.489 3864367.74949
    -10665818.7491 3864342.19937
    -10665835.4471 3864310.29489
    -10665841.2357 3864305.13193
    -10665849.1394 3864294.27649
    -10665867.2844 3864278.25812
    -10665878.0824 3864274.55139
    -10665907.0255 3864270.97704
    -10665934.5214 3864265.15219
    -10665954.7816 3864264.49027
    -10665984.5039 3864257.73874
    -10666054.7465 3864252.04627
    -10666069.8859 3864247.67764
    -10666085.8046 3864245.42713
    -10666098.9403 3864241.72041
    -10666145.2492 3864224.2459
    -10666155.3793 3864218.55345
    -10666169.8508 3864217.89153
    -10666198.7939 3864220.80395
    -10666209.7032 3864224.2459
    -10666228.5162 3864233.11553
    -10666254.5649 3864256.28253
    -10666268.2572 3864277.46382
    -10666282.7288 3864313.86925
    -10666284.9552 3864323.26848
    -10666283.508 3864354.64346
    -10666274.8251 3864376.48685
    -10666263.2479 3864388.00429
    -10666256.0121 3864392.50536
    -10666232.8576 3864399.65412
    -10666207.4768 3864402.56659
    -10666155.3793 3864403.36089
    -10666112.6326 3864395.41782
    -10666095.2668 3864389.5929
    -10666067.7708 3864383.76799
    -10666029.3656 3864383.76799
    -10666009.8847 3864387.34237
    -10665993.1868 3864394.49113
    -10665942.5364 3864409.05343
    -10665910.699 3864416.46697
    -10665901.2369 3864417.1289
    -10665885.3182 3864420.83567
    -10665878.0824 3864424.27768
    -10665866.5052 3864437.51617
    -10665865.8373 3864451.4166
    -10665869.3995 3864473.12778
    -10665872.2938 3864510.32813
    -10665881.756 3864534.95191
    -10665906.3576 3864559.57575
    -10665925.1706 3864566.98939
    -10665931.6271 3864567.7837
    -10665985.951 3864566.98939
    -10666009.1055 3864571.35814
    -10666017.1205 3864574.27064
    -10666022.9091 3864577.97747
    -10666028.6977 3864587.37691
    -10666030.1449 3864593.06954
    -10666027.9185 3864609.88267
    -10666024.3562 3864625.10717
    -10666017.1205 3864638.87544
    -10666009.1055 3864646.28913
    -10665982.3888 3864660.85174
    -10665965.6909 3864673.95811
    -10665949.1043 3864690.63896
    -10665938.195 3864703.74536
    -10665933.8535 3864722.67686
    -10665930.9592 3864760.53994
    -10665931.7384 3864777.08853
    -10665935.3006 3864797.60881
    -10665946.21 3864825.14576
    -10665965.6909 3864849.24064
    -10665977.6021 3864861.02332
    -10666004.764 3864887.76608
    -10666055.5257 3864941.64895
    -10666077.233 3864913.18499
    -10666094.5988 3864876.11576
    -10666119.2004 3864828.85266
    -10666158.2736 3864772.19014
    -10666191.5581 3864719.76432
    -10666271.1515 3864621.40034
    -10666296.5324 3864597.57069
    -10666339.2791 3864574.80019
    -10666356.6449 3864573.34394
    -10666371.7844 3864570.69621
    -10666387.0351 3864574.27064
    -10666412.416 3864585.92066
    -10666423.9932 3864600.4832
    -10666431.8969 3864617.95827
    -10666434.7912 3864635.1686
    -10666437.0176 3864662.308
    -10666435.5704 3864684.01957
    -10666431.8969 3864708.77611
    -10666433.344 3864726.11895
    -10666448.5948 3864768.48326
    -10666470.3021 3864797.60881
    -10666482.6586 3864807.67038
    -10666511.6016 3864817.73196
    -10666524.626 3864818.65868
    -10666550.6748 3864809.92099
    -10666561.4728 3864799.06509
    -10666569.4878 3864788.87114
    -10666573.05 3864774.17598
    -10666572.3821 3864688.38837
    -10666573.05 3864673.95811
    -10666577.3915 3864656.48295
    -10666576.7236 3864634.63905
    -10666572.3821 3864617.16395
    -10666559.3577 3864578.50701
    -10666555.6842 3864564.73882
    -10666554.237 3864547.26382
    -10666555.6842 3864532.70135
    -10666572.3821 3864521.18377
    -10666596.9837 3864505.16508
    -10666610.0081 3864494.97139
    -10666624.4796 3864488.35211
    -10666648.302 3864471.67154
    -10666668.6735 3864461.47787
    -10666680.9186 3864457.10916
    -10666691.0487 3864455.65292
    -10666726.5596 3864454.0643
    -10666746.0405 3864455.65292
    -10666784.4457 3864465.18466
    -10666819.1774 3864480.40898
    -10666830.7546 3864490.60266
    -10666853.2412 3864527.5383
    -10666855.3562 3864547.26382
    -10666852.4619 3864561.032
    -10666851.794 3864590.28942
    -10666856.8034 3864605.38152
    -10666873.5013 3864634.63905
    -10666886.5257 3864644.83287
    -10666897.435 3864648.40732
    -10666918.3631 3864648.40732
    -10666926.3781 3864644.83287
    -10666935.061 3864636.09531
    -10666946.6382 3864620.60601
    -10666956.7683 3864603.13094
    -10666965.4512 3864581.5519
    -10666968.3455 3864561.82632
    -10666976.2492 3864542.23315
    -10666999.4037 3864521.05138
    -10667005.9715 3864517.47696
    -10667028.458 3864516.02072
    -10667076.2141 3864513.77016
    -10667093.5799 3864511.65199
    -10667112.3929 3864512.97585
    -10667126.1966 3864515.2264
    -10667140.6681 3864520.38945
    -10667155.8075 3864523.30194
    -10667173.1734 3864528.20023
    -10667235.5123 3864550.17632
    -10667254.9932 3864551.63257
    -10667273.8062 3864550.83825
    -10667291.172 3864542.76269
    -10667304.9757 3864530.45079
    -10667320.8943 3864511.65199
    -10667325.9037 3864504.37077
    -10667331.0244 3864492.72083
    -10667333.9187 3864482.39476
    -10667335.3659 3864470.87723
    -10667338.9281 3864463.59604
    -10667359.1883 3864446.12119
    -10667373.7711 3864441.09056
    -10667400.2651 3864429.44069
    -10667407.0556 3864426.52822
    -10667458.3739 3864410.50966
    -10667477.1869 3864401.77228
    -10667492.4377 3864397.40359
    -10667509.8035 3864396.60928
    -10667568.4689 3864399.52174
    -10667595.1856 3864399.52174
    -10667679.8997 3864409.05343
    -10667700.1599 3864413.42213
    -10667718.9728 3864432.08838
    -10667719.7521 3864455.52054
    -10667716.8578 3864472.33347
    -10667709.622 3864496.95717
    -10667701.607 3864545.01326
    -10667702.3862 3864586.31782
    -10667708.9541 3864630.66743
    -10667714.7427 3864650.52552
    -10667725.5407 3864674.48766
    -10667735.6708 3864689.05031
    -10667782.091 3864731.14971
    -10667821.1641 3864759.61322
    -10667842.2035 3864780.66303
    -10667847.2129 3864787.15008
    -10667857.343 3864817.73196
    -10667862.4637 3864828.72027
    -10667868.9202 3864837.32558
    -10667882.7238 3864851.22648
    -10667907.3254 3864869.36388
    -10667919.5706 3864875.18903
    -10667957.9758 3864873.07079
    -10667968.8851 3864869.36388
    -10667981.9095 3864862.87678
    -10667998.4961 3864862.87678
    -10668020.2034 3864864.99501
    -10668035.1202 3864869.76105
    -10668040.5749 3864871.34973
    -10668070.1858 3864888.16325
    -10668085.4366 3864894.78275
    -10668094.7874 3864895.57709
    -10668102.8025 3864898.48968
    -10668110.0382 3864899.15163
    -10668160.0207 3864897.69533
    -10668180.2808 3864899.15163
    -10668200.541 3864902.72616
    -10668215.0125 3864907.88938
    -10668229.484 3864915.17085
    -10668241.8405 3864926.02686
    -10668246.182 3864931.71965
    -10668251.1913 3864939.92787
    -10668264.9949 3864971.83405
    -10668270.7836 3864979.11556
    -10668291.7116 3865011.81619
    -10668294.6059 3865021.87795
    -10668301.1738 3865034.98472
    -10668315.6453 3865056.96176
    -10668326.5546 3865063.58136
    -10668340.2469 3865069.27422
    -10668374.9786 3865068.47986
    -10668386.5558 3865067.02355
    -10668414.831 3865059.08003
    -10668427.1874 3865053.91675
    -10668460.472 3865033.6608
    -10668488.6358 3865018.96533
    -10668543.739 3864997.25315
    -10668554.5369 3864989.83924
    -10668571.2349 3864989.30967
    -10668588.6007 3864995.13489
    -10668597.2836 3864996.4588
    -10668613.2023 3864996.59119
    -10668621.8852 3864995.0025
    -10668632.6832 3864989.17728
    -10668650.1604 3864974.61426
    -10668651.6075 3864970.90731
    -10668651.4962 3864958.59496
    -10668644.2605 3864942.57568
    -10668630.5682 3864924.57057
    -10668626.2267 3864915.03846
    -10668627.6738 3864890.28149
    -10668632.0153 3864883.66199
    -10668638.4718 3864877.17488
    -10668645.0397 3864871.34973
    -10668657.2848 3864863.40634
    -10668663.0734 3864861.95005
    -10668693.4637 3864861.95005
    -10668718.8445 3864870.68778
    -10668747.1197 3864883.66199
    -10668783.2985 3864895.31231
    -10668799.2172 3864897.43055
    -10668843.411 3864896.7686
    -10668879.5899 3864889.48715
    -10668903.4122 3864878.49878
    -10668912.8744 3864871.34973
    -10668941.0382 3864844.20984
    -10668959.1833 3864834.94257
    -10668991.0207 3864833.3539
    -10669009.8337 3864835.60452
    -10669019.9637 3864839.31142
    -10669044.5653 3864855.99251
    -10669072.8405 3864871.34973
    -10669091.6535 3864875.45381
    -10669100.3364 3864876.24815
    -10669128.6116 3864872.01168
    -10669177.1469 3864857.97836
    -10669190.8392 3864851.62365
    -10669200.9692 3864845.66612
    -10669210.4314 3864836.26647
    -10669219.1143 3864822.49797
    -10669230.6915 3864796.15253
    -10669240.7103 3864746.90392
    -10669255.2931 3864721.22059
    -10669270.4326 3864705.20163
    -10669278.4476 3864700.30328
    -10669290.6927 3864700.30328
    -10669297.9285 3864703.21581
    -10669307.3907 3864710.49715
    -10669314.6264 3864721.22059
    -10669319.6358 3864737.23957
    -10669327.6508 3864756.96545
    -10669329.098 3864777.3533
    -10669338.5601 3864817.33479
    -10669342.9016 3864831.10328
    -10669347.243 3864839.17904
    -10669369.6183 3864862.47961
    -10669388.4313 3864871.21734
    -10669392.1048 3864871.74689
    -10669416.7064 3864870.29061
    -10669422.495 3864868.30476
    -10669430.51 3864858.7727
    -10669439.8609 3864834.81018
    -10669440.6401 3864828.98505
    -10669439.1929 3864807.93516
    -10669436.9665 3864800.65376
    -10669435.5194 3864747.56586
    -10669441.308 3864734.98897
    -10669455.0003 3864724.92746
    -10669465.1304 3864720.55865
    -10669483.2755 3864722.01492
    -10669493.4055 3864725.72179
    -10669510.7714 3864744.52093
    -10669518.0071 3864754.0529
    -10669543.388 3864773.64642
    -10669561.4217 3864776.55897
    -10669571.6631 3864776.55897
    -10669579.5668 3864775.1027
    -10669586.1347 3864770.73387
    -10669606.3948 3864761.33427
    -10669618.64 3864759.08367
    -10669627.3229 3864759.08367
    -10669647.583 3864760.53994
    -10669657.7131 3864769.93953
    -10669670.0696 3864777.88286
    -10669704.8012 3864816.54045
    -10669719.2728 3864836.00169
    -10669730.85 3864860.22898
    -10669736.6386 3864880.35224
    -10669738.1971 3864927.08598
    -10669744.6536 3864940.72221
    -10669746.88 3864967.86232
    -10669765.693 3864985.99989
    -10669779.4966 3864996.19402
    -10669792.521 3865002.01923
    -10669820.6848 3865011.41902
    -10669833.0413 3865013.53728
    -10669845.2864 3865013.53728
    -10669855.5278 3865011.41902
    -10669879.3502 3864998.31228
    -10669915.529 3864959.65409
    -10669938.0156 3864937.94201
    -10669971.968 3864909.34567
    -10669981.4302 3864905.10919
    -10669993.6753 3864903.65289
    -10670011.0412 3864903.65289
    -10670032.7485 3864905.90353
    -10670045.1049 3864909.34567
    -10670056.6822 3864915.30324
    -10670064.6972 3864921.12842
    -10670071.1537 3864927.61555
    -10670077.7215 3864936.22093
    -10670082.063 3864947.34174
    -10670087.0724 3864966.27363
    -10670092.861 3864979.38034
    -10670099.4288 3864990.23641
    -10670107.4438 3865000.29815
    -10670129.8191 3865017.77381
    -10670165.33 3865030.08623
    -10670187.8165 3865034.58754
    -10670200.8409 3865035.2495
    -10670216.7596 3865038.16212
    -10670258.727 3865067.95029
    -10670263.0685 3865074.43751
    -10670271.0835 3865081.05712
    -10670271.0835 3865092.04568
    -10670268.8571 3865110.8454
    -10670264.5156 3865129.11559
    -10670253.7177 3865145.79708
    -10670235.5726 3865158.90399
    -10670224.7746 3865164.5969
    -10670215.3124 3865174.92357
    -10670205.9616 3865181.41084
    -10670197.2787 3865196.63608
    -10670194.3844 3865209.87544
    -10670178.4657 3865255.02176
    -10670177.0185 3865271.57104
    -10670177.6864 3865297.91755
    -10670180.6921 3865318.30634
    -10670185.0335 3865324.79369
    -10670187.1486 3865334.19374
    -10670204.5144 3865361.73194
    -10670212.5294 3865372.05878
    -10670229.8953 3865389.535
    -10670239.3574 3865397.47874
    -10670251.6026 3865405.55489
    -10670271.8627 3865415.74937
    -10670292.1229 3865421.31
    -10670309.4887 3865423.56074
    -10670360.9183 3865422.89876
    -10670392.7557 3865416.41135
    -10670404.3329 3865415.61698
    -10670421.0308 3865412.04228
    -10670459.4361 3865410.58593
    -10670487.5999 3865411.90989
    -10670507.8601 3865419.05927
    -10670514.4279 3865423.56074
    -10670531.1258 3865443.15537
    -10670535.4673 3865457.05699
    -10670544.1502 3865476.51928
    -10670545.5974 3865484.72787
    -10670552.8331 3865500.61549
    -10670563.7424 3865529.74285
    -10670569.531 3865541.39382
    -10670582.5554 3865557.41391
    -10670604.2627 3865578.46514
    -10670615.84 3865585.61462
    -10670633.985 3865592.36692
    -10670659.2546 3865603.88554
    -10670682.5203 3865616.99296
    -10670694.7655 3865630.76239
    -10670704.8955 3865645.32622
    -10670711.4634 3865659.09567
    -10670715.0256 3865673.79194
    -10670714.3577 3865688.88542
    -10670712.9106 3865694.04898
    -10670706.3427 3865699.87455
    -10670692.6504 3865709.40729
    -10670665.1545 3865723.97122
    -10670643.4472 3865739.19716
    -10670630.4228 3865750.71593
    -10670617.3984 3865769.78151
    -10670605.042 3865792.28952
    -10670599.2534 3865800.23354
    -10670580.4404 3865845.38212
    -10670574.6517 3865854.25298
    -10670563.8538 3865865.10986
    -10670550.8294 3865874.64274
    -10670534.1314 3865883.38121
    -10670500.179 3865904.43303
    -10670492.9432 3865910.25869
    -10670490.7168 3865918.9972
    -10670490.7168 3865930.64854
    -10670492.164 3865936.47422
    -10670492.9432 3865940.04907
    -10670502.2941 3865952.49486
    -10670509.5298 3865956.73172
    -10670521.2184 3865966.13227
    -10670544.3728 3865977.12165
    -10670617.5097 3865987.97865
    -10670650.015 3865985.86021
    -10670685.526 3865974.87081
    -10670741.9649 3865966.13227
    -10670781.0381 3865955.93731
    -10670839.0355 3865937.79824
    -10670877.3294 3865916.61397
    -10670894.6953 3865899.00457
    -10670896.9217 3865891.19289
    -10670894.0274 3865873.71593
    -10670891.801 3865868.55229
    -10670882.3388 3865856.901
    -10670875.8823 3865842.46931
    -10670875.103 3865831.48005
    -10670882.3388 3865801.68994
    -10670893.916 3865786.46392
    -10670901.931 3865779.04951
    -10670914.1762 3865771.89991
    -10670940.225 3865759.32192
    -10670969.168 3865747.80314
    -10670981.5245 3865746.21434
    -10671006.9053 3865747.80314
    -10671024.2712 3865752.17233
    -10671044.5313 3865752.17233
    -10671061.1179 3865750.71593
    -10671099.5231 3865738.27037
    -10671131.3605 3865723.04442
    -10671179.1166 3865704.77332
    -10671202.271 3865698.94775
    -10671220.4161 3865695.90257
    -10671295.0002 3865694.44618
    -10671335.5205 3865697.49136
    -10671368.805 3865696.69697
    -10671404.3159 3865702.52253
    -10671429.6968 3865703.97892
    -10671488.2508 3865721.32323
    -10671496.9337 3865727.1488
    -10671504.2808 3865734.29838
    -10671525.9881 3865749.78914
    -10671540.4596 3865767.92791
    -10671545.469 3865781.69751
    -10671557.8255 3865805.52955
    -10671562.1669 3865821.55
    -10671565.8405 3865846.44133
    -10671565.0613 3865863.91825
    -10671560.7198 3865884.30802
    -10671554.2633 3865899.40177
    -10671538.3446 3865920.71842
    -10671515.1901 3865956.99652
    -10671513.743 3865973.8116
    -10671518.0844 3866003.60214
    -10671522.4259 3866013.79714
    -10671538.4559 3866037.62965
    -10671588.4383 3866096.0195
    -10671602.1306 3866117.07169
    -10671625.3964 3866142.36085
    -10671650.6659 3866186.71632
    -10671667.3639 3866209.35754
    -10671682.6146 3866239.94311
    -10671687.624 3866254.50769
    -10671696.4183 3866270.52875
    -10671697.8654 3866279.13512
    -10671697.8654 3866290.1248
    -10671694.1919 3866314.8847
    -10671689.1825 3866338.1882
    -10671677.6053 3866358.44638
    -10671670.3695 3866368.7741
    -10671666.6959 3866383.07403
    -10671668.9223 3866429.68133
    -10671681.2788 3866454.57394
    -10671690.6296 3866467.6823
    -10671702.9861 3866487.80831
    -10671740.6121 3866519.32146
    -10671760.9836 3866533.62157
    -10671788.4795 3866545.40593
    -10671813.0811 3866549.64301
    -10671847.1448 3866545.40593
    -10671852.9335 3866541.69849
    -10671858.7221 3866535.07806
    -10671872.4144 3866523.55852
    -10671886.218 3866501.57875
    -10671889.7802 3866492.97222
    -10671903.5838 3866474.69992
    -10671912.9347 3866466.75545
    -10671921.6176 3866463.84248
    -10671960.0228 3866463.18044
    -10671978.0566 3866468.74157
    -10672015.0146 3866486.35182
    -10672032.3805 3866495.8852
    -10672075.9064 3866527.13355
    -10672095.3873 3866537.99105
    -10672125.8888 3866550.30505
    -10672162.7356 3866572.81456
    -10672180.8807 3866580.89151
    -10672195.3522 3866588.83606
    -10672206.9294 3866599.5612
    -10672210.603 3866610.68359
    -10672210.603 3866618.62815
    -10672207.0408 3866631.07465
    -10672193.2371 3866652.1278
    -10672186.7806 3866675.43196
    -10672186.7806 3866683.37657
    -10672188.8957 3866692.91011
    -10672195.4635 3866709.46141
    -10672207.7087 3866729.19059
    -10672212.8294 3866740.84274
    -10672234.5367 3866768.38423
    -10672241.7724 3866779.37437
    -10672262.1439 3866804.13531
    -10672288.9719 3866823.07018
    -10672304.8906 3866830.22041
    -10672319.3621 3866835.38448
    -10672345.4109 3866839.75407
    -10672408.4177 3866842.53473
    -10672433.0193 3866851.27392
    -10672453.2795 3866865.83926
    -10672472.0925 3866883.18528
    -10672486.6753 3866900.66374
    -10672501.1469 3866936.41521
    -10672506.1562 3866958.26339
    -10672505.4883 3867001.82744
    -10672499.0318 3867012.81779
    -10672471.5359 3867038.24129
    -10672459.9586 3867054.26342
    -10672448.3814 3867079.02494
    -10672438.9193 3867108.1562
    -10672438.2513 3867136.49304
    -10672440.4777 3867160.46024
    -10672444.8192 3867188.92962
    -10672449.1606 3867204.02505
    -10672460.07 3867222.96056
    -10672468.7529 3867231.83245
    -10672472.3151 3867239.11535
    -10672485.3395 3867251.29768
    -10672497.6959 3867259.37509
    -10672511.4996 3867262.15584
    -10672541.1105 3867261.62617
    -10672591.093 3867246.92793
    -10672604.8966 3867241.1016
    -10672622.9304 3867223.75506
    -10672631.6133 3867208.39478
    -10672638.0698 3867192.37244
    -10672643.1905 3867165.49203
    -10672646.0848 3867155.95811
    -10672646.7527 3867146.55661
    -10672652.5414 3867134.24198
    -10672665.5657 3867119.67631
    -10672682.2637 3867111.59899
    -10672694.5088 3867113.05556
    -10672714.769 3867109.34794
    -10672732.914 3867102.8596
    -10672756.8477 3867088.82363
    -10672767.0891 3867083.65945
    -10672778.6663 3867082.46772
    -10672788.0172 3867085.11601
    -10672799.5944 3867098.3575
    -10672801.0416 3867104.18375
    -10672801.8208 3867126.03224
    -10672781.4493 3867149.20492
    -10672756.1798 3867183.50057
    -10672744.6026 3867208.39478
    -10672733.6933 3867244.67685
    -10672735.9197 3867262.15584
    -10672733.6933 3867273.14644
    -10672734.4725 3867307.97212
    -10672738.814 3867322.53802
    -10672737.4781 3867366.10343
    -10672746.829 3867379.8749
    -10672756.2911 3867387.29031
    -10672765.4193 3867392.18978
    -10672782.1172 3867396.692
    -10672798.0359 3867397.48651
    -10672802.3774 3867395.89749
    -10672823.3055 3867381.46391
    -10672874.7351 3867334.85285
    -10672910.246 3867300.02709
    -10672931.2854 3867267.98218
    -10672942.1947 3867254.87292
    -10672948.6512 3867251.29768
    -10672985.6093 3867210.51343
    -10672992.845 3867158.87125
    -10673010.9901 3867137.68478
    -10673060.9726 3867138.61169
    -10673072.5498 3867137.15512
    -10673144.2396 3867167.7431
    -10673130.4359 3867224.41714
    -10673094.925 3867254.21084
    -10673037.0389 3867293.40623
    -10672989.9507 3867341.47373
    -10672989.8394 3867404.10742
    -10673044.052 3867604.85531
    -10673054.9613 3867628.16135
    -10673131.6604 3867679.93801
    -10673175.075 3867692.91532
    -10673189.5466 3867690.66415
    -10673202.571 3867682.85128
    -10673214.1482 3867664.57714
    -10673228.731 3867654.51313
    -10673240.3083 3867637.03355
    -10673245.3176 3867624.71841
    -10673246.7648 3867611.60876
    -10673243.8705 3867594.12924
    -10673237.414 3867566.4534
    -10673226.616 3867530.83244
    -10673199.1201 3867485.67739
    -10673165.0563 3867413.64155
    -10673169.3978 3867402.65082
    -10673197.6729 3867372.85674
    -10673221.6066 3867363.45507
    -10673229.5103 3867362.79298
    -10673289.6228 3867381.72875
    -10673296.7473 3867389.409
    -10673421.3138 3867523.54935
    -10673501.6864 3867597.83702
    -10673524.173 3867631.33945
    -10673600.8721 3867689.60478
    -10673612.4493 3867695.43133
    -10673702.9521 3867712.91099
    -10673736.9045 3867739.79264
    -10673773.8626 3867800.97181
    -10673799.9114 3867835.13694
    -10673878.0576 3867889.69541
    -10673949.7474 3867911.67778
    -10673993.162 3867934.98443
    -10674045.3708 3867953.78869
    -10674108.2663 3867984.37879
    -10674210.3463 3868047.81046
    -10674244.4101 3868065.95278
    -10674321.8884 3868098.79441
    -10674371.0917 3868140.90599
    -10674425.4156 3868212.28415
    -10674482.5225 3868298.89199
    -10674526.7163 3868402.18658
    -10674525.9371 3868435.6913
    -10674513.5806 3868508.39555
    -10674514.2485 3868559.38149
    -10674525.1578 3868624.14058
    -10674543.1916 3868654.73242
    -10674556.9952 3868667.18108
    -10674575.029 3868663.47297
    -10674617.1077 3868642.94595
    -10674659.0752 3868599.50825
    -10674685.1239 3868582.02727
    -10674716.2934 3868573.28679
    -10674732.2121 3868571.16789
    -10674749.5779 3868571.69761
    -10674769.1702 3868569.04898
    -10674777.1852 3868569.04898
    -10674784.4209 3868596.59475
    -10674785.8681 3868608.24875
    -10674764.0495 3868649.69999
    -10674741.6742 3868667.97567
    -10674727.8706 3868673.00811
    -10674708.2784 3868687.5757
    -10674701.0426 3868696.18383
    -10674674.9939 3868716.71094
    -10674668.426 3868763.19504
    -10674676.441 3868801.73329
    -10674692.3597 3868839.60948
    -10674719.0764 3868865.83153
    -10674732.88 3868870.20188
    -10674766.1645 3868862.2558
    -10674787.2039 3868827.82282
    -10674827.7242 3868746.50842
    -10674837.8543 3868729.82182
    -10674911.7704 3868670.09459
    -10674951.6228 3868667.97567
    -10674958.9699 3868681.74866
    -10674972.6622 3868707.3082
    -10674991.4752 3868731.27859
    -10674999.3789 3868771.40593
    -10674999.3789 3868789.41693
    -10674991.3639 3868841.19869
    -10674983.4602 3868880.5318
    -10674972.5509 3868924.89758
    -10674962.4208 3868950.32521
    -10674939.155 3868988.86406
    -10674906.5384 3869020.11903
    -10674875.4803 3869055.08232
    -10674851.5466 3869067.39896
    -10674821.8243 3869101.56776
    -10674818.93 3869121.8307
    -10674837.075 3869178.77902
    -10674880.4896 3869222.48373
    -10674936.1494 3869269.76447
    -10674970.9924 3869288.7033
    -10674995.594 3869296.64968
    -10675011.5127 3869293.73601
    -10675027.4314 3869279.16766
    -10675036.1143 3869260.36128
    -10675028.8785 3869187.51995
    -10675027.4314 3869148.31826
    -10675060.048 3869092.82689
    -10675086.876 3869076.93443
    -10675098.3419 3869076.66955
    -10675109.8078 3869076.40468
    -10675121.6077 3869076.27224
    -10675149.8828 3869077.72905
    -10675162.9072 3869080.51023
    -10675188.956 3869092.82689
    -10675197.6389 3869098.78657
    -10675207.101 3869107.52744
    -10675219.4575 3869121.43339
    -10675240.3856 3869163.68107
    -10675251.2949 3869176.66001
    -10675258.5306 3869181.03047
    -10675265.7664 3869183.28192
    -10675285.2473 3869186.72532
    -10675302.6132 3869183.28192
    -10675309.9602 3869179.70609
    -10675339.5712 3869105.40845
    -10675367.1785 3869070.44501
    -10675392.448 3869061.8366
    -10675420.0552 3869069.12064
    -10675455.4548 3869074.15325
    -10675463.4698 3869076.40468
    -10675496.7543 3869117.06295
    -10675528.5917 3869138.25298
    -10675546.7368 3869190.69847
    -10675569.8913 3869203.67744
    -10675603.955 3869215.33204
    -10675619.8737 3869219.04033
    -10675668.409 3869235.06542
    -10675671.9712 3869251.75274
    -10675679.8749 3869270.5591
    -10675674.0863 3869285.92208
    -10675649.4847 3869320.88615
    -10675641.4697 3869352.93664
    -10675679.8749 3869394.39051
    -10675738.5403 3869408.29679
    -10675811.0093 3869446.17494
    -10675890.6027 3869515.83926
    -10675919.5458 3869547.09563
    -10675943.4795 3869563.12117
    -10676034.5388 3869576.49788
    -10676049.9009 3869579.14674
    -10676152.4261 3869596.6292
    -10676260.0721 3869670.13528
    -10676289.1265 3869695.56452
    -10676284.3397 3869709.86849
    -10676279.4417 3869724.17248
    -10676268.5324 3869750.26406
    -10676254.0608 3869767.08454
    -10676238.8101 3869779.53437
    -10676202.6312 3869801.25538
    -10676124.3736 3869830.39337
    -10676046.8953 3869873.30583
    -10676033.8709 3869885.62332
    -10676014.2787 3869909.72856
    -10676005.5957 3869948.93279
    -10676012.8315 3869981.64723
    -10676046.8953 3870026.81185
    -10676099.772 3870066.01647
    -10676233.0215 3870135.28711
    -10676265.5268 3870159.39286
    -10676411.8006 3870206.54491
    -10676537.8142 3870217.6707
    -10676626.2019 3870230.78326
    -10676682.7522 3870235.15411
    -10676735.5176 3870275.81638
    -10676779.0436 3870284.42567
    -10676812.3281 3870294.09458
    -10676835.0373 3870294.88929
    -10676860.1955 3870292.24027
    -10676889.1385 3870303.36614
    -10676931.4399 3870327.73714
    -10676979.53 3870315.68408
    -10677021.9427 3870251.97529
    -10677067.4724 3870230.65081
    -10677236.344 3870218.7303
    -10677286.6604 3870238.46537
    -10677290.5566 3870239.92232
    -10677294.2302 3870242.57132
    -10677311.596 3870254.8892
    -10677367.1444 3870285.08793
    -10677371.2633 3870305.48536
    -10677353.3408 3870337.53853
    -10677385.1782 3870552.37652
    -10677394.7517 3870569.46307
    -10677410.6704 3870576.88049
    -10677426.589 3870572.64196
    -10677466.7754 3870545.75384
    -10677510.3013 3870558.60185
    -10677631.0829 3870756.22458
    -10677710.5651 3870779.66932
    -10677766.7814 3870791.45794
    -10677874.8726 3870780.59651
    -10677969.1602 3870812.65098
    -10678028.4935 3870847.75205
    -10678046.5273 3870901.26482
    -10678046.5273 3870947.22772
    -10678028.6048 3870984.71344
    -10677937.4342 3871053.06228
    -10677927.972 3871061.67214
    -10677937.3229 3871176.11767
    -10677966.0433 3871193.20512
    -10678023.2615 3871186.847
    -10678096.2871 3871149.22817
    -10678163.0788 3871124.72301
    -10678217.0687 3871126.84238
    -10678269.0549 3871172.67369
    -10678280.7435 3871222.87641
    -10678265.938 3871312.55304
    -10678244.7873 3871344.87388
    -10678214.0631 3871372.5586
    -10678064.561 3871386.73215
    -10678031.7218 3871399.58108
    -10678012.6862 3871436.00854
    -10677989.4204 3871542.90721
    -10678005.3391 3871574.96375
    -10678034.9501 3871588.74015
    -10678092.1683 3871582.38181
    -10678162.1882 3871567.14831
    -10678222.5234 3871562.90942
    -10678273.3964 3871571.51966
    -10678294.6584 3871600.26464
    -10678294.6584 3871699.74667
    -10678302.1168 3871742.40101
    -10678321.8204 3871764.65551
    -10678338.1844 3871783.06849
    -10678396.4044 3871803.33604
    -10678444.1605 3871793.6659
    -10678480.1167 3871763.59577
    -10678506.6107 3871726.24003
    -10678542.6783 3871710.21154
    -10678579.7476 3871717.62968
    -10678605.2398 3871750.74644
    -10678605.2398 3871802.01137
    -10678491.9166 3872111.0628
    -10678488.7996 3872149.47953
    -10678506.8334 3872170.93996
    -10678607.4662 3872221.01447
    -10678625.5 3872246.71416
    -10678606.4643 3872376.93565
    -10678583.1986 3872404.88775
    -10678552.4744 3872410.31921
    -10678479.3375 3872373.88874
    -10678441.1549 3872366.47019
    -10678397.7403 3872379.45266
    -10678377.5915 3872394.42227
    -10678376.4783 3872423.30174
    -10678413.659 3872522.65825
    -10678417.8891 3872549.41841
    -10678400.9685 3872611.41744
    -10678390.3932 3872639.23763
    -10678393.5101 3872671.29716
    -10678483.6789 3872773.96774
    -10678596.1116 3872913.73364
    -10678627.8377 3872936.12283
    -10678685.1672 3872965.13611
    -10678713.999 3872978.51669
    -10678726.4667 3872984.21337
    -10678828.2128 3873093.11335
    -10678891.8875 3873179.62463
    -10678915.2646 3873228.90853
    -10678951.2208 3873262.02954
    -10678971.3696 3873284.4194
    -10679025.4709 3873391.33487
    -10679054.08 3873420.0843
    -10679089.1456 3873441.54705
    -10679127.3282 3873460.75757
    -10679196.235 3873483.14781
    -10679232.1912 3873532.30049
    -10679244.9929 3873569.66196
    -10679256.5701 3873606.89106
    -10679267.2568 3873641.20554
    -10679275.7171 3873675.52011
    -10679303.3243 3873700.03058
    -10679372.2311 3873717.1217
    -10679434.7927 3873783.23407
    -10679471.862 3873827.08838
    -10679475.0903 3873857.0313
    -10679438.0209 3873940.50088
    -10679415.757 3874004.62713
    -10679417.9834 3874094.45745
    -10679428.5588 3874130.76076
    -10679517.6144 3874170.24404
    -10679604.5549 3874174.48387
    -10679669.2315 3874195.68301
    -10679691.4954 3874226.81932
    -10679677.8031 3874330.56344
    -10679780.6623 3874479.0927
    -10679827.3052 3874486.51259
    -10679873.948 3874453.25563
    -10679971.3526 3874275.44512
    -10680026.4557 3874229.60171
    -10680096.3644 3874203.89769
    -10680153.5826 3874210.12495
    -10680158.9259 3874259.41316
    -10680139.8903 3874333.21337
    -10680111.2812 3874385.41703
    -10680108.1643 3874417.74631
    -10680128.3131 3874445.43827
    -10680159.0373 3874447.55823
    -10680184.5294 3874435.76595
    -10680207.7952 3874411.12145
    -10680236.4043 3874333.08087
    -10680262.8983 3874293.33205
    -10680277.7038 3874278.49252
    -10680303.0847 3874263.52052
    -10680334.9221 3874263.38802
    -10680347.6125 3874283.65986
    -10680354.069 3874321.15621
    -10680352.9558 3874376.80473
    -10680361.5274 3874394.82431
    -10680384.7932 3874406.61655
    -10680398.5968 3874422.64871
    -10680382.6781 3874458.95303
    -10680331.9164 3874530.76701
    -10680325.5712 3874592.77649
    -10680354.1803 3874638.62131
    -10680365.8689 3874679.2988
    -10680401.9364 3874754.16165
    -10680445.4623 3874773.24182
    -10680493.1071 3874749.78912
    -10680553.5535 3874714.41141
    -10680610.7718 3874712.1589
    -10680723.0931 3874746.3441
    -10680770.8492 3874744.09158
    -10680804.6903 3874721.43394
    -10680809.5884 3874701.95636
    -10680810.0336 3874700.23385
    -10680806.4714 3874695.72884
    -10680794.115 3874681.02131
    -10680745.357 3874657.56879
    -10680711.4046 3874640.47631
    -10680701.8311 3874613.71139
    -10680727.2119 3874552.76179
    -10680730.4402 3874547.99184
    -10680750.4777 3874518.57716
    -10680805.5809 3874498.17242
    -10680861.6859 3874473.52779
    -10680967.662 3874412.44642
    -10680997.3843 3874405.95406
    -10681029.2217 3874418.80629
    -10681035.6783 3874444.51079
    -10681043.1367 3874477.63522
    -10681034.5651 3874506.38731
    -10681027.218 3874541.7644
    -10681028.3312 3874577.00909
    -10681091.004 3874754.42666
    -10681118.5 3874780.9269
    -10681146.1072 3874780.9269
    -10681183.1766 3874766.08676
    -10681221.3592 3874737.06903
    -10681244.7363 3874727.39647
    -10681266.8888 3874728.45648
    -10681273.234 3874760.52171
    -10681288.2622 3874830.2175
    -10681290.2659 3874839.62514
    -10681309.4129 3874863.21052
    -10681337.0201 3874881.36335
    -10681393.1251 3874879.11081
    -10681420.6211 3874857.51292
    -10681465.1488 3874833.00004
    -10681499.1013 3874808.35471
    -10681543.7404 3874796.42956
    -10681595.504 3874797.48958
    -10681637.9167 3874783.57692
    -10681766.2681 3874740.64656
    -10681820.258 3874740.51406
    -10681859.5538 3874775.75935
    -10681899.8515 3874854.86288
    -10681912.6532 3874875.13573
    -10681958.1829 3874876.19575
    -10681983.675 3874886.66345
    -10681997.4787 3874911.44145
    -10681999.5937 3874942.44715
    -10681981.56 3874978.75307
    -10681970.9846 3875004.45879
    -10681992.2466 3875112.44994
    -10682037.8876 3875130.47065
    -10682070.7269 3875174.46248
    -10682073.9551 3875235.28279
    -10682035.8839 3875368.05502
    -10682029.5387 3875387.26869
    -10682049.7988 3875470.61663
    -10682129.2809 3875534.75122
    -10682216.3328 3875588.0203
    -10682323.3108 3875594.3808
    -10682357.2632 3875599.68122
    -10682377.4121 3875618.89527
    -10682380.6403 3875696.94439
    -10682379.6385 3875718.27879
    -10682411.4758 3875769.56101
    -10682646.9166 3875954.28487
    -10682712.7064 3875976.67985
    -10682784.7301 3875980.78781
    -10682880.1309 3875964.62101
    -10682919.4267 3875961.44066
    -10682942.6924 3875980.65529
    -10683026.516 3876114.09852
    -10683052.0082 3876145.10739
    -10683180.3596 3876210.17329
    -10683194.1632 3876226.20791
    -10683200.5084 3876249.66355
    -10683196.2782 3876265.69823
    -10683144.4034 3876289.41899
    -10683116.7961 3876332.08997
    -10683132.8261 3876399.54225
    -10683109.449 3876416.76981
    -10683103.1038 3876431.74456
    -10683111.6754 3876445.52664
    -10683198.616 3876503.17303
    -10683228.3383 3876512.84705
    -10683268.5246 3876495.61935
    -10683326.856 3876475.21118
    -10683368.1555 3876481.57216
    -10683414.9097 3876512.44948
    -10683440.2906 3876536.03822
    -10683408.6758 3876667.36739
    -10683418.2493 3876763.5792
    -10683454.3168 3876811.6854
    -10683457.4338 3876813.01064
    -10683513.7614 3876836.33493
    -10683574.2079 3876844.8165
    -10683617.6225 3876856.47867
    -10683681.2973 3876935.46369
    -10683724.8232 3876954.54739
    -10683796.9582 3876964.22178
    -10683843.6011 3877015.37691
    -10683862.748 3877101.91706
    -10683900.374 3877132.39842
    -10684231.9948 3877401.03545
    -10684273.4056 3877461.86728
    -10684304.1298 3877526.01273
    -10684367.8046 3877584.72468
    -10684448.6225 3877641.18385
    -10684454.8564 3877645.55746
    -10684475.0052 3877680.81146
    -10684488.8089 3877713.94502
    -10684451.8508 3877828.45531
    -10684447.6206 3877861.58928
    -10684457.1941 3877885.18072
    -10684481.5731 3877893.66305
    -10684530.331 3877893.66305
    -10684564.2835 3877900.0248
    -10684576.9739 3877926.53213
    -10684607.8094 3877997.04193
    -10684623.7281 3878017.58527
    -10684669.3691 3878007.77748
    -10684698.9801 3877997.04193
    -10684717.0138 3878002.34343
    -10684736.1608 3878048.33409
    -10684755.3077 3878133.95407
    -10684787.1451 3878179.8127
    -10684831.7842 3878227.9247
    -10684892.2307 3878276.83213
    -10684934.6434 3878300.29187
    -10684958.0205 3878331.43905
    -10684985.6277 3878363.51411
    -10685020.5821 3878370.8039
    -10685080.0267 3878371.86424
    -10685123.4413 3878396.3845
    -10685157.505 3878424.21838
    -10685179.435 3878467.42729
    -10685185.1123 3878478.82598
    -10685191.5688 3878512.88959
    -10685192.682 3878547.21839
    -10685187.3387 3878575.05262
    -10685173.6464 3878614.68338
    -10685156.7258 3878646.75921
    -10685144.0354 3878740.07121
    -10685227.7476 3878798.25904
    -10685250.3455 3878823.70802
    -10685263.8152 3878873.94341
    -10685252.7945 3878911.58696
    -10685124.4431 3879056.86038
    -10685120.3243 3879131.75111
    -10685141.2524 3879186.22945
    -10685174.8709 3879304.86321
    -10685183.8878 3879336.54327
    -10685183.3312 3879371.93489
    -10685169.9728 3879401.09661
    -10685149.0448 3879421.64242
    -10685120.7696 3879444.57422
    -10684857.0537 3879548.0993
    -10684796.0507 3879583.22645
    -10684756.4209 3879626.43962
    -10684748.9625 3879695.10382
    -10684751.1889 3879774.50559
    -10684762.3208 3879804.33109
    -10684815.9768 3879988.85327
    -10684813.3052 3880020.93285
    -10684794.7148 3880055.39861
    -10684771.1151 3880106.16951
    -10684732.1533 3880131.35621
    -10684697.1989 3880134.93537
    -10684648.107 3880116.50931
    -10684621.613 3880117.96748
    -10684415.672 3880247.21569
    -10684384.7251 3880241.25035
    -10684343.4256 3880176.55982
    -10684315.9297 3880181.1995
    -10684297.228 3880206.12123
    -10684255.7058 3880198.16748
    -10684236.8928 3880213.54473
    -10684202.3838 3880318.79991
    -10684177.3369 3880347.1686
    -10684151.3995 3880383.75635
    -10684131.9186 3880499.75089
    -10684123.2356 3880563.2501
    -10684101.751 3880609.64848
    -10684097.9661 3880643.85084
    -10684089.9511 3880671.8226
    -10684105.4245 3880713.44896
    -10684126.0186 3880742.08374
    -10684147.058 3880807.04252
    -10684151.9561 3880848.80192
    -10684146.6127 3880852.51388
    -10684046.9818 3880923.1738
    -10684037.8536 3880951.14624
    -10684052.2138 3880989.4593
    -10684076.1475 3881025.51876
    -10684166.5389 3881040.23424
    -10684177.8935 3881092.60027
    -10684178.8954 3881155.70496
    -10684152.1787 3881213.90476
    -10684011.9162 3881345.55138
    -10683979.8561 3881329.90749
    -10683921.5247 3881330.83552
    -10683881.6724 3881359.33923
    -10683834.6955 3881413.56275
    -10683809.092 3881472.82444
    -10683798.1827 3881526.51817
    -10683800.9657 3881574.64388
    -10683836.6993 3881689.8547
    -10683839.2596 3881720.87829
    -10683819.4448 3881741.42815
    -10683793.1734 3881756.94
    -10683768.4604 3881742.22363
    -10683720.4817 3881726.84437
    -10683686.9746 3881755.21646
    -10683646.2316 3881796.31633
    -10683626.9734 3881853.59124
    -10683624.3017 3881887.79722
    -10683627.8639 3881917.76068
    -10683716.5855 3881958.19821
    -10683735.9551 3881975.03617
    -10683748.3116 3882019.98172
    -10683734.8419 3882045.83543
    -10683710.6856 3882064.39711
    -10683635.7676 3882089.98575
    -10683567.4174 3882135.06433
    -10683565.7476 3882164.89583
    -10683636.7695 3882229.19955
    -10683645.675 3882252.66719
    -10683648.9033 3882261.15267
    -10683617.5112 3882286.2114
    -10683613.615 3882314.05449
    -10683605.3774 3882341.23472
    -10683603.0397 3882349.05733
    -10683602.9283 3882349.72027
    -10683602.7057 3882350.3832
    -10683602.4831 3882351.04613
    -10683590.6832 3882390.15929
    -10683588.6795 3882396.65606
    -10683577.5475 3882433.51537
    -10683548.4931 3882529.64182
    -10683502.7408 3882680.92657
    -10683380.0667 3883086.66039
    -10683379.6214 3883087.98634
    -10683157.5391 3883822.71855
    -10683155.9806 3883829.61393
    -10683155.758 3883830.80736
    -10683155.5353 3883831.47037
    -10683155.424 3883832.13339
    -10683154.6448 3883835.58108
    -10683115.2377 3884019.9014
    -10683110.8962 3884035.94668
    -10683110.6736 3884036.60971
    -10683110.4509 3884037.53796
    -10683054.4572 3884236.97875
    -10683050.6724 3884250.23956
    -10683050.3384 3884251.56564
    -10682981.3203 3884489.06934
    -10682976.7562 3884504.71743
    -10682976.5336 3884505.38049
    -10682974.6411 3884511.87843
    -10682923.2115 3884688.91564
    -10682887.0327 3884813.30743
    -10682885.029 3884819.80555
    -10682842.6162 3884966.34562
    -10682840.6125 3884973.10905
    -10682763.9133 3885211.29044
    -10682632.6677 3885619.23373
    -10682571.8872 3885808.09133
    -10682571.6646 3885808.75446
    -10682571.108 3885810.61122
    -10682363.9424 3886554.26777
    -10681910.9834 3888115.34387
    -10681910.4268 3888117.20099
    -10681821.5939 3888423.36558
    -10681518.1369 3889453.2144
    -10681514.686 3889464.8891
    -10681513.4615 3889469.00178
    -10681382.8837 3889912.64928
    -10681381.7705 3889916.62945
    -10681381.214 3889918.61953
    -10681380.7687 3889920.07892
    -10681379.7668 3889923.5284
    -10681379.4328 3889924.58978
    -10681375.9819 3889936.5303
    -10681353.9407 3890011.22515
    -10681353.4954 3890012.81723
    -10681353.1614 3890013.74594
    -10681352.0482 3890017.4608
    -10681347.9294 3890031.39151
    -10681341.9182 3890051.82326
    -10681232.9364 3890422.12165
    -10681137.2016 3890746.78917
    -10681126.6263 3890782.87864
    -10681123.1754 3890794.55466
    -10681122.5075 3890796.67758
    -10681122.1735 3890797.73904
    -10681121.9509 3890798.53513
    -10681121.3943 3890800.39268
    -10681119.6131 3890806.36339
    -10680972.4488 3891306.18838
    -10680918.6815 3891488.76848
    -10680803.6884 3891879.6799
    -10680711.0706 3892194.56814
    -10680581.94 3892633.27609
    -10680051.1687 3892650.3948
    -10680016.437 3892650.5275
    -10680013.0974 3892650.3948
    -10679468.9677 3892632.21447
    -10678993.1882 3892628.49879
    -10678987.8449 3892628.49879
    -10678985.6185 3892628.49879
    -10678345.0862 3892623.72148
    -10678342.3032 3892623.72148
    -10678337.9617 3892623.72148
    -10678173.5428 3892622.52715
    -10678160.7411 3892622.52715
    -10678159.2939 3892622.52715
    -10678000.6637 3892621.33283
    -10677355.7898 3892616.95363
    -10676101.2192 3892608.72606
    -10675952.6077 3892607.92985
    -10675339.1259 3892622.52715
    -10675317.6413 3892618.41336
    -10675291.7038 3892613.76877
    -10675290.702 3892613.63606
    -10675289.1435 3892613.37066
    -10675285.5813 3892612.70714
    -10675282.1304 3892612.04363
    -10675281.3511 3892611.91093
    -10675279.7927 3892611.64552
    -10675278.7908 3892611.38012
    -10675278.0115 3892611.24741
    -10675277.2323 3892611.11471
    -10675267.2136 3892609.12417
    -10675263.4287 3892608.59336
    -10675193.5201 3892595.7212
    -10675168.2505 3892595.98661
    -10675166.3581 3892595.98661
    -10673595.4174 3892583.91068
    -10672783.2304 3892578.07177
    -10672465.4133 3892566.39396
    -10672406.1913 3892567.58829
    -10672403.8536 3892567.58829
    -10671999.7639 3892575.81583
    -10671675.7128 3892585.105
    -10671461.5341 3892591.20931
    -10671367.0239 3892592.66904
    -10670940.4476 3892587.75905
    -10670759.7761 3892585.50311
    -10670567.082 3892582.98176
    -10670204.1805 3892579.13339
    -10669489.732 3892580.72582
    -10668874.3578 3892582.18554
    -10668836.1753 3892582.18554
    -10668805.1171 3892582.18554
    -10668792.2041 3892582.18554
    -10668780.4042 3892582.45095
    -10667757.0441 3892587.09553
    -10667751.3668 3892587.09553
    -10666784.3344 3892591.60742
    -10666682.5884 3892592.13823
    -10666681.4752 3892592.13823
    -10666679.5828 3892592.13823
    -10666675.6866 3892592.13823
    -10666670.6772 3892592.13823
    -10666669.7866 3892592.13823
    -10666668.8961 3892592.27093
    -10666667.115 3892592.27093
    -10666664.4433 3892592.27093
    -10666580.7311 3892592.66904
    -10666366.441 3892593.73066
    -10666333.7131 3892593.86336
    -10666327.0339 3892593.86336
    -10666307.6643 3892593.99607
    -10666160.6113 3892594.79228
    -10666159.6094 3892594.79228
    -10665293.8777 3892598.90606
    -10665274.6195 3892599.03877
    -10665266.1592 3892599.03877
    -10665263.2649 3892599.03877
    -10665257.6989 3892599.03877
    -10664314.9341 3892603.15255
    -10663930.214 3892605.27579
    -10663919.416 3892605.40849
    -10663909.8425 3892605.40849
    -10663887.022 3892605.40849
    -10663865.2034 3892605.6739
    -10663275.9893 3892608.72606
    -10662942.1422 3892610.5839
    -10662801.657 3892613.50336
    -10662795.4231 3892613.63606
    -10662794.4212 3892613.76877
    -10662793.4193 3892613.76877
    -10662792.4175 3892613.76877
    -10662791.5269 3892613.76877
    -10662781.3968 3892614.03417
    -10662357.7149 3892622.92526
    -10661877.0373 3892628.76419
    -10661837.0736 3892629.295
    -10661757.5915 3892630.35663
    -10661067.7446 3892639.38043
    -10661054.7202 3892639.64584
    -10661041.8072 3892639.77854
    -10661001.6208 3892640.30936
    -10660935.0518 3892641.23828
    -10660865.4771 3892641.90179
    -10660740.4653 3892643.09612
    -10660165.2775 3892651.72183
    -10660143.9041 3892652.11994
    -10660087.3538 3892653.57967
    -10659957.11 3892659.81673
    -10659881.6354 3892661.27646
    -10659863.713 3892661.67457
    -10659829.4266 3892662.33809
    -10659815.289 3892662.6035
    -10659809.1664 3892662.7362
    -10659807.1627 3892662.7362
    -10659804.2684 3892662.7362
    -10659797.7005 3892662.8689
    -10659458.3987 3892669.50407
    -10659432.7952 3892670.16759
    -10659413.537 3892670.30029
    -10658867.8488 3892679.72224
    -10658637.7514 3892659.15321
    -10658617.2686 3892659.15321
    -10658284.2007 3892656.49914
    -10658257.5954 3892656.36644
    -10658084.9388 3892655.03941
    -10657468.7855 3892645.35207
    -10657463.4421 3892645.21937
    -10656910.7408 3892636.59367
    -10656887.3638 3892636.19556
    -10656881.0185 3892636.06286
    -10656880.2393 3892636.06286
    -10656878.5695 3892636.06286
    -10656877.7903 3892636.06286
    -10656877.1224 3892635.93015
    -10656875.2299 3892635.93015
    -10656805.6552 3892634.73583
    -10656722.6109 3892633.5415
    -10656721.1638 3892633.5415
    -10656702.3508 3892633.27609
    -10656593.7029 3892631.55095
    -10656593.035 3892631.55095
    -10656591.9218 3892631.55095
    -10656590.3634 3892631.55095
    -10656589.6954 3892631.41825
    -10656588.4709 3892631.41825
    -10656582.571 3892631.15285
    -10656571.3277 3892630.75474
    -10656400.5636 3892628.49879
    -10655932.9104 3892621.33283
    -10655664.0739 3892619.60769
    -10655650.6042 3892619.20958
    -10655142.876 3892600.49849
    -10655140.7609 3892600.49849
    -10655136.7534 3892600.36579
    -10655135.6402 3892600.36579
    -10655134.9723 3892600.23309
    -10655133.9705 3892600.23309
    -10655128.8498 3892600.10039
    -10655127.5139 3892600.10039
    -10655118.7197 3892599.83498
    -10655110.0368 3892599.70228
    -10654653.9608 3892588.02445
    -10654631.8082 3892588.95337
    -10654147.6798 3892606.86822
    -10653657.6514 3892605.40849
    -10653611.8991 3892605.40849
    -10653563.0298 3892606.20471
    -10653487.2212 3892607.39903
    -10653243.5429 3892611.24741
    -10653167.1777 3892610.84931
    -10653137.2327 3892610.5839
    -10652290.5367 3892604.47957
    -10652284.6368 3892604.47957
    -10652154.8382 3892603.55066
    -10651398.5336 3892600.36579
    -10650933.6634 3892596.38471
    -10650927.4295 3892596.38471
    -10650734.7355 3892595.45579
    -10650712.249 3892595.32309
    -10650705.4585 3892595.32309
    -10650704.7906 3892595.32309
    -10650704.1226 3892595.19039
    -10650702.5642 3892595.19039
    -10650700.2265 3892595.19039
    -10650697.3321 3892595.19039
    -10650692.1001 3892595.19039
    -10649880.915 3892591.20931
    -10649682.7663 3892590.4131
    -10649680.0946 3892428.38443
    -10649616.0859 3891838.27929
    -10649592.3749 3891618.80545
    -10649552.7451 3891254.97093
    -10649551.298 3891242.7637
    -10649542.6151 3891156.78266
    -10649492.6326 3890672.48768
    -10649422.39 3890053.41534
    -10649342.9079 3889302.90363
    -10649303.8348 3888933.56921
    -10649224.0187 3888222.79238
    -10649214.7792 3888145.58853
    -10649214.2226 3888140.6804
    -10649081.6411 3886876.04282
    -10649057.4847 3886645.91838
    -10648984.9044 3885953.18485
    -10648836.0703 3884527.92439
    -10648825.4949 3884426.60977
    -10648824.0478 3884413.21616
    -10648822.7119 3884399.82255
    -10648752.024 3883722.86865
    -10648743.1185 3883638.00353
    -10648743.0072 3883637.07532
    -10648742.7845 3883634.8211
    -10648741.56 3883623.28479
    -10648739.8902 3883606.44447
    -10648736.8846 3883577.6701
    -10648719.0735 3883407.14698
    -10648717.849 3883395.08051
    -10648716.5131 3883382.88145
    -10648693.6926 3883165.15692
    -10648680.6683 3883039.58924
    -10648676.7721 3883002.33024
    -10648649.9441 3882744.70275
    -10648629.016 3882597.79264
    -10648569.2374 3882032.84228
    -10648545.6377 3881815.6731
    -10648539.6265 3881760.38708
    -10648533.6152 3881704.96874
    -10648453.5765 3880967.98276
    -10648373.5378 3880231.17557
    -10648360.0681 3880106.83232
    -10648346.4871 3879982.62294
    -10648325.6704 3879790.01484
    -10648322.4421 3879759.92425
    -10648318.8799 3879726.65237
    -10648317.6554 3879715.51758
    -10648316.4309 3879704.25024
    -10648313.7592 3879679.46213
    -10648302.6273 3879576.59868
    -10648301.7367 3879568.38025
    -10648247.8581 3879071.30829
    -10648246.8562 3879062.29491
    -10648231.9394 3878923.91392
    -10648230.4922 3878911.32186
    -10648229.1564 3878898.99492
    -10648212.0132 3878740.07121
    -10648210.0094 3878694.21039
    -10648209.6755 3878686.39021
    -10648002.5099 3876730.71337
    -10647998.5024 3876692.28167
    -10647990.0421 3876612.76821
    -10647987.1478 3876585.20366
    -10647986.8139 3876582.02314
    -10647986.7025 3876581.22801
    -10647985.9233 3876573.1442
    -10647981.6932 3876533.3878
    -10647973.6782 3876458.11606
    -10647965.6632 3876382.8448
    -10647960.0972 3876330.10219
    -10647802.8027 3874863.47553
    -10647781.8747 3874668.43379
    -10647780.2049 3874652.53379
    -10647695.8247 3873881.93962
    -10647652.0762 3873458.77028
    -10647636.6027 3873309.06154
    -10647595.5259 3872911.08403
    -10647594.0787 3872896.90865
    -10647593.5221 3872891.34448
    -10647593.4108 3872890.41713
    -10647593.2995 3872889.75472
    -10647593.0768 3872887.76752
    -10647592.8542 3872885.38288
    -10647590.4052 3872861.66899
    -10647583.726 3872796.48914
    -10647582.1675 3872780.85663
    -10647581.277 3872772.11303
    -10647579.9411 3872758.99765
    -10647570.8129 3872670.76725
    -10647561.6847 3872582.53751
    -10647556.6754 3872533.91871
    -10647556.0074 3872527.42738
    -10647555.7848 3872524.64539
    -10647555.5622 3872522.26082
    -10647555.1169 3872518.15407
    -10647551.332 3872481.32584
    -10647550.3301 3872471.92008
    -10647507.2495 3872053.70287
    -10647505.2458 3872034.2297
    -10647463.167 3871608.8749
    -10647452.1464 3871497.86924
    -10647450.3652 3871481.84106
    -10647427.99 3871275.46365
    -10647421.9788 3871230.95655
    -10647409.511 3871116.7754
    -10647398.6017 3871015.97371
    -10647398.2677 3871013.19208
    -10647392.9244 3870964.31484
    -10647391.4772 3870951.20146
    -10647364.7606 3870703.77211
    -10647364.6492 3870702.3151
    -10647363.7587 3870694.76515
    -10647360.0851 3870659.66453
    -10647355.521 3870617.9413
    -10647350.9569 3870575.95331
    -10647190.8795 3869095.74052
    -10647120.7482 3868446.02084
    -10647120.303 3868442.3128
    -10647059.6338 3867880.02848
    -10647028.9096 3867594.26166
    -10647028.5757 3867591.61326
    -10647027.4625 3867581.41689
    -10646954.8822 3866908.87333
    -10646953.769 3866898.80996
    -10646935.8466 3866731.83881
    -10646860.038 3866028.62625
    -10646850.6871 3865912.64192
    -10646849.5739 3865903.50622
    -10646849.4626 3865902.71181
    -10646849.3513 3865901.52019
    -10646849.24 3865899.79898
    -10646848.906 3865897.01855
    -10646844.008 3865851.60496
    -10646843.674 3865848.55974
    -10646843.5627 3865847.63294
    -10646843.4514 3865846.83853
    -10646841.5589 3865828.96444
    -10646838.3307 3865799.70394
    -10646834.8798 3865768.45751
    -10646834.3232 3865762.89672
    -10646820.0743 3865633.27796
    -10646818.0705 3865614.74219
    -10646765.7504 3865135.07326
    -10646764.6372 3865125.54098
    -10646763.6353 3865116.1411
    -10646690.6097 3864446.65073
    -10646657.8818 3864146.4052
    -10646627.7142 3863854.63952
    -10646626.601 3863844.18163
    -10646596.6561 3863554.27669
    -10646540.2171 3863007.84512
    -10646510.2721 3862718.09312
    -10646455.0577 3862184.27446
    -10646444.037 3862029.67938
    -10646419.6581 3861689.39203
    -10646418.9902 3861679.86254
    -10646418.8788 3861679.20077
    -10646418.7675 3861677.74487
    -10646418.6562 3861676.02427
    -10646418.3222 3861671.52424
    -10646417.3204 3861657.62708
    -10646414.4261 3861616.72984
    -10646412.311 3861586.81804
    -10646410.0846 3861555.18572
    -10646366.336 3861342.09994
    -10646317.3555 3860875.1776
    -10646312.68 3860822.37207
    -10646310.565 3860798.28542
    -10646291.9746 3860585.21332
    -10646286.52 3860522.4835
    -10646278.0597 3860464.38594
    -10646273.0503 3860419.78732
    -10646148.8178 3859305.14126
    -10646146.7027 3859287.40941
    -10646146.5914 3859286.74777
    -10646146.48 3859285.82148
    -10646035.3832 3858351.76112
    -10646033.8247 3858338.13251
    -10646036.2737 3858310.47839
    -10646038.1662 3858287.98465
    -10646041.3944 3858247.62836
    -10646043.7322 3858255.30266
    -10646055.866 3858296.58519
    -10646071.1168 3858350.70259
    -10646097.7221 3858409.45133
    -10646174.5326 3858559.23549
    -10646212.2699 3858660.85691
    -10646222.2886 3858741.7048
    -10646231.4168 3858778.62243
    -10646271.6032 3858814.74624
    -10646309.6744 3858824.00877
    -10646390.381 3858817.525
    -10646405.6318 3858816.3341
    -10646418.0996 3858815.27553
    -10646500.6987 3858803.36656
    -10646551.2377 3858791.19297
    -10646566.8224 3858781.00421
    -10646598.8825 3858741.17551
    -10646610.3484 3858712.5942
    -10646610.571 3858673.55965
    -10646608.5673 3858636.77467
    -10646593.3165 3858581.20046
    -10646575.9506 3858542.16635
    -10646522.6286 3858464.23083
    -10646513.3891 3858440.67826
    -10646515.5042 3858416.0672
    -10646521.8494 3858396.48424
    -10646539.4378 3858377.16595
    -10646585.9694 3858344.61602
    -10646608.9012 3858297.51141
    -10646635.0613 3858182.00005
    -10646679.1438 3858000.73021
    -10646699.8492 3857961.96264
    -10646730.9074 3857931.26622
    -10646762.9674 3857917.10885
    -10646783.6728 3857913.93337
    -10646806.2707 3857940.79269
    -10646811.28 3857965.27045
    -10646804.9348 3858017.66625
    -10646812.0593 3858050.4799
    -10646828.4232 3858065.82825
    -10646860.4833 3858068.07758
    -10646985.495 3858014.0938
    -10647189.989 3857947.40829
    -10647281.9389 3857919.8874
    -10647303.5348 3857918.03504
    -10647333.4798 3857921.21052
    -10647354.0739 3857931.39854
    -10647499.9024 3858099.03898
    -10647522.6116 3858105.39005
    -10647542.2038 3858102.34683
    -10647556.7867 3858080.77968
    -10647567.4733 3857988.68976
    -10647574.7091 3857963.15345
    -10647588.2901 3857940.66038
    -10647612.0011 3857928.48767
    -10647694.4889 3857933.91247
    -10647731.6696 3857923.59213
    -10647754.4901 3857898.18828
    -10647751.7071 3857820.38933
    -10647754.9354 3857774.21298
    -10647773.637 3857743.64936
    -10647804.5839 3857731.34455
    -10647910.894 3857720.49516
    -10647951.1916 3857700.1195
    -10647961.6557 3857674.58382
    -10647962.7689 3857663.33755
    -10647958.65 3857652.0913
    -10647940.0597 3857639.52197
    -10647898.8715 3857627.21726
    -10647876.2736 3857604.46022
    -10647871.2642 3857575.88166
    -10647877.6094 3857525.73704
    -10647894.3074 3857457.0697
    -10647914.1222 3857424.52231
    -10647930.7088 3857410.49785
    -10647933.7145 3857407.98404
    -10647947.1841 3857396.73802
    -10647997.8345 3857372.52606
    -10648027.7794 3857375.70139
    -10648066.8526 3857401.50104
    -10648106.037 3857412.74706
    -10648140.1008 3857397.66416
    -10648162.9213 3857361.67699
    -10648196.2058 3857300.55198
    -10648217.9131 3857286.13076
    -10648231.2715 3857286.13076
    -10648249.7505 3857308.88719
    -10648261.9956 3857362.07391
    -10648272.1257 3857394.88574
    -10648306.0782 3857419.75928
    -10648443.3351 3857428.35919
    -10648492.8723 3857420.42081
    -10648525.9342 3857395.94419
    -10648568.4582 3857330.45292
    -10648593.3938 3857286.52767
    -10648623.3387 3857261.12519
    -10648678.2192 3857228.44604
    -10648691.6889 3857207.93892
    -10648687.7927 3857129.2184
    -10648696.1417 3857103.55165
    -10648715.8452 3857081.06021
    -10648759.2598 3857064.91933
    -10648800.5593 3857059.75954
    -10648909.7638 3857074.5774
    -10648985.0157 3857083.17705
    -10648990.693 3857083.83857
    -10649094.4428 3857095.74579
    -10649120.1576 3857105.9331
    -10649128.3952 3857118.23725
    -10649126.1689 3857136.89197
    -10649114.8143 3857160.30963
    -10649093.107 3857179.62593
    -10649040.3415 3857203.17599
    -10649017.6324 3857221.43392
    -10648999.9326 3857250.01162
    -10648985.3497 3857300.28737
    -10648985.2384 3857342.22809
    -10648997.8175 3857366.70461
    -10648999.376 3857369.74764
    -10649000.0439 3857371.07069
    -10649000.3778 3857371.73222
    -10649001.1571 3857373.31989
    -10649005.7212 3857382.18438
    -10649028.319 3857405.86714
    -10649072.6242 3857427.56535
    -10649111.6973 3857434.97451
    -10649142.6441 3857440.13446
    -10649180.7154 3857461.83274
    -10649198.1926 3857482.34029
    -10649231.9224 3857582.89398
    -10649251.4033 3857610.41409
    -10649277.1181 3857622.98339
    -10649412.3713 3857620.86646
    -10649437.0842 3857620.46953
    -10649465.9159 3857620.46953
    -10649498.9778 3857608.42947
    -10649514.5626 3857584.7463
    -10649536.6038 3857492.79255
    -10649561.5394 3857428.22688
    -10649587.5881 3857371.07069
    -10649603.0616 3857353.60636
    -10649648.5912 3857316.9578
    -10649679.538 3857306.63801
    -10649717.7206 3857313.12095
    -10649738.3147 3857328.46834
    -10649753.6768 3857356.12016
    -10649763.8069 3857396.2088
    -10649762.5824 3857450.32206
    -10649760.4673 3857492.39562
    -10649737.5355 3857550.87548
    -10649712.5999 3857598.90327
    -10649689.7794 3857625.36495
    -10649680.4286 3857656.19287
    -10649685.438 3857689.79937
    -10649704.9189 3857714.67354
    -10649708.4811 3857715.86432
    -10649735.8657 3857725.91985
    -10649786.4048 3857725.126
    -10649891.713 3857698.92871
    -10649936.1295 3857695.75329
    -10649986.6685 3857712.55659
    -10650116.2444 3857804.11512
    -10650191.1624 3857913.93337
    -10650237.4713 3857951.90691
    -10650310.8309 3857988.68976
    -10650315.7289 3857991.20369
    -10650337.3249 3858012.90299
    -10650350.6833 3858050.61221
    -10650350.5719 3858086.60149
    -10650339.106 3858104.06691
    -10650283.335 3858131.45591
    -10650259.5126 3858147.73057
    -10650223.2224 3858194.70227
    -10650184.9285 3858224.34085
    -10650135.28 3858259.0075
    -10650104.2219 3858289.70476
    -10650081.4014 3858342.8959
    -10650080.0656 3858415.53793
    -10650093.3126 3858468.99427
    -10650111.7916 3858511.9977
    -10650152.7572 3858583.84684
    -10650172.3494 3858605.41491
    -10650192.2756 3858616.39743
    -10650199.2887 3858620.2347
    -10650204.2981 3858623.01341
    -10650206.1906 3858624.07197
    -10650206.8585 3858624.46893
    -10650209.4188 3858625.92445
    -10650249.6052 3858629.23244
    -10650274.4294 3858608.85521
    -10650296.248 3858578.28944
    -10650331.5363 3858489.23894
    -10650378.1792 3858435.12092
    -10650404.0053 3858425.99101
    -10650444.1916 3858440.41362
    -10650468.7932 3858482.49071
    -10650491.3911 3858523.50941
    -10650513.9889 3858544.01881
    -10650565.5299 3858577.09856
    -10650659.2609 3858601.9746
    -10650689.2058 3858615.47119
    -10650707.6849 3858643.12603
    -10650730.1714 3858686.26241
    -10650740.3015 3858751.7612
    -10650739.077 3858798.99995
    -10650728.6129 3858848.0914
    -10650725.3847 3858878.79019
    -10650730.5054 3858904.4608
    -10650750.8768 3858956.86078
    -10650766.7955 3858994.96999
    -10650774.6992 3859013.76
    -10650782.6029 3859032.55004
    -10650785.6085 3859069.46858
    -10650773.1407 3859109.56304
    -10650765.7936 3859140.26252
    -10650768.6879 3859180.22489
    -10650774.8105 3859225.34813
    -10650798.4102 3859251.94578
    -10650828.3552 3859259.35608
    -10650858.3001 3859252.21043
    -10650877.8924 3859234.74331
    -10650906.9468 3859200.20613
    -10650959.6009 3859170.5651
    -10650989.5458 3859163.55183
    -10651020.4926 3859167.78626
    -10651045.3169 3859175.99046
    -10651059.6771 3859188.4291
    -10651070.9204 3859205.76383
    -10651082.1636 3859260.15004
    -10651091.2918 3859279.46978
    -10651115.0029 3859302.23006
    -10651153.0741 3859317.71237
    -10651175.7833 3859319.96194
    -10651194.3737 3859311.75763
    -10651215.1904 3859274.97066
    -10651243.1316 3859239.24242
    -10651267.9559 3859221.77532
    -10651305.1366 3859222.83393
    -10651332.9664 3859240.56568
    -10651358.5699 3859276.42626
    -10651378.1622 3859285.68915
    -10651399.8695 3859282.77796
    -10651414.341 3859275.6323
    -10651451.5217 3859241.88895
    -10651476.4573 3859207.21942
    -10651513.638 3859184.72397
    -10651557.0526 3859171.49138
    -10651594.2333 3859169.63882
    -10651631.3027 3859185.12095
    -10651646.6648 3859201.52939
    -10651649.6704 3859232.36143
    -10651630.9687 3859273.11808
    -10651620.5047 3859313.21323
    -10651620.5047 3859331.60676
    -10651635.8668 3859349.07403
    -10651666.8136 3859364.5564
    -10651695.6453 3859368.7909
    -10651717.3526 3859365.74735
    -10651769.0049 3859340.20806
    -10651846.5946 3859285.29217
    -10651871.4188 3859278.01418
    -10651925.0748 3859282.38098
    -10651959.0273 3859294.81973
    -10651989.8628 3859317.44771
    -10652026.9321 3859357.54301
    -10652050.5319 3859388.24314
    -10652066.8958 3859427.28005
    -10652066.8958 3859452.95185
    -10652055.4299 3859476.50644
    -10652030.6057 3859497.94381
    -10651979.9553 3859503.89864
    -10651922.2918 3859500.5904
    -10651886.113 3859511.83842
    -10651851.9379 3859537.24574
    -10651833.2362 3859568.87265
    -10651830.1193 3859594.54476
    -10651828.8948 3859637.68462
    -10651839.1362 3859671.4291
    -10651863.8491 3859685.85323
    -10651902.0317 3859679.89831
    -10651976.5044 3859628.81844
    -10652042.6282 3859596.26506
    -10652071.5713 3859592.29514
    -10652091.1635 3859603.67557
    -10652096.2842 3859615.98234
    -10652087.9352 3859645.62449
    -10652055.7639 3859671.16443
    -10652026.8208 3859692.46982
    -10652016.4681 3859719.20085
    -10652016.3568 3859752.01924
    -10652025.485 3859801.24699
    -10652061.2186 3859902.74678
    -10652103.2973 3859969.44334
    -10652119.7726 3860002.26242
    -10652114.4293 3860034.02291
    -10652096.8408 3860064.72479
    -10652084.373 3860096.48545
    -10652085.2636 3860118.98263
    -10652099.6238 3860147.56735
    -10652136.5818 3860197.06142
    -10652143.7063 3860231.73386
    -10652147.7138 3860271.83227
    -10652156.9533 3860295.52084
    -10652171.3135 3860325.29703
    -10652189.7926 3860355.99967
    -10652212.3904 3860378.49735
    -10652253.4673 3860424.94857
    -10652293.5423 3860483.44297
    -10652320.3703 3860500.91194
    -10652343.0795 3860504.08812
    -10652361.6699 3860496.01533
    -10652406.0863 3860466.37104
    -10652442.2652 3860444.00554
    -10652460.8555 3860442.94682
    -10652488.6854 3860450.22553
    -10652529.9849 3860456.57786
    -10652549.5772 3860456.57786
    -10652574.4014 3860447.44638
    -10652648.7628 3860409.72949
    -10652685.9435 3860398.61296
    -10652723.1242 3860395.70149
    -10652740.7127 3860396.7602
    -10652760.1936 3860406.02398
    -10652769.5445 3860415.28776
    -10652774.5538 3860435.80045
    -10652774.4425 3860469.41487
    -10652777.5595 3860493.23618
    -10652790.8065 3860513.749
    -10652815.6307 3860527.11544
    -10652858.8227 3860540.4819
    -10652866.8377 3860540.4819
    -10652891.8846 3860540.74658
    -10652933.1841 3860533.46782
    -10652985.8382 3860528.57119
    -10653062.2034 3860534.92357
    -10653131.2215 3860552.6573
    -10653145.0251 3860558.21564
    -10653182.7624 3860573.30257
    -10653239.5354 3860593.02148
    -10653287.9593 3860596.19769
    -10653321.0212 3860586.13971
    -10653370.6697 3860551.33388
    -10653413.0824 3860530.02695
    -10653449.15 3860520.76307
    -10653475.978 3860530.15929
    -10653496.5721 3860550.80452
    -10653505.8116 3860572.37618
    -10653514.8285 3860634.70923
    -10653517.8341 3860675.7354
    -10653510.487 3860704.58616
    -10653490.7834 3860734.23104
    -10653457.7216 3860749.45054
    -10653420.5409 3860765.72881
    -10653414.4183 3860774.72819
    -10653410.1881 3860781.0807
    -10653419.4277 3860808.74061
    -10653441.0236 3860831.3715
    -10653512.1568 3860857.1787
    -10653534.7546 3860886.0299
    -10653540.7659 3860934.20361
    -10653528.0755 3861024.33134
    -10653516.4983 3861087.72556
    -10653515.3851 3861126.7681
    -10653525.6265 3861156.41404
    -10653535.8678 3861165.67841
    -10653554.4582 3861164.75198
    -10653562.1392 3861159.19335
    -10653573.0486 3861151.51716
    -10653614.4594 3861114.72445
    -10653633.1611 3861102.54847
    -10653657.874 3861090.24016
    -10653680.5832 3861088.25495
    -10653705.4074 3861095.53406
    -10653722.8846 3861104.79838
    -10653737.2448 3861122.26827
    -10653751.605 3861155.09056
    -10653774.2029 3861185.92771
    -10653791.68 3861202.33893
    -10653825.7438 3861216.76494
    -10653854.5755 3861219.94132
    -10653907.341 3861185.26597
    -10653955.8763 3861172.16348
    -10653989.94 3861176.26628
    -10654008.4191 3861191.75105
    -10654021.7774 3861223.51474
    -10654025.7849 3861268.64579
    -10654026.6755 3861301.46849
    -10654033.9112 3861323.04152
    -10654049.2733 3861337.86473
    -10654061.6298 3861341.57054
    -10654072.9844 3861338.52648
    -10654088.5691 3861328.33552
    -10654110.0538 3861297.7627
    -10654142.4478 3861251.57273
    -10654163.1532 3861237.27903
    -10654178.6266 3861238.33782
    -10654202.3376 3861247.73461
    -10654223.9336 3861267.18995
    -10654246.5315 3861309.27713
    -10654279.3707 3861355.46732
    -10654306.0874 3861384.31973
    -10654329.7985 3861406.81937
    -10654342.0436 3861448.90705
    -10654328.4626 3861510.45062
    -10654329.3532 3861544.20046
    -10654354.0661 3861568.9504
    -10654394.2524 3861584.43568
    -10654438.6689 3861582.31804
    -10654472.7327 3861564.05335
    -10654534.7376 3861543.8034
    -10654591.5106 3861520.37703
    -10654620.565 3861501.05362
    -10654704.4999 3861390.67257
    -10654742.6824 3861362.08484
    -10654779.6405 3861355.46732
    -10654782.8688 3861354.93792
    -10654799.4554 3861352.02621
    -10654941.9443 3861362.61424
    -10655050.1469 3861378.36395
    -10655100.6859 3861406.15762
    -10655161.4664 3861453.407
    -10655240.7258 3861492.5831
    -10655411.9352 3861550.55338
    -10655551.0846 3861621.62692
    -10655613.8688 3861677.21546
    -10655643.5911 3861723.40709
    -10655679.5473 3861772.64306
    -10655763.0369 3861838.42371
    -10655875.2469 3861921.80815
    -10655894.8392 3861930.94077
    -10655940.1462 3861943.51468
    -10656019.6283 3861952.91202
    -10656073.2843 3861945.8971
    -10656105.3443 3861932.66141
    -10656111.5782 3861904.07236
    -10656105.567 3861867.14495
    -10656097.3293 3861839.3502
    -10656074.7315 3861800.43766
    -10656069.7221 3861762.45173
    -10656080.0748 3861746.17208
    -10656105.9009 3861736.90725
    -10656133.7308 3861740.21612
    -10656156.44 3861752.52511
    -10656166.6814 3861774.09897
    -10656169.687 3861806.92307
    -10656179.9284 3861836.57073
    -10656239.5956 3861896.26333
    -10656292.1384 3861934.24969
    -10656329.3191 3861941.39696
    -10656355.1453 3861930.41134
    -10656369.6168 3861897.45454
    -10656385.2015 3861889.51316
    -10656403.6806 3861892.55735
    -10656436.6311 3861920.35223
    -10656465.4629 3861953.17674
    -10656490.1758 3861963.36824
    -10656515.0001 3861962.5741
    -10656568.7674 3861943.24996
    -10656618.3045 3861942.32346
    -10656646.1344 3861942.45582
    -10656672.8511 3861962.04467
    -10656694.4471 3862003.07546
    -10656717.0449 3862051.25374
    -10656760.2369 3862077.99013
    -10656811.8891 3862085.4022
    -10656839.719 3862074.01937
    -10656858.4207 3862051.65082
    -10656859.5339 3862025.04685
    -10656851.2962 3862002.41368
    -10656825.5814 3861974.75096
    -10656786.5083 3861941.79404
    -10656767.9179 3861921.27873
    -10656755.6728 3861891.4985
    -10656756.786 3861860.79186
    -10656767.25 3861816.58502
    -10656781.7216 3861782.96676
    -10656804.4307 3861755.83398
    -10656892.1505 3861680.2596
    -10656953.5989 3861651.53881
    -10657006.4756 3861661.73005
    -10657006.5869 3861661.86241
    -10657030.9659 3861693.49501
    -10657031.0772 3861693.62736
    -10657040.8733 3861720.49529
    -10657003.9153 3861769.20183
    -10657001.2436 3861825.18814
    -10657013.3774 3861879.05701
    -10657116.2366 3862018.56132
    -10657175.0133 3862104.06478
    -10657201.9526 3862128.55117
    -10657255.8313 3862216.57027
    -10657290.0064 3862294.79531
    -10657287.446 3862353.43134
    -10657250.4879 3862380.16841
    -10657206.1828 3862389.83083
    -10657147.1834 3862379.77133
    -10657085.8464 3862335.6949
    -10657041.6526 3862321.0028
    -10656987.5513 3862320.87044
    -10656948.1442 3862349.98994
    -10656928.3293 3862398.83145
    -10656945.3612 3862464.74795
    -10656984.5457 3862530.66482
    -10657048.3317 3862564.94703
    -10657153.4173 3862602.53845
    -10657220.209 3862626.62879
    -10657357.7999 3862680.63369
    -10657396.9844 3862717.29892
    -10657433.7198 3862785.86453
    -10657480.14 3862873.75617
    -10657543.8148 3862971.70846
    -10657585.4483 3863047.4235
    -10657636.9892 3863071.91185
    -10657665.821 3863070.8529
    -10657693.5395 3863069.66157
    -10657747.6408 3863052.85064
    -10657772.3537 3863021.08202
    -10657782.3725 3862947.88215
    -10657767.6783 3862916.11382
    -10657733.3919 3862894.14077
    -10657711.2393 3862867.00543
    -10657706.4526 3862837.88465
    -10657733.6145 3862803.73401
    -10657775.4707 3862774.61339
    -10657841.8171 3862767.46561
    -10657900.9277 3862760.31784
    -10657964.8251 3862755.55266
    -10657965.6043 3862755.68503
    -10657987.8682 3862761.6415
    -10658009.9095 3862767.59798
    -10658028.7225 3862772.76026
    -10658065.4579 3862814.45572
    -10658104.6424 3862860.91654
    -10658151.2853 3862895.19971
    -10658217.6317 3862907.64227
    -10658249.5804 3862907.64227
    -10658302.4571 3862894.27313
    -10658336.9662 3862862.76968
    -10658349.4339 3862818.82382
    -10658401.1975 3862743.37499
    -10658438.2669 3862694.53205
    -10658480.123 3862672.55941
    -10658529.2149 3862709.48935
    -10658563.5013 3862736.49196
    -10658622.5007 3862726.82925
    -10658676.6019 3862726.96162
    -10658688.8471 3862758.72945
    -10658666.5832 3862814.85281
    -10658688.6244 3862853.90107
    -10658701.6488 3862865.28466
    -10658744.9521 3862902.87703
    -10658762.0953 3862946.82321
    -10658779.1272 3863012.74277
    -10658803.6175 3863027.56811
    -10658833.2285 3862995.93193
    -10658872.6356 3862976.47373
    -10658934.0839 3862976.6061
    -10659024.9206 3863015.91963
    -10659086.2577 3863074.55925
    -10659100.8405 3863135.71419
    -10659093.3821 3863174.76351
    -10659152.2701 3863213.94533
    -10659227.856 3863210.76842
    -10659299.1005 3863205.20884
    -10659331.8285 3863182.44102
    -10659356.9867 3863144.1859
    -10659414.8728 3863111.75518
    -10659462.9628 3863098.65055
    -10659481.7758 3863084.61935
    -10659501.5907 3863070.05868
    -10659524.7451 3863039.48134
    -10659536.4337 3863005.19774
    -10659538.4374 3862957.41267
    -10659523.0753 3862922.86458
    -10659492.4625 3862888.31659
    -10659459.7345 3862871.10882
    -10659415.5407 3862844.23827
    -10659392.4976 3862815.51465
    -10659388.7127 3862773.42209
    -10659404.2974 3862735.1683
    -10659437.0254 3862710.54827
    -10659483.223 3862710.54827
    -10659544.7826 3862728.02055
    -10659612.0196 3862773.95156
    -10659637.0665 3862806.64608
    -10659692.6149 3862885.13977
    -10659721.8919 3862897.97943
    -10659740.7049 3862906.18623
    -10659806.1608 3862908.30411
    -10659875.4015 3862950.52952
    -10659906.0144 3863019.49359
    -10659923.0463 3863128.43383
    -10659961.3402 3863224.13792
    -10660020.8961 3863270.20324
    -10660067.0937 3863264.51125
    -10660105.7216 3863228.37381
    -10660171.4001 3863111.75518
    -10660173.5151 3863065.95522
    -10660163.9416 3863022.00861
    -10660148.6909 3862983.62163
    -10660141.1212 3862935.96902
    -10660145.0173 3862905.39202
    -10660160.4907 3862895.72918
    -10660181.6414 3862886.33108
    -10660214.3694 3862888.31659
    -10660268.1367 3862934.3806
    -10660310.2155 3863052.98301
    -10660331.2548 3863131.2136
    -10660361.8677 3863184.8237
    -10660384.9108 3863213.68059
    -10660398.1579 3863224.93215
    -10660411.5162 3863236.18372
    -10660429.6613 3863253.65677
    -10660436.897 3863275.36575
    -10660439.0121 3863290.85327
    -10660445.4686 3863314.15078
    -10660446.9158 3863360.61357
    -10660445.4686 3863388.27954
    -10660442.5743 3863411.57724
    -10660437.565 3863432.62464
    -10660428.1028 3863444.14116
    -10660412.852 3863455.12819
    -10660381.7939 3863470.48358
    -10660370.8846 3863473.13106
    -10660362.9809 3863473.13106
    -10660343.3887 3863469.68933
    -10660325.2436 3863470.21883
    -10660306.4306 3863483.45625
    -10660284.7233 3863507.41602
    -10660277.4875 3863522.77147
    -10660277.4875 3863537.20032
    -10660278.9347 3863551.09969
    -10660282.4969 3863562.08682
    -10660283.9441 3863571.48546
    -10660290.5119 3863583.13449
    -10660300.642 3863614.37512
    -10660312.8871 3863632.64299
    -10660315.1135 3863640.45317
    -10660314.3343 3863657.92682
    -10660312.8871 3863666.00177
    -10660302.0891 3863681.35743
    -10660287.5063 3863694.46271
    -10660252.7746 3863716.83438
    -10660239.0823 3863721.99708
    -10660207.9128 3863721.99708
    -10660198.4507 3863719.08479
    -10660180.4169 3863705.97948
    -10660169.5076 3863692.87419
    -10660151.4739 3863664.54563
    -10660148.5796 3863662.29523
    -10660139.8966 3863659.38296
    -10660121.7516 3863660.83909
    -10660113.8479 3863663.08949
    -10660098.5971 3863671.03207
    -10660087.7991 3863684.79922
    -10660082.0105 3863697.24262
    -10660081.2313 3863708.89177
    -10660081.8992 3863735.76429
    -10660085.5727 3863761.18072
    -10660104.3857 3863822.20685
    -10660120.9723 3863848.55012
    -10660142.0117 3863863.11175
    -10660155.0361 3863866.55359
    -10660166.6133 3863867.34786
    -10660211.4751 3863858.74326
    -10660234.6295 3863851.33006
    -10660244.0917 3863850.00628
    -10660254.2218 3863850.00628
    -10660267.2461 3863852.25671
    -10660304.8721 3863870.26019
    -10660318.5644 3863879.12956
    -10660327.2473 3863886.27801
    -10660338.1566 3863898.05973
    -10660364.2054 3863920.56417
    -10660380.792 3863927.18313
    -10660395.2635 3863930.09547
    -10660412.6294 3863930.88975
    -10660451.0346 3863936.58206
    -10660462.6118 3863940.28868
    -10660480.7569 3863949.68762
    -10660501.685 3863973.11882
    -10660508.2528 3863986.88632
    -10660512.5943 3864001.44812
    -10660513.2622 3864020.37848
    -10660510.3679 3864054.53265
    -10660505.2472 3864069.62406
    -10660493.67 3864090.1431
    -10660462.5005 3864135.15276
    -10660443.6875 3864170.89584
    -10660421.9802 3864198.5637
    -10660400.9408 3864219.61251
    -10660390.8108 3864224.64304
    -10660367.6563 3864239.86705
    -10660345.949 3864258.13589
    -10660324.9096 3864277.72858
    -10660297.4137 3864322.87133
    -10660290.1779 3864346.83281
    -10660290.1779 3864354.11393
    -10660293.7402 3864373.70678
    -10660297.4137 3864383.23845
    -10660306.7646 3864395.5502
    -10660316.8946 3864415.93744
    -10660318.3418 3864426.13106
    -10660318.3418 3864439.23717
    -10660308.8796 3864507.41564
    -10660300.8646 3864546.86667
    -10660290.0666 3864585.25873
    -10660275.5951 3864613.05995
    -10660253.1086 3864640.72886
    -10660244.4256 3864645.62719
    -10660226.2806 3864653.83521
    -10660216.9297 3864654.49714
    -10660193.7753 3864652.37895
    -10660180.7509 3864646.42151
    -10660169.8416 3864639.93454
    -10660160.3794 3864636.22769
    -10660137.225 3864637.02202
    -10660123.5327 3864639.14021
    -10660095.2575 3864649.33403
    -10660077.8917 3864665.35292
    -10660070.6559 3864676.2087
    -10660066.3145 3864688.65315
    -10660064.0881 3864707.45223
    -10660064.8673 3864740.94644
    -10660069.0974 3864759.878
    -10660069.0974 3864768.61565
    -10660071.3238 3864778.14764
    -10660077.7804 3864796.15253
    -10660088.6897 3864816.67284
    -10660106.0555 3864839.17904
    -10660125.5364 3864856.52207
    -10660145.1287 3864868.30476
    -10660168.951 3864879.95507
    -10660180.5282 3864884.32394
    -10660212.4769 3864893.06168
    -10660232.7371 3864894.51797
    -10660247.8765 3864893.06168
    -10660265.2424 3864888.03086
    -10660280.4932 3864864.73024
    -10660294.9647 3864847.91675
    -10660305.874 3864839.97337
    -10660337.0435 3864808.06755
    -10660350.0678 3864797.07925
    -10660374.6694 3864784.10514
    -10660389.8089 3864779.7363
    -10660415.969 3864778.94197
    -10660426.767 3864780.39825
    -10660448.4743 3864790.59219
    -10660459.3836 3864798.66792
    -10660470.9608 3864809.52383
    -10660483.9852 3864824.08664
    -10660491.8889 3864837.85514
    -10660502.7982 3864867.64281
    -10660509.2547 3864899.01924
    -10660514.3754 3864915.03846
    -10660521.4998 3864929.46901
    -10660535.3035 3864948.53326
    -10660538.8657 3864966.6708
    -10660539.6449 3865001.62206
    -10660541.0921 3865011.81619
    -10660562.7994 3865025.58491
    -10660570.0351 3865024.12861
    -10660579.386 3865018.96533
    -10660590.2953 3865005.85858
    -10660603.3197 3864974.61426
    -10660622.1327 3864954.35845
    -10660630.1477 3864949.98956
    -10660653.3021 3864950.7839
    -10660659.87 3864952.90216
    -10660672.1151 3864964.55255
    -10660673.5623 3864978.32121
    -10660674.2302 3865016.97946
    -10660676.4566 3865028.62992
    -10660680.798 3865038.69169
    -10660686.5867 3865049.68021
    -10660694.4903 3865056.16741
    -10660708.294 3865064.24332
    -10660719.8712 3865067.95029
    -10660743.0256 3865068.47986
    -10660761.8386 3865062.78701
    -10660769.8536 3865062.78701
    -10660789.3345 3865058.41807
    -10660819.8361 3865045.44367
    -10660833.5284 3865038.69169
    -10660847.9999 3865027.83557
    -10660867.5921 3865015.52316
    -10660885.6259 3865006.12336
    -10660905.9974 3865001.09249
    -10660924.8104 3865000.29815
    -10660936.3876 3865004.0051
    -10660945.7384 3865010.35989
    -10660954.4214 3865024.39339
    -10660960.9892 3865040.41278
    -10660963.8835 3865051.93087
    -10660965.3307 3865065.83202
    -10660975.4607 3865091.25132
    -10660985.5908 3865105.81449
    -10661045.592 3865157.44767
    -10661072.42 3865174.92357
    -10661083.9972 3865177.83622
    -10661094.7952 3865177.83622
    -10661104.9253 3865174.2616
    -10661124.5175 3865161.94903
    -10661129.6382 3865157.58006
    -10661133.9797 3865150.82802
    -10661133.2005 3865127.65927
    -10661134.6476 3865123.29031
    -10661139.7683 3865116.00871
    -10661149.8984 3865105.94688
    -10661166.485 3865094.95831
    -10661183.9621 3865087.67673
    -10661199.1016 3865082.64582
    -10661212.9052 3865081.18951
    -10661222.256 3865081.98386
    -10661238.1747 3865085.55845
    -10661255.6519 3865096.41462
    -10661265.782 3865105.94688
    -10661273.6856 3865115.34675
    -10661287.4893 3865136.52958
    -10661306.9702 3865161.94903
    -10661319.3266 3865170.55459
    -10661330.9039 3865174.2616
    -10661339.5868 3865174.2616
    -10661346.8226 3865172.14331
    -10661353.2791 3865167.77433
    -10661359.0677 3865161.28707
    -10661363.4092 3865151.0928
    -10661362.7412 3865116.1411
    -10661354.0583 3865078.14449
    -10661344.7075 3864998.31228
    -10661331.6831 3864968.52428
    -10661331.6831 3864960.44843
    -10661336.6925 3864945.88545
    -10661342.4811 3864939.39831
    -10661369.3091 3864919.01017
    -10661386.6749 3864911.06675
    -10661419.2915 3864900.8727
    -10661454.8025 3864908.15416
    -10661468.4948 3864913.18499
    -10661486.6398 3864922.7171
    -10661502.5585 3864932.91117
    -10661517.698 3864951.04869
    -10661521.3715 3864958.19779
    -10661522.0394 3864967.06798
    -10661530.0544 3864977.92404
    -10661541.6317 3864987.4562
    -10661561.1126 3864985.99989
    -10661574.9162 3864981.63099
    -10661595.1763 3864969.31862
    -10661682.1169 3864924.17339
    -10661703.8242 3864919.14256
    -10661718.2957 3864919.14256
    -10661723.3051 3864920.59885
    -10661732.7672 3864927.21838
    -10661739.2238 3864933.57312
    -10661745.0124 3864946.67979
    -10661747.2388 3865029.68905
    -10661771.0611 3865095.88505
    -10661788.427 3865117.72982
    -10661816.7021 3865140.36897
    -10661849.2074 3865163.53775
    -10661885.3863 3865199.94592
    -10661909.3199 3865236.3542
    -10661922.3443 3865251.71191
    -10661957.076 3865279.24992
    -10661972.9947 3865287.98795
    -10661989.6926 3865293.81332
    -10662038.1166 3865304.0077
    -10662062.0503 3865305.46405
    -10662092.4405 3865304.66968
    -10662113.4799 3865301.22742
    -10662127.1722 3865296.06402
    -10662152.553 3865279.38231
    -10662177.9339 3865248.79924
    -10662180.0489 3865222.58524
    -10662172.8132 3865194.253
    -10662154.0002 3865154.9322
    -10662134.5193 3865123.68749
    -10662113.4799 3865097.47376
    -10662095.4461 3865079.99798
    -10662077.3011 3865066.2292
    -10662072.9596 3865060.27156
    -10662047.6901 3865037.76494
    -10662035.3336 3865022.53991
    -10662028.7658 3865009.43315
    -10662026.6507 3864998.44467
    -10662027.4299 3864978.18882
    -10662029.545 3864967.20037
    -10662040.4543 3864946.15023
    -10662047.6901 3864936.6181
    -10662060.7144 3864925.10013
    -10662083.201 3864913.44977
    -10662085.3161 3864911.33153
    -10662103.4611 3864911.33153
    -10662117.1534 3864912.78782
    -10662130.957 3864919.27495
    -10662144.6493 3864932.3816
    -10662148.9908 3864938.0744
    -10662154.7794 3864949.85717
    -10662156.2266 3864997.9151
    -10662167.1359 3865016.71468
    -10662185.9489 3865040.0156
    -10662212.6656 3865054.57871
    -10662233.7049 3865058.28568
    -10662266.9895 3865056.03502
    -10662290.1439 3865057.49133
    -10662299.6061 3865059.74199
    -10662321.3134 3865068.47986
    -10662338.6792 3865077.8797
    -10662406.0275 3865103.43142
    -10662432.7442 3865103.43142
    -10662453.0043 3865101.18075
    -10662461.0193 3865099.06247
    -10662485.6209 3865087.41194
    -10662503.766 3865068.47986
    -10662513.8961 3865053.91675
    -10662517.4583 3865045.97323
    -10662521.1319 3865032.73406
    -10662520.3526 3865012.47815
    -10662518.2376 3864996.4588
    -10662513.8961 3864987.58859
    -10662511.6697 3864978.32121
    -10662509.5546 3864958.59496
    -10662500.8717 3864936.88288
    -10662495.751 3864920.06929
    -10662492.8567 3864915.70041
    -10662489.2945 3864901.93182
    -10662490.0737 3864887.36891
    -10662493.6359 3864875.71859
    -10662500.8717 3864866.98086
    -10662512.4489 3864856.1249
    -10662535.6034 3864841.56205
    -10662548.6278 3864836.39886
    -10662558.0899 3864831.36806
    -10662567.5521 3864827.79354
    -10662577.6822 3864825.54293
    -10662607.2931 3864824.88098
    -10662629.7797 3864824.88098
    -10662702.1374 3864832.82434
    -10662713.0467 3864840.9001
    -10662722.3975 3864845.9309
    -10662736.869 3864857.58119
    -10662748.4463 3864875.85098
    -10662773.0479 3864924.57057
    -10662778.8365 3864933.30834
    -10662781.0629 3864945.48828
    -10662781.7308 3864963.09625
    -10662776.7214 3864976.86491
    -10662746.9991 3865009.69793
    -10662735.4219 3865026.37926
    -10662733.1955 3865035.77907
    -10662739.7633 3865060.53634
    -10662744.1048 3865061.99265
    -10662757.7971 3865070.73053
    -10662780.9516 3865074.43751
    -10662824.4775 3865077.35013
    -10662844.7376 3865084.49932
    -10662864.9978 3865099.85683
    -10662886.7051 3865125.1438
    -10662898.9502 3865150.82802
    -10662901.8445 3865161.68425
    -10662903.2917 3865211.86134
    -10662904.7388 3865224.96833
    -10662907.6331 3865231.58802
    -10662912.7538 3865238.07532
    -10662927.2254 3865251.04994
    -10662934.4611 3865254.75697
    -10662951.1591 3865259.25838
    -10662988.785 3865257.80204
    -10663042.3297 3865251.8443
    -10663070.6049 3865247.60769
    -10663106.0045 3865239.53166
    -10663150.9775 3865217.0247
    -10663160.3284 3865214.11204
    -10663236.3596 3865171.21655
    -10663254.5047 3865166.18561
    -10663287.01 3865160.36032
    -10663298.5872 3865156.65331
    -10663336.9924 3865140.76615
    -10663344.2282 3865136.2648
    -10663382.6334 3865121.03963
    -10663402.1143 3865120.24528
    -10663413.0236 3865121.83399
    -10663434.7309 3865128.32123
    -10663452.876 3865139.30983
    -10663476.6984 3865166.18561
    -10663482.487 3865171.34895
    -10663486.8284 3865179.95451
    -10663481.8191 3865203.25576
    -10663470.9098 3865240.98799
    -10663464.4532 3865253.30064
    -10663458.5533 3865260.71471
    -10663441.9667 3865273.82175
    -10663428.1631 3865279.6471
    -10663406.4558 3865282.55978
    -10663393.4314 3865281.89781
    -10663384.0806 3865279.6471
    -10663347.7904 3865255.55134
    -10663342.0018 3865249.85839
    -10663336.2132 3865247.60769
    -10663313.0587 3865247.60769
    -10663284.1157 3865260.05274
    -10663271.0913 3865268.52598
    -10663252.9462 3865288.38514
    -10663250.8311 3865307.97955
    -10663251.499 3865350.21355
    -10663254.3933 3865370.60243
    -10663255.8405 3865403.83374
    -10663264.5234 3865423.56074
    -10663281.2213 3865438.91869
    -10663290.5722 3865445.5385
    -10663299.2551 3865449.1132
    -10663323.8567 3865450.43717
    -10663347.1225 3865446.99486
    -10663391.205 3865433.09326
    -10663465.7891 3865412.83666
    -10663528.7959 3865411.24791
    -10663541.8203 3865412.83666
    -10663554.8447 3865416.41135
    -10663572.2105 3865425.01709
    -10663625.8665 3865472.41498
    -10663650.4681 3865485.38986
    -10663664.9396 3865490.68573
    -10663687.3148 3865502.99864
    -10663699.6713 3865507.36774
    -10663714.8108 3865511.07485
    -10663731.5087 3865521.93142
    -10663761.8989 3865561.25344
    -10663782.1591 3865580.05392
    -10663795.9627 3865587.4682
    -10663813.3285 3865590.91054
    -10663856.0752 3865587.4682
    -10663866.8732 3865585.21743
    -10663898.7106 3865584.55544
    -10663918.9707 3865576.34678
    -10663928.4329 3865569.1973
    -10663937.7837 3865558.34069
    -10663948.693 3865540.86423
    -10663958.1552 3865519.01868
    -10663958.1552 3865504.455
    -10663953.0345 3865460.89648
    -10663950.9194 3865448.58362
    -10663947.2459 3865436.93275
    -10663923.4235 3865382.25324
    -10663923.4235 3865373.64753
    -10663921.1971 3865364.90943
    -10663913.9613 3865349.41918
    -10663898.8219 3865323.33735
    -10663885.7975 3865303.61052
    -10663851.7337 3865255.55134
    -10663850.2866 3865244.03305
    -10663853.8488 3865232.38238
    -10663861.8638 3865220.86412
    -10663876.3353 3865208.41911
    -10663887.9126 3865203.38815
    -10663914.7406 3865199.68113
    -10663972.6267 3865198.2248
    -10663984.2039 3865196.10651
    -10664009.5848 3865185.91221
    -10664037.7486 3865169.09826
    -10664081.9424 3865148.84212
    -10664105.8761 3865148.04776
    -10664122.4627 3865154.53502
    -10664152.9643 3865177.96861
    -10664174.6716 3865204.84448
    -10664189.811 3865220.86412
    -10664202.1675 3865236.08941
    -10664210.0712 3865248.53445
    -10664232.5577 3865274.74851
    -10664257.1593 3865295.79923
    -10664287.5495 3865316.18802
    -10664302.4664 3865320.02747
END
END
