48415 Scurry County
1
    -11253966.2619 3890982.43416
    -11253531.5593 3891007.64421
    -11253522.4311 3891008.44032
    -11253192.9254 3891026.88349
    -11253110.9942 3891031.39478
    -11252907.6135 3891043.46911
    -11252382.1855 3891073.45596
    -11251538.1611 3891121.88621
    -11251426.619 3891128.38783
    -11250329.5654 3891193.66951
    -11250011.637 3891212.51104
    -11249219.0422 3891258.02274
    -11248640.4035 3891291.19465
    -11248327.4844 3891309.10752
    -11247816.6392 3891338.5643
    -11247572.1816 3891352.49658
    -11247506.9484 3891351.1697
    -11247072.1345 3891342.41226
    -11247019.0351 3891341.35075
    -11246883.114 3891338.5643
    -11245918.8646 3891318.92643
    -11245835.2636 3891303.13656
    -11245264.6399 3891194.86369
    -11243693.6993 3890896.85309
    -11243693.5879 3890896.58772
    -11243690.9163 3890890.74965
    -11243313.3206 3890822.94869
    -11242303.7641 3890684.827
    -11242175.0788 3890667.71117
    -11242175.524 3890662.27126
    -11241334.5053 3890660.01569
    -11241334.394 3890660.01569
    -11241302.334 3890659.88301
    -11241270.1626 3890659.88301
    -11241270.0513 3890659.75033
    -11240361.5729 3890657.49476
    -11240311.1452 3890657.36208
    -11239712.6916 3890655.63723
    -11239712.469 3890655.63723
    -11239228.3405 3890654.31042
    -11239226.2255 3890654.17774
    -11238890.5972 3890653.7797
    -11238446.989 3890652.71825
    -11237700.7032 3890650.86073
    -11237417.2837 3890650.06464
    -11237005.0677 3890649.0032
    -11236498.4526 3890647.67639
    -11235799.9228 3890645.95155
    -11235297.9833 3890644.62474
    -11235297.8719 3890644.49206
    -11234838.0111 3890643.43062
    -11234781.4608 3890643.29794
    -11234672.7017 3890643.03258
    -11234664.0188 3890643.03258
    -11234574.7405 3890642.63453
    -11234423.2347 3890642.23649
    -11234392.9558 3890642.23649
    -11233386.6276 3890639.71556
    -11232774.8157 3890637.72536
    -11232764.9082 3890637.72536
    -11232764.6856 3890637.72536
    -11231848.1922 3890635.73515
    -11231462.2476 3890635.33711
    -11231259.6461 3890635.20443
    -11231168.6981 3890635.20443
    -11231031.4411 3890628.57041
    -11230944.1667 3890624.32464
    -11230541.5241 3890605.08602
    -11230455.808 3890603.8919
    -11230382.7825 3890602.96314
    -11229926.5952 3890596.85986
    -11229654.8643 3890593.2775
    -11229397.9389 3890589.82782
    -11229069.4351 3890583.85723
    -11227952.1214 3890563.82259
    -11227672.0415 3890563.1592
    -11227107.2064 3890561.8324
    -11226992.6587 3890561.56704
    -11226899.7069 3890561.30168
    -11226395.207 3890560.10757
    -11226368.379 3890560.10757
    -11226363.9262 3890559.97489
    -11226261.7349 3890559.70953
    -11225752.1143 3890558.64809
    -11225693.5602 3890558.51541
    -11225422.9426 3890557.9847
    -11225402.6824 3890557.85201
    -11225249.7294 3890557.45398
    -11224690.9056 3890556.12718
    -11224397.69 3890555.46378
    -11224089.669 3890554.66771
    -11222957.1045 3890552.1468
    -11219881.7923 3890545.51283
    -11218858.2095 3890543.25728
    -11218416.6051 3890542.19584
    -11217499.1099 3890540.33833
    -11217471.7253 3890540.33833
    -11217444.452 3890540.20565
    -11217200.4397 3890539.67494
    -11217200.4397 3890539.54226
    -11217057.5055 3890539.40958
    -11216819.9497 3890538.87886
    -11216410.4053 3890538.08278
    -11215482.5573 3890536.09259
    -11215027.1493 3890527.86648
    -11214915.4958 3890525.87629
    -11214915.3845 3890525.74362
    -11214094.0693 3890511.01624
    -11213935.439 3890508.0973
    -11213855.1777 3890508.49534
    -11213597.807 3890509.29141
    -11213597.807 3890509.42409
    -11213102.2126 3890511.14892
    -11212303.6066 3890513.8025
    -11212303.6066 3890513.93518
    -11211776.5088 3890515.66
    -11211563.6659 3890516.45608
    -11211434.758 3890516.85412
    -11210976.9009 3890518.57894
    -11210671.5515 3890519.64038
    -11210337.4818 3890520.70181
    -11209451.0447 3890523.88611
    -11209430.2279 3890524.01879
    -11209200.6871 3890524.94754
    -11209113.0787 3890524.94754
    -11209112.9674 3890525.08022
    -11208474.7727 3890527.33577
    -11207088.2885 3890500.26925
    -11206755.4432 3890493.90066
    -11206678.1875 3890492.4412
    -11205915.0923 3890476.2544
    -11205631.5616 3890470.28386
    -11205460.0183 3890466.70154
    -11204998.0424 3890456.88334
    -11204960.1938 3890456.08727
    -11204960.4164 3890424.2445
    -11204965.0918 3889926.04918
    -11204968.3201 3889587.60686
    -11204973.2181 3889097.80485
    -11204982.0124 3888216.82299
    -11204992.2538 3887198.88783
    -11205018.9704 3884758.53775
    -11205024.3138 3884269.20255
    -11205024.4251 3884256.47215
    -11205034.3325 3883225.09043
    -11205040.3438 3882580.95378
    -11205044.3513 3882168.6082
    -11205046.689 3881928.23465
    -11205050.6965 3881503.05199
    -11205052.255 3881343.2976
    -11205055.038 3881054.94973
    -11205064.6114 3880059.37543
    -11205071.7359 3879326.86692
    -11205076.0773 3878885.20995
    -11205077.5245 3878737.81793
    -11205081.7546 3878505.46716
    -11205095.8922 3877728.92142
    -11205102.3487 3877346.96297
    -11205103.3506 3877260.68608
    -11205105.7996 3877075.014
    -11205105.7996 3877071.70082
    -11205102.0148 3876870.92388
    -11205107.2468 3876477.99411
    -11205107.5808 3876454.00793
    -11205111.8109 3876133.71096
    -11205113.3694 3876014.31412
    -11205117.2656 3875718.4113
    -11205121.941 3875365.27236
    -11205124.5013 3875176.98009
    -11205125.6145 3875093.10421
    -11205139.6408 3874054.04697
    -11205147.7671 3873449.49623
    -11205158.4538 3872658.97675
    -11205169.9197 3871809.42956
    -11205172.814 3871593.64137
    -11205173.4819 3871549.66292
    -11205174.0385 3871505.55217
    -11205175.7083 3871383.28811
    -11205189.9572 3870329.85636
    -11205200.4212 3869957.93919
    -11205219.9021 3868432.38055
    -11205220.4587 3868381.52759
    -11205221.238 3868320.21298
    -11205225.8021 3867966.50145
    -11205229.1416 3867709.3356
    -11205232.0359 3867483.16143
    -11205241.3868 3866756.07
    -11205251.1829 3866006.38259
    -11205251.4055 3865985.463
    -11205253.6319 3865815.59198
    -11205271.3317 3864433.27985
    -11205273.3355 3864277.06667
    -11205273.5581 3864260.78355
    -11205273.7808 3864244.36807
    -11205285.8033 3863318.12196
    -11205291.9258 3862852.70977
    -11205300.6088 3862181.62727
    -11205310.8502 3861210.4122
    -11205317.9746 3860538.09976
    -11205317.418 3860432.75663
    -11205315.4142 3860017.61331
    -11205314.969 3859938.47703
    -11205308.2898 3858583.84684
    -11205308.2898 3858568.23318
    -11205306.8426 3858290.10171
    -11205305.0615 3857925.4445
    -11205304.7276 3857862.19959
    -11205304.6163 3857831.63574
    -11205301.9446 3857278.19247
    -11205309.1804 3856792.11525
    -11205309.8483 3856744.75224
    -11205315.8595 3856335.16271
    -11205318.8652 3856183.55468
    -11205339.6819 3854596.15301
    -11205327.9934 3853590.11541
    -11205320.6463 3853352.17611
    -11205320.201 3853336.17258
    -11205323.8745 3853045.46765
    -11205325.6556 3852915.98854
    -11205350.3686 3852602.81105
    -11205363.7269 3852435.51312
    -11205370.9627 3851934.55929
    -11205384.321 3851021.57662
    -11205387.438 3850806.16848
    -11205400.685 3849903.05741
    -11205401.9095 3849815.9234
    -11205404.2472 3849650.516
    -11205408.8113 3849321.03029
    -11205409.0339 3849306.08995
    -11205409.7019 3849264.44218
    -11205426.3998 3848090.96095
    -11205426.6224 3848069.54428
    -11205446.2147 3846685.07859
    -11205455.2315 3846056.02184
    -11205461.0201 3845648.65307
    -11205465.3616 3844708.269
    -11205466.8088 3844440.90429
    -11205470.4823 3843661.97304
    -11205471.2615 3843502.06984
    -11205475.269 3842664.26528
    -11205475.269 3842647.87979
    -11205476.8275 3841502.53725
    -11205478.1633 3840627.4846
    -11205478.1633 3840613.0837
    -11205479.4992 3839619.72813
    -11205479.6105 3839491.71696
    -11205479.6105 3839442.30951
    -11205479.6105 3839379.69181
    -11205480.7237 3838637.81613
    -11205480.6124 3838628.43731
    -11205484.3972 3836037.25878
    -11205485.0652 3835521.67945
    -11205485.8444 3835057.22824
    -11205487.4029 3833953.15666
    -11205487.8481 3833633.08623
    -11205488.0708 3833515.70284
    -11205489.6293 3832465.24575
    -11205539.5004 3832465.11373
    -11205689.4477 3832464.84967
    -11205739.4302 3832464.9817
    -11205741.7679 3832464.9817
    -11205810.0067 3832464.84967
    -11206021.7364 3832464.45359
    -11206092.4243 3832464.45359
    -11206106.8958 3832464.45359
    -11206138.2879 3832464.45359
    -11206141.7388 3832464.32156
    -11206199.7363 3832464.32156
    -11206498.8518 3832463.92548
    -11207396.4208 3832462.6052
    -11207695.6476 3832462.34115
    -11207701.8815 3832462.34115
    -11208083.3734 3832461.81304
    -11209246.4394 3832460.22871
    -11209634.2765 3832459.7006
    -11209826.6366 3832459.30452
    -11210403.8282 3832458.51235
    -11210596.2996 3832458.51235
    -11211038.4606 3832457.85222
    -11212364.8323 3832456.00383
    -11212807.1047 3832455.47572
    -11212950.1502 3832455.21167
    -11213379.2868 3832454.68356
    -11213522.4437 3832454.55153
    -11213526.2286 3832454.55153
    -11214084.2732 3832453.8914
    -11215079.9147 3832452.57112
    -11215237.5431 3832451.11882
    -11215482.112 3832448.87436
    -11215710.6509 3832450.72274
    -11215868.3907 3832452.04301
    -11215957.4462 3832452.57112
    -11216224.947 3832454.81559
    -11216314.1139 3832455.87181
    -11216327.9175 3832456.00383
    -11216473.746 3832457.32411
    -11218059.8262 3832470.79091
    -11219156.2118 3832480.42892
    -11219166.2306 3832480.56095
    -11219539.5961 3832483.86164
    -11220690.0831 3832494.02778
    -11221073.5787 3832497.4605
    -11221087.605 3832497.59253
    -11221430.9143 3832500.36511
    -11222503.3663 3832509.47504
    -11222860.8132 3832512.51168
    -11222864.2641 3832512.37965
    -11222874.8394 3832512.37965
    -11222878.4016 3832512.64371
    -11222880.962 3832512.64371
    -11222888.7543 3832512.64371
    -11222891.426 3832512.77574
    -11222892.8732 3832512.77574
    -11222897.4373 3832512.77574
    -11222898.9957 3832512.77574
    -11222917.1408 3832512.77574
    -11222971.6874 3832513.43588
    -11222989.9438 3832513.69993
    -11223002.7455 3832513.83196
    -11223267.7972 3832516.07644
    -11223267.9085 3832516.07644
    -11224197.2036 3832524.13015
    -11224341.3624 3832525.31841
    -11224774.1726 3832529.01519
    -11224911.5408 3832530.33548
    -11224918.4426 3832530.20345
    -11225074.1786 3832526.50666
    -11225081.971 3832526.2426
    -11225089.8746 3832526.11057
    -11225100.2273 3832526.11057
    -11225108.6876 3832526.11057
    -11225473.259 3832529.54331
    -11225495.3002 3832529.80736
    -11225540.6073 3832530.20345
    -11225618.7535 3832530.99562
    -11225676.8623 3832531.3917
    -11225722.2807 3832532.05184
    -11225781.5026 3832532.44793
    -11225959.5025 3832534.1643
    -11226003.1397 3832534.69241
    -11226018.8358 3832534.82444
    -11227183.6829 3832546.57496
    -11227202.3846 3832546.70698
    -11227221.0863 3832546.83901
    -11227223.09 3832546.97104
    -11228253.7972 3832557.53332
    -11228269.8272 3832557.66534
    -11228369.0129 3832557.0052
    -11228666.6812 3832554.76072
    -11228765.9782 3832554.36463
    -11228773.8819 3832554.36463
    -11228995.7416 3832559.7778
    -11228996.2982 3832559.90983
    -11229154.1492 3832563.4746
    -11229164.168 3832563.73866
    -11229397.271 3832564.66286
    -11229697.1657 3832569.28386
    -11231326.4378 3832594.89744
    -11231869.5656 3832603.74338
    -11232016.2847 3832605.98787
    -11232456.4419 3832612.98542
    -11232603.2723 3832615.36194
    -11232659.7113 3832616.15411
    -11232829.0283 3832618.92673
    -11232885.5786 3832619.85093
    -11232932.4441 3832620.64311
    -11234551.1408 3832646.2568
    -11234621.8287 3832647.44507
    -11235119.2042 3832655.10278
    -11235119.3155 3832655.23481
    -11235129.1116 3832655.49887
    -11235147.9246 3832655.49887
    -11235149.0378 3832655.49887
    -11235852.243 3832668.43777
    -11236031.0221 3832669.8901
    -11236040.1503 3832669.8901
    -11236049.3898 3832670.02213
    -11236061.4123 3832670.15416
    -11236064.7519 3832670.15416
    -11236269.8024 3832673.45491
    -11236272.0288 3832673.32288
    -11236278.8193 3832673.32288
    -11236281.157 3832673.58694
    -11236294.738 3832673.71896
    -11236335.4809 3832674.37911
    -11236349.0619 3832674.64317
    -11236548.4351 3832677.81189
    -11237146.666 3832687.31804
    -11237346.1506 3832690.48676
    -11237516.692 3832692.99533
    -11237530.607 3832693.39142
    -11237542.2955 3832693.52345
    -11237549.5313 3832693.65548
    -11237819.481 3832698.01247
    -11238226.9104 3832704.34992
    -11239449.1984 3832723.75836
    -11239850.2825 3832730.22785
    -11239856.6277 3832730.35988
    -11239941.6758 3832731.68018
    -11240197.0427 3832735.6411
    -11240282.2021 3832737.09343
    -11240334.1883 3832737.88562
    -11240490.4809 3832740.3942
    -11240542.5784 3832741.31841
    -11240615.4927 3832742.37465
    -11240834.2355 3832745.80745
    -11240907.2611 3832747.12776
    -11241074.129 3832749.76837
    -11241087.376 3832750.03243
    -11241101.7362 3832750.29649
    -11241111.1984 3832750.42852
    -11241120.6605 3832750.56055
    -11241207.6011 3832752.01289
    -11241254.0213 3832752.67304
    -11241393.5046 3832754.91756
    -11241440.0362 3832755.70975
    -11241463.6359 3832756.10584
    -11241534.5464 3832757.29412
    -11241558.2575 3832757.69021
    -11241571.2818 3832757.69021
    -11241610.5776 3832758.48239
    -11241623.7133 3832758.74645
    -11241753.5119 3832760.59489
    -11242143.1301 3832766.93236
    -11242273.0399 3832769.17689
    -11242447.9228 3832771.81751
    -11242972.5716 3832780.26749
    -11243147.5658 3832783.17217
    -11243276.2512 3832797.43152
    -11243312.5413 3832801.65652
    -11243664.0883 3832802.44871
    -11243793.4415 3832802.8448
    -11243881.3839 3832802.97683
    -11244145.2111 3832803.63699
    -11244233.2648 3832803.90105
    -11244310.7432 3832804.03308
    -11244543.5122 3832804.56121
    -11244621.1019 3832804.82527
    -11244805.2244 3832805.22137
    -11245357.8143 3832806.67371
    -11245542.0481 3832807.20184
    -11245652.1431 3832807.4659
    -11245982.428 3832808.25809
    -11246092.6343 3832808.65418
    -11246203.5085 3832808.91824
    -11246536.1311 3832809.71043
    -11246647.1167 3832810.10652
    -11246900.2572 3832810.63465
    -11246915.3966 3832810.63465
    -11246930.6474 3832810.76668
    -11246941.8907 3832810.76668
    -11246953.1339 3832810.76668
    -11247100.9662 3832810.63465
    -11247129.2414 3832810.50262
    -11247214.0668 3832810.50262
    -11247242.4533 3832810.50262
    -11247475.6676 3832811.03074
    -11248175.5333 3832813.01121
    -11248408.8589 3832813.67137
    -11248611.0151 3832814.19949
    -11249217.7063 3832816.04794
    -11249399.3798 3832816.70809
    -11249419.9739 3832816.70809
    -11249683.6897 3832817.36825
    -11250475.06 3832819.34872
    -11250738.8872 3832820.27294
    -11250837.6276 3832820.40497
    -11251133.8487 3832821.06513
    -11251145.6486 3832821.19716
    -11251232.5891 3832821.59325
    -11251345.6897 3832821.85732
    -11251684.9915 3832822.64951
    -11251798.2035 3832823.17763
    -11251892.3798 3832823.44169
    -11252175.2426 3832824.23388
    -11252269.5302 3832824.49795
    -11252466.5657 3832824.89404
    -11253057.6722 3832826.74248
    -11253240.5701 3832827.53467
    -11253254.819 3832827.53467
    -11253603.3603 3832828.32686
    -11254649.0956 3832831.09952
    -11254997.7483 3832832.15577
    -11255114.1885 3832832.41984
    -11255463.6203 3832833.07999
    -11255580.1718 3832833.60812
    -11255744.2568 3832833.87218
    -11256236.8455 3832835.32453
    -11256372.21 3832835.98469
    -11256401.0418 3832835.58859
    -11256570.5814 3832834.13625
    -11257079.2001 3832829.77921
    -11257227.8116 3832828.59092
    -11257248.851 3832828.32686
    -11257307.0711 3832827.53467
    -11257481.954 3832826.08232
    -11257540.2854 3832825.68623
    -11257577.5775 3832825.29013
    -11257689.8988 3832824.36591
    -11257727.3022 3832824.10185
    -11258038.9968 3832821.32919
    -11258100.7791 3832821.46122
    -11258447.9846 3832817.63231
    -11258703.5741 3832815.51981
    -11258710.0306 3832815.51981
    -11259017.9404 3832812.61512
    -11259961.1504 3832804.56121
    -11260275.628 3832801.92059
    -11260760.0904 3832797.69559
    -11261157.501 3832794.26278
    -11261322.9217 3832792.54637
    -11261819.518 3832788.45341
    -11261985.0501 3832787.1331
    -11262026.6836 3832786.60497
    -11262151.918 3832785.54873
    -11262193.6628 3832785.28466
    -11262210.0268 3832785.0206
    -11262259.4526 3832784.75654
    -11262275.9279 3832784.62451
    -11262325.5764 3832784.09638
    -11262474.8558 3832782.77607
    -11262524.6156 3832782.37998
    -11262559.7926 3832781.85186
    -11262665.4348 3832781.05967
    -11262700.7231 3832780.92764
    -11262697.8288 3834297.5325
    -11262697.0495 3834985.52187
    -11262695.6024 3836263.09593
    -11262695.3797 3836461.3343
    -11262692.5968 3837045.63512
    -11262692.3741 3837227.77275
    -11262692.2628 3837240.05624
    -11262692.2628 3837252.20767
    -11262692.0402 3837412.0265
    -11262691.1496 3838048.4174
    -11262690.927 3838232.9481
    -11262690.927 3838256.06417
    -11262690.8156 3838299.91879
    -11262690.593 3838517.21289
    -11262689.2572 3839517.34551
    -11262688.8119 3839845.76568
    -11262688.7006 3839909.17851
    -11262688.3666 3840174.06284
    -11262688.0327 3840461.80925
    -11262687.6987 3840749.82689
    -11262687.5874 3840778.62904
    -11262687.5874 3840807.43126
    -11262687.5874 3840810.33791
    -11262687.5874 3840821.43603
    -11262687.4761 3840877.19105
    -11262687.3647 3840946.95126
    -11262687.1421 3841182.26286
    -11262687.1421 3841208.02718
    -11262687.0308 3841333.018
    -11262686.6968 3841544.15771
    -11262686.3629 3841718.17242
    -11262686.2515 3841783.57724
    -11262685.2497 3842638.10136
    -11262685.2497 3842651.57973
    -11262685.2497 3842665.19027
    -11262685.1383 3842759.14301
    -11262684.4704 3843266.31569
    -11262684.2478 3843392.64973
    -11262684.1365 3843518.85297
    -11262684.0251 3843600.65453
    -11262683.9138 3843668.05205
    -11262683.8025 3843735.58209
    -11262683.8025 3843763.86289
    -11262683.6912 3843813.42054
    -11262683.5799 3843866.94302
    -11262683.5799 3843920.46575
    -11262683.4686 3844012.04964
    -11262682.8006 3844463.636
    -11262682.8006 3844484.25317
    -11262682.8006 3844504.87038
    -11262682.578 3844624.74166
    -11262682.578 3844635.05038
    -11262682.1327 3844965.99156
    -11262693.7099 3845003.26267
    -11262696.0477 3845010.79621
    -11262696.7156 3845012.77872
    -11262704.0627 3845030.22483
    -11262704.0627 3845053.48634
    -11262706.1777 3845062.07725
    -11262710.5192 3845068.02481
    -11262718.9795 3845105.69275
    -11262715.8625 3845211.82447
    -11262713.8588 3845324.30133
    -11262707.9588 3845648.5209
    -11262696.159 3845839.11803
    -11262684.8044 3846024.16674
    -11262685.027 3846161.50118
    -11262684.6931 3846661.02075
    -11262684.2478 3847346.42396
    -11262684.0251 3847597.85859
    -11262683.6912 3847993.66084
    -11262683.5799 3848151.77392
    -11262683.1346 3848648.469
    -11262682.8006 3849208.11877
    -11262682.578 3849627.24544
    -11262682.578 3849756.42407
    -11262682.0214 3850799.82134
    -11262681.5761 3851425.42786
    -11262681.3535 3851525.13655
    -11262681.1308 3851880.86803
    -11262681.0195 3851988.11854
    -11262680.0176 3853698.3073
    -11262679.0158 3855332.284
    -11262678.6818 3855766.7088
    -11262678.1252 3856631.76973
    -11262678.0139 3856796.08423
    -11262677.346 3857935.50021
    -11262677.012 3858431.15139
    -11262676.3441 3859828.1106
    -11262676.0101 3860366.98383
    -11262675.6762 3860983.70099
    -11262675.3422 3861545.25928
    -11262675.2309 3861634.72991
    -11262666.9933 3862181.49491
    -11262666.7706 3862558.59357
    -11262666.6593 3863209.0476
    -11262666.6593 3863214.87193
    -11262664.6556 3863456.84905
    -11262664.2103 3863517.34411
    -11262664.099 3863525.15422
    -11262664.099 3863533.75858
    -11262660.8707 3863935.12588
    -11262660.8707 3863944.39244
    -11262660.7594 3863953.92376
    -11262659.8688 3864067.77072
    -11262653.4123 3864918.34822
    -11262652.0765 3865085.95563
    -11262651.4085 3865233.57393
    -11262648.4029 3865935.94462
    -11262646.1765 3866448.21838
    -11262640.4992 3867738.46842
    -11262638.8294 3868064.49609
    -11262638.7181 3868082.24115
    -11262637.8276 3868264.99037
    -11262636.8257 3868450.12617
    -11262633.5974 3869082.36435
    -11262631.9276 3869417.43522
    -11262630.9258 3869617.55521
    -11262628.0314 3870206.80981
    -11262625.3598 3871029.08716
    -11262627.5862 3871347.92052
    -11262628.1428 3871423.15957
    -11262628.0314 3871438.39288
    -11262619.7938 3872729.98488
    -11262618.3466 3872993.61954
    -11262613.3373 3873956.53241
    -11262607.2147 3875186.52051
    -11262605.3223 3875865.1029
    -11262603.5412 3876584.27601
    -11262603.2072 3876841.50339
    -11262602.094 3877897.77168
    -11262605.9902 3878737.68538
    -11262605.8789 3878792.69208
    -11262603.5412 3880734.79247
    -11262601.9827 3882066.78361
    -11262601.9827 3882068.37462
    -11262601.76 3882269.10782
    -11262601.5374 3882471.17033
    -11262600.2016 3883640.25775
    -11262600.0903 3883809.45822
    -11262599.7563 3884195.20729
    -11262599.7563 3884310.31122
    -11262599.7563 3884582.42777
    -11262600.2016 3885764.59015
    -11262600.4242 3886530.52627
    -11262600.6468 3887170.50258
    -11262600.8695 3887524.39463
    -11262601.2034 3888182.73122
    -11262601.4261 3888841.37008
    -11262601.5374 3889168.91243
    -11262601.76 3889611.75256
    -11262604.3204 3889865.41806
    -11262579.1622 3890296.3436
    -11262568.9208 3890473.07011
    -11262128.6522 3890498.41174
    -11261842.0045 3890514.86393
    -11261378.8041 3890542.59388
    -11261186.778 3890553.73895
    -11260675.8215 3890583.85723
    -11260401.3077 3890600.04418
    -11259765.7847 3890637.32732
    -11259494.2765 3890653.24898
    -11259275.9789 3890666.119
    -11258532.9213 3890709.77105
    -11258150.4276 3890733.78638
    -11257716.3929 3890761.1188
    -11257285.2525 3890788.18592
    -11257274.2319 3890788.84933
    -11257228.5909 3890795.35076
    -11256890.4023 3890814.72238
    -11256599.4131 3890831.57306
    -11256178.6254 3890855.72132
    -11255402.5059 3890900.43554
    -11255190.331 3890912.64241
    -11254860.4913 3890932.27959
    -11254591.9887 3890946.87482
    -11254430.6868 3890956.16269
    -11254112.4244 3890974.4731
    -11254056.6533 3890977.52484
    -11253994.7597 3890980.84195
    -11253966.2619 3890982.43416
END
END
