48425 Somervell County
1
    -10885685.0962 3804589.9926
    -10885447.6517 3804733.17145
    -10885223.3429 3804869.10734
    -10885127.0516 3804927.32841
    -10884605.0745 3804933.38763
    -10883779.7518 3804945.63781
    -10883519.7094 3804948.53571
    -10882988.9381 3804954.46322
    -10882935.7274 3804955.12183
    -10882687.4849 3804959.99556
    -10882597.8727 3804961.83968
    -10882546.3318 3804962.89346
    -10882507.1473 3804963.6838
    -10881954.1121 3804967.7672
    -10881586.3125 3804970.40165
    -10881514.2888 3804971.19199
    -10881414.5465 3804974.48506
    -10881297.5498 3804978.17329
    -10880781.5839 3804985.68149
    -10880025.2793 3804996.35105
    -10879893.0317 3804998.19517
    -10879819.4496 3804999.38068
    -10879750.9881 3805000.30274
    -10879302.7045 3805010.05025
    -10879184.3719 3805011.4992
    -10879131.4951 3805012.28954
    -10879106.6709 3805012.68471
    -10879022.402 3805010.44541
    -10878997.4664 3805009.7868
    -10878648.4798 3805014.52883
    -10878039.0056 3805023.35429
    -10877651.8364 3805028.88667
    -10877264.6672 3805034.41905
    -10877215.464 3805034.94594
    -10876884.5112 3805039.02937
    -10876866.5887 3805039.42454
    -10876839.3155 3805039.68799
    -10876806.4762 3805040.08316
    -10876782.0973 3805040.47833
    -10876584.7278 3805049.96242
    -10876580.8316 3805049.96242
    -10875515.7267 3805066.0327
    -10875324.4798 3805069.06235
    -10875286.0746 3805069.72097
    -10874820.9818 3805077.22923
    -10874669.0307 3805083.81542
    -10874628.2877 3805085.65956
    -10874310.8046 3805090.92852
    -10874268.2805 3805091.58714
    -10874187.7965 3805092.77265
    -10874161.5251 3805093.29955
    -10872569.0998 3805119.24921
    -10872264.975 3805124.25474
    -10872258.7411 3805124.38646
    -10871314.9744 3805139.53478
    -10870491.4328 3805152.83897
    -10869667.7799 3805166.14317
    -10868028.9344 3805192.75162
    -10867745.7376 3805197.362
    -10867691.7476 3805198.02062
    -10867663.9178 3805198.67925
    -10867598.5732 3805201.97238
    -10866711.5795 3805206.58276
    -10866567.3095 3805206.97794
    -10866483.9312 3805207.24139
    -10866485.8236 3805152.70724
    -10866481.8161 3805009.52335
    -10866481.5935 3805003.59581
    -10866474.2464 3804498.18517
    -10866467.0106 3803992.79593
    -10866466.788 3803979.0979
    -10866466.5653 3803965.39989
    -10866465.8974 3803916.13986
    -10866465.7861 3803910.60799
    -10866464.1163 3803810.90319
    -10866452.5391 3803110.22717
    -10866447.8636 3802761.61666
    -10866443.2995 3802413.01633
    -10866441.4071 3802269.997
    -10866439.5147 3802126.97939
    -10866434.5053 3801744.81734
    -10866419.1432 3800682.14982
    -10866418.1413 3800630.79654
    -10866416.4715 3800550.08015
    -10866414.9131 3800469.36432
    -10866413.5772 3800399.1828
    -10866412.1301 3800328.87003
    -10866411.1282 3800283.7068
    -10866410.015 3800238.54374
    -10866407.7886 3800036.95794
    -10866405.5622 3799835.24387
    -10866385.5247 3798194.92941
    -10866379.6248 3797671.50861
    -10866374.8381 3797282.11736
    -10866375.7286 3797064.91681
    -10866375.8399 3797002.91665
    -10866375.8399 3796995.41346
    -10866372.1664 3796986.85721
    -10866377.955 3796816.52319
    -10866378.4003 3796801.2538
    -10866378.9569 3796785.98443
    -10866398.5491 3796204.84137
    -10866410.4603 3796075.98018
    -10866411.9074 3796027.54242
    -10866440.4052 3794936.56021
    -10866456.3239 3794339.58277
    -10866456.5466 3794330.23879
    -10866456.8805 3794320.6316
    -10866459.3296 3794226.13937
    -10866463.5597 3794065.84647
    -10866465.6748 3793988.99087
    -10866466.12 3793974.7779
    -10866466.454 3793960.30175
    -10866468.7917 3793875.814
    -10866471.0181 3793791.06365
    -10866473.9124 3793682.88938
    -10866473.8011 3793599.58796
    -10866473.8011 3793582.87511
    -10866473.8011 3793566.16228
    -10866473.8011 3793550.63385
    -10866473.4671 3793383.63866
    -10866472.1313 3792919.11741
    -10866470.7955 3792454.35103
    -10866470.2389 3792270.79171
    -10866469.6823 3792087.49837
    -10866465.6748 3791859.33958
    -10866464.4502 3791793.55065
    -10866464.7842 3791768.2878
    -10866465.4521 3791628.29047
    -10866460.7767 3790952.14222
    -10866460.5541 3790912.80339
    -10866458.105 3790548.89239
    -10866457.8824 3790516.39617
    -10866457.6598 3790484.16317
    -10866457.9937 3790442.32619
    -10866458.3277 3790400.48934
    -10866458.3277 3790393.64811
    -10866458.439 3790381.93909
    -10866458.5503 3790370.36165
    -10866458.2164 3790327.20944
    -10866458.6616 3790193.54384
    -10866458.9956 3790164.07446
    -10866459.3296 3790134.4736
    -10866457.4371 3790115.7922
    -10866458.2164 3790063.56338
    -10866544.2663 3790073.9565
    -10866624.4164 3790084.61275
    -10866644.0086 3790087.24392
    -10866663.6008 3790089.8751
    -10866670.5026 3790090.79601
    -10866864.7551 3790123.55418
    -10866912.0659 3790131.5793
    -10866988.0971 3790130.13214
    -10867529.3325 3790120.52833
    -10867613.0448 3790119.08118
    -10867626.9597 3790118.6865
    -10867640.7633 3790118.55494
    -10867673.3799 3790118.0287
    -10867740.0603 3790156.18089
    -10867814.3104 3790198.54312
    -10867900.6943 3790247.2204
    -10867928.7468 3790273.13784
    -10868019.0269 3790357.07391
    -10868220.4039 3790566.39039
    -10868224.1888 3790564.41693
    -10868250.5715 3790549.68177
    -10868276.8429 3790535.20976
    -10868278.29 3790534.42038
    -10869477.5349 3789762.95606
    -10869739.6923 3789594.43509
    -10869807.2632 3789550.75947
    -10869813.3858 3789546.94444
    -10869913.796 3789482.74685
    -10869957.7672 3789453.54233
    -10870074.9866 3789375.66394
    -10870324.8989 3789210.43715
    -10870338.0346 3789200.96562
    -10870340.5949 3789200.17632
    -10870343.4892 3789198.99238
    -10870350.9476 3789195.70366
    -10870399.3716 3789174.12965
    -10870502.8987 3789113.61741
    -10870606.2032 3789053.50012
    -10870612.5484 3789052.71083
    -10870623.0125 3789050.47453
    -10870666.761 3789025.08592
    -10871190.9645 3788722.26844
    -10871245.5111 3788689.11947
    -10871724.8528 3788397.22832
    -10871742.7752 3788389.07283
    -10871757.692 3788381.83813
    -10871772.8315 3788372.76187
    -10871785.4106 3788363.81716
    -10871798.2123 3788357.6348
    -10871809.5669 3788353.55707
    -10871824.3724 3788346.71701
    -10871840.0685 3788336.0623
    -10871858.3249 3788323.17144
    -10871962.9652 3788258.05965
    -10872165.2327 3788121.3918
    -10872326.0894 3788026.29084
    -10873069.7036 3787577.2351
    -10873269.2994 3787456.88471
    -10873729.6055 3787179.36
    -10874842.3551 3786483.47207
    -10875005.2155 3786381.54518
    -10875042.8415 3786356.95133
    -10875076.5713 3786336.17155
    -10875408.7487 3786130.34841
    -10875581.9618 3786026.3203
    -10875748.8297 3785926.23848
    -10875779.6652 3785901.25103
    -10875783.5614 3785895.20145
    -10875805.2687 3785861.66576
    -10875822.6346 3785827.99866
    -10875834.991 3785812.74329
    -10875848.238 3785798.93456
    -10875878.9622 3785775.78854
    -10875913.4713 3785759.48114
    -10876016.4418 3785731.99533
    -10876059.9677 3785717.26613
    -10876123.9764 3785686.62417
    -10876290.2877 3785593.64669
    -10876477.4158 3785467.79289
    -10876652.41 3785362.71848
    -10876663.876 3785355.74862
    -10876755.9372 3785300.64742
    -10877024.7737 3785144.81365
    -10877090.2296 3785106.67742
    -10877128.4122 3785079.58763
    -10877156.7987 3785053.28691
    -10877182.7361 3785025.80273
    -10877209.2301 3785005.15676
    -10877239.9543 3784991.08595
    -10877265.4465 3784983.98481
    -10877283.8142 3784975.96315
    -10877308.0818 3784959.78834
    -10877332.2382 3784939.01098
    -10877348.1569 3784928.22781
    -10877437.8804 3784878.52013
    -10877470.2743 3784860.50444
    -10877683.1172 3784730.31885
    -10877794.1027 3784667.59357
    -10878230.9204 3784420.77212
    -10878263.6484 3784401.57365
    -10878621.6518 3784191.04996
    -10878905.5165 3784024.05378
    -10879008.4871 3783962.25264
    -10879212.0904 3783840.0977
    -10879232.0166 3783828.00062
    -10879412.9108 3783722.94058
    -10879796.0725 3783491.65397
    -10880161.757 3783267.99787
    -10880370.2584 3783144.27222
    -10880378.83 3783140.32774
    -10880386.1771 3783139.67033
    -10880388.1808 3783139.40736
    -10880397.977 3783142.1685
    -10880406.1033 3783148.47966
    -10880414.5636 3783158.99826
    -10880427.0313 3783150.84634
    -10880916.8371 3782855.9346
    -10881056.4317 3782772.70848
    -10881055.2072 3782770.73631
    -10881045.2998 3782754.17004
    -10881033.6112 3782734.84276
    -10881378.2564 3782528.68705
    -10881524.6415 3782442.17633
    -10881719.4506 3782314.64647
    -10881985.3929 3782150.56882
    -10882405.624 3781898.01457
    -10882590.303 3781831.36007
    -10883017.6585 3781574.34273
    -10884012.4095 3780975.66487
    -10884488.4116 3780688.95687
    -10884569.4522 3780640.71278
    -10884590.269 3780626.51565
    -10884611.7536 3780611.66126
    -10884733.7598 3780513.59644
    -10884771.7197 3780491.64371
    -10885225.2354 3780228.34545
    -10885678.5283 3779958.21771
    -10885779.6064 3779901.30105
    -10885884.1354 3779842.80731
    -10886050.7807 3779749.21793
    -10886899.2579 3779236.85527
    -10886918.4048 3779225.15714
    -10887051.4316 3779144.84787
    -10887058.2221 3779140.77327
    -10887064.9013 3779136.69868
    -10887067.4616 3779135.25285
    -10887071.3578 3779132.88696
    -10887073.8068 3779131.17826
    -10887076.5898 3779129.73244
    -10887128.3534 3779098.45012
    -10887252.4746 3779023.39919
    -10887295.11 3778997.6375
    -10887314.3682 3778985.80818
    -10887359.6753 3778958.73221
    -10887378.7109 3778947.29723
    -10887417.6727 3778923.90156
    -10888358.4337 3778351.11623
    -10888978.5946 3777973.78681
    -10889868.0374 3777432.58756
    -10889870.709 3777430.8791
    -10889872.9354 3777429.5649
    -10890753.9179 3776890.49282
    -10890833.066 3776842.39541
    -10890904.5331 3776799.02906
    -10890910.5444 3776795.61233
    -10890920.1179 3776789.56734
    -10890928.0215 3776784.70506
    -10890933.6988 3776781.0255
    -10890956.6307 3776767.35859
    -10890981.9002 3776752.11474
    -10891072.4029 3776697.05306
    -10891130.4004 3776662.09756
    -10891329.7736 3776541.19965
    -10891669.5207 3776335.15036
    -10891674.1961 3776332.39079
    -10891894.9426 3776198.09274
    -10892116.1345 3776064.45322
    -10892219.105 3776001.77325
    -10892313.0587 3775944.34975
    -10892321.0737 3775939.48782
    -10892324.5246 3775937.38536
    -10892336.6584 3775929.89536
    -10892459.3325 3775855.91546
    -10892579.5575 3775783.25004
    -10892581.8952 3775782.06742
    -10892647.0171 3775741.59573
    -10892767.5761 3775666.69719
    -10892780.2666 3775658.94456
    -10892909.9538 3775583.52094
    -10892936.7818 3775567.62159
    -10893097.5271 3775472.22597
    -10893577.8707 3775187.48898
    -10894264.378 3774780.69604
    -10894266.827 3774779.25074
    -10894281.6325 3774818.66805
    -10894289.9815 3774836.1431
    -10894303.8964 3774865.18065
    -10894316.2529 3774890.93346
    -10894316.9208 3774892.37877
    -10894529.7637 3775336.09798
    -10894540.1164 3775356.85871
    -10894581.8612 3775440.82179
    -10894582.5291 3775442.13577
    -10894639.8586 3775560.65742
    -10894767.9874 3775830.55479
    -10894942.6477 3776192.9679
    -10894970.1436 3776247.76445
    -10894970.3662 3776248.02726
    -10895003.6507 3776319.64424
    -10895014.0035 3776341.85216
    -10895036.9353 3776392.31291
    -10895427.3327 3777204.44482
    -10895432.6761 3777215.87814
    -10896330.6904 3779121.18894
    -10896333.3621 3779126.97223
    -10896348.2789 3779156.54591
    -10896809.8095 3780073.76065
    -10896870.5899 3780195.35142
    -10897059.3878 3780635.19167
    -10897251.7479 3781035.8731
    -10897444.1079 3781436.69939
    -10897607.7476 3781777.32681
    -10897771.2759 3782118.09538
    -10898259.6345 3783146.24445
    -10898295.8134 3783222.24158
    -10898331.8809 3783298.10771
    -10898433.2929 3783511.24544
    -10898497.5243 3783646.54582
    -10898718.1595 3784110.31293
    -10898727.8443 3784130.69438
    -10898731.0726 3784137.26905
    -10898740.3121 3784156.3356
    -10899279.655 3785288.68036
    -10900069.5781 3786947.61207
    -10900156.296 3787130.30062
    -10900225.4254 3787275.50646
    -10900430.8099 3787707.18857
    -10900636.1943 3788138.88625
    -10900723.4688 3788322.25067
    -10901277.9512 3789491.9555
    -10901722.0047 3790418.11869
    -10902200.7898 3791433.95479
    -10902600.7607 3792277.50243
    -10902683.6937 3792452.50885
    -10902709.6312 3792522.24896
    -10902775.8663 3792700.41705
    -10902841.99 3792878.45621
    -10903219.2518 3793893.84326
    -10903238.7327 3793946.48362
    -10903257.1004 3793996.09736
    -10903128.5264 3794070.18936
    -10903037.6897 3794124.80453
    -10902661.3185 3794351.82209
    -10902214.5934 3794621.09025
    -10902129.6566 3794672.15449
    -10901903.0101 3794808.76558
    -10901900.6724 3794810.21329
    -10901697.0691 3794932.87507
    -10901581.5195 3795002.49804
    -10901551.4632 3795022.89804
    -10901501.8147 3795056.32779
    -10900834.4544 3795456.5708
    -10900733.4876 3795520.4056
    -10900719.9066 3795528.56595
    -10900527.7692 3795643.20629
    -10900407.3215 3795714.8077
    -10900286.8738 3795786.67278
    -10900252.4761 3795807.33736
    -10900217.967 3795827.87036
    -10900164.9789 3795859.45965
    -10900163.4205 3795860.38101
    -10900141.6018 3795873.41162
    -10900119.6719 3795886.57386
    -10900117.2229 3795888.02171
    -10899662.4828 3796158.90397
    -10899609.4947 3796190.49414
    -10899133.4925 3796477.83688
    -10898592.1458 3796804.28135
    -10898041.2257 3797136.65837
    -10896691.5882 3797946.90724
    -10895957.7701 3798361.72853
    -10895680.9185 3798538.40386
    -10895332.0432 3798752.60315
    -10894716.8917 3799134.66946
    -10894450.3929 3799294.76704
    -10894119.44 3799482.12079
    -10894058.3256 3799514.64139
    -10893522.4336 3799878.95707
    -10892375.1749 3800569.04121
    -10892359.2562 3800577.99506
    -10891009.1735 3801389.53086
    -10890053.0503 3801961.44457
    -10889903.103 3802051.12544
    -10889248.2104 3802442.64762
    -10889176.298 3802485.84359
    -10889080.6746 3802543.26286
    -10888961.4514 3802615.03735
    -10888847.2376 3802683.78321
    -10888026.479 3803177.79056
    -10888021.6923 3803180.81973
    -10888014.4565 3803185.16593
    -10887934.8631 3803233.23761
    -10887805.6211 3803311.20635
    -10886845.6019 3803890.45623
    -10886622.1836 3804025.06539
    -10885801.6477 3804519.91857
    -10885685.0962 3804589.9926
END
END
