48439 Tarrant County
1
    -10834596.1291 3893992.10107
    -10834557.8352 3893992.23379
    -10834554.0503 3893992.23379
    -10833839.6018 3893996.6135
    -10833747.4293 3893997.14437
    -10833698.2261 3893997.54252
    -10833261.965 3894000.06417
    -10833172.7981 3894000.72777
    -10831990.8077 3894007.36369
    -10831963.9797 3894007.49641
    -10831495.8812 3894010.15079
    -10831477.1796 3894010.2835
    -10831425.082 3894010.54894
    -10831389.4598 3894010.68166
    -10831340.9245 3894010.9471
    -10830982.2531 3894013.0706
    -10830744.1407 3894011.21253
    -10830146.2437 3894006.56738
    -10829503.3737 3894001.52408
    -10829458.5119 3894001.12592
    -10829240.3257 3893999.5333
    -10829100.3971 3894008.42544
    -10828935.8669 3894000.06417
    -10828935.4216 3893998.33884
    -10828873.0827 3893996.87893
    -10828437.2669 3893987.19049
    -10827542.4808 3893967.15003
    -10827399.1013 3893961.70859
    -10827344.1095 3893959.71782
    -10827334.87 3893959.5851
    -10827303.7005 3893959.45238
    -10826707.0281 3893955.869
    -10826276.8896 3893956.26715
    -10826243.8277 3893956.26715
    -10826229.0222 3893956.26715
    -10824395.8128 3893958.1252
    -10824258.1106 3893958.39064
    -10824246.1994 3893958.52336
    -10824127.7555 3893958.78879
    -10823451.3782 3893960.64685
    -10823209.481 3893961.31044
    -10823107.401 3893961.44316
    -10822934.1879 3893961.84131
    -10822623.8291 3893962.63762
    -10822231.4279 3893963.56665
    -10822037.732 3893964.09752
    -10821983.2968 3893964.23024
    -10821978.844 3893961.17772
    -10821976.061 3893964.23024
    -10821968.9366 3893964.09752
    -10821942.5539 3893964.36295
    -10821931.4219 3893964.49567
    -10821883.7772 3893964.49567
    -10821762.6616 3893964.89383
    -10821467.6649 3893965.15926
    -10821319.276 3893965.4247
    -10820902.7185 3893964.49567
    -10820850.9549 3893964.49567
    -10820513.5456 3893963.83208
    -10820247.6033 3893963.30121
    -10820084.7429 3893961.17772
    -10820008.2664 3893960.24869
    -10819571.6714 3893954.67454
    -10819527.5888 3893954.54182
    -10819325.6553 3893954.01095
    -10818998.8212 3893953.08192
    -10818966.2046 3893952.9492
    -10818918.6712 3893952.9492
    -10818562.6715 3893952.68377
    -10818539.1831 3893952.55105
    -10818505.3419 3893952.55105
    -10818189.5286 3893952.41833
    -10818129.0821 3893951.88746
    -10818053.7188 3893951.35659
    -10817979.246 3893950.82572
    -10817902.7695 3893950.29484
    -10817812.6008 3893949.49854
    -10817803.8065 3893949.49854
    -10817769.2975 3893949.2331
    -10817464.2821 3893946.9769
    -10817403.8356 3893946.57874
    -10817278.3785 3893945.64972
    -10817168.1722 3893946.44602
    -10817039.7095 3893947.37505
    -10816822.4139 3893948.83495
    -10816809.6121 3893948.96766
    -10816610.0163 3893950.42756
    -10816382.3679 3893952.15289
    -10816017.1287 3893954.54182
    -10815451.0691 3893958.25792
    -10814052.785 3893967.54819
    -10813689.5495 3893969.8044
    -10813290.4691 3893972.45876
    -10812959.1823 3893974.58225
    -10812552.1982 3893977.23662
    -10812075.5282 3893980.55457
    -10811811.367 3893954.80725
    -10811434.2166 3893965.4247
    -10810263.9148 3893955.869
    -10810149.9236 3893959.85054
    -10808579.4282 3893950.29484
    -10807701.0061 3893944.98613
    -10807615.2901 3893944.45526
    -10806969.1918 3893940.47372
    -10806460.2391 3893937.42121
    -10806446.8807 3893936.89034
    -10806425.8414 3893938.61567
    -10806419.2735 3893938.61567
    -10806414.3755 3893937.28849
    -10806407.4736 3893937.28849
    -10806226.8021 3893935.16501
    -10806002.1594 3893932.77609
    -10805557.2154 3893930.78532
    -10805531.0553 3893930.65261
    -10805253.7584 3893929.32543
    -10804874.9382 3893927.73282
    -10804854.5667 3893927.6001
    -10804449.1412 3893924.94575
    -10803030.2629 3893910.2141
    -10802688.4008 3893906.76344
    -10802618.8261 3893905.43627
    -10802568.287 3893904.50725
    -10801599.4735 3893887.12128
    -10801584.7793 3893886.98856
    -10801585.002 3893874.51315
    -10801585.5586 3893843.32468
    -10801585.6699 3893831.77833
    -10801589.9 3893595.67789
    -10801591.1246 3893531.31182
    -10801591.4585 3893512.59927
    -10801595.1321 3893304.10904
    -10801595.1321 3893303.44549
    -10801595.9113 3893263.10153
    -10801595.9113 3893260.84546
    -10801596.1339 3892872.80749
    -10801596.2453 3892713.56169
    -10801611.83 3891700.01295
    -10801611.7187 3891684.35525
    -10801608.713 3891260.14574
    -10801608.4904 3891222.19719
    -10801608.3791 3891191.81189
    -10801608.1564 3891161.55937
    -10801607.9338 3891101.4526
    -10801608.3791 3891029.27182
    -10801609.6036 3890866.20327
    -10801617.396 3889854.40632
    -10801618.1752 3889747.07552
    -10801618.1752 3889333.54936
    -10801615.3922 3888578.04275
    -10801615.2809 3888557.34826
    -10801613.6111 3888466.61131
    -10801614.0564 3888454.9376
    -10801616.5054 3888389.40585
    -10801616.9507 3888363.53816
    -10801621.7374 3888073.95655
    -10801621.7374 3888068.6505
    -10801621.8487 3888064.53831
    -10801622.1827 3888035.35506
    -10801618.3978 3887872.72609
    -10801618.1752 3887863.308
    -10801617.396 3887464.70444
    -10801617.5073 3886945.27999
    -10801617.6186 3886565.01115
    -10801617.8412 3886107.82945
    -10801618.6205 3886096.82124
    -10801621.6261 3886052.39059
    -10801623.9638 3886017.77458
    -10801624.1864 3885996.02359
    -10801624.2978 3885990.18796
    -10801629.3071 3885566.8475
    -10801628.9732 3885453.85319
    -10801629.3071 3884771.53392
    -10801629.3071 3884534.55496
    -10801637.5448 3884133.67754
    -10801651.571 3883447.05925
    -10801657.137 3882607.73686
    -10801658.5842 3882389.76152
    -10801665.2633 3881392.61573
    -10801672.3878 3880333.38194
    -10801673.8349 3880119.2931
    -10801673.8349 3879915.41522
    -10801673.8349 3879562.54781
    -10801673.9463 3879187.02476
    -10801674.7255 3878931.86681
    -10801675.2821 3878898.33218
    -10801677.3972 3878766.58043
    -10801681.7386 3878495.7915
    -10801699.3271 3877572.26659
    -10801709.5685 3877026.11157
    -10801709.9025 3877000.799
    -10801722.5929 3875795.00343
    -10801722.8155 3875775.52407
    -10801742.9643 3873855.4414
    -10801743.7436 3873841.13239
    -10801747.3058 3873778.99439
    -10801748.3077 3873760.4458
    -10801748.753 3873751.56898
    -10801748.753 3873750.77404
    -10801751.0907 3873706.25757
    -10801752.5378 3873681.87958
    -10801757.1019 3873624.24702
    -10801756.434 3873606.4936
    -10801756.434 3873605.03623
    -10801755.0982 3873564.36245
    -10801757.6585 3873321.6476
    -10801773.5772 3872477.749
    -10801773.5772 3872466.75355
    -10801775.4696 3872337.19344
    -10801782.3714 3871850.49468
    -10801782.3714 3871741.87114
    -10801782.3714 3871734.85038
    -10801782.3714 3871710.60894
    -10801783.0394 3871467.00508
    -10801783.1507 3871440.77723
    -10801783.8186 3871189.8936
    -10801783.262 3871182.60825
    -10801782.7054 3871174.79306
    -10801784.3752 3871031.73634
    -10801784.9318 3870993.85309
    -10801786.1563 3870924.70985
    -10801797.0656 3870307.86947
    -10801802.7429 3870034.75872
    -10801848.0499 3867865.19703
    -10801848.6065 3867807.99022
    -10801853.8386 3867288.77163
    -10801854.6178 3867262.02342
    -10801863.412 3866938.79864
    -10801866.0837 3866841.34302
    -10801866.9743 3866823.86465
    -10801867.6422 3866807.04836
    -10801871.0931 3866738.98899
    -10801875.5459 3866649.08237
    -10801874.0987 3866632.00152
    -10801864.4139 3866522.63167
    -10801865.5271 3866507.13989
    -10801875.5459 3866381.22033
    -10801875.7685 3866364.40468
    -10801879.442 3866129.51766
    -10801901.7059 3865330.08949
    -10801901.038 3865305.33165
    -10801897.0305 3865170.55459
    -10801898.255 3864506.8861
    -10801898.3664 3864499.07534
    -10801898.3664 3864497.35433
    -10801899.3682 3864443.73826
    -10801899.4795 3864435.00085
    -10801899.4795 3864202.27041
    -10801901.1493 3864170.89584
    -10801905.3795 3864091.5993
    -10801903.821 3863985.43014
    -10801903.0418 3863895.94167
    -10801903.487 3863877.67339
    -10801905.1568 3863818.50027
    -10801905.4908 3863806.98338
    -10801905.6021 3863782.62588
    -10801906.1587 3863694.46271
    -10801906.938 3863578.2366
    -10801907.0493 3863562.08682
    -10801907.0493 3863559.83645
    -10801907.0493 3863558.38032
    -10801907.1606 3863553.61482
    -10801907.6059 3863482.13251
    -10801906.7153 3863465.18861
    -10801905.6021 3863445.86202
    -10801905.1568 3863438.44909
    -10801905.2682 3863418.99016
    -10801905.3795 3863415.68082
    -10801905.3795 3863412.23911
    -10801905.4908 3863393.83921
    -10801906.4927 3863234.99238
    -10801906.604 3863228.10906
    -10801906.604 3863227.44721
    -10801906.604 3863226.91772
    -10801906.7153 3863222.41709
    -10801907.3832 3863127.90434
    -10801908.0511 3863106.98986
    -10801917.9586 3862798.17462
    -10801918.7378 3862780.43751
    -10801921.4095 3862716.76946
    -10801920.8529 3862679.70713
    -10801919.5171 3862590.8904
    -10801923.9698 3862535.56227
    -10801924.4151 3862531.06191
    -10801930.2037 3862458.79163
    -10801930.315 3862452.04113
    -10801930.8716 3862429.80422
    -10801931.5396 3862399.89035
    -10801933.5433 3862309.7521
    -10801934.9905 3862251.64573
    -10801936.8829 3862167.72952
    -10801938.2187 3862140.59585
    -10801943.6734 3862029.67938
    -10801949.0167 3861914.13147
    -10801938.3301 3861800.83472
    -10801939.7772 3861782.70205
    -10801941.8923 3861679.59783
    -10801948.4601 3861462.4069
    -10801952.9129 3861290.21877
    -10801953.4695 3861228.80869
    -10801953.0242 3861224.30883
    -10801947.9035 3861182.619
    -10801947.5696 3861176.53097
    -10801945.4545 3861135.37071
    -10801946.5677 3861120.4154
    -10801948.3488 3861056.62397
    -10801950.5752 3860973.37799
    -10801950.5752 3860946.11473
    -10801950.4639 3860846.98816
    -10801952.5789 3860811.25515
    -10801953.2469 3860804.37325
    -10801956.3638 3860774.99288
    -10801956.8091 3860769.16975
    -10801957.143 3860743.89211
    -10801957.2544 3860736.87791
    -10801956.2525 3860727.0845
    -10801955.3619 3860718.74688
    -10801957.143 3860590.37464
    -10801957.0317 3860560.20076
    -10801956.5864 3860458.16594
    -10801956.6978 3860454.85744
    -10801956.5864 3860452.21063
    -10801956.1412 3860332.17865
    -10801956.6978 3860318.15074
    -10801960.7053 3860206.06036
    -10801961.1505 3860188.06248
    -10801961.8185 3860067.76852
    -10801961.9298 3860064.59246
    -10801961.9298 3860060.35771
    -10801962.2637 3859999.61572
    -10801963.7109 3859965.8703
    -10801965.2694 3859932.25731
    -10801965.3807 3859929.74296
    -10801985.1956 3859413.51787
    -10801985.0842 3859405.04885
    -10801981.2994 3859172.54999
    -10801981.6333 3859158.2588
    -10801986.754 3858953.94966
    -10801996.9954 3858636.24539
    -10802001.4482 3858480.9029
    -10802008.7953 3858276.20854
    -10802007.7934 3857748.94176
    -10802007.7934 3857712.02735
    -10802021.1518 3857030.6531
    -10802020.9291 3857001.28212
    -10802018.5914 3856794.89354
    -10802017.2556 3856700.43227
    -10802017.3669 3856696.06643
    -10802019.482 3856589.17005
    -10802020.1499 3856556.36046
    -10802022.7102 3856521.69881
    -10802023.4895 3856511.24742
    -10802024.1574 3856501.9867
    -10802024.714 3856489.2863
    -10802029.2781 3856368.36857
    -10802029.3894 3856359.76943
    -10802043.193 3855348.95165
    -10802042.9704 3855336.64933
    -10802039.7421 3855128.30564
    -10802039.0742 3855081.34614
    -10802038.1836 3855027.5083
    -10802038.1836 3855016.13228
    -10802038.295 3855001.9784
    -10802038.295 3854996.68724
    -10802038.295 3854988.22138
    -10802040.9666 3854811.10116
    -10802041.4119 3854786.36539
    -10802041.7459 3854769.16943
    -10802042.1911 3854751.84122
    -10802043.193 3854709.24832
    -10802044.5288 3854650.25344
    -10802045.4194 3854615.20057
    -10802046.7552 3854596.54984
    -10802049.0929 3854564.80398
    -10802051.542 3854530.41273
    -10802060.0023 3854415.59959
    -10802060.1136 3854403.43052
    -10802061.0041 3854223.14459
    -10802061.2268 3854170.23655
    -10802064.1211 3853605.3257
    -10802064.6777 3853514.5933
    -10802065.0116 3853446.2138
    -10802065.123 3853428.62301
    -10802070.1323 3852456.93771
    -10802070.9116 3852444.3739
    -10802071.1342 3852440.27414
    -10802073.2493 3852404.03757
    -10802074.4738 3852381.42284
    -10802074.4738 3852365.42063
    -10802074.8077 3852314.90139
    -10802077.2568 3851866.71791
    -10802080.2624 3851337.62144
    -10802088.3887 3851113.34776
    -10802088.5 3851089.2809
    -10802086.4963 3850637.04477
    -10802085.6057 3850448.88262
    -10802089.8359 3850193.55281
    -10802090.0585 3850174.11571
    -10802091.7283 3850074.02175
    -10802091.9509 3850057.36154
    -10802092.5075 3850028.66902
    -10802093.8434 3849941.13742
    -10802094.4 3849905.83407
    -10802097.6282 3849708.6926
    -10802099.0754 3849620.89893
    -10802100.7452 3849514.85986
    -10802102.7489 3849386.7416
    -10802103.8621 3849315.74167
    -10802104.864 3849253.20392
    -10802106.9791 3849130.77367
    -10802108.7602 3849016.01299
    -10802110.3187 3848913.81346
    -10802112.3224 3848793.23766
    -10802113.9922 3848688.39589
    -10802114.8828 3848642.51964
    -10802115.2167 3848570.86315
    -10802115.8846 3848468.00644
    -10802116.3299 3848404.54773
    -10802116.4412 3848393.31029
    -10802117.4431 3848335.53677
    -10802117.9997 3848299.31279
    -10802121.7846 3848068.88327
    -10802124.3449 3847916.85249
    -10802124.6789 3847897.41913
    -10802128.3524 3847671.22775
    -10802132.6939 3847410.80235
    -10802132.9165 3847396.3932
    -10802133.0278 3847392.0308
    -10802137.5919 3847109.0069
    -10802140.5976 3846926.45281
    -10802143.0466 3846771.5286
    -10802143.1579 3846747.60277
    -10802143.2692 3846696.05004
    -10802143.8258 3846563.20367
    -10802144.1598 3846451.64031
    -10802144.2711 3846421.89907
    -10802144.3824 3846402.33598
    -10802144.6051 3846382.50856
    -10802144.7164 3846363.47427
    -10802144.7164 3846362.68118
    -10802144.8277 3846339.81363
    -10802145.0503 3846310.46922
    -10802147.9447 3845942.48059
    -10802152.2861 3845347.95994
    -10802153.7333 3845184.8619
    -10802153.8446 3845181.822
    -10802164.086 3844769.19675
    -10802166.6463 3844666.24093
    -10802165.8671 3844644.3018
    -10802163.5294 3844581.52442
    -10802162.4162 3844119.36096
    -10802162.3049 3844078.92087
    -10802163.5294 3844034.38406
    -10802163.5294 3844028.70133
    -10802163.5294 3844007.15986
    -10802165.3105 3843058.05247
    -10802179.4481 3841857.83528
    -10802185.014 3841435.15207
    -10802185.348 3841407.00896
    -10802190.914 3840990.55159
    -10802197.0365 3840533.0203
    -10802197.4818 3840479.77712
    -10802197.9271 3840444.23776
    -10802201.4893 3840121.21761
    -10802202.6025 3840007.07273
    -10802206.3874 3839651.30179
    -10802207.9459 3839494.35908
    -10802206.3874 3838845.60533
    -10802212.0647 3838639.53339
    -10802230.2098 3838186.71608
    -10802230.2098 3837940.23646
    -10802230.2098 3837909.19571
    -10802233.5493 3837660.08016
    -10802236.3323 3837453.76466
    -10802239.2266 3837247.45276
    -10802240.4511 3837156.3174
    -10802241.3417 3837090.54189
    -10802242.9002 3837049.33331
    -10802263.6056 3836496.20135
    -10802263.6056 3836404.80763
    -10802263.6056 3835548.48797
    -10802679.9405 3835562.35447
    -10803091.8226 3835568.95757
    -10803093.715 3835568.95757
    -10803399.621 3835573.44768
    -10803516.0612 3835575.56067
    -10803534.5402 3835575.82479
    -10803590.2 3835576.74923
    -10803761.5207 3835579.39047
    -10803848.2386 3835580.84316
    -10804346.1706 3835588.23864
    -10804476.3031 3835588.63483
    -10804528.4006 3835588.23864
    -10804531.6289 3835588.63483
    -10804742.6907 3835594.57763
    -10804763.8414 3835595.10588
    -10804806.3654 3835596.4265
    -10804815.271 3835596.82269
    -10805145.3333 3835601.18075
    -10805282.8128 3835603.02962
    -10805304.2975 3835603.16168
    -10805361.0704 3835604.08612
    -10805379.1042 3835604.35024
    -10805440.2186 3835605.01056
    -10805476.6201 3835605.40674
    -10805566.3436 3835606.72737
    -10805569.1266 3835606.72737
    -10805571.9095 3835606.72737
    -10805583.2641 3835606.85943
    -10805662.4123 3835608.57624
    -10806674.5291 3835628.38563
    -10807075.6132 3835637.76209
    -10807469.7955 3835645.68585
    -10807493.7292 3835646.21411
    -10807575.6604 3835647.93092
    -10807656.9236 3835649.64774
    -10807889.804 3835654.00582
    -10807895.9266 3835654.13788
    -10807897.3737 3835654.13788
    -10807910.8434 3835654.40201
    -10807939.1185 3835655.06232
    -10807944.4619 3835655.19439
    -10808558.3888 3835670.11752
    -10809077.8056 3835692.30415
    -10809915.0395 3835669.98545
    -10810000.0876 3835667.47625
    -10810000.7555 3835667.47625
    -10810001.646 3835667.47625
    -10810002.8706 3835667.47625
    -10810004.0951 3835667.47625
    -10810004.9856 3835667.47625
    -10810006.0988 3835667.60831
    -10810040.0513 3835668.0045
    -10810044.0588 3835668.0045
    -10810117.9749 3835668.79688
    -10810119.1994 3835668.79688
    -10810122.4277 3835668.92895
    -10810123.0956 3835669.06101
    -10810123.7635 3835669.06101
    -10810124.8767 3835669.06101
    -10810140.4615 3835669.58926
    -10810157.382 3835669.72132
    -10810159.831 3835669.72132
    -10810181.8723 3835669.98545
    -10810197.0118 3835670.11752
    -10810550.4511 3835674.60766
    -10810633.2728 3835675.66417
    -10810759.5091 3835677.24893
    -10810959.7729 3835679.89019
    -10811130.0917 3835682.13527
    -10811239.1848 3835683.4559
    -10811371.8777 3835685.30479
    -10811375.8852 3835685.30479
    -10811479.301 3835687.02161
    -10811483.1971 3835687.15367
    -10811657.9687 3835688.60637
    -10811666.2064 3835688.73844
    -10811674.444 3835688.8705
    -10811740.0112 3835689.927
    -10812319.8744 3835698.64319
    -10812340.8025 3835701.54859
    -10812354.6061 3835703.00129
    -10812415.9432 3835701.02033
    -10812423.6242 3835700.75621
    -10812425.7393 3835700.62414
    -10812427.6317 3835700.62414
    -10812432.975 3835700.22795
    -10812435.6467 3835700.36002
    -10812436.4259 3835700.36002
    -10812438.3184 3835700.49208
    -10812440.0995 3835700.36002
    -10812441.5466 3835700.22795
    -10812442.5485 3835700.22795
    -10812443.6617 3835700.22795
    -10812444.8862 3835700.09589
    -10812445.9994 3835699.96383
    -10812447.0013 3835699.96383
    -10812448.4485 3835699.96383
    -10812452.7899 3835699.6997
    -10812457.1314 3835699.43557
    -10812488.8574 3835701.28446
    -10812639.3614 3835704.85018
    -10813126.2728 3835716.20765
    -10813136.2916 3835716.47177
    -10813655.7083 3835734.9607
    -10813684.4288 3835735.35689
    -10813686.7665 3835735.35689
    -10813843.393 3835737.60198
    -10813863.6531 3835737.86611
    -10813884.8038 3835738.13024
    -10813899.7207 3835738.39436
    -10813901.3904 3835738.39436
    -10813902.281 3835738.39436
    -10813903.0602 3835738.39436
    -10813904.0621 3835738.52643
    -10813906.3998 3835738.52643
    -10813923.543 3835738.79056
    -10813945.0277 3835739.05468
    -10814118.9087 3835741.5639
    -10814252.1582 3835743.41279
    -10814280.5446 3835743.80899
    -10814281.6578 3835743.80899
    -10814282.9937 3835743.94105
    -10814284.1069 3835743.94105
    -10814287.8917 3835744.07311
    -10814298.6897 3835744.33724
    -10814571.0885 3835752.26108
    -10814572.0904 3835752.26108
    -10814573.4262 3835752.26108
    -10814576.6545 3835752.26108
    -10814652.0178 3835753.58172
    -10814653.4649 3835753.58172
    -10814654.1328 3835753.71379
    -10814654.8008 3835753.71379
    -10814656.6932 3835753.71379
    -10814657.6951 3835753.71379
    -10814664.0403 3835753.84585
    -10814672.9458 3835753.97792
    -10814711.4624 3835754.63824
    -10814943.5635 3835758.4681
    -10815340.5288 3835765.59956
    -10815909.0375 3835776.29677
    -10816195.0172 3835781.18315
    -10816664.7855 3835789.63528
    -10816666.9006 3835789.63528
    -10817331.4779 3835804.69064
    -10817341.608 3835804.95477
    -10817698.6096 3835810.50148
    -10818566.1224 3835821.85905
    -10818691.8021 3835823.5759
    -10818753.3618 3835824.50035
    -10818754.3636 3835824.50035
    -10818755.9221 3835824.50035
    -10818756.59 3835824.63242
    -10818757.4806 3835824.63242
    -10818758.3712 3835824.63242
    -10818759.373 3835824.63242
    -10818760.2636 3835824.63242
    -10818761.5994 3835824.63242
    -10818769.6144 3835824.76448
    -10818865.4605 3835826.2172
    -10818879.932 3835826.48133
    -10818896.9639 3835826.74546
    -10818899.8582 3835826.74546
    -10818938.2634 3835827.27372
    -10819935.5748 3835842.85738
    -10820114.0199 3835845.76282
    -10820137.2857 3835845.63075
    -10820141.4045 3835845.63075
    -10820142.2951 3835845.63075
    -10820143.0743 3835845.63075
    -10820143.9649 3835845.63075
    -10820144.7441 3835845.63075
    -10820145.746 3835845.76282
    -10820148.195 3835845.63075
    -10820153.2044 3835846.02695
    -10820156.8779 3835846.42314
    -10820158.3251 3835846.42314
    -10820158.993 3835846.42314
    -10820159.9949 3835846.42314
    -10820160.8854 3835846.42314
    -10820161.776 3835846.55521
    -10820162.7778 3835846.55521
    -10820175.1343 3835846.81934
    -10820177.2494 3835846.81934
    -10820180.3663 3835846.81934
    -10820185.7097 3835846.9514
    -10820186.3776 3835846.9514
    -10820198.734 3835847.21553
    -10820230.2375 3835847.87586
    -10820236.4713 3835848.00792
    -10820237.1393 3835848.13999
    -10820238.0298 3835848.13999
    -10820239.0317 3835848.13999
    -10820244.8203 3835848.27205
    -10820246.2675 3835848.27205
    -10820262.7427 3835848.66825
    -10820440.8539 3835852.49814
    -10820448.0897 3835852.6302
    -10820870.8811 3835861.34651
    -10820874.666 3835861.47858
    -10820877.8943 3835861.47858
    -10820881.0112 3835861.47858
    -10820885.2413 3835861.61064
    -10820957.7103 3835862.93129
    -10821223.096 3835867.94978
    -10821246.807 3835868.47804
    -10821248.3655 3835868.47804
    -10821249.3674 3835868.47804
    -10821250.0353 3835868.47804
    -10821250.8145 3835868.47804
    -10821251.4825 3835868.47804
    -10821252.2617 3835868.6101
    -10821254.5994 3835868.6101
    -10821267.0672 3835868.87423
    -10821295.7876 3835869.4025
    -10821367.2547 3835870.72315
    -10821460.0952 3835872.57206
    -10821462.6555 3835872.57206
    -10821749.9711 3835877.85468
    -10821826.7816 3835879.3074
    -10821926.5239 3835881.15632
    -10821999.1042 3835882.47698
    -10822175.2116 3835886.04275
    -10822313.4704 3835888.55199
    -10822438.3709 3835891.06124
    -10822517.0738 3835892.64603
    -10822532.4358 3835892.91016
    -10822534.6622 3835892.91016
    -10822535.3302 3835892.91016
    -10822537.5565 3835892.91016
    -10822544.4584 3835893.04222
    -10822555.2563 3835893.17429
    -10822567.2788 3835893.30635
    -10822683.4964 3835895.4194
    -10822873.5188 3835898.98518
    -10822891.2186 3835899.64551
    -10822966.4705 3835900.8341
    -10823104.2841 3835903.47541
    -10823105.1746 3835903.47541
    -10823106.1765 3835903.47541
    -10823106.8444 3835903.47541
    -10823107.5123 3835903.60748
    -10823108.1803 3835903.60748
    -10823109.1821 3835903.60748
    -10823117.6424 3835903.73954
    -10823173.5248 3835904.79607
    -10823183.0983 3835904.92814
    -10823905.6731 3835921.17224
    -10823907.0089 3835921.17224
    -10824139.444 3835926.32281
    -10824158.9249 3835926.71901
    -10824310.6534 3835930.15273
    -10824340.0417 3835935.43537
    -10824418.8559 3835949.69852
    -10824613.3311 3835939.13322
    -10824646.393 3835940.32182
    -10824857.1208 3835942.83107
    -10825702.147 3835953.13224
    -10825885.045 3835954.8491
    -10826073.0636 3835956.4339
    -10826111.8028 3835956.69803
    -10826203.9753 3835959.20729
    -10826226.1279 3835959.86762
    -10826235.8127 3835960.13176
    -10826248.6144 3835960.52796
    -10826249.2823 3835960.52796
    -10826249.9502 3835960.66002
    -10826250.6182 3835960.66002
    -10826251.3974 3835960.66002
    -10826252.5106 3835960.66002
    -10826272.9934 3835961.32036
    -10826732.7429 3835974.65907
    -10826781.2782 3835976.1118
    -10826850.7415 3835978.0928
    -10826914.9729 3835979.94173
    -10826984.4362 3835982.0548
    -10827018.3887 3835983.11133
    -10827026.515 3835983.37547
    -10827027.4056 3835983.50753
    -10827028.1848 3835983.50753
    -10827028.8527 3835983.50753
    -10827060.9127 3835984.432
    -10827149.4117 3835987.2054
    -10827198.8376 3835988.7902
    -10827203.513 3835988.92227
    -10827220.0996 3835989.1864
    -10827220.7675 3835989.1864
    -10827227.4467 3835989.31847
    -10827260.0633 3835990.11087
    -10827272.9764 3835990.375
    -10827283.7744 3835990.7712
    -10827284.5536 3835990.7712
    -10827285.3328 3835990.7712
    -10827286.446 3835990.7712
    -10827287.1139 3835990.7712
    -10827297.3553 3835991.03533
    -10827301.4742 3835991.1674
    -10827355.1301 3835992.48807
    -10827359.8056 3835992.48807
    -10827374.945 3835992.48807
    -10827504.9662 3835992.09187
    -10827509.3076 3835991.9598
    -10827510.0869 3835991.9598
    -10827511.2001 3835991.9598
    -10827512.9812 3835991.9598
    -10827518.5472 3835991.9598
    -10827524.0018 3835991.9598
    -10827527.6754 3835991.9598
    -10827531.1263 3835991.9598
    -10827548.3808 3835992.09187
    -10827919.2973 3836001.60068
    -10828011.8038 3836004.37408
    -10828012.5831 3836004.37408
    -10828086.7218 3836006.61922
    -10828110.8782 3836006.48715
    -10828112.214 3836006.48715
    -10828113.7725 3836006.48715
    -10828116.1102 3836006.61922
    -10828116.8894 3836006.75128
    -10828121.1196 3836007.01542
    -10828122.678 3836007.14749
    -10828123.4573 3836007.14749
    -10828124.3478 3836007.14749
    -10828126.3516 3836007.27955
    -10828127.4648 3836007.27955
    -10828129.0232 3836007.41162
    -10828130.3591 3836007.54369
    -10828131.8062 3836007.67575
    -10828142.8269 3836008.46815
    -10828146.0551 3836008.46815
    -10828168.0964 3836008.60022
    -10828871.3016 3836012.56223
    -10828963.3628 3836014.01497
    -10828966.5911 3836014.01497
    -10830038.4865 3836030.91955
    -10830391.9259 3836036.46638
    -10830696.7186 3836041.35287
    -10830804.5872 3836042.4094
    -10830906.7785 3836044.12628
    -10831376.3241 3836050.06931
    -10831840.4151 3836056.01235
    -10831913.3293 3836056.93682
    -10832008.6188 3836058.12542
    -10832009.3981 3836058.12542
    -10832073.4068 3836058.91783
    -10832085.7632 3836059.0499
    -10832098.7876 3836059.18196
    -10832101.1253 3836059.18196
    -10832101.9046 3836059.31403
    -10832103.2404 3836059.31403
    -10832105.9121 3836059.31403
    -10832115.7082 3836059.4461
    -10832386.4372 3836062.87985
    -10832396.5672 3836063.01192
    -10832476.3833 3836064.06846
    -10832539.7241 3836065.38914
    -10832540.8373 3836065.38914
    -10832541.5052 3836065.38914
    -10832542.1731 3836065.52121
    -10832542.9524 3836065.52121
    -10832544.9561 3836065.52121
    -10832588.0368 3836066.44568
    -10833002.5906 3836073.04906
    -10833020.6243 3836073.31319
    -10833105.7837 3836074.76594
    -10833432.8404 3836081.10519
    -10833434.2875 3836081.10519
    -10833484.4926 3836082.02966
    -10833490.0586 3836082.16173
    -10833503.5283 3836082.42587
    -10833507.4244 3836082.2938
    -10833512.9904 3836082.02966
    -10833532.4713 3836081.36932
    -10833534.809 3836081.23726
    -10833555.9597 3836080.44485
    -10833559.188 3836080.31278
    -10833559.8559 3836080.31278
    -10833562.9729 3836080.44485
    -10833579.3368 3836080.57692
    -10833580.0048 3836080.57692
    -10833580.784 3836080.57692
    -10833598.1498 3836080.70898
    -10833602.2687 3836080.70898
    -10833781.2704 3836083.35034
    -10833783.4968 3836083.35034
    -10833788.8401 3836083.48241
    -10833789.842 3836083.48241
    -10833790.5099 3836083.48241
    -10833791.1778 3836083.48241
    -10833792.0684 3836083.48241
    -10833794.0721 3836083.61448
    -10833796.6325 3836083.61448
    -10833799.6381 3836083.61448
    -10833816.7813 3836084.01068
    -10833826.6887 3836084.14275
    -10833856.8563 3836084.67102
    -10833860.1959 3836084.67102
    -10833866.3185 3836084.80308
    -10833929.7706 3836086.12376
    -10833989.7718 3836087.44444
    -10834001.2377 3836087.70858
    -10834008.4735 3836087.84064
    -10834094.5234 3836089.68959
    -10834104.9875 3836089.95373
    -10834369.0373 3836095.63265
    -10834375.7165 3836095.76472
    -10834416.5707 3836096.42506
    -10834426.1442 3836096.55712
    -10834453.7514 3836097.08539
    -10834511.7489 3836098.40607
    -10834519.7639 3836098.53814
    -10834525.9978 3836098.67021
    -10834526.777 3836098.67021
    -10834527.4449 3836098.67021
    -10834528.2242 3836098.80228
    -10834528.8921 3836098.80228
    -10834535.5713 3836098.93435
    -10834549.7088 3836099.19848
    -10834668.5981 3836101.70777
    -10834675.7225 3836101.83984
    -10834707.6712 3836102.50018
    -10834911.6085 3836106.72636
    -10834914.6141 3836106.72636
    -10835098.4026 3836110.55633
    -10835109.5346 3836110.82047
    -10835286.4212 3836114.51837
    -10835316.5888 3836115.17871
    -10835426.7951 3836117.95214
    -10835428.0196 3836117.95214
    -10835448.2798 3836118.08421
    -10835461.4155 3836118.21628
    -10835493.3642 3836118.48042
    -10835512.6224 3836118.61248
    -10835514.5149 3836118.61248
    -10835779.4553 3836121.12178
    -10835782.5722 3836121.12178
    -10835847.1375 3836121.65005
    -10835925.3951 3836122.31039
    -10836285.1797 3836125.74417
    -10836587.0782 3836128.5176
    -10836600.7705 3836128.64967
    -10836621.8098 3836129.31001
    -10836646.7454 3836129.83828
    -10836652.534 3836130.23449
    -10836704.4089 3836133.5362
    -10836775.5421 3836137.23411
    -10836791.7947 3836138.15859
    -10836805.5983 3836138.68686
    -10836806.2662 3836138.68686
    -10836809.1605 3836138.81893
    -10836814.7265 3836139.08307
    -10836819.1793 3836139.3472
    -10836825.6358 3836139.87548
    -10836839.996 3836140.53582
    -10836907.1217 3836143.57339
    -10836923.1517 3836144.49787
    -10837005.6394 3836148.59199
    -10837124.1947 3836154.40301
    -10837171.1715 3836156.78024
    -10837195.6618 3836157.96886
    -10837294.9588 3836162.8554
    -10837317.668 3836162.72333
    -10837319.783 3836162.72333
    -10837321.2302 3836162.72333
    -10837322.2321 3836162.72333
    -10837324.4585 3836162.72333
    -10837363.5316 3836163.11954
    -10837365.0901 3836163.11954
    -10837365.758 3836163.11954
    -10837367.0938 3836163.2516
    -10837369.5429 3836163.2516
    -10837371.324 3836163.2516
    -10837382.2333 3836163.38367
    -10837386.4634 3836163.38367
    -10837388.1332 3836163.38367
    -10837428.8761 3836163.77988
    -10837429.9893 3836163.77988
    -10837431.5478 3836163.77988
    -10837433.2176 3836163.77988
    -10837434.4421 3836163.77988
    -10837435.11 3836163.91195
    -10837452.3646 3836164.04402
    -10837573.0349 3836165.23263
    -10837634.038 3836165.76091
    -10837887.5124 3836168.00608
    -10837894.3029 3836168.00608
    -10837981.5774 3836168.79849
    -10837984.1378 3836168.79849
    -10837986.0302 3836168.79849
    -10837987.9226 3836168.79849
    -10837989.1471 3836168.79849
    -10837989.8151 3836168.93056
    -10837991.3735 3836168.93056
    -10837995.0471 3836168.93056
    -10838009.1847 3836169.06263
    -10838012.4129 3836169.06263
    -10838170.0413 3836170.51538
    -10838485.966 3836169.06263
    -10838576.2461 3836169.1947
    -10839055.3652 3836175.40193
    -10839240.4895 3836177.77917
    -10839667.3998 3836183.32606
    -10840181.2506 3836187.42019
    -10840957.37 3836194.81605
    -10841000.7846 3836195.21226
    -10841630.853 3836208.94745
    -10842109.7494 3836209.34365
    -10842156.0583 3836209.34365
    -10842425.4515 3836209.73986
    -10842576.512 3836210.79642
    -10843462.6152 3836225.58817
    -10843484.5451 3836225.98438
    -10843532.0785 3836226.7768
    -10843587.5157 3836227.70128
    -10843647.7395 3836228.62577
    -10843648.8527 3836228.62577
    -10843940.7324 3836233.11613
    -10843945.7418 3836233.2482
    -10844649.3923 3836245.39859
    -10844802.1226 3836248.03998
    -10845072.8516 3836252.53035
    -10845303.9509 3836256.49244
    -10845308.181 3836256.62451
    -10845961.1812 3836267.32216
    -10845969.0848 3836267.45423
    -10846933.0003 3836284.09504
    -10847361.469 3836292.94373
    -10848640.4187 3836317.5088
    -10849188.7785 3836340.22492
    -10849198.018 3836340.62113
    -10849960.4452 3836372.31813
    -10850159.4844 3836377.73304
    -10850191.9897 3836377.20475
    -10850209.2442 3836378.12925
    -10850222.6026 3836379.44996
    -10850457.4867 3836385.78937
    -10850562.127 3836388.69494
    -10850586.6173 3836389.22322
    -10850749.0325 3836393.71364
    -10851378.3215 3836410.75084
    -10851689.2369 3836416.0337
    -10851711.1668 3836415.63749
    -10851714.2838 3836415.63749
    -10851733.4307 3836416.42992
    -10851752.4663 3836417.09027
    -10851806.4563 3836417.8827
    -10853010.7106 3836437.82551
    -10854031.5103 3836443.5046
    -10854035.1838 3836443.5046
    -10855878.1893 3836452.08927
    -10857390.6872 3836440.59902
    -10858888.2683 3836438.75002
    -10859281.1148 3836437.16516
    -10859280.5582 3836534.89862
    -10859280.3356 3836565.40747
    -10859280.3356 3836566.59613
    -10859275.1036 3837365.53352
    -10859274.6583 3837431.8389
    -10859274.3243 3837481.63422
    -10859260.4094 3838923.27954
    -10859258.8509 3839328.83169
    -10859257.2925 3839730.43447
    -10859257.2925 3839736.77567
    -10859256.7359 3839844.04825
    -10859256.6245 3839864.52527
    -10859255.8453 3840019.22699
    -10859255.734 3840065.20193
    -10859255.0661 3840255.31284
    -10859253.0623 3840763.03888
    -10859252.8397 3840844.42504
    -10859252.3944 3841034.68058
    -10859252.3944 3841051.06384
    -10859252.7284 3841157.42345
    -10859252.2831 3841973.58361
    -10859249.7227 3842312.11434
    -10859246.3831 3842703.51126
    -10859244.3794 3843031.3591
    -10859242.8209 3843262.08696
    -10859242.153 3843367.80569
    -10859240.1493 3843451.58846
    -10859237.9229 3843540.39355
    -10859237.7002 3843611.49097
    -10859232.8022 3843639.24287
    -10859224.4532 3843669.90218
    -10859218.442 3843695.14331
    -10859217.8854 3843698.05067
    -10859217.3288 3843730.29597
    -10859217.774 3843749.72249
    -10859217.4401 3843793.20099
    -10859217.4401 3843805.62345
    -10859217.5514 3843816.06362
    -10859222.2268 3844405.61736
    -10859237.7002 3844716.06667
    -10859237.7002 3844716.46317
    -10859238.0342 3844723.20353
    -10859239.5927 3845258.6126
    -10859239.704 3845275.9269
    -10859233.5814 3845785.58663
    -10859227.4588 3846308.88304
    -10859227.3475 3846314.17031
    -10859221.3363 3846825.98978
    -10859211.4288 3848315.83831
    -10859198.5158 3849813.67564
    -10859187.1612 3851305.7521
    -10859185.6027 3851415.3777
    -10859177.1424 3851993.67285
    -10859170.2406 3852458.92147
    -10859169.684 3852498.33222
    -10859164.452 3852855.54781
    -10859168.4595 3853045.46765
    -10859168.3482 3853048.64182
    -10859168.3482 3853050.62568
    -10859167.7916 3853078.26748
    -10859167.6803 3853089.7739
    -10859167.5689 3853113.18353
    -10859167.1237 3853183.28047
    -10859167.1237 3853183.94176
    -10859166.6784 3853263.29729
    -10859164.0067 3853700.82032
    -10859162.2256 3854004.63591
    -10859126.1581 3855402.52639
    -10859113.4677 3855912.8876
    -10859114.0243 3855941.32985
    -10859114.5809 3855962.89308
    -10859114.5809 3855964.08369
    -10859114.0243 3855984.85322
    -10859113.0224 3856455.68322
    -10859113.6903 3856715.51427
    -10859114.2469 3856900.60109
    -10859115.4714 3857314.444
    -10859116.362 3858161.75591
    -10859110.9073 3858200.65645
    -10859108.9036 3858214.41721
    -10859105.1187 3858241.1449
    -10859105.1187 3858246.43752
    -10859105.1187 3858260.19834
    -10859105.8979 3858272.63601
    -10859105.8979 3858273.29759
    -10859105.23 3858280.70728
    -10859104.7848 3858312.86008
    -10859104.7848 3858312.9924
    -10859105.23 3858318.54968
    -10859104.3395 3858342.23432
    -10859105.1187 3858365.52206
    -10859104.6734 3858383.51716
    -10859105.0074 3858389.47143
    -10859105.23 3858439.61972
    -10859098.5509 3858942.04056
    -10859096.2132 3859082.83338
    -10859095.7679 3859147.14345
    -10859083.4114 3860068.03319
    -10859082.7435 3860117.12992
    -10859072.3908 3860570.52339
    -10859072.3908 3860571.97915
    -10859069.2738 3860788.09493
    -10859060.5909 3861440.83362
    -10859060.5909 3861441.89243
    -10859044.1156 3862912.40752
    -10859016.3971 3865390.59417
    -10859016.3971 3865454.67385
    -10859016.3971 3865456.92459
    -10859016.1744 3865613.15342
    -10859016.0631 3865621.3621
    -10859016.0631 3865624.40727
    -10858992.1294 3868523.36023
    -10858991.4615 3868575.67056
    -10858991.0162 3868618.31358
    -10858990.9049 3868625.4649
    -10858988.0106 3868918.01094
    -10858980.4409 3869688.01521
    -10858973.3164 3870394.62518
    -10858971.3127 3870582.84092
    -10858967.9731 3870932.25995
    -10858966.5259 3871061.27476
    -10858965.4128 3871174.6606
    -10858962.9637 3871428.8555
    -10858962.8524 3871438.52534
    -10858962.6298 3871459.98448
    -10858960.4034 3871678.28709
    -10858960.1807 3871688.61948
    -10858949.2714 3872314.27549
    -10858948.0469 3872341.30013
    -10858948.1582 3872343.28723
    -10858948.7148 3872376.93565
    -10858940.8111 3873664.25856
    -10858937.9168 3874142.55273
    -10858936.4697 3874230.39669
    -10858935.3565 3874286.70726
    -10858918.2133 3875160.68189
    -10858917.5454 3875191.68825
    -10858917.3227 3875196.45846
    -10858914.8737 3875329.62778
    -10858910.8662 3875522.82534
    -10858905.9681 3875767.44081
    -10858906.0795 3875770.75362
    -10858900.1795 3876022.13252
    -10858898.7324 3876079.37928
    -10858893.1664 3876315.92269
    -10858893.1664 3876318.04299
    -10858880.0307 3877176.1327
    -10858879.1401 3877228.21645
    -10858843.6292 3877626.7377
    -10858830.2709 3878360.33311
    -10858818.471 3879000.79205
    -10858809.7881 3879467.24097
    -10858808.1183 3879557.2456
    -10858802.2184 3879865.57305
    -10858802.2184 3879873.39401
    -10858802.1071 3879880.94986
    -10858800.8825 3879939.40846
    -10858800.8825 3879944.18061
    -10858800.6599 3879949.08531
    -10858800.4373 3879964.72736
    -10858799.1014 3880037.10523
    -10858798.7675 3880058.04983
    -10858797.543 3880125.39093
    -10858797.0977 3880148.58924
    -10858794.3147 3880302.75971
    -10858794.3147 3880303.95278
    -10858792.9789 3880393.03588
    -10858792.0883 3880424.05604
    -10858791.977 3880428.29812
    -10858782.5148 3880658.43327
    -10858782.5148 3880659.09611
    -10858770.047 3881278.86615
    -10858769.9357 3881282.71081
    -10858769.2678 3881328.44917
    -10858769.2678 3881329.90749
    -10858765.4829 3881590.28809
    -10858765.4829 3881592.14418
    -10858762.7 3881758.39838
    -10858762.5886 3881764.2319
    -10858759.917 3881912.4574
    -10858759.917 3881912.58998
    -10858758.1359 3882007.51893
    -10858757.4679 3882047.02868
    -10858758.2472 3882077.92063
    -10858758.2472 3882079.7768
    -10858756.5774 3882107.48683
    -10858756.2434 3882118.4913
    -10858756.2434 3882120.74523
    -10858755.9095 3882136.25759
    -10858756.1321 3882162.64189
    -10858748.1171 3882583.2078
    -10858745.4454 3882725.34446
    -10858745.0002 3882844.14656
    -10858744.6662 3882853.29543
    -10858744.1096 3882876.63172
    -10858742.7738 3882935.90079
    -10858742.5511 3882942.92824
    -10858742.4398 3882947.43642
    -10858739.9908 3883034.28546
    -10858727.523 3883476.23109
    -10858727.4117 3883479.94387
    -10858719.2854 3883754.95843
    -10858719.174 3883760.12993
    -10858715.5005 3884001.33663
    -10858713.942 3884086.86741
    -10858701.9195 3884762.51617
    -10858700.8063 3884806.67671
    -10858700.8063 3884807.60501
    -10858700.5837 3884828.82334
    -10858700.4724 3884836.78023
    -10858699.8044 3884895.92659
    -10858699.3592 3884909.58599
    -10858697.6894 3884959.84742
    -10858694.9064 3885046.84398
    -10858694.5724 3885053.87269
    -10858694.0158 3885068.4606
    -10858691.9008 3885130.26049
    -10858690.5649 3885220.17592
    -10858690.0083 3885259.96173
    -10858686.3348 3885520.29689
    -10858684.999 3885616.05076
    -10858682.5499 3885790.84999
    -10858679.6556 3886005.04229
    -10858679.6556 3886007.42959
    -10858677.7632 3886126.26492
    -10858673.867 3886400.28044
    -10858672.0859 3886520.18082
    -10858671.3067 3886578.40722
    -10858670.1935 3886657.05975
    -10858668.9689 3886739.42661
    -10858668.635 3886765.68863
    -10858668.5237 3886773.77947
    -10858661.7332 3887163.20731
    -10858657.7257 3887395.59685
    -10858648.0409 3887964.51965
    -10858645.7032 3888103.4052
    -10858642.0296 3888286.864
    -10858639.9146 3888396.0386
    -10858626.4449 3889064.77181
    -10858626.4449 3889065.96577
    -10858610.0809 3889904.02559
    -10858599.1716 3890446.53443
    -10858592.9377 3891080.22291
    -10858593.383 3891235.20052
    -10858595.0528 3891962.21616
    -10858586.7038 3892334.43271
    -10858588.7076 3892569.57882
    -10858588.9302 3892587.36094
    -10858588.9302 3892588.55526
    -10858588.7076 3892603.01985
    -10858585.9246 3892944.86692
    -10858581.0266 3893522.28732
    -10858581.0266 3893524.67616
    -10858577.5756 3893928.92728
    -10858570.1172 3894333.85596
    -10858570.1172 3894336.64312
    -10858568.5588 3894531.08293
    -10858486.071 3894533.33924
    -10858485.2918 3894533.33924
    -10857945.8375 3894517.54503
    -10857603.0848 3894518.87228
    -10857599.0773 3894518.87228
    -10857587.8341 3894518.60683
    -10857574.6984 3894519.005
    -10857556.6646 3894519.005
    -10857549.3175 3894519.005
    -10857126.3034 3894519.5359
    -10856832.3087 3894525.5085
    -10856830.6389 3894525.5085
    -10856828.5238 3894525.5085
    -10856748.9304 3894525.77395
    -10856743.1418 3894525.77395
    -10856500.6879 3894524.84487
    -10856412.4116 3894524.9776
    -10856410.8531 3894524.9776
    -10855891.659 3894521.52676
    -10855861.4914 3894520.86314
    -10855323.039 3894506.92709
    -10855066.1136 3894499.36181
    -10855053.7572 3894498.96364
    -10854973.3845 3894496.70733
    -10854936.5377 3894495.64553
    -10854659.1296 3894487.01847
    -10854655.9013 3894487.01847
    -10854407.2136 3894482.2404
    -10854286.2093 3894479.9841
    -10854159.639 3894478.78958
    -10854015.369 3894474.94059
    -10853982.4184 3894474.14425
    -10853468.2337 3894459.01374
    -10853435.0604 3894458.08467
    -10852162.9013 3894426.89464
    -10852136.8525 3894426.0983
    -10851966.7564 3894423.57656
    -10850292.2886 3894389.59945
    -10850137.4432 3894373.67271
    -10850060.8554 3894369.82375
    -10850051.7272 3894369.29286
    -10850024.8992 3894367.96563
    -10849993.2844 3894366.24024
    -10849494.3505 3894339.16485
    -10849417.6513 3894335.58134
    -10849413.8665 3894335.44862
    -10849284.068 3894330.93607
    -10849132.5621 3894325.62718
    -10849077.459 3894323.63634
    -10849067.2176 3894323.3709
    -10848733.2591 3894311.69135
    -10848727.4705 3894311.82408
    -10848723.0177 3894311.82408
    -10848626.3924 3894308.77147
    -10848545.3518 3894305.85159
    -10848436.9266 3894301.86993
    -10848414.8854 3894301.20632
    -10848211.0594 3894293.90662
    -10848144.713 3894292.71212
    -10848096.0664 3894289.79224
    -10847645.4451 3894273.60019
    -10846022.2956 3894286.07603
    -10845982.9998 3894285.41242
    -10845968.5282 3894285.2797
    -10845955.3925 3894285.01426
    -10844767.5023 3894268.42405
    -10844239.6252 3894248.51584
    -10844170.7185 3894245.99413
    -10842349.1976 3894088.05687
    -10842207.2653 3894075.84668
    -10842170.1959 3894072.5287
    -10841679.8335 3894055.54064
    -10841339.0846 3894038.41988
    -10841216.4105 3894032.31482
    -10840789.1663 3894015.72497
    -10840691.0938 3894011.87613
    -10840448.8626 3894002.58583
    -10840285.3343 3893995.81718
    -10840042.6578 3893997.80796
    -10839784.9532 3893999.93146
    -10839627.6587 3893998.86971
    -10839509.1035 3893998.0734
    -10839355.7052 3893999.00243
    -10838827.7169 3894002.58583
    -10838552.9804 3894004.04573
    -10838491.866 3894004.17845
    -10838488.1924 3894004.04573
    -10838288.3739 3894003.91301
    -10837959.2022 3894003.38214
    -10837703.5013 3894002.98398
    -10837625.689 3894002.85126
    -10837484.2019 3894002.71855
    -10837358.4109 3894002.58583
    -10837326.2396 3894002.45311
    -10837293.4003 3894002.45311
    -10837262.8988 3894002.45311
    -10837164.0471 3894002.18767
    -10837066.8652 3894002.05495
    -10836901.8897 3894001.92223
    -10836705.8561 3894003.64757
    -10836269.7063 3894007.62913
    -10834596.1291 3893992.10107
END
END
