48447 Throckmorton County
1
    -11041852.6495 3889570.09462
    -11041865.0059 3889570.09462
    -11042015.7325 3889571.0233
    -11042505.3156 3889574.34001
    -11042668.51 3889575.66669
    -11042775.1541 3889576.19737
    -11043095.4202 3889578.45273
    -11043202.1756 3889579.38141
    -11043372.7171 3889580.57543
    -11043651.2385 3889582.83079
    -11043884.6754 3889584.29014
    -11044055.3282 3889585.48416
    -11045292.7557 3889594.24028
    -11045300.6594 3889593.97495
    -11045355.4286 3889591.85225
    -11045372.9057 3889591.18891
    -11045403.7412 3889589.86222
    -11045407.86 3889589.72955
    -11045436.8031 3889588.53554
    -11045442.1464 3889588.40287
    -11045450.6067 3889595.4343
    -11045593.0957 3889594.10762
    -11046021.2304 3889590.7909
    -11046086.1297 3889590.3929
    -11046087.7995 3889590.3929
    -11046164.0533 3889593.04627
    -11046166.0571 3889592.9136
    -11046172.0683 3889592.64826
    -11046174.1834 3889592.64826
    -11046202.5699 3889592.78093
    -11046222.3847 3889593.44427
    -11046223.6093 3889593.57694
    -11046287.284 3889599.54703
    -11046315.6705 3889602.33307
    -11046337.9344 3889602.99642
    -11046404.7261 3889603.12909
    -11046672.1155 3889603.65976
    -11046752.3768 3889603.9251
    -11046761.2824 3889603.9251
    -11046769.0748 3889603.9251
    -11046775.7539 3889603.9251
    -11046779.7614 3889603.9251
    -11046835.3099 3889603.9251
    -11046853.9002 3889604.05777
    -11046962.6594 3889604.19044
    -11047289.2707 3889604.98645
    -11047398.1412 3889605.25178
    -11047446.8991 3889605.25178
    -11047593.3956 3889605.64979
    -11047642.2648 3889605.78246
    -11047929.0239 3889607.10915
    -11048498.9797 3889609.76252
    -11048789.3009 3889609.09918
    -11049057.3582 3889608.5685
    -11049076.1712 3889608.5685
    -11049248.6051 3889608.1705
    -11049765.9068 3889607.24182
    -11049798.8573 3889607.24182
    -11049938.452 3889606.97648
    -11050075.375 3889606.84381
    -11050486.0326 3889606.84381
    -11050623.0669 3889607.10915
    -11050940.55 3889606.71114
    -11051008.5663 3889606.71114
    -11051892.9996 3889605.78246
    -11051900.0127 3889605.78246
    -11052185.7699 3889610.42587
    -11052210.4828 3889610.95654
    -11052260.3539 3889609.23185
    -11052410.3013 3889604.98645
    -11052460.2837 3889603.65976
    -11052465.1818 3889603.52709
    -11052538.5413 3889603.12909
    -11052773.4255 3889602.33307
    -11052829.8644 3889602.2004
    -11052851.7944 3889601.93507
    -11052869.9395 3889601.93507
    -11052924.3747 3889601.93507
    -11052942.6311 3889601.93507
    -11053086.3445 3889601.93507
    -11053517.4849 3889601.93507
    -11053661.1984 3889601.93507
    -11053682.0151 3889601.93507
    -11053744.5767 3889601.93507
    -11053765.5048 3889602.06774
    -11053822.0551 3889602.2004
    -11053992.0399 3889602.73108
    -11054048.7015 3889602.99642
    -11054312.0835 3889603.9251
    -11055102.2292 3889606.84381
    -11055183.1585 3889607.24182
    -11055289.0233 3889607.63982
    -11055365.7224 3889607.90516
    -11055427.2821 3889607.90516
    -11055612.4064 3889607.90516
    -11055620.3101 3889607.90516
    -11055674.0774 3889607.90516
    -11055777.1593 3889607.90516
    -11055833.3756 3889607.90516
    -11056086.4048 3889607.90516
    -11056189.598 3889608.03783
    -11056239.5804 3889608.03783
    -11056389.7504 3889608.03783
    -11056439.8442 3889608.1705
    -11056457.9893 3889609.09918
    -11056512.4245 3889612.81391
    -11056530.6809 3889614.27326
    -11056599.2537 3889614.27326
    -11056805.3061 3889614.67127
    -11056873.9902 3889614.80394
    -11056943.0083 3889615.06928
    -11057150.1739 3889616.79397
    -11057165.7586 3889616.92664
    -11057219.3033 3889616.6613
    -11057317.1531 3889616.13063
    -11057610.9253 3889615.59995
    -11057708.8864 3889615.33461
    -11057923.0651 3889614.5386
    -11058566.1578 3889612.4159
    -11058645.6399 3889612.4159
    -11058780.6705 3889612.15056
    -11059006.983 3889611.35455
    -11059119.7496 3889611.22188
    -11059686.3658 3889609.09918
    -11059866.2581 3889608.43584
    -11059912.901 3889608.1705
    -11059920.3594 3889608.03783
    -11059942.7346 3889608.03783
    -11059950.3043 3889608.03783
    -11060007.6339 3889607.77249
    -11060179.9565 3889607.10915
    -11060237.3973 3889606.97648
    -11060250.6443 3889606.97648
    -11060443.2271 3889606.0478
    -11060815.2568 3889604.85378
    -11061060.7163 3889603.79243
    -11061266.6573 3889603.12909
    -11061351.2601 3889602.73108
    -11061605.2912 3889601.93507
    -11061690.0054 3889601.66973
    -11061969.9739 3889598.48568
    -11062414.25 3889593.57694
    -11062810.2134 3889593.3116
    -11063090.4045 3889593.3116
    -11063257.8291 3889593.04627
    -11063760.3252 3889593.04627
    -11063927.8611 3889593.17894
    -11064053.0955 3889593.04627
    -11064428.7988 3889593.04627
    -11064554.1445 3889593.17894
    -11064600.7874 3889593.04627
    -11064741.05 3889593.04627
    -11064787.8041 3889593.17894
    -11065281.0608 3889593.04627
    -11065804.5964 3889593.04627
    -11066760.8308 3889592.9136
    -11066797.2323 3889592.9136
    -11067254.1988 3889592.9136
    -11067323.3282 3889592.25026
    -11067516.5788 3889590.7909
    -11067531.0504 3889590.65823
    -11067600.4024 3889590.12756
    -11067615.5418 3889589.99489
    -11067661.2942 3889589.99489
    -11067676.5449 3889590.12756
    -11067972.7661 3889589.86222
    -11068279.006 3889589.72955
    -11068861.7635 3889589.33155
    -11069158.096 3889589.19888
    -11069216.984 3889588.93354
    -11069393.982 3889588.93354
    -11069452.9814 3889589.06621
    -11069569.1989 3889590.3929
    -11069573.2064 3889590.52556
    -11069918.1855 3889594.37295
    -11070034.5144 3889595.83231
    -11070075.0347 3889595.83231
    -11070196.5956 3889595.83231
    -11070237.1159 3889595.96498
    -11070351.2183 3889596.62832
    -11070693.6371 3889598.61835
    -11070807.8509 3889599.54703
    -11070982.2885 3889599.54703
    -11071420.8873 3889599.94504
    -11071505.9354 3889599.94504
    -11071665.3449 3889600.21037
    -11071672.9146 3889600.21037
    -11071680.4844 3889600.21037
    -11071688.2767 3889600.21037
    -11071696.1804 3889600.21037
    -11071786.0152 3889600.07771
    -11072102.7192 3889600.47571
    -11072208.3614 3889600.60838
    -11072384.5802 3889600.47571
    -11072913.4591 3889600.87372
    -11073089.7891 3889601.13906
    -11073090.0118 3889742.43206
    -11073090.6797 3890166.18862
    -11073091.0136 3890307.62112
    -11073091.125 3890409.11922
    -11073091.6816 3890713.6188
    -11073091.9042 3890795.21808
    -11073091.9042 3890805.16924
    -11073091.9042 3890815.25311
    -11073091.9042 3890824.67356
    -11073091.9042 3890833.82866
    -11073091.9042 3890853.59839
    -11073092.1268 3890968.76768
    -11073092.2382 3891007.24616
    -11073092.5721 3891221.003
    -11073093.6853 3891862.82771
    -11073094.1306 3892076.73286
    -11073094.2419 3892166.17079
    -11073094.6872 3892434.75406
    -11073094.9098 3892524.32742
    -11073094.9098 3892586.16662
    -11073095.2438 3892771.95157
    -11073095.3551 3892821.45048
    -11073095.3551 3892833.92477
    -11073095.4664 3892843.87767
    -11073095.4664 3892854.3614
    -11073095.5777 3892957.47405
    -11073096.023 3893156.27035
    -11073096.2457 3893328.39511
    -11073096.5796 3893452.21502
    -11073098.0268 3893862.17047
    -11073102.7022 3895092.91927
    -11073103.5927 3895318.29848
    -11073103.9267 3895503.19762
    -11073104.038 3895581.77732
    -11073104.7059 3895817.65232
    -11073104.9286 3895896.36687
    -11073105.4852 3896148.57557
    -11073107.3776 3896906.16351
    -11073108.0455 3897154.94235
    -11073108.0455 3897158.65947
    -11073108.3795 3897293.67137
    -11073109.3814 3897699.38023
    -11073109.8266 3897834.6639
    -11073109.938 3897885.11355
    -11073110.2719 3898037.12765
    -11073110.4946 3898087.84371
    -11073110.4946 3898104.83762
    -11073110.7172 3898144.93273
    -11073110.7172 3898156.35057
    -11073110.7172 3898173.61011
    -11073110.6059 3898327.75224
    -11073110.6059 3898790.72188
    -11073110.6059 3898945.00491
    -11073110.6059 3898990.01557
    -11073110.9398 3899125.31416
    -11073111.0511 3899170.45829
    -11073111.6077 3899460.44712
    -11073112.7209 3900012.56111
    -11073113.2775 3900330.85511
    -11073113.9455 3900621.27108
    -11073114.1681 3900753.79983
    -11073114.9473 3901151.1295
    -11073115.2813 3901283.92986
    -11073115.3926 3901377.95342
    -11073116.0605 3901660.16146
    -11073116.2832 3901746.61808
    -11073116.3945 3901754.32085
    -11073116.5058 3901848.87943
    -11073117.0624 3902132.69256
    -11073117.285 3902227.38701
    -11073121.1812 3902233.76198
    -11073120.8473 3902241.33226
    -11073118.7322 3902288.08217
    -11073118.1756 3902303.75405
    -11073119.4001 3902628.08715
    -11073123.4076 3903601.14041
    -11073124.7434 3903925.64232
    -11073124.5208 3904149.46489
    -11073124.1868 3904821.09117
    -11073124.1868 3905045.06374
    -11073124.4095 3905166.48363
    -11073125.1887 3905531.0166
    -11073125.5227 3905652.70725
    -11073126.1906 3906012.07404
    -11073127.7491 3906694.03779
    -11073128.5283 3907090.24073
    -11073129.4189 3907449.65174
    -11073129.4189 3907458.42124
    -11073129.4189 3907485.1284
    -11073129.5302 3907494.0308
    -11073129.6415 3907607.63664
    -11073129.9755 3907722.83807
    -11073130.4207 3907948.85942
    -11073130.7547 3908062.60256
    -11073130.9773 3908203.85289
    -11073131.9792 3908604.35935
    -11073131.9792 3908627.87989
    -11073132.3132 3908769.53572
    -11073133.0924 3909128.20106
    -11073135.4301 3910204.529
    -11073136.2094 3910563.37133
    -11073136.6546 3910783.99839
    -11073137.4339 3911107.76949
    -11073137.5452 3911127.04187
    -11073137.6565 3911146.18136
    -11073137.5452 3911150.96624
    -11073137.5452 3911162.5297
    -11073137.5452 3911174.22609
    -11073138.1018 3911446.03749
    -11073138.2131 3911468.50043
    -11073138.6584 3911666.81415
    -11073149.4564 3911921.35714
    -11073149.9017 3912121.40657
    -11073151.2375 3912736.86254
    -11073152.462 3913236.03048
    -11073158.1393 3915776.60111
    -11073158.5846 3915948.79336
    -11073161.3676 3917019.76652
    -11073161.4789 3917097.42721
    -11073161.9242 3917330.54534
    -11073162.1468 3917396.63844
    -11073162.1468 3917408.34108
    -11073162.8147 3917723.51886
    -11073165.1524 3918669.36935
    -11073165.5977 3918848.91938
    -11073165.8203 3918970.34996
    -11073165.9317 3918984.71424
    -11073165.9317 3918991.49737
    -11073165.9317 3919011.9798
    -11073166.043 3919018.89595
    -11073166.3769 3919162.00804
    -11073167.3788 3919592.01991
    -11073167.7128 3919714.12329
    -11073167.7128 3919735.40506
    -11073168.3807 3920016.59405
    -11073170.3844 3920860.73383
    -11073171.1637 3921142.34906
    -11073171.1637 3921188.37657
    -11073171.4976 3921326.72625
    -11073171.7203 3921372.88752
    -11073173.5014 3922139.1647
    -11073173.724 3922208.7441
    -11073178.956 3924438.69798
    -11073180.8485 3925205.31001
    -11073181.5164 3925502.2011
    -11073183.6315 3926393.31907
    -11073184.4107 3926690.37356
    -11073184.6333 3926814.41468
    -11073185.6352 3927186.67909
    -11073185.9692 3927310.9917
    -11073186.0805 3927407.62105
    -11073186.6371 3927697.91322
    -11073186.7484 3927728.12744
    -11073187.0824 3927751.95281
    -11073187.1937 3927794.67888
    -11073192.9823 3928547.9346
    -11073193.4276 3928977.09521
    -11073193.5389 3929231.35105
    -11073193.9842 3929631.38262
    -11073194.7634 3930402.73026
    -11073195.2087 3930866.84153
    -11073195.7653 3931504.59205
    -11073196.6558 3932378.19397
    -11073196.9898 3933542.9655
    -11073197.1011 3933639.38031
    -11073197.8804 3933678.79875
    -11073198.8822 3934733.6912
    -11073199.1049 3934980.6146
    -11073199.5501 3935480.07115
    -11073199.8841 3935755.1144
    -11073200.886 3936978.83612
    -11073201.2199 3937292.14666
    -11073201.3313 3937309.99709
    -11073201.3313 3937327.84754
    -11073201.3313 3937356.75469
    -11073201.4426 3937478.64504
    -11073201.4426 3937585.61654
    -11073201.6652 3937777.58155
    -11073201.7765 3937906.53694
    -11073201.8879 3938013.51237
    -11073202.5558 3938829.11592
    -11073203.001 3939210.95851
    -11073203.2237 3939470.90111
    -11073203.2237 3939742.30818
    -11073203.2237 3939750.83555
    -11073203.1124 3939902.99695
    -11073203.5576 3941097.30664
    -11073203.7803 3941321.3117
    -11073204.1142 3941655.79487
    -11073205.2274 3942482.98253
    -11073205.4501 3942659.30226
    -11073205.8954 3942993.82402
    -11073205.8954 3943027.27672
    -11073206.0067 3943127.7687
    -11073206.118 3943161.35507
    -11073206.3406 3943411.78985
    -11073207.2312 3944163.39323
    -11073207.5651 3944413.98295
    -11073207.6765 3944425.17964
    -11073207.6765 3944447.43975
    -11073207.6765 3944494.49271
    -11073207.7878 3944514.88683
    -11073207.7878 3944530.34906
    -11073207.8991 3944541.94574
    -11073208.0104 3944548.07733
    -11073208.1217 3944552.07619
    -11073208.4557 3944581.66781
    -11073208.6783 3944604.46141
    -11073212.7972 3944934.77369
    -11073216.1367 3945198.44375
    -11073217.3613 3945994.82239
    -11073218.0292 3946348.23794
    -11073218.8084 3946737.52743
    -11073219.0311 3946848.18403
    -11073220.9235 3947906.14106
    -11073221.7027 3948295.74957
    -11073221.7027 3948314.1503
    -11073221.7027 3948369.61933
    -11073221.814 3948388.15351
    -11072711.0802 3948386.28676
    -11072366.5464 3948385.22004
    -11072357.1956 3948385.48672
    -11072349.9598 3948385.0867
    -11071225.8556 3948381.21986
    -11071007.5581 3948380.28648
    -11070051.3236 3948377.08633
    -11069650.6848 3948375.75294
    -11069623.1889 3948375.75294
    -11069622.4096 3948375.6196
    -11069292.7926 3948374.2862
    -11068981.098 3948373.35283
    -11068423.7213 3948371.2194
    -11068358.2655 3948370.95272
    -11068331.2149 3948370.95272
    -11067709.4955 3948368.68595
    -11067707.2691 3948368.55261
    -11066496.113 3948364.55243
    -11066479.0812 3948364.41909
    -11066432.1043 3948364.55243
    -11066385.3502 3948364.01908
    -11066069.982 3948362.81902
    -11065754.6139 3948361.48563
    -11065713.6483 3948361.35229
    -11065672.7941 3948361.08561
    -11065119.6475 3948359.61888
    -11064869.7353 3948358.95218
    -11064619.7117 3948358.01881
    -11064030.8316 3948355.88538
    -11063956.5815 3948355.75204
    -11063820.883 3948355.35203
    -11063293.006 3948353.61862
    -11062996.0056 3948352.55191
    -11062778.2647 3948351.75187
    -11062414.1386 3948350.68516
    -11062178.03 3948357.08544
    -11061977.8776 3948358.15215
    -11061974.538 3948358.15215
    -11061964.5192 3948357.75213
    -11061395.5653 3948355.48537
    -11059665.8831 3948351.35185
    -11059657.9794 3948351.35185
    -11059651.6342 3948351.35185
    -11057418.7878 3948346.15163
    -11056778.5894 3948346.15163
    -11056778.4781 3948346.15163
    -11055592.8142 3948343.48485
    -11054529.2678 3948340.9514
    -11053452.697 3948338.15129
    -11052361.8773 3948335.61785
    -11051815.1873 3948334.4178
    -11050001.9041 3948326.5508
    -11049901.2713 3948326.81748
    -11049068.2675 3948326.5508
    -11048554.5281 3948326.28412
    -11048498.757 3948326.28412
    -11048320.5345 3948318.95049
    -11047874.1433 3948317.48376
    -11047843.3079 3948316.55039
    -11047829.8382 3948317.08375
    -11047818.0383 3948317.48376
    -11047812.5837 3948317.48376
    -11047806.2385 3948317.6171
    -11047801.563 3948317.88378
    -11046742.5807 3948314.55031
    -11044479.2328 3948308.15006
    -11044251.2505 3948308.55007
    -11044250.5826 3948308.55007
    -11044137.7046 3948307.08335
    -11043794.284 3948303.74988
    -11043453.6464 3948300.54976
    -11043133.9368 3948299.88306
    -11043111.005 3948299.21637
    -11043083.3977 3948299.61639
    -11042479.6008 3948298.41634
    -11041595.9467 3948296.41626
    -11040973.6708 3948292.68279
    -11040853.4457 3948294.68286
    -11040578.4866 3948294.14951
    -11039661.9932 3948292.14943
    -11039507.5931 3948291.74942
    -11038799.0445 3948290.14935
    -11038196.2495 3948288.94931
    -11038111.5353 3948288.54929
    -11038083.9281 3948289.88268
    -11038043.0738 3948288.41596
    -11038018.2496 3948288.41596
    -11037771.009 3948287.8826
    -11037314.2651 3948286.8159
    -11035702.2476 3948283.3491
    -11035693.5647 3948283.3491
    -11035684.8817 3948283.3491
    -11035472.5955 3948282.68241
    -11035075.2962 3948282.01571
    -11035017.4101 3948281.88238
    -11034970.2106 3948282.01571
    -11034910.2094 3948281.6157
    -11034627.9032 3948281.08235
    -11034583.3754 3948280.94901
    -11034553.7644 3948275.21546
    -11034546.5286 3948273.6154
    -11033500.5707 3948269.61526
    -11033409.1774 3948269.21524
    -11031404.4247 3948260.14825
    -11031378.042 3948260.14825
    -11031296.7787 3948259.74823
    -11030379.9514 3948255.61475
    -11029601.3829 3948255.34808
    -11029600.1584 3948255.34808
    -11028388.4457 3948249.74788
    -11027887.6193 3948247.48114
    -11026677.1312 3948241.88095
    -11026663.5502 3948241.3476
    -11026655.3126 3948241.08092
    -11026647.0749 3948240.6809
    -11026646.9636 3948240.6809
    -11026436.4585 3948240.6809
    -11026332.2634 3948239.88088
    -11026332.1521 3948239.88088
    -11026054.2986 3948233.21399
    -11025976.375 3948234.6807
    -11025976.1524 3948234.6807
    -11025921.2718 3948235.34739
    -11025813.2919 3948236.54743
    -11024009.137 3948228.94718
    -11024001.122 3948228.94718
    -11023993.1069 3948228.68051
    -11023975.2958 3948228.68051
    -11023957.4847 3948228.68051
    -11023079.8418 3948224.94705
    -11023067.4854 3948224.94705
    -11023067.3741 3948224.94705
    -11023001.4729 3948224.54704
    -11022347.3596 3948221.88028
    -11022157.2259 3948221.08026
    -11021678.5521 3948218.94686
    -11021624.7848 3948218.94686
    -11021418.8437 3948219.88022
    -11021365.4104 3948220.01356
    -11021168.7088 3948218.54684
    -11021018.0936 3948218.54684
    -11020978.3525 3948218.54684
    -11020938.7228 3948218.54684
    -11020925.2531 3948218.54684
    -11020911.8948 3948218.54684
    -11020667.9938 3948218.68018
    -11019001.4297 3948210.27991
    -11019000.6504 3948210.27991
    -11016729.6215 3948195.07945
    -11016449.653 3948193.21273
    -11016327.2015 3948192.94605
    -11016140.0735 3948192.54604
    -11015786.4114 3948190.94599
    -11015501.9901 3948189.61262
    -11015503.4373 3947528.27865
    -11015504.9958 3946912.97862
    -11015504.9958 3946876.71494
    -11015504.8845 3946860.84961
    -11015504.9958 3946845.25095
    -11015504.9958 3946804.98783
    -11015504.8845 3946770.0577
    -11015504.5505 3946440.75967
    -11015504.1052 3946044.8145
    -11015504.3279 3945738.46621
    -11015504.7731 3945197.64393
    -11015512.7881 3944819.60321
    -11015519.356 3944513.68717
    -11015519.6899 3944497.55849
    -11015519.4673 3944486.49503
    -11015518.5768 3944405.85203
    -11015518.3541 3944378.92672
    -11015518.3541 3944375.72768
    -11015515.9051 3943897.21424
    -11015508.558 3942452.7299
    -11015506.109 3941971.36394
    -11015505.9977 3941962.1686
    -11015505.8863 3941935.5155
    -11015505.8863 3941926.58672
    -11015505.775 3941912.46061
    -11015505.5524 3941870.48218
    -11015505.5524 3941856.48941
    -11015504.3279 3941646.73305
    -11015500.6543 3941017.61999
    -11015499.4298 3940808.01205
    -11015498.4279 3940642.24723
    -11015497.426 3940449.16885
    -11015495.7563 3940145.36672
    -11015494.8657 3939979.74461
    -11015494.3091 3939898.46672
    -11015492.9733 3939654.63647
    -11015492.528 3939573.36086
    -11015491.9714 3939472.76643
    -11015478.7244 3937229.13752
    -11015478.5017 3937215.01713
    -11015478.6131 3937200.76354
    -11015478.6131 3937186.11034
    -11015478.5017 3937171.85679
    -11015476.2753 3936677.78888
    -11015476.164 3936667.93172
    -11015476.164 3936658.60738
    -11015476.0527 3936648.21741
    -11015475.3848 3936528.46702
    -11015473.381 3936169.48967
    -11015472.7131 3936049.87742
    -11015472.3792 3935991.67012
    -11015471.7112 3935817.44956
    -11015471.4886 3935759.37662
    -11015471.266 3935751.91774
    -11015470.932 3935740.59622
    -11015470.5981 3935729.5411
    -11015470.3754 3935722.21542
    -11015470.4867 3935700.90439
    -11015470.7094 3935637.37112
    -11015470.932 3935616.19344
    -11015469.9301 3935462.88949
    -11015467.4811 3935055.33193
    -11015467.0358 3935003.12298
    -11015465.9226 3934849.9603
    -11015465.9226 3934845.69841
    -11015465.9226 3934839.43877
    -11015465.8113 3934833.04594
    -11015465.8113 3934828.91724
    -11015465.7 3934822.25805
    -11015465.7 3934812.93519
    -11015465.5887 3934803.21279
    -11015465.5887 3934796.81999
    -11015465.366 3934762.72507
    -11015464.8094 3934660.7073
    -11015464.6981 3934626.87915
    -11015464.3642 3934567.21399
    -11015463.3623 3934388.6199
    -11015463.0283 3934329.08914
    -11015462.0265 3934168.07795
    -11015459.3548 3933685.05777
    -11015458.5755 3933524.18867
    -11015458.5755 3933518.72875
    -11015458.5755 3933511.13813
    -11015458.4642 3933503.01485
    -11015458.4642 3933497.95444
    -11015458.4642 3933493.95938
    -11015458.4642 3933488.36631
    -11015458.4642 3933482.64006
    -11015458.4642 3933478.91135
    -11015457.351 3933451.21237
    -11015454.3454 3933368.78165
    -11015453.3435 3933341.48244
    -11015453.3435 3933336.95477
    -11015453.4549 3933330.16327
    -11015453.4549 3933323.37177
    -11015453.4549 3933318.97727
    -11015453.4549 3933315.24861
    -11015453.4549 3933310.18829
    -11015453.3435 3933304.72847
    -11015453.3435 3933301.26614
    -11015452.2303 3933041.99424
    -11015448.8908 3932264.74584
    -11015447.8889 3932005.63021
    -11015447.221 3931786.59812
    -11015447.1096 3931713.63272
    -11015442.1003 3931129.79288
    -11015440.3192 3930911.04357
    -11015440.3192 3930909.4459
    -11015438.538 3930668.46698
    -11015433.1947 3929941.56632
    -11015431.4136 3929699.2762
    -11015431.191 3929678.64184
    -11015430.7457 3929617.27146
    -11015430.6344 3929596.90349
    -11015430.523 3929561.75883
    -11015430.1891 3929456.72488
    -11015430.0778 3929421.71378
    -11015429.5212 3929382.17665
    -11015428.1853 3929263.56606
    -11015427.8514 3929224.16259
    -11015427.0721 3929132.70977
    -11015425.0684 3928858.35564
    -11015424.4005 3928767.03882
    -11015424.2891 3928753.99361
    -11015424.0665 3928718.71839
    -11015423.7325 3928683.5764
    -11015422.7307 3928548.20083
    -11015425.625 3928286.50581
    -11015425.8476 3928265.60774
    -11015426.0703 3928244.57659
    -11015426.2929 3928213.29616
    -11015427.2948 3928119.85469
    -11015427.74 3928088.70769
    -11015426.4042 3927776.57685
    -11015424.0665 3927210.90264
    -11015419.3911 3926840.23457
    -11015415.6062 3926528.2703
    -11015412.1553 3926242.79839
    -11015407.7025 3925857.6553
    -11015403.5837 3925387.35618
    -11015401.1347 3925102.17839
    -11015400.4668 3924934.24215
    -11015398.463 3924431.24635
    -11015397.9064 3924263.58592
    -11015397.2385 3924164.85368
    -11015395.2348 3923868.66198
    -11015394.5668 3923769.93309
    -11015394.0102 3923666.54808
    -11015392.3405 3923356.39854
    -11015392.2291 3923321.40578
    -11015391.6725 3923253.15024
    -11015388.2216 3922835.64264
    -11015380.0953 3921825.86299
    -11015378.2029 3921583.20962
    -11015375.0859 3921165.8949
    -11015375.0859 3921163.63344
    -11015375.0859 3921157.24812
    -11015375.0859 3921155.38574
    -11015374.9746 3921152.99124
    -11015374.9746 3921145.9408
    -11015374.9746 3921143.67933
    -11015374.8633 3921135.83073
    -11015374.6407 3921112.41797
    -11015374.6407 3921104.70242
    -11015374.418 3921087.14289
    -11015374.3067 3921061.06971
    -11015374.0841 3921034.86356
    -11015373.9727 3921017.57019
    -11015372.1916 3920782.11691
    -11015366.8483 3920076.45067
    -11015366.8483 3920062.21807
    -11015365.8464 3919841.41544
    -11015365.4011 3919810.68962
    -11015364.2879 3919719.44373
    -11015363.954 3919688.98425
    -11015363.954 3919684.5949
    -11015361.8389 3919252.85055
    -11015355.7163 3917944.68035
    -11015354.8258 3917764.21332
    -11015353.7126 3917508.74489
    -11015350.5956 3917068.96929
    -11015338.6845 3915456.95522
    -11015334.7883 3914662.13333
    -11015330.0015 3913750.77408
    -11015328.2204 3913491.80416
    -11015328.1091 3913480.50427
    -11015328.1091 3913478.90899
    -11015328.1091 3913474.12316
    -11015328.1091 3913472.52788
    -11015326.8846 3913342.3806
    -11015323.3224 3912952.34627
    -11015322.2092 3912824.3317
    -11015322.2092 3912822.33772
    -11015321.4299 3912553.68456
    -11015320.5394 3912392.30954
    -11015318.0904 3911921.88883
    -11015310.1867 3911102.71881
    -11015306.1792 3910673.0198
    -11015305.7339 3910628.89447
    -11015304.3981 3910496.6524
    -11015304.0641 3910452.66065
    -11015303.7301 3910425.01637
    -11015302.9509 3910342.21683
    -11015302.7283 3910314.70571
    -11015302.6169 3910312.04764
    -11015302.6169 3910305.00374
    -11015302.6169 3910302.61147
    -11015300.0566 3910037.87042
    -11015296.9396 3909590.93417
    -11015294.3793 3909369.13362
    -11015294.3793 3909236.10846
    -11015294.6019 3909100.55992
    -11015292.2642 3908957.03964
    -11015291.819 3908903.61866
    -11015290.7058 3908743.49005
    -11015290.3718 3908690.33582
    -11015290.1492 3908663.6259
    -11015289.4812 3908583.7623
    -11015289.3699 3908557.18551
    -11015288.4794 3908438.25514
    -11015287.2549 3908259.92828
    -11015285.919 3908081.60416
    -11015285.1398 3907962.8115
    -11015283.8039 3907771.07154
    -11015281.8002 3907483.66681
    -11015279.6851 3907196.26915
    -11015278.3493 3907004.67464
    -11015276.5682 3906766.04953
    -11015271.5588 3906051.00057
    -11015269.889 3905812.66064
    -11015269.5551 3905767.358
    -11015268.5532 3905632.3811
    -11015268.2192 3905587.34486
    -11015265.8815 3905277.9413
    -11015259.2023 3904350.31111
    -11015257.0873 3904042.40145
    -11015257.0873 3904041.07313
    -11015255.4175 3903767.97285
    -11015250.5194 3902949.24156
    -11015248.9609 3902676.29959
    -11015248.9609 3902674.97142
    -11015248.5157 3902659.29904
    -11015247.1798 3902608.69597
    -11015246.8459 3902591.82833
    -11015246.2893 3902530.86596
    -11015244.9534 3902347.98076
    -11015244.5082 3902287.01967
    -11015244.0629 3902235.48853
    -11015243.6176 3902160.98128
    -11015243.061 3902081.29491
    -11015242.7271 3902029.89749
    -11015241.7252 3901891.24511
    -11015240.3893 3901683.53523
    -11015238.8309 3901475.56343
    -11015237.9403 3901337.18322
    -11015235.6026 3901011.55795
    -11015228.5895 3900035.13486
    -11015226.3631 3899709.67861
    -11015225.8065 3899641.69379
    -11015224.3593 3899437.74169
    -11015223.9141 3899369.89123
    -11015222.3556 3899145.49622
    -11015220.1292 3898809.44286
    -11015217.9028 3898472.86808
    -11015216.4557 3898248.88857
    -11015215.3425 3898090.63177
    -11015212.2255 3897616.40525
    -11015211.2236 3897458.28977
    -11015209.5538 3897206.58387
    -11015209.4425 3897201.8047
    -11015201.7615 3896750.97811
    -11015201.5388 3896673.05431
    -11015200.9822 3896651.01803
    -11015200.7596 3896555.83771
    -11015200.0917 3896528.89
    -11015199.7577 3896491.05712
    -11015198.7559 3896198.61973
    -11015197.6427 3895906.45511
    -11015197.3087 3895841.41264
    -11015196.9747 3895743.98235
    -11015196.6408 3895646.42013
    -11015196.4181 3895581.51185
    -11015196.3068 3895548.726
    -11015196.5295 3895530.14296
    -11015196.6408 3895511.6927
    -11015196.0842 3895458.06763
    -11015195.8615 3895404.4428
    -11015195.5276 3895318.82942
    -11015196.8634 3894806.62226
    -11015196.8634 3894790.16404
    -11015196.9747 3894765.74222
    -11015196.9747 3894741.05499
    -11015197.0861 3894724.86232
    -11015197.0861 3894723.66778
    -11015197.42 3894720.34961
    -11015197.5313 3894719.2878
    -11015196.8634 3894711.19148
    -11015196.8634 3894704.42242
    -11015196.6408 3894688.22981
    -11015196.6408 3894672.30266
    -11015191.4088 3893897.34051
    -11015188.5145 3893463.36286
    -11015186.2881 3893121.36795
    -11015185.8428 3893036.70021
    -11015185.0636 3892910.09785
    -11015181.39 3892277.10661
    -11015180.2768 3892066.11713
    -11015179.6089 3891967.52398
    -11015177.8278 3891672.01488
    -11015177.2712 3891573.55773
    -11015177.1599 3891570.90391
    -11015177.1599 3891563.07514
    -11015177.1599 3891560.68671
    -11015177.0486 3891558.16558
    -11015177.0486 3891550.7349
    -11015177.0486 3891548.47915
    -11015177.0486 3891546.48879
    -11015177.0486 3891540.6504
    -11015177.0486 3891538.79273
    -11015177.0486 3891537.8639
    -11015177.0486 3891535.47547
    -11015177.0486 3891534.67932
    -11015177.0486 3891534.01587
    -11015177.0486 3891532.42359
    -11015177.0486 3891531.89282
    -11015177.0486 3891530.96399
    -11015177.0486 3891528.70825
    -11015177.0486 3891527.91211
    -11015176.9372 3891523.00256
    -11015176.8259 3891508.53931
    -11015176.8259 3891503.76246
    -11015176.158 3891405.17404
    -11015174.2656 3891109.67912
    -11015173.8203 3891021.17805
    -11015175.2674 3891011.35938
    -11015173.709 3891002.07146
    -11015172.9297 3890882.92134
    -11015170.8147 3890497.21763
    -11015170.1467 3890368.65255
    -11015169.9241 3890353.92537
    -11015169.3675 3890309.87662
    -11015169.2562 3890295.28219
    -11015169.2562 3890282.67793
    -11015169.4788 3890245.66127
    -11015169.5902 3890233.45508
    -11015169.2562 3890219.52413
    -11015168.9222 3890198.82674
    -11015168.477 3890178.12939
    -11015168.2543 3890164.33117
    -11015167.1411 3890111.65929
    -11015164.1355 3889953.64506
    -11015163.1336 3889900.97413
    -11015162.7997 3889855.86571
    -11015161.7978 3889720.54148
    -11015161.5751 3889675.56643
    -11015161.4638 3889657.78872
    -11015161.1299 3889604.58844
    -11015161.0185 3889586.94351
    -11015274.5644 3889586.54551
    -11015278.238 3889586.54551
    -11015615.536 3889584.42281
    -11015687.7824 3889584.02481
    -11015700.8068 3889583.89214
    -11015713.8311 3889583.89214
    -11015716.6141 3889583.89214
    -11015729.1932 3889583.75947
    -11015825.7072 3889583.2288
    -11016115.2492 3889581.5041
    -11016211.8745 3889581.1061
    -11016265.1966 3889580.7081
    -11016425.3853 3889579.77942
    -11016478.8187 3889579.51408
    -11016650.696 3889578.45273
    -11016715.2613 3889578.18739
    -11016958.1604 3889576.72804
    -11017166.4392 3889575.53403
    -11017338.4278 3889574.60535
    -11017368.4841 3889574.34001
    -11017456.4264 3889573.94201
    -11017458.7642 3889573.80934
    -11017488.9317 3889573.80934
    -11017528.3388 3889573.27866
    -11017646.4488 3889571.95198
    -11017685.9672 3889571.55398
    -11017961.8169 3889570.09462
    -11018774.7832 3889566.11457
    -11018789.7 3889565.9819
    -11019065.661 3889564.52255
    -11019487.6732 3889562.39986
    -11020555.3384 3889557.09313
    -11020668.3277 3889556.56246
    -11020753.9324 3889558.28715
    -11021175.9446 3889567.44126
    -11021256.4286 3889567.83926
    -11021327.7844 3889568.36993
    -11021332.3485 3889568.36993
    -11021350.0483 3889568.5026
    -11021367.7481 3889568.63527
    -11021497.7692 3889569.43128
    -11021578.3646 3889569.96195
    -11021704.6009 3889570.6253
    -11022083.1984 3889573.14599
    -11022198.9707 3889573.94201
    -11022209.5461 3889573.94201
    -11022379.3083 3889574.34001
    -11022532.2613 3889575.00335
    -11022546.8441 3889575.13602
    -11022561.427 3889575.13602
    -11022888.595 3889576.33004
    -11023046.112 3889576.86071
    -11023058.5798 3889576.99338
    -11023531.9103 3889578.18739
    -11023545.9366 3889578.32006
    -11023559.0723 3889578.32006
    -11023572.3193 3889578.45273
    -11023588.1266 3889578.71807
    -11023603.8227 3889578.85074
    -11024127.4696 3889580.31009
    -11024952.4583 3889582.83079
    -11024981.1787 3889582.96346
    -11025390.5005 3889582.30012
    -11025426.0114 3889582.30012
    -11025468.9808 3889582.16745
    -11025598.1114 3889582.03478
    -11025641.192 3889582.03478
    -11025737.3721 3889581.76944
    -11026026.2461 3889581.5041
    -11026122.5375 3889581.37144
    -11026175.5256 3889581.1061
    -11026334.7124 3889581.1061
    -11026387.8118 3889581.1061
    -11026402.0607 3889580.97343
    -11026444.9187 3889580.97343
    -11026459.2789 3889580.97343
    -11026459.7242 3889580.97343
    -11026464.177 3889580.97343
    -11026476.4221 3889581.76944
    -11026527.8518 3889585.48416
    -11026544.995 3889586.94351
    -11026596.6472 3889587.07618
    -11026751.4926 3889587.47419
    -11026794.4619 3889587.60686
    -11026803.2562 3889587.60686
    -11027125.1921 3889588.40287
    -11027778.6376 3889590.26023
    -11028091.2227 3889591.05624
    -11028413.27 3889591.98492
    -11028723.5174 3889592.64826
    -11029654.2597 3889595.16897
    -11029964.5071 3889596.09765
    -11030085.5114 3889596.76099
    -11030180.3556 3889597.159
    -11030828.235 3889600.74105
    -11031044.1948 3889601.93507
    -11031098.964 3889601.93507
    -11031138.5937 3889602.2004
    -11031263.2716 3889602.33307
    -11031318.0408 3889602.73108
    -11031350.88 3889602.73108
    -11031449.5091 3889603.12909
    -11031482.4597 3889603.39442
    -11031516.1895 3889603.39442
    -11031617.7128 3889603.79243
    -11031651.554 3889603.9251
    -11032054.4192 3889604.98645
    -11032370.4552 3889606.18047
    -11033080.117 3889608.30317
    -11033263.0149 3889608.70117
    -11033665.9915 3889610.16053
    -11033732.1152 3889610.16053
    -11033930.5979 3889610.95654
    -11033996.833 3889611.22188
    -11034158.3576 3889585.88217
    -11034414.949 3889546.34701
    -11034583.598 3889520.21143
    -11034643.8219 3889520.3441
    -11034806.9049 3889521.53811
    -11035048.2456 3889522.99746
    -11035772.1562 3889528.1715
    -11035901.8434 3889529.10018
    -11035924.8866 3889529.36551
    -11035964.8503 3889529.76352
    -11036004.9253 3889530.02885
    -11036013.8308 3889530.02885
    -11036317.2878 3889531.8862
    -11036609.1675 3889534.14156
    -11037227.9925 3889538.1216
    -11037531.7834 3889540.37695
    -11037664.8102 3889541.30563
    -11037672.2686 3889541.30563
    -11037859.9533 3889542.63231
    -11037890.4548 3889542.76498
    -11037961.0314 3889543.29565
    -11038094.0582 3889544.09166
    -11038234.6547 3889545.153
    -11038309.684 3889545.55101
    -11038534.772 3889547.14302
    -11038609.9127 3889547.67369
    -11038736.149 3889548.60237
    -11038754.4054 3889548.73504
    -11038787.356 3889548.86771
    -11038918.9356 3889549.66372
    -11039261.6883 3889552.18441
    -11039846.0043 3889556.03179
    -11040155.1385 3889558.41982
    -11040335.4761 3889559.61383
    -11040876.8228 3889563.32854
    -11041057.2717 3889564.65522
    -11041165.029 3889565.31856
    -11041488.4121 3889567.57393
    -11041596.2807 3889568.36993
    -11041640.3632 3889568.36993
    -11041772.9447 3889569.16594
    -11041817.2499 3889569.69662
    -11041824.1517 3889569.69662
    -11041845.4137 3889569.69662
    -11041852.6495 3889570.09462
END
END
