48459 Upshur County
1
    -10592330.8533 3859343.78092
    -10592328.6269 3860137.11274
    -10592325.844 3861172.82522
    -10592323.1723 3862131.99251
    -10592323.061 3862185.06862
    -10592322.5044 3862376.727
    -10592321.1685 3862870.31462
    -10592321.1685 3862872.8296
    -10592321.1685 3862873.88853
    -10592321.1685 3862874.81511
    -10592322.3931 3863426.13833
    -10592322.3931 3863435.53686
    -10592322.3931 3863436.99297
    -10592322.3931 3863441.75843
    -10592322.3931 3863454.0692
    -10592322.3931 3863457.1138
    -10592322.3931 3863458.96704
    -10592322.5044 3863459.89365
    -10592322.5044 3863460.82027
    -10592322.5044 3863466.7771
    -10592322.5044 3863473.52818
    -10592322.9496 3863667.06078
    -10592324.2855 3864245.29475
    -10592324.6194 3864392.50536
    -10592324.6194 3864395.94736
    -10592323.1723 3865060.93352
    -10592320.7233 3866149.37828
    -10592320.7233 3866164.20756
    -10592320.278 3866350.10477
    -10592319.0535 3866943.56552
    -10592316.2705 3867173.83422
    -10592316.0478 3867191.31311
    -10592316.0478 3867192.24002
    -10592316.0478 3867193.6966
    -10592315.9365 3867195.418
    -10592315.9365 3867196.47733
    -10592315.6026 3867224.1523
    -10592310.9271 3867609.49003
    -10592310.9271 3867617.30285
    -10592310.1479 3867810.90352
    -10592308.8121 3868113.36129
    -10592307.9215 3868335.83957
    -10592303.914 3869330.55426
    -10592303.4687 3869450.81038
    -10592303.2461 3869565.3727
    -10592302.8008 3869841.25392
    -10592302.0216 3870314.22712
    -10592301.6876 3870552.11161
    -10592301.465 3870691.18885
    -10592301.3537 3870809.47202
    -10592301.131 3870936.36615
    -10592301.0197 3871035.84257
    -10592300.5744 3871345.00634
    -10592297.6801 3872237.04365
    -10592297.6801 3872240.62042
    -10592296.0103 3872757.93782
    -10592296.1217 3872781.6515
    -10592296.1217 3872783.24125
    -10592297.2348 3873138.4224
    -10592297.2348 3873141.60199
    -10592297.2348 3873155.64518
    -10592297.7914 3873321.6476
    -10592298.348 3875300.60866
    -10592298.5707 3875317.03957
    -10592302.8008 3875704.63007
    -10592303.3574 3876809.29996
    -10592303.3574 3876814.33588
    -10592303.8027 3877415.87891
    -10592303.5801 3877426.61393
    -10592287.3274 3878335.68038
    -10592280.0916 3878741.39667
    -10592280.3143 3878838.81838
    -10592281.7614 3879642.74402
    -10592281.9841 3879795.71483
    -10592282.0954 3879843.56833
    -10592282.2067 3879873.39401
    -10592282.2067 3879903.21977
    -10592282.318 3879949.48299
    -10592282.318 3879955.0505
    -10592282.5407 3880065.87092
    -10592282.7633 3880089.20167
    -10592283.2086 3880394.22896
    -10592283.6539 3880626.88221
    -10592284.7671 3881145.23168
    -10592284.7671 3881163.39421
    -10592284.8784 3881195.34443
    -10592285.435 3881492.97613
    -10592285.435 3881522.01054
    -10592285.3237 3881562.71186
    -10592285.101 3881741.82589
    -10592285.101 3881771.92155
    -10592299.2386 3882367.08914
    -10592284.4331 3882388.30307
    -10592270.5182 3882388.30307
    -10591692.1021 3882385.65132
    -10591374.7302 3882384.32545
    -10591349.906 3882381.01077
    -10591247.826 3882362.18342
    -10590322.9837 3882369.74088
    -10589681.5608 3882375.44212
    -10589381.7774 3882379.15455
    -10589290.8294 3882380.21525
    -10589209.0095 3882380.87819
    -10589025.555 3882381.01077
    -10588995.8327 3882381.01077
    -10587937.1844 3882383.92769
    -10587564.0414 3882384.72321
    -10587091.1562 3882386.18167
    -10587003.6591 3882386.44685
    -10585875.2134 3882389.89411
    -10585860.4079 3882389.89411
    -10585845.7138 3882389.76152
    -10585144.6236 3882391.88292
    -10584899.1641 3882392.54586
    -10584860.2023 3882392.41327
    -10584785.173 3882392.14809
    -10583776.9523 3882392.01551
    -10583756.4696 3882392.01551
    -10583735.9868 3882391.88292
    -10583665.0763 3882391.88292
    -10583567.3377 3882391.88292
    -10582893.1869 3882392.54586
    -10582880.0512 3882392.54586
    -10582856.2288 3882391.61774
    -10582758.6016 3882391.61774
    -10582752.3677 3882391.61774
    -10582735.5585 3882391.61774
    -10582718.8606 3882391.61774
    -10581947.4165 3882391.0874
    -10581481.3218 3882391.0874
    -10580929.5111 3882390.68963
    -10580362.4496 3882390.68963
    -10580157.0651 3882390.68963
    -10580065.2266 3882390.95481
    -10579599.2432 3882395.06501
    -10579514.863 3882395.1976
    -10579115.1147 3882396.12571
    -10579084.0566 3882396.12571
    -10579052.9984 3882396.2583
    -10579026.0591 3882396.2583
    -10578999.0085 3882396.2583
    -10578428.9414 3882397.45158
    -10578220.44 3882397.98193
    -10577935.2394 3882398.77746
    -10577747.1095 3882399.17522
    -10577733.0832 3882399.3078
    -10577719.057 3882399.3078
    -10577128.3958 3882400.76627
    -10576347.8235 3882402.62249
    -10576231.4946 3882402.88766
    -10576226.4852 3882402.88766
    -10575964.7731 3882403.41801
    -10575375.5591 3882404.87647
    -10574589.3095 3882390.29187
    -10574390.0476 3882386.57943
    -10574148.8183 3882386.57943
    -10573611.1451 3882385.65132
    -10573392.9589 3882394.79984
    -10573322.7163 3882396.52347
    -10573251.1379 3882395.99312
    -10573242.6776 3882395.99312
    -10572364.5895 3882389.23117
    -10571868.1045 3882385.65132
    -10571807.992 3882385.51873
    -10571187.0519 3882385.12097
    -10570709.1573 3882404.47871
    -10570699.5838 3882404.87647
    -10570690.0104 3882405.27423
    -10570281.9131 3882421.71508
    -10570088.1059 3882395.1976
    -10569964.9865 3882396.2583
    -10568960.5508 3882398.51228
    -10568847.8954 3882398.11452
    -10568385.8082 3882402.88766
    -10568343.9521 3882406.33493
    -10567447.4962 3882397.71676
    -10567313.4676 3882394.79984
    -10567310.5733 3882394.79984
    -10566788.4849 3882383.26475
    -10566702.7688 3882383.26475
    -10565950.3604 3882382.86699
    -10565805.1998 3882382.86699
    -10565303.7055 3882382.73441
    -10565274.4285 3882382.73441
    -10564856.6464 3882382.73441
    -10564812.2299 3882382.73441
    -10564807.3319 3882382.73441
    -10564423.8362 3882382.46923
    -10564265.5399 3882382.46923
    -10563640.7036 3882382.46923
    -10562598.1966 3882382.07147
    -10562550.1066 3882382.07147
    -10561460.1774 3882381.8063
    -10560557.8216 3882405.80458
    -10559872.2049 3882414.42276
    -10559270.7457 3882421.58249
    -10559083.9516 3882423.96906
    -10558327.313 3882433.11761
    -10558259.7421 3882434.57607
    -10558184.1561 3882434.70866
    -10557797.7662 3882439.61441
    -10556753.7007 3882452.21025
    -10556594.7364 3882454.19907
    -10556579.597 3882454.33165
    -10556564.3462 3882454.46424
    -10556552.435 3882454.72942
    -10556540.5238 3882454.86201
    -10556338.0337 3882457.38118
    -10555759.061 3882464.40834
    -10555436.4571 3882468.38598
    -10554974.1473 3882473.95468
    -10554948.3212 3882474.35244
    -10554922.4951 3882474.61762
    -10554897.6708 3882474.8828
    -10554872.8466 3882475.28056
    -10553984.4057 3882485.88762
    -10553190.6977 3882495.56656
    -10552916.8518 3882498.88128
    -10551734.3048 3882512.67048
    -10551502.5377 3882515.32225
    -10551428.3989 3882516.38296
    -10551337.2282 3882517.44367
    -10551035.5524 3882520.89097
    -10550888.6107 3882522.74721
    -10550863.1185 3882523.01239
    -10550783.6364 3882523.80792
    -10550731.8728 3882524.20569
    -10550712.0579 3882524.33828
    -10550668.532 3882524.86863
    -10550000.3924 3882531.63066
    -10549565.2446 3882543.69624
    -10549555.7824 3882545.81766
    -10549534.4091 3882550.32569
    -10549187.3149 3882557.88326
    -10549131.5438 3882556.02702
    -10548820.7398 3882546.34802
    -10548475.2041 3882551.12122
    -10548405.8521 3882536.80162
    -10548402.2898 3882536.13868
    -10548335.7208 3882522.34945
    -10547973.1532 3882530.70254
    -10547966.6967 3882530.83512
    -10547701.7563 3882536.93421
    -10546562.7352 3882563.45201
    -10546533.2356 3882563.84977
    -10546032.8545 3882573.92655
    -10545190.3886 3882602.83104
    -10545168.236 3882603.3614
    -10545146.0834 3882604.15694
    -10544827.3757 3882615.16188
    -10544717.8373 3882618.87439
    -10544684.6641 3882620.0677
    -10544651.4909 3882621.26101
    -10544521.4697 3882625.37129
    -10544419.7237 3882628.28827
    -10544408.0352 3882628.42086
    -10544343.2472 3882630.27712
    -10544333.7851 3882630.67489
    -10544324.3229 3882630.94007
    -10544305.0647 3882631.33784
    -10544294.6006 3882631.73561
    -10544284.0253 3882632.00079
    -10544266.1028 3882632.53115
    -10544257.9765 3882632.79633
    -10544178.6057 3882634.91777
    -10544175.7114 3882635.05036
    -10544177.8265 3882627.62532
    -10544185.5075 3882612.24491
    -10544202.4281 3882604.42212
    -10544207.5488 3882602.03551
    -10544304.2854 3882555.89443
    -10544312.3004 3882552.31452
    -10544322.5418 3882548.73462
    -10544330.1115 3882542.90071
    -10544334.453 3882543.16589
    -10544397.3485 3882527.38782
    -10544407.7012 3882525.00122
    -10544508.8906 3882468.25339
    -10544531.2659 3882455.65753
    -10544530.5979 3882407.79339
    -10544515.0132 3882368.28242
    -10544503.2133 3882353.56528
    -10544495.3097 3882346.53818
    -10544493.6399 3882343.22352
    -10544488.7418 3882340.70437
    -10544476.274 3882328.77158
    -10544465.1421 3882313.39156
    -10544447.1083 3882272.82022
    -10544434.6405 3882258.89871
    -10544408.5918 3882255.18632
    -10544387.3298 3882260.09198
    -10544361.615 3882271.49436
    -10544311.8551 3882288.33278
    -10544288.4781 3882283.16192
    -10544271.8914 3882262.61111
    -10544264.0991 3882219.12307
    -10544367.4036 3882152.83064
    -10544324.4342 3882139.57219
    -10544281.4649 3882126.18118
    -10544269.8877 3882122.73399
    -10544258.1992 3882119.02164
    -10544241.2786 3882113.85086
    -10544235.2673 3882111.99468
    -10544228.3655 3882109.87334
    -10544224.358 3882108.68008
    -10544215.5638 3882106.0284
    -10544206.7695 3882103.24414
    -10544198.0866 3882100.59246
    -10544189.4037 3882097.8082
    -10544186.9547 3882097.41045
    -10544183.1698 3882097.54303
    -10544179.6076 3882098.47112
    -10544170.5907 3882100.72504
    -10544163.1323 3882102.7138
    -10544158.7908 3882103.77447
    -10544141.425 3882111.59693
    -10544121.4988 3882120.34748
    -10544101.016 3882129.89354
    -10544057.0448 3882160.52054
    -10544008.2869 3882194.99258
    -10544003.2775 3882198.57238
    -10544000.3832 3882198.17462
    -10543991.3663 3882196.98136
    -10543990.0305 3882196.71619
    -10543988.5833 3882196.45102
    -10543986.8022 3882196.18585
    -10543982.3495 3882195.52292
    -10543978.8985 3882195.12517
    -10543969.8817 3882184.38579
    -10543968.4345 3882182.66219
    -10543968.4345 3882170.46439
    -10543985.0211 3882114.91153
    -10544012.0718 3882086.27341
    -10544009.9567 3882080.30714
    -10544008.1756 3882075.13638
    -10544007.7303 3882073.81054
    -10544004.836 3882065.32519
    -10543999.7153 3882050.74102
    -10543996.3757 3882041.06244
    -10543995.1512 3882037.61527
    -10543994.8172 3882036.81977
    -10543993.4814 3882033.10745
    -10543992.9248 3882031.38386
    -10543988.9173 3882019.84914
    -10543956.6347 3882005.26502
    -10543947.7291 3882005.26502
    -10543925.4652 3882005.13244
    -10543890.6222 3881990.15058
    -10543884.277 3881987.36635
    -10543848.9887 3881998.90104
    -10543804.9062 3882030.58837
    -10543784.7574 3882062.27577
    -10543782.9762 3882064.79486
    -10543777.9669 3882071.95437
    -10543775.2952 3882073.67796
    -10543769.2839 3882077.52288
    -10543744.4597 3882079.24647
    -10543729.7655 3882080.30714
    -10543697.9282 3882069.3027
    -10543690.915 3882054.45335
    -10543676.1095 3882023.03113
    -10543674.1058 3882001.5527
    -10543672.8813 3881987.89668
    -10543658.7437 3881959.65661
    -10543660.1908 3881920.94264
    -10543663.6418 3881904.90024
    -10543669.4304 3881856.77318
    -10543697.4829 3881822.83246
    -10543721.3052 3881793.1344
    -10543706.6111 3881768.34189
    -10543649.5042 3881732.41272
    -10543606.9801 3881724.59052
    -10543560.2259 3881722.99956
    -10543470.6138 3881734.00368
    -10543363.1904 3881807.85084
    -10543335.2493 3881829.06376
    -10543313.8759 3881843.91282
    -10543286.046 3881847.75767
    -10543263.7821 3881843.3825
    -10543251.3144 3881812.226
    -10543254.5426 3881764.09932
    -10543253.8747 3881757.47032
    -10543252.6502 3881742.09105
    -10543252.2049 3881731.2195
    -10543250.8691 3881706.42712
    -10543250.8691 3881705.63164
    -10543253.986 3881668.64203
    -10543248.1974 3881661.08503
    -10543226.7127 3881633.11091
    -10543163.1493 3881600.36403
    -10543136.8779 3881593.20481
    -10543110.6065 3881586.04559
    -10543109.1594 3881585.64785
    -10543108.2688 3881585.3827
    -10543107.2669 3881585.11754
    -10543094.0199 3881581.40535
    -10543081.4408 3881577.82575
    -10543061.1807 3881570.79912
    -10543041.8111 3881564.03764
    -10543041.0318 3881563.77249
    -10543034.6866 3881561.51866
    -10543020.1038 3881539.24561
    -10543000.1776 3881508.62023
    -10542990.9381 3881506.36642
    -10542979.0269 3881503.5823
    -10542967.0044 3881500.79818
    -10542961.8837 3881499.60499
    -10542939.6198 3881494.3019
    -10542918.5804 3881503.05199
    -10542899.99 3881510.87405
    -10542879.7299 3881514.98394
    -10542871.3809 3881495.76025
    -10542887.8562 3881460.4948
    -10542888.8581 3881459.43419
    -10542905.3334 3881442.19923
    -10542921.8087 3881425.09688
    -10542926.5954 3881420.19156
    -10542951.3083 3881399.11196
    -10542964.2214 3881388.37331
    -10542972.1251 3881378.43012
    -10542979.2495 3881369.41497
    -10542986.4853 3881360.53241
    -10542992.2739 3881353.37333
    -10542996.9493 3881316.91513
    -10542938.7292 3881287.35093
    -10542937.7274 3881287.35093
    -10542920.5841 3881290.53272
    -10542904.7768 3881293.31679
    -10542882.9582 3881296.76374
    -10542862.3641 3881299.94554
    -10542819.2834 3881306.70686
    -10542800.1365 3881316.38483
    -10542739.9126 3881346.61198
    -10542720.3204 3881361.59301
    -10542715.1997 3881365.70285
    -10542700.6168 3881345.15365
    -10542703.7338 3881294.77512
    -10542704.513 3881283.10854
    -10542719.8751 3881242.54076
    -10542721.5449 3881238.82868
    -10542739.4673 3881198.79135
    -10542718.5393 3881170.81832
    -10542680.1341 3881171.34862
    -10542638.8345 3881152.65578
    -10542631.4874 3881109.70214
    -10542626.812 3881081.99447
    -10542625.4762 3881047.5257
    -10542625.0309 3881036.12451
    -10542624.5856 3881024.72333
    -10542624.363 3881018.75761
    -10542615.1235 3880989.85701
    -10542575.7164 3880991.58044
    -10542563.0259 3880989.85701
    -10542558.9071 3880989.32673
    -10542558.1279 3880989.19416
    -10542556.2355 3880988.92901
    -10542555.2336 3880988.79644
    -10542551.56 3880988.39873
    -10542550.5582 3880988.26615
    -10542549.3336 3880988.00101
    -10542546.328 3880987.6033
    -10542532.0791 3880985.7473
    -10542550.0016 3880908.85618
    -10542555.4562 3880851.18818
    -10542556.0128 3880845.22254
    -10542556.1241 3880844.55969
    -10542556.2355 3880843.76427
    -10542556.3468 3880842.43858
    -10542556.4581 3880841.11288
    -10542557.6826 3880828.38619
    -10542557.7939 3880826.66279
    -10542557.9052 3880825.46967
    -10542558.0166 3880824.40911
    -10542558.3505 3880820.69716
    -10542558.5732 3880818.57605
    -10542559.7977 3880805.31912
    -10542560.7996 3880795.24386
    -10542550.2242 3880781.72181
    -10542539.5375 3880768.06721
    -10542527.2924 3880752.29152
    -10542497.2361 3880676.99275
    -10542507.9228 3880576.24162
    -10542549.5563 3880475.09367
    -10542564.0278 3880444.07337
    -10542574.7145 3880421.00705
    -10542585.5125 3880397.94077
    -10542586.9596 3880388.13099
    -10542595.086 3880334.84015
    -10542599.4274 3880296.79435
    -10542596.7558 3880285.12876
    -10542585.2898 3880235.55015
    -10542579.9465 3880228.78944
    -10542567.3674 3880212.88192
    -10542566.6995 3880185.17637
    -10542596.9784 3880093.04594
    -10542679.4661 3880041.08205
    -10542802.2515 3880003.83256
    -10542853.6811 3879885.72198
    -10542837.7624 3879669.65295
    -10542759.9501 3879585.745
    -10542710.6356 3879498.92146
    -10542695.4961 3879472.27803
    -10542680.3567 3879445.5021
    -10542657.7588 3879405.86854
    -10542635.161 3879366.10256
    -10542613.4537 3879327.92734
    -10542613.0084 3879321.69737
    -10542611.5612 3879299.69367
    -10542610.1141 3879277.69001
    -10542627.9252 3879231.56199
    -10542656.089 3879141.4273
    -10542720.877 3879060.70431
    -10542733.3448 3879045.19602
    -10542745.8125 3879029.5552
    -10542766.7406 3879003.70812
    -10542824.5154 3878874.7387
    -10542844.9982 3878741.52921
    -10542819.5061 3878609.11651
    -10542804.144 3878529.72262
    -10542813.0495 3878502.28612
    -10542819.7287 3878481.21176
    -10542826.4079 3878460.40252
    -10542845.3322 3878401.42111
    -10543007.302 3878234.68425
    -10543012.4227 3878215.59846
    -10543036.8017 3878125.6041
    -10543016.5416 3878087.96307
    -10543012.6454 3878080.80599
    -10543008.7492 3878073.51637
    -10542994.2777 3878046.61109
    -10542923.2558 3878121.62793
    -10542834.8681 3878201.68176
    -10542832.1965 3878204.06748
    -10542806.7043 3878188.42778
    -10542780.099 3878171.99286
    -10542771.416 3878050.4547
    -10542764.5142 3878030.04384
    -10542759.0596 3878014.27183
    -10542753.7162 3877998.49984
    -10542748.0389 3877981.80011
    -10542742.3616 3877964.96787
    -10542739.4673 3877956.35295
    -10542791.3422 3877900.82002
    -10542798.6893 3877836.67252
    -10542715.645 3877719.51147
    -10542711.8601 3877686.24536
    -10542689.3736 3877489.30134
    -10542666.887 3877292.49316
    -10542663.9927 3877266.91496
    -10542661.7663 3877190.97588
    -10542659.0947 3876918.76547
    -10542603.8802 3876861.11704
    -10542598.0916 3876855.0209
    -10542592.303 3876848.92477
    -10542562.358 3876817.64899
    -10542465.5101 3876888.15213
    -10542454.8234 3876895.97111
    -10542444.8046 3876903.39253
    -10542304.2081 3876828.11841
    -10542293.9667 3876822.55239
    -10542261.5728 3876882.1885
    -10542251.6653 3876900.47697
    -10542334.5983 3876967.66746
    -10542255.0049 3877048.50859
    -10542245.0975 3877056.99032
    -10542235.19 3877065.33952
    -10542226.1732 3877073.15862
    -10542217.1563 3877080.97773
    -10542211.813 3877085.48366
    -10542157.489 3877088.26673
    -10542102.7199 3877031.01505
    -10542086.3559 3877004.90732
    -10542079.6767 3876994.43774
    -10542060.3071 3876988.87164
    -10542056.2996 3876987.81143
    -10542050.9563 3876992.18479
    -10542024.1283 3877014.18417
    -10542006.9851 3877020.01534
    -10541996.2984 3877023.59356
    -10541983.4967 3877014.18417
    -10541955.1102 3876993.245
    -10541920.7125 3876948.18615
    -10541873.6243 3876888.81476
    -10541826.5362 3876829.17861
    -10541769.7633 3876757.48311
    -10541748.9465 3876676.90902
    -10541746.1635 3876665.90964
    -10541743.3805 3876655.0428
    -10541739.4844 3876640.20029
    -10541735.5882 3876625.22528
    -10541776.8877 3876595.8054
    -10541805.7194 3876576.98732
    -10541836.221 3876512.97957
    -10541812.9552 3876452.81525
    -10541803.9383 3876429.49172
    -10541795.0328 3876406.16823
    -10541793.5856 3876402.5902
    -10541766.535 3876337.12569
    -10541769.4293 3876303.73098
    -10541770.0972 3876296.30995
    -10541776.5537 3876293.26202
    -10541798.929 3876282.79307
    -10541821.4155 3876272.32413
    -10541874.8489 3876247.27823
    -10541927.2803 3876217.8593
    -10541927.0577 3876125.89249
    -10541925.9445 3876098.4616
    -10541924.4973 3876063.87493
    -10541943.4217 3876034.05891
    -10541946.0933 3876029.81841
    -10541938.301 3875995.89451
    -10541928.7275 3875953.75481
    -10541927.8369 3875925.26421
    -10541925.4992 3875846.68353
    -10541924.72 3875810.24241
    -10541967.4667 3875703.30495
    -10541980.1571 3875598.48863
    -10541970.361 3875458.55831
    -10541970.2497 3875457.10071
    -10541970.027 3875453.25795
    -10541968.5799 3875433.51414
    -10541967.0214 3875409.79511
    -10541963.6818 3875359.44201
    -10541938.5236 3875298.62105
    -10541930.6199 3875279.67254
    -10541922.0483 3875259.5315
    -10541870.0621 3875226.27236
    -10541743.7145 3875152.86406
    -10541727.1279 3875061.03808
    -10541723.4543 3875040.6324
    -10541806.0534 3875012.67404
    -10541835.6644 3874937.01452
    -10541835.3304 3874910.38143
    -10541835.1078 3874879.24331
    -10541834.7738 3874847.84027
    -10541834.4399 3874819.48485
    -10541839.7832 3874773.63932
    -10541841.787 3874756.54667
    -10541813.7345 3874709.37639
    -10541794.9215 3874677.7088
    -10541760.6351 3874654.65379
    -10541746.9428 3874645.3788
    -10541733.2505 3874636.10382
    -10541723.7883 3874629.74383
    -10541721.228 3874576.3466
    -10541719.4468 3874537.92194
    -10541702.7489 3874508.10979
    -10541698.8527 3874501.08738
    -10541694.9566 3874494.19748
    -10541663.1192 3874495.38996
    -10541631.2818 3874496.58244
    -10541591.8747 3874515.92719
    -10541552.4676 3874535.40446
    -10541519.9623 3874551.03931
    -10541429.2369 3874556.60426
    -10541394.8392 3874558.85674
    -10541008.004 3874505.19483
    -10540909.9315 3874491.68001
    -10540807.2949 3874481.21267
    -10540704.2131 3874470.74533
    -10540601.0199 3874460.27801
    -10540572.0769 3874457.36306
    -10540543.1338 3874454.44811
    -10540519.5341 3874452.06315
    -10540505.6191 3874428.74359
    -10540490.1457 3874402.64163
    -10540474.7836 3874376.53974
    -10540472.6685 3874373.09482
    -10540474.227 3874369.11992
    -10540489.9231 3874327.64852
    -10540505.6191 3874286.30977
    -10540512.8549 3874267.23039
    -10540624.1744 3874216.88219
    -10540720.4657 3874073.65598
    -10540694.8623 3873960.63967
    -10540432.2596 3873832.5205
    -10540409.3278 3873821.2588
    -10540380.162 3873906.31803
    -10540373.3716 3873926.05928
    -10540418.0107 3874007.01199
    -10540427.6955 3874106.38189
    -10540308.4723 3874169.05159
    -10540293.1102 3874177.00126
    -10540183.9058 3874181.50608
    -10540085.2767 3874230.92667
    -10540001.3418 3874197.93542
    -10539974.0685 3874172.23146
    -10539947.3519 3874147.05754
    -10539920.6352 3874121.88366
    -10539913.1768 3874114.72899
    -10539919.6333 3874099.88969
    -10539930.4313 3874074.84841
    -10539941.2293 3874050.07218
    -10539954.8103 3874018.93634
    -10539968.2799 3873987.80058
    -10539973.4006 3873976.00876
    -10540027.6132 3873896.11619
    -10540040.1923 3873877.56741
    -10540014.4775 3873818.87397
    -10540002.0097 3873790.38854
    -10539989.542 3873762.03568
    -10539985.9797 3873753.82131
    -10539961.2668 3873721.36136
    -10539945.3481 3873700.29556
    -10539929.5408 3873679.2298
    -10539916.739 3873662.27123
    -10539860.7453 3873775.41716
    -10539856.5152 3873779.78933
    -10539839.372 3873796.74807
    -10539822.2288 3873813.70684
    -10539803.5271 3873832.12303
    -10539749.7598 3873730.37064
    -10539746.0862 3873723.48119
    -10539742.9693 3873702.01792
    -10539727.8298 3873596.42451
    -10539696.9943 3873596.02704
    -10539676.9568 3873595.89455
    -10539656.9193 3873595.62958
    -10539643.0044 3873595.3646
    -10539638.2176 3873605.30121
    -10539629.4234 3873623.18711
    -10539620.7405 3873641.20554
    -10539605.935 3873671.67793
    -10539591.1295 3873702.2829
    -10539584.7843 3873715.26684
    -10539558.7355 3873795.15819
    -10539551.0545 3873818.87397
    -10539495.84 3873811.4545
    -10539424.7069 3873715.39934
    -10539413.0183 3873707.84744
    -10539386.3016 3873690.35887
    -10539359.6963 3873672.87033
    -10539341.8852 3873661.21132
    -10539180.9172 3873682.14456
    -10539166.8909 3873683.9994
    -10539165.3324 3873706.78753
    -10539164.4419 3873719.77148
    -10539163.5513 3873732.75545
    -10539162.6608 3873746.00441
    -10539164.7758 3873750.64155
    -10539191.3812 3873808.93718
    -10539186.3718 3873828.81076
    -10539182.8096 3873843.25225
    -10539179.1361 3873857.82624
    -10539174.572 3873876.11001
    -10539097.0936 3873855.30891
    -10539059.9129 3873845.3721
    -10538985.1062 3873785.35392
    -10538964.4008 3873768.79266
    -10538917.6466 3873705.72762
    -10538973.0837 3873662.27123
    -10538984.327 3873653.39449
    -10539021.5077 3873650.21476
    -10539053.1224 3873548.72892
    -10539019.2813 3873515.20964
    -10539008.4833 3873504.61068
    -10538997.6853 3873493.87924
    -10538993.6778 3873490.03712
    -10538970.746 3873490.96453
    -10538918.4258 3873493.48178
    -10538892.9337 3873471.09152
    -10538881.8017 3873411.87017
    -10538877.9055 3873391.06989
    -10538879.3527 3873390.14249
    -10539218.2092 3873198.70224
    -10539556.0639 3873007.66255
    -10539659.8136 3872949.10593
    -10539750.4277 3872897.96849
    -10539760.7804 3872892.13937
    -10539954.031 3872782.97629
    -10540146.6138 3872674.34414
    -10540156.5212 3872668.78009
    -10540446.1745 3872505.17144
    -10540457.4178 3872498.68013
    -10540589.1087 3872423.16926
    -10540980.842 3872198.75911
    -10541117.765 3872120.33579
    -10541146.4854 3872103.90935
    -10541156.3929 3872098.08062
    -10541165.4097 3872093.04672
    -10541213.945 3872064.83041
    -10541415.5446 3871949.84636
    -10541472.5402 3871917.25891
    -10541964.0158 3871636.03039
    -10541987.3929 3871622.51887
    -10542010.436 3871609.2723
    -10542193.7792 3871504.49246
    -10542193.7792 3871211.48475
    -10542193.7792 3870852.12313
    -10542193.7792 3870528.79978
    -10542194.0018 3870227.7369
    -10542193.7792 3870227.7369
    -10542193.8905 3870039.92419
    -10542194.0018 3869184.47387
    -10542194.0018 3869166.59471
    -10542194.0018 3868947.14675
    -10542194.0018 3868944.63048
    -10542194.0018 3868898.94027
    -10542194.0018 3868849.80694
    -10542194.0018 3868847.55555
    -10542194.0018 3868837.22566
    -10542194.0018 3868683.47029
    -10542194.0018 3868640.2973
    -10542194.0018 3868450.78832
    -10542194.0018 3868446.94785
    -10542194.0018 3868317.16712
    -10542194.0018 3868253.86643
    -10542194.0018 3868114.81798
    -10542194.0018 3868101.84021
    -10542194.5584 3868096.14589
    -10542194.2245 3868036.55429
    -10542194.0018 3868006.49376
    -10542194.3358 3868005.30193
    -10542194.0018 3867871.95063
    -10542194.0018 3867831.42909
    -10542194.0018 3867709.73287
    -10542194.0018 3867669.47672
    -10542194.0018 3867657.82365
    -10542194.2245 3867267.45251
    -10542194.3358 3867267.58493
    -10542194.2245 3867063.13519
    -10542194.0018 3866954.02616
    -10542194.2245 3866230.67474
    -10542194.3358 3866223.65727
    -10542194.3358 3866131.10651
    -10542194.4471 3865872.52432
    -10542194.4471 3865700.40414
    -10542194.4471 3865691.6658
    -10542194.4471 3865665.45082
    -10542194.4471 3865656.7125
    -10542194.4471 3865615.13939
    -10542194.4471 3865490.81813
    -10542194.4471 3865449.378
    -10542194.6697 3865267.73161
    -10542194.6697 3864759.21605
    -10542194.6697 3864563.9445
    -10542194.8924 3863858.21374
    -10542194.8924 3863724.24749
    -10542195.0037 3863322.62262
    -10542195.115 3863188.79483
    -10542195.2263 3863183.23525
    -10542195.2263 3862521.39938
    -10542195.3377 3862185.59806
    -10542195.5603 3862143.24304
    -10542197.7867 3861684.36258
    -10542199.0112 3861433.819
    -10542198.7886 3861376.51105
    -10542198.4546 3861204.85356
    -10542198.3433 3861147.67907
    -10542198.1207 3861096.19579
    -10542197.7867 3860941.61497
    -10542197.6754 3860890.26494
    -10542196.7848 3860465.577
    -10542196.0056 3860051.49121
    -10542193.4452 3858737.07356
    -10542194.1132 3858543.2249
    -10542196.0056 3857962.22726
    -10542196.7848 3857768.65595
    -10542196.8961 3857728.43374
    -10542196.8961 3857728.30143
    -10542198.1207 3857414.59934
    -10542197.3414 3857266.28506
    -10542195.3377 3856821.48571
    -10542194.6697 3856673.31118
    -10542190.1057 3855563.64893
    -10542187.8793 3855079.36194
    -10542186.6547 3854704.61867
    -10542186.5434 3854704.48639
    -10542186.0981 3854544.96286
    -10542185.7642 3854445.09641
    -10542185.0963 3854145.89893
    -10542184.8736 3854046.16812
    -10542184.8736 3854041.80326
    -10542184.7623 3853890.48921
    -10542184.5397 3853162.25134
    -10542184.317 3852661.7957
    -10542184.317 3852651.34772
    -10542184.317 3852568.42551
    -10542184.317 3852546.20721
    -10542184.317 3852499.12573
    -10542184.2057 3852467.78226
    -10542184.2057 3852443.97715
    -10542183.9831 3851783.8012
    -10542173.0738 3850831.82155
    -10542154.7061 3849239.5858
    -10542155.04 3849230.99186
    -10542159.3815 3849231.52072
    -10542163.2777 3849232.04957
    -10542172.1832 3849233.37172
    -10542205.4677 3849239.85023
    -10542217.045 3849244.21332
    -10542224.2807 3849253.73278
    -10542228.6222 3849264.44218
    -10542226.6184 3849291.94291
    -10542225.7279 3849304.63558
    -10542222.1657 3849309.65976
    -10542214.9299 3849314.68395
    -10542212.7035 3849316.93161
    -10542208.362 3849321.29472
    -10542208.4734 3849340.73043
    -10542212.7035 3849353.29093
    -10542225.06 3849369.95014
    -10542244.6522 3849390.17922
    -10542265.5803 3849416.49029
    -10542295.1913 3849444.78468
    -10542304.6534 3849463.03063
    -10542303.9855 3849473.21135
    -10542288.7347 3849487.75526
    -10542270.701 3849491.32513
    -10542262.018 3849495.02722
    -10542257.6766 3849501.50588
    -10542264.1331 3849508.77784
    -10542282.2782 3849524.77619
    -10542282.9461 3849525.83393
    -10542283.3914 3849526.49502
    -10542288.0668 3849533.50257
    -10542298.8648 3849579.25005
    -10542298.8648 3849601.85943
    -10542300.3119 3849615.61018
    -10542312.6684 3849665.06012
    -10542327.8079 3849684.62861
    -10542327.1399 3849697.85058
    -10542322.0192 3849705.78376
    -10542311.2213 3849712.26254
    -10542290.9611 3849728.26116
    -10542273.5953 3849734.07884
    -10542257.6766 3849766.07616
    -10542249.6616 3849777.05047
    -10542249.7729 3849782.86818
    -10542253.3351 3849785.77704
    -10542278.6046 3849798.86689
    -10542282.9461 3849803.23019
    -10542285.8404 3849806.80015
    -10542297.529 3849810.50234
    -10542314.7835 3849822.7989
    -10542345.9529 3849854.79646
    -10542360.4245 3849864.97752
    -10542375.5639 3849878.72858
    -10542384.2468 3849891.81854
    -10542386.4732 3849904.11519
    -10542386.4732 3849916.41184
    -10542369.1074 3849950.78966
    -10542369.8866 3849973.92864
    -10542371.3338 3849984.1098
    -10542377.7903 3850009.62886
    -10542388.6996 3850013.86
    -10542397.3825 3850011.61221
    -10542415.4163 3849995.6132
    -10542429.1086 3849968.90417
    -10542463.1724 3849929.63407
    -10542510.9284 3849907.8174
    -10542531.8565 3849891.81854
    -10542537.6451 3849886.79411
    -10542539.8715 3849875.8197
    -10542557.2373 3849867.8864
    -10542572.3768 3849854.79646
    -10542585.4012 3849840.11988
    -10542592.6369 3849828.61663
    -10542607.7764 3849815.52674
    -10542617.9065 3849801.64353
    -10542620.1328 3849796.61914
    -10542632.378 3849771.10054
    -10542645.4024 3849755.89519
    -10542655.5324 3849746.37532
    -10542662.7682 3849735.53326
    -10542672.2304 3849729.58336
    -10542686.7019 3849723.10457
    -10542719.2072 3849698.37945
    -10542729.3373 3849693.3551
    -10542740.1353 3849691.90069
    -10542750.2653 3849696.26394
    -10542762.6218 3849709.3537
    -10542793.012 3849724.559
    -10542805.2572 3849724.559
    -10542828.4116 3849717.28689
    -10542844.3303 3849709.3537
    -10542867.4848 3849706.44486
    -10542890.6392 3849707.10596
    -10542902.9957 3849701.28829
    -10542921.0294 3849689.65295
    -10542931.8274 3849693.88398
    -10542939.8424 3849709.88258
    -10542941.9575 3849718.74131
    -10542943.516 3849780.48821
    -10542934.0538 3849808.91569
    -10542919.5823 3849817.64227
    -10542898.6542 3849836.54991
    -10542898.2089 3849864.18419
    -10542917.0219 3849888.11633
    -10542928.5992 3849894.06631
    -10542935.9462 3849897.76853
    -10542969.4534 3849898.16519
    -10542975.3533 3849905.56963
    -10542977.9137 3849908.08185
    -10542983.1457 3849911.51962
    -10542985.4834 3849912.70962
    -10542992.7192 3849916.41184
    -10543029.5659 3849907.68518
    -10543034.6866 3849909.13962
    -10543038.2489 3849920.77518
    -10543037.5809 3849935.31963
    -10543030.3452 3849946.16187
    -10543025.2245 3849957.92968
    -10543025.2245 3849970.2264
    -10543029.5659 3849980.40756
    -10543038.2489 3849992.7043
    -10543052.7204 3850005.13327
    -10543066.524 3850009.36441
    -10543091.7935 3850012.40555
    -10543113.5008 3850012.40555
    -10543129.4195 3850005.13327
    -10543136.6553 3849997.06766
    -10543147.5646 3849991.24984
    -10543159.0305 3849933.07185
    -10543154.689 3849902.66074
    -10543153.2419 3849882.95967
    -10543153.2419 3849871.32416
    -10543156.1362 3849859.68866
    -10543161.2569 3849854.66424
    -10543169.1606 3849850.16871
    -10543192.315 3849840.78099
    -10543209.0129 3849837.87212
    -10543225.5996 3849837.87212
    -10543240.0711 3849857.57311
    -10543237.956 3849906.23074
    -10543254.5426 3849928.70851
    -10543268.3462 3849952.773
    -10543271.9085 3849966.52416
    -10543284.2649 3849994.15875
    -10543293.6158 3850001.95991
    -10543332.021 3850003.41437
    -10543345.0454 3850001.95991
    -10543360.1848 3849997.72877
    -10543367.4206 3849991.24984
    -10543376.8827 3849985.96092
    -10543441.2254 3849982.52312
    -10543448.4612 3849978.82088
    -10543460.7063 3849970.88751
    -10543475.9571 3849964.27637
    -10543493.3229 3849959.91302
    -10543509.2416 3849951.97967
    -10543524.3811 3849949.07077
    -10543536.7375 3849949.73188
    -10543545.4205 3849947.61632
    -10543559.1127 3849941.0052
    -10543567.7957 3849925.6674
    -10543570.0221 3849911.12296
    -10543562.0071 3849891.42187
    -10543544.6412 3849880.7119
    -10543515.6981 3849855.19313
    -10543509.2416 3849842.89653
    -10543508.4624 3849837.87212
    -10543509.9095 3849825.44332
    -10543515.0302 3849813.67564
    -10543529.5018 3849806.53571
    -10543538.8526 3849805.08128
    -10543551.543 3849806.93237
    -10543564.1221 3849808.78347
    -10543588.7237 3849822.53446
    -10543599.633 3849832.71549
    -10543609.7631 3849837.07879
    -10543637.259 3849857.96978
    -10543653.8456 3849868.28306
    -10543675.5529 3849868.28306
    -10543723.309 3849857.44089
    -10543701.6017 3849838.53323
    -10543689.3566 3849807.19681
    -10543690.0245 3849803.62685
    -10543688.5773 3849791.19809
    -10543686.4622 3849783.92594
    -10543695.1452 3849757.74627
    -10543694.3659 3849751.92858
    -10543713.8468 3849734.60772
    -10543729.7655 3849727.33562
    -10543742.7899 3849717.15467
    -10543771.0651 3849720.72461
    -10543779.748 3849727.2034
    -10543807.9118 3849737.38435
    -10543834.7398 3849758.5396
    -10543857.115 3849778.90156
    -10543870.1394 3849775.99271
    -10543871.5866 3849770.175
    -10543853.5528 3849730.90556
    -10543844.8699 3849701.68495
    -10543852.7736 3849671.14222
    -10543864.7961 3849670.21668
    -10543883.1638 3849668.89449
    -10543895.4089 3849674.84436
    -10543906.9862 3849685.68636
    -10543939.6028 3849720.72461
    -10543960.5308 3849740.29319
    -10543974.3345 3849745.97866
    -10543988.806 3849737.38435
    -10543990.2531 3849736.59102
    -10543997.4889 3849730.77334
    -10544007.619 3849719.93129
    -10544009.734 3849714.64249
    -10544011.9604 3849674.18326
    -10544019.1962 3849647.21052
    -10544029.215 3849593.39743
    -10544048.8072 3849568.01149
    -10544055.2637 3849556.90516
    -10544059.6052 3849553.46749
    -10544061.8316 3849546.19549
    -10544067.6202 3849538.9235
    -10544080.6446 3849531.65152
    -10544097.2312 3849524.37954
    -10544102.3519 3849525.83393
    -10544118.1592 3849522.13183
    -10544133.41 3849522.13183
    -10544188.4018 3849540.90677
    -10544207.8827 3849549.76538
    -10544223.8014 3849559.94618
    -10544244.0616 3849581.7622
    -10544252.7445 3849596.30624
    -10544262.8746 3849617.1968
    -10544272.3367 3849642.84729
    -10544281.6876 3849650.64822
    -10544294.8233 3849667.44007
    -10544296.9383 3849677.48875
    -10544319.3136 3849689.25629
    -10544362.0602 3849707.50262
    -10544375.0846 3849710.41146
    -10544391.6712 3849710.41146
    -10544419.1671 3849708.0315
    -10544430.7444 3849693.48732
    -10544443.7687 3849670.3489
    -10544457.5724 3849656.59809
    -10544490.8569 3849628.96429
    -10544543.6223 3849588.902
    -10544569.6711 3849572.24248
    -10544579.0219 3849562.06167
    -10544592.7142 3849550.42647
    -10544610.8593 3849543.15448
    -10544633.2345 3849540.11347
    -10544663.6247 3849537.99798
    -10544735.9824 3849543.81557
    -10544753.3482 3849548.17876
    -10544836.6152 3849588.10869
    -10544922.6652 3849603.84271
    -10544944.3725 3849616.40349
    -10544953.0554 3849629.49316
    -10544972.5363 3849634.51748
    -10544994.2436 3849622.75
    -10545012.3887 3849619.84118
    -10545035.5432 3849627.24544
    -10545063.707 3849655.54033
    -10545071.722 3849679.60426
    -10545076.8427 3849717.28689
    -10545078.2898 3849722.44347
    -10545081.8521 3849725.88119
    -10545109.348 3849756.55629
    -10545116.5837 3849766.73727
    -10545122.3724 3849777.57935
    -10545126.7138 3849788.55367
    -10545128.161 3849798.07357
    -10545127.4931 3849826.36887
    -10545119.4781 3849859.82088
    -10545123.1516 3849867.62195
    -10545130.3874 3849873.57193
    -10545145.5268 3849880.18302
    -10545165.119 3849873.57193
    -10545187.4943 3849889.57077
    -10545195.5093 3849904.11519
    -10545200.63 3849923.68407
    -10545196.9564 3849928.84074
    -10545198.4036 3849941.13742
    -10545200.63 3849999.31545
    -10545202.745 3850017.56225
    -10545213.6543 3850055.24596
    -10545218.6637 3850069.12946
    -10545237.4767 3850046.5192
    -10545245.4917 3850045.85808
    -10545261.4104 3850037.13132
    -10545293.9157 3850037.13132
    -10545296.1421 3850034.22241
    -10545315.623 3850039.2469
    -10545354.6961 3850030.52015
    -10545364.1583 3850030.52015
    -10545373.5091 3850032.76795
    -10545391.6542 3850027.61123
    -10545419.0388 3850009.36441
    -10545440.0782 3849999.18323
    -10545488.5022 3849991.24984
    -10545513.1038 3849991.91096
    -10545539.1525 3850006.4555
    -10545550.7298 3850024.57009
    -10545552.1769 3850033.29684
    -10545550.7298 3850044.2714
    -10545555.8505 3850052.20482
    -10545552.9561 3850094.25203
    -10545539.9318 3850126.25033
    -10545565.9805 3850138.01832
    -10545605.0537 3850167.76891
    -10545660.8247 3850214.8411
    -10545681.0849 3850244.06298
    -10545685.4263 3850254.24438
    -10545687.5414 3850256.49222
    -10545688.9886 3850263.76465
    -10545691.8829 3850267.99589
    -10545691.215 3850272.49158
    -10545696.2243 3850286.24311
    -10545699.8979 3850302.90364
    -10545734.6296 3850366.90144
    -10545764.3519 3850437.37877
    -10545787.5063 3850457.08076
    -10545809.8815 3850463.42772
    -10545826.5795 3850456.94853
    -10545837.3774 3850436.5854
    -10545838.1567 3850407.6275
    -10545825.1323 3850384.88436
    -10545804.0929 3850356.58772
    -10545804.0929 3850330.53901
    -10545817.1173 3850313.87844
    -10545830.1417 3850307.79602
    -10545846.0604 3850304.88704
    -10545869.2148 3850304.35813
    -10545911.8502 3850304.88704
    -10545931.4424 3850338.3404
    -10545937.8989 3850371.92608
    -10545946.5819 3850387.13223
    -10545952.4818 3850411.19765
    -10545957.4912 3850420.58582
    -10545961.1647 3850448.88262
    -10545971.2948 3850468.58463
    -10545971.2948 3850474.40268
    -10545979.1985 3850497.6749
    -10546000.2379 3850525.17851
    -10546001.0171 3850549.90535
    -10546005.3586 3850565.90511
    -10546014.7094 3850583.22718
    -10546023.3923 3850610.33429
    -10546022.7244 3850615.2268
    -10546030.6281 3850630.69772
    -10546041.5374 3850672.08584
    -10546054.5618 3850704.74686
    -10546064.0239 3850721.54021
    -10546079.9426 3850736.74681
    -10546116.7894 3850749.04433
    -10546129.4798 3850742.03606
    -10546137.7174 3850741.50714
    -10546144.9532 3850737.40796
    -10546181.132 3850730.13524
    -10546205.7336 3850737.93689
    -10546218.758 3850744.54846
    -10546269.4084 3850793.34197
    -10546283.212 3850801.93705
    -10546303.4722 3850823.09421
    -10546314.3815 3850829.57359
    -10546338.9831 3850831.82155
    -10546377.277 3850843.32577
    -10546402.6578 3850847.82168
    -10546425.033 3850857.07797
    -10546446.7403 3850882.73114
    -10546456.3138 3850882.33445
    -10546461.9911 3850882.33445
    -10546464.7741 3850881.54105
    -10546469.4495 3850880.48318
    -10546472.1212 3850881.01211
    -10546475.906 3850882.99561
    -10546478.5777 3850884.18571
    -10546482.8079 3850885.24357
    -10546485.3682 3850886.30144
    -10546488.8191 3850887.09483
    -10546494.1624 3850888.68163
    -10546496.9454 3850888.9461
    -10546501.9548 3850889.21056
    -10546506.2963 3850888.9461
    -10546509.1906 3850889.3428
    -10546514.4226 3850888.9461
    -10546526.7791 3850887.09483
    -10546530.1186 3850884.71464
    -10546532.2337 3850882.20221
    -10546533.7922 3850879.68978
    -10546535.462 3850875.85503
    -10546537.0204 3850872.15251
    -10546538.4676 3850867.78882
    -10546539.9148 3850864.0863
    -10546541.2506 3850860.51602
    -10546546.9279 3850859.19369
    -10546549.5995 3850858.79699
    -10546553.0505 3850859.19369
    -10546556.2787 3850860.64825
    -10546559.7296 3850862.63174
    -10546562.6239 3850864.35077
    -10546565.4069 3850866.20203
    -10546568.0786 3850868.05329
    -10546570.7503 3850870.30125
    -10546572.9766 3850871.88804
    -10546575.0917 3850873.60707
    -10546577.986 3850875.98726
    -10546581.3256 3850878.76415
    -10546583.7746 3850880.61542
    -10546585.8897 3850882.33445
    -10546588.3387 3850883.78901
    -10546590.4538 3850885.64027
    -10546593.1255 3850887.88823
    -10546595.2405 3850889.7395
    -10546597.6896 3850891.98746
    -10546599.4707 3850893.83872
    -10546602.365 3850897.40902
    -10546604.2574 3850901.24378
    -10546604.5914 3850905.07854
    -10546604.0348 3850910.76457
    -10546603.7008 3850913.14477
    -10546603.2555 3850916.18614
    -10546603.2555 3850918.83081
    -10546604.2574 3850921.34325
    -10546606.8178 3850921.73995
    -10546611.7158 3850918.56634
    -10546613.9422 3850916.71508
    -10546616.7252 3850914.73158
    -10546619.5082 3850913.01254
    -10546621.7346 3850911.69021
    -10546625.0742 3850911.55797
    -10546627.4119 3850912.48361
    -10546630.0835 3850913.14477
    -10546632.3099 3850914.33488
    -10546634.3137 3850915.65721
    -10546637.8759 3850917.64071
    -10546639.8797 3850919.09528
    -10546642.106 3850920.68208
    -10546644.3324 3850922.40111
    -10546646.2249 3850923.85568
    -10546650.1211 3850926.23588
    -10546652.6814 3850927.95492
    -10546655.3531 3850929.01279
    -10546659.8058 3850931.39299
    -10546662.2549 3850932.84756
    -10546666.485 3850935.49223
    -10546668.8227 3850936.9468
    -10546671.2718 3850938.5336
    -10546673.8321 3850939.59147
    -10546678.1736 3850942.76508
    -10546680.6226 3850943.69072
    -10546682.849 3850945.14529
    -10546688.415 3850948.45113
    -10546692.8677 3850950.96357
    -10546695.2054 3850951.88921
    -10546697.6545 3850953.21155
    -10546700.7714 3850954.40165
    -10546703.3318 3850955.06282
    -10546705.8921 3850956.25292
    -10546708.3411 3850956.78186
    -10546711.6807 3850957.44303
    -10546714.1298 3850957.83973
    -10546716.8014 3850958.63313
    -10546719.3618 3850958.5009
    -10546722.1448 3850958.23643
    -10546725.0391 3850958.23643
    -10546730.2711 3850956.78186
    -10546732.8314 3850956.25292
    -10546736.505 3850955.06282
    -10546740.9578 3850953.07931
    -10546744.186 3850951.75697
    -10546749.752 3850949.24453
    -10546754.2048 3850947.39326
    -10546755.6519 3850946.86433
    -10546757.433 3850946.20316
    -10546759.8821 3850945.14529
    -10546760.8839 3850944.88082
    -10546768.8989 3850952.55038
    -10546789.9383 3850979.39387
    -10546792.8326 3850985.74111
    -10546801.5156 3850995.3942
    -10546813.0928 3851005.44401
    -10546838.4736 3851022.89896
    -10546844.2622 3851028.58505
    -10546860.1809 3851038.89936
    -10546891.2391 3851061.51152
    -10546895.5805 3851066.53645
    -10546898.4748 3851073.14821
    -10546891.2391 3851086.23949
    -10546896.3598 3851128.29039
    -10546907.937 3851171.26709
    -10546920.2935 3851185.81308
    -10546926.75 3851198.11107
    -10546936.2121 3851208.29329
    -10546955.0251 3851239.50118
    -10546965.1552 3851246.64198
    -10546973.1702 3851248.89001
    -10547002.002 3851228.65775
    -10547019.3678 3851232.88933
    -10547033.8393 3851238.70776
    -10547038.1808 3851243.865
    -10547035.1752 3851253.78278
    -10547051.8731 3851260.39464
    -10547066.3446 3851258.94003
    -10547069.2389 3851262.3782
    -10547074.9162 3851260.39464
    -10547091.6142 3851258.14661
    -10547095.1764 3851251.66699
    -10547105.3064 3851244.9229
    -10547108.98 3851233.41828
    -10547114.7686 3851221.78144
    -10547123.3402 3851178.14337
    -10547126.2345 3851164.3908
    -10547142.9324 3851143.23304
    -10547179.7792 3851111.23199
    -10547193.4715 3851093.77691
    -10547196.3658 3851082.93361
    -10547172.5434 3851000.0224
    -10547171.7642 3850991.29494
    -10547169.5378 3850988.38579
    -10547165.1963 3850972.38546
    -10547162.302 3850956.38516
    -10547162.302 3850931.52522
    -10547156.5134 3850898.99582
    -10547155.8455 3850894.63212
    -10547161.5228 3850868.44999
    -10547190.4659 3850823.22644
    -10547217.9618 3850722.3336
    -10547227.3126 3850687.42461
    -10547227.5352 3850666.2677
    -10547242.1181 3850647.49097
    -10547242.8973 3850585.87177
    -10547224.307 3850547.52523
    -10547220.1882 3850504.94748
    -10547182.6735 3850447.4281
    -10547170.9849 3850410.9332
    -10547168.9812 3850404.58627
    -10547169.5378 3850362.00904
    -10547182.2282 3850327.63002
    -10547188.6847 3850318.90306
    -10547190.1319 3850305.15149
    -10547193.0262 3850295.63118
    -10547205.3827 3850306.60598
    -10547217.6278 3850310.83723
    -10547229.205 3850317.44856
    -10547240.8936 3850345.74511
    -10547245.903 3850371.13272
    -10547252.4708 3850382.90095
    -10547261.1537 3850390.04123
    -10547266.9423 3850398.63602
    -10547277.0724 3850404.58627
    -10547292.2119 3850406.04077
    -10547319.7078 3850398.10711
    -10547351.5452 3850384.091
    -10547381.1561 3850363.86022
    -10547393.5126 3850364.65358
    -10547430.3594 3850360.95122
    -10547449.1724 3850369.67822
    -10547476.0004 3850354.33986
    -10547494.0341 3850363.86022
    -10547506.3906 3850378.93413
    -10547509.9528 3850384.88436
    -10547512.8471 3850394.14029
    -10547518.6357 3850404.45404
    -10547521.7527 3850402.07394
    -10547531.2148 3850404.85072
    -10547549.3599 3850426.00717
    -10547562.3843 3850440.55224
    -10547571.0672 3850463.82441
    -10547582.5331 3850480.48519
    -10547589.101 3850486.30324
    -10547596.3367 3850490.00564
    -10547612.9233 3850492.78244
    -10547634.6306 3850495.8237
    -10547638.3042 3850498.73273
    -10547642.6456 3850510.23664
    -10547646.9871 3850540.78154
    -10547668.5831 3850567.09517
    -10547679.4924 3850574.3678
    -10547688.8432 3850583.62387
    -10547701.1997 3850591.82211
    -10547707.6562 3850599.09475
    -10547723.5749 3850604.11949
    -10547730.8107 3850604.78063
    -10547737.3785 3850599.09475
    -10547738.603 3850581.90488
    -10547740.2728 3850560.4837
    -10547747.5086 3850546.07071
    -10547760.533 3850535.09568
    -10547775.6724 3850535.09568
    -10547791.5911 3850543.82281
    -10547795.9326 3850541.57491
    -10547798.159 3850538.00472
    -10547799.6061 3850529.2776
    -10547798.159 3850482.73307
    -10547806.174 3850434.73421
    -10547811.1833 3850432.48634
    -10547829.9963 3850444.25463
    -10547840.1264 3850443.59349
    -10547846.6943 3850445.70914
    -10547852.4829 3850444.25463
    -10547857.4922 3850435.65981
    -10547861.1658 3850419.66023
    -10547853.1508 3850402.73508
    -10547847.3622 3850377.47963
    -10547855.3772 3850359.8934
    -10547856.1564 3850354.73655
    -10547872.0751 3850348.38965
    -10547881.4259 3850346.14179
    -10547906.8068 3850345.48065
    -10547913.8199 3850344.68729
    -10547927.0669 3850343.23279
    -10547938.6442 3850340.45603
    -10547955.2308 3850341.24939
    -10547968.9231 3850341.91052
    -10547992.8567 3850346.14179
    -10547998.9793 3850348.12519
    -10547999.7586 3850348.38965
    -10548001.0944 3850348.78633
    -10548007.7736 3850351.03419
    -10548008.5528 3850351.29864
    -10548013.3395 3850352.88537
    -10548021.7998 3850355.79436
    -10548026.8092 3850356.19104
    -10548031.9299 3850356.58772
    -10548067.3295 3850359.23227
    -10548086.1425 3850357.91
    -10548133.8985 3850348.38965
    -10548146.9229 3850344.15838
    -10548180.9867 3850336.8859
    -10548224.4013 3850317.18411
    -10548267.8159 3850292.58997
    -10548279.3931 3850283.86303
    -10548291.6383 3850277.38395
    -10548328.5963 3850265.08691
    -10548343.7358 3850262.04571
    -10548358.2073 3850262.83907
    -10548406.6313 3850270.11151
    -10548422.55 3850269.45038
    -10548433.4593 3850267.20253
    -10548440.8064 3850264.16133
    -10548468.191 3850233.74937
    -10548492.3473 3850201.88301
    -10548508.8226 3850180.06584
    -10548523.4054 3850160.76098
    -10549013.2112 3849510.10002
    -10549016.1055 3849506.13349
    -10549345.9452 3849066.12149
    -10549373.5524 3849029.63085
    -10549403.6087 3848989.43838
    -10549532.9619 3848817.43205
    -10549660.534 3848647.54354
    -10550091.7857 3848073.77473
    -10550296.6136 3847801.1782
    -10550347.0413 3847734.15373
    -10550436.0969 3847615.7051
    -10550659.6265 3847318.1346
    -10550713.0598 3847247.0149
    -10550725.9729 3847231.15183
    -10550922.3405 3846968.48891
    -10550997.4811 3846868.42209
    -10551473.4833 3846234.86143
    -10551581.4632 3846091.3137
    -10551595.6007 3846072.41205
    -10551809.0002 3845788.4945
    -10551930.8951 3845625.91908
    -10552054.905 3845460.96679
    -10552112.2345 3845384.5714
    -10552118.4684 3845376.37677
    -10552124.7023 3845368.18214
    -10552259.1762 3845189.22349
    -10552405.8953 3844993.8788
    -10552427.8253 3844964.53772
    -10552520.9997 3844840.56588
    -10552539.59 3844815.85096
    -10552545.6013 3844807.65672
    -10552551.7239 3844799.72682
    -10552572.2066 3844772.3687
    -10552690.8732 3844614.30078
    -10552691.4298 3844613.5078
    -10552692.543 3844612.05401
    -10552698.109 3844604.65289
    -10552736.9595 3844553.1095
    -10552767.3497 3844512.53576
    -10552797.6286 3844471.96216
    -10553381.8333 3843694.48255
    -10553612.5986 3843387.23161
    -10553650.3359 3843336.88286
    -10553899.135 3843005.5908
    -10553996.2056 3842876.48587
    -10554014.7959 3842851.64292
    -10554204.707 3842598.85559
    -10554522.9694 3842174.82456
    -10554547.905 3842141.52641
    -10554584.863 3842092.50431
    -10554611.8024 3842056.56371
    -10554634.6228 3842026.17284
    -10554760.4139 3841858.76021
    -10554823.4207 3841774.72445
    -10554893.552 3841681.44017
    -10554923.7196 3841641.27266
    -10554937.9685 3841622.246
    -10554943.8684 3841614.45036
    -10554949.657 3841606.65472
    -10555012.2186 3841523.41353
    -10555024.1297 3841507.426
    -10555063.8708 3841454.57482
    -10555159.7169 3841329.18634
    -10555175.1903 3841308.83891
    -10555238.7537 3841225.73193
    -10555278.1608 3841174.20326
    -10555315.5642 3841125.18516
    -10555338.9413 3841094.53244
    -10555348.4034 3841091.09722
    -10555375.1201 3841081.32008
    -10555803.8115 3840925.81176
    -10555824.2942 3840918.41294
    -10555871.939 3840901.23714
    -10555884.9634 3840896.48076
    -10555984.9283 3840860.27955
    -10556170.2752 3840792.89802
    -10556208.7918 3840778.89328
    -10556229.2746 3840771.49456
    -10556240.1839 3840767.39884
    -10556311.7623 3840741.23911
    -10556332.3564 3840734.23677
    -10556394.918 3840709.00195
    -10556457.8135 3840683.63506
    -10556469.502 3840678.61454
    -10556562.2311 3840641.35704
    -10556629.4681 3840614.40488
    -10556687.4656 3840590.88785
    -10556777.7457 3840554.42333
    -10556782.3098 3840552.57369
    -10556850.326 3840525.09326
    -10556941.0514 3840488.36471
    -10556997.0451 3840465.64063
    -10557004.7261 3840462.46983
    -10557024.7636 3840454.41072
    -10557025.4315 3840454.14649
    -10557101.1288 3840423.49551
    -10557117.7154 3840416.75758
    -10557155.4527 3840401.56425
    -10557277.2362 3840352.28512
    -10557506.9997 3840259.5405
    -10557506.9997 3840249.3677
    -10557620.9908 3840202.59937
    -10557636.019 3840196.65425
    -10557650.1565 3840190.70914
    -10557677.3185 3840179.61161
    -10557700.9182 3840170.09944
    -10557712.7181 3840165.34337
    -10557736.6518 3840155.56699
    -10557737.8763 3840155.03853
    -10557786.8569 3840134.95735
    -10557794.6492 3840131.65453
    -10557802.3303 3840128.61593
    -10557861.6636 3840104.43931
    -10557962.0737 3840063.48447
    -10558150.7603 3839986.46335
    -10558200.1861 3839966.11823
    -10558236.5876 3839951.3218
    -10558388.7614 3839888.43719
    -10558460.1171 3839858.97666
    -10558464.5699 3839857.12712
    -10558481.8244 3839849.99319
    -10558535.5918 3839827.79877
    -10558640.7887 3839784.33483
    -10558646.7999 3839781.82475
    -10558711.9218 3839754.61033
    -10558769.0287 3839731.09501
    -10558773.7042 3839729.24549
    -10558806.8774 3839715.50623
    -10558947.1399 3839657.37874
    -10559042.3181 3839617.74652
    -10559151.0772 3839573.09439
    -10559206.403 3839550.10785
    -10559332.862 3839486.56484
    -10559340.877 3839482.46956
    -10559425.8137 3839439.79951
    -10559427.5948 3839438.87478
    -10559535.0182 3839384.97599
    -10559583.4421 3839360.53667
    -10559624.4077 3839339.92842
    -10559701.9974 3839300.95779
    -10559714.7991 3839294.61681
    -10559751.2006 3839280.87805
    -10559774.4664 3839272.02713
    -10559820.4413 3839254.85371
    -10559880.3312 3839232.2641
    -10560022.4862 3839178.76256
    -10560037.8483 3839173.08217
    -10560089.2779 3839141.90609
    -10560314.5885 3839050.09565
    -10560322.1583 3839047.05734
    -10560448.0606 3838996.06654
    -10560509.9543 3838970.70332
    -10560571.5139 3838945.20806
    -10560581.7553 3838941.11297
    -10560668.4732 3838905.84242
    -10560719.2349 3838885.23496
    -10560737.046 3838877.70532
    -10560740.3856 3838876.51643
    -10560745.7289 3838874.27075
    -10560779.7927 3838857.36211
    -10560989.0733 3838753.00461
    -10561207.8161 3838644.02466
    -10561287.6322 3838614.69932
    -10561295.8699 3838611.79321
    -10561312.7904 3838605.71679
    -10561321.8073 3838602.2823
    -10561491.5695 3838536.49876
    -10561557.6933 3838511.00443
    -10561586.525 3838499.90847
    -10561630.9415 3838502.81455
    -10561750.9439 3838476.52773
    -10561861.8181 3838411.00907
    -10561897.3291 3838379.835
    -10562019.4465 3838332.54567
    -10562111.3964 3838296.74857
    -10562120.0794 3838293.44626
    -10562140.7848 3838285.38863
    -10562340.9372 3838208.11488
    -10562622.7982 3838123.84084
    -10562697.1596 3838092.13916
    -10562862.803 3838021.47114
    -10563063.1781 3837936.53799
    -10563158.1336 3837896.119
    -10563325.7808 3837824.79171
    -10563364.4086 3837808.41292
    -10563378.5462 3837802.20483
    -10563631.7981 3837694.68657
    -10563714.9537 3837659.41973
    -10563983.2337 3837533.27892
    -10564073.7364 3837490.61589
    -10564081.0835 3837487.18172
    -10564170.0278 3837445.31135
    -10564342.6843 3837364.08062
    -10564396.229 3837343.34376
    -10564447.2133 3837323.53151
    -10564477.1583 3837311.77625
    -10564625.2132 3837254.58512
    -10564712.7103 3837220.6404
    -10564745.9948 3837207.69653
    -10564799.6508 3837186.95994
    -10564971.8621 3837119.99554
    -10565208.9726 3837020.27607
    -10565313.3903 3836985.93579
    -10565322.4072 3836983.03008
    -10565335.2089 3836978.93567
    -10565456.6585 3836930.46324
    -10565516.3257 3836906.68936
    -10565561.0761 3836888.85899
    -10565672.7296 3836844.21714
    -10565743.7514 3836815.82078
    -10565884.3479 3836759.68865
    -10565914.8495 3836747.53773
    -10565986.5392 3836719.1416
    -10566135.8187 3836658.65147
    -10566484.8053 3836517.06881
    -10566715.9045 3836423.42971
    -10566725.9233 3836419.33549
    -10566897.0214 3836350.13022
    -10567015.7993 3836301.9245
    -10567115.4302 3836261.37902
    -10567224.412 3836217.13574
    -10567654.9958 3836042.67354
    -10567673.6974 3836035.01364
    -10567704.5329 3836022.73139
    -10567718.3366 3836017.18458
    -10567766.7605 3835997.5066
    -10567949.5471 3835923.15323
    -10568025.6897 3835892.38189
    -10568080.5702 3835870.19489
    -10568350.0747 3835760.97732
    -10568462.2847 3835715.41526
    -10568546.1083 3835681.47495
    -10568579.6155 3835667.87244
    -10568676.7974 3835628.25357
    -10568764.7398 3835592.72876
    -10568779.5453 3835586.52183
    -10568818.9524 3835570.41025
    -10568833.5352 3835564.46746
    -10568881.9592 3835545.05436
    -10568946.7471 3835518.7741
    -10568953.315 3835516.13287
    -10568985.041 3835503.19086
    -10569170.4993 3835428.04822
    -10569171.5012 3835427.7841
    -10569188.9784 3835420.52077
    -10569204.1178 3835414.31394
    -10569278.9245 3835384.20422
    -10569324.2315 3835365.8479
    -10569356.8481 3835352.64193
    -10569601.9737 3835235.24151
    -10569792.1074 3835142.27282
    -10569805.577 3835135.93407
    -10569813.3694 3835132.23647
    -10569865.1329 3835106.88152
    -10569908.9928 3835085.48833
    -10569913.8909 3835083.24337
    -10569919.4568 3835080.9984
    -10569926.136 3835078.35727
    -10570046.8063 3835029.23233
    -10570228.3684 3834955.41324
    -10570290.93 3834929.92662
    -10570312.3033 3834921.34305
    -10570379.5403 3834894.00774
    -10570399.6891 3834885.82036
    -10570418.8361 3834878.02915
    -10570498.4295 3834845.27972
    -10570514.9048 3834838.54497
    -10570599.0623 3834803.81485
    -10570647.4863 3834783.87478
    -10570715.8365 3834756.40773
    -10570767.1548 3834735.93954
    -10570798.3242 3834723.52659
    -10570832.1654 3834709.92517
    -10570882.1478 3834689.58911
    -10570917.2134 3834675.59158
    -10570982.0014 3834649.7094
    -10571044.0063 3834621.45035
    -10571286.2376 3834510.52763
    -10571398.7816 3834459.29225
    -10571414.5889 3834452.02952
    -10571428.1699 3834445.82319
    -10571470.8053 3834426.14783
    -10571506.9841 3834409.77373
    -10571568.3211 3834381.91139
    -10571615.298 3834360.25541
    -10571725.3929 3834309.81296
    -10571815.6731 3834268.61405
    -10572014.3783 3834177.76569
    -10572047.9968 3834162.18421
    -10572082.2832 3834146.73479
    -10572120.4658 3834129.04062
    -10572152.6372 3834113.98738
    -10572181.5802 3834100.51872
    -10572227.4439 3834079.25938
    -10572240.8022 3834073.05325
    -10572257.7228 3834065.13053
    -10572266.851 3834076.09029
    -10572313.4938 3834108.70555
    -10572327.6314 3834111.7426
    -10572350.5632 3834116.76035
    -10572386.4081 3834094.18053
    -10572399.6551 3834069.35598
    -10572404.1079 3834041.75854
    -10572417.5775 3834021.15953
    -10572458.4318 3833958.70251
    -10572474.4618 3833924.50314
    -10572511.5312 3833881.98514
    -10572546.7082 3833867.98856
    -10572558.0627 3833870.36534
    -10572573.2022 3833873.53437
    -10572597.1359 3833878.41997
    -10572672.9445 3833906.28112
    -10572833.6898 3833986.95998
    -10572908.0512 3834018.78272
    -10572933.6547 3834024.98883
    -10572972.0599 3834034.36402
    -10572994.4351 3834039.77786
    -10572995.8823 3834040.174
    -10572996.6615 3834040.43809
    -10573012.0236 3834044.13535
    -10573148.724 3834059.58463
    -10573190.0235 3834070.54439
    -10573340.5274 3834090.08711
    -10573483.239 3834089.42688
    -10573748.736 3834073.44938
    -10573774.6735 3834068.8278
    -10573828.3294 3834059.18849
    -10573852.8197 3834052.71828
    -10573853.599 3834052.45419
    -10573858.2744 3834051.26578
    -10573858.9423 3834051.13374
    -10573865.3988 3834049.2851
    -10573866.6234 3834049.02102
    -10573874.0818 3834047.04034
    -10573897.2362 3834040.96627
    -10573931.3 3834031.85516
    -10573961.3562 3834023.93247
    -10574018.7971 3834001.35283
    -10574053.3061 3833976.52848
    -10574101.8414 3833901.13142
    -10574166.4067 3833769.48483
    -10574239.8776 3833646.95049
    -10574282.179 3833546.86412
    -10574310.4542 3833461.43486
    -10574385.9288 3833202.77414
    -10574403.7399 3833124.60928
    -10574441.0319 3833032.7134
    -10574478.5466 3832966.82872
    -10574506.2651 3832922.59773
    -10574580.5152 3832830.70343
    -10574602.3339 3832788.8495
    -10574619.3658 3832734.98095
    -10574679.1443 3832633.18589
    -10574773.6546 3832527.29883
    -10574856.4763 3832423.65717
    -10574911.6907 3832365.30138
    -10574966.3486 3832319.8844
    -10575084.1246 3832190.63179
    -10575104.2735 3832164.22694
    -10575113.8469 3832146.40369
    -10575129.543 3832116.96239
    -10575159.9332 3832060.06036
    -10575188.8763 3832016.75691
    -10575230.7324 3831994.44513
    -10575253.3303 3831989.95638
    -10575333.2576 3831973.84968
    -10575373.11 3831969.757
    -10575631.0373 3831942.82455
    -10575723.5438 3831928.69824
    -10575883.2872 3831884.07506
    -10575948.4092 3831836.54759
    -10575989.9313 3831797.86565
    -10576059.7286 3831720.89822
    -10576244.853 3831428.61134
    -10576293.0543 3831364.31975
    -10576318.5465 3831343.19733
    -10576463.9297 3831298.97239
    -10576567.7908 3831288.41124
    -10576643.1541 3831298.84038
    -10576889.5041 3831365.37587
    -10576911.4341 3831371.84462
    -10576933.364 3831378.44539
    -10577184.2781 3831498.44797
    -10577296.4882 3831552.04688
    -10577350.8121 3831588.21968
    -10577457.6788 3831674.16352
    -10577655.2709 3831805.3908
    -10577688.5554 3831856.21866
    -10577744.3265 3831907.17876
    -10577770.1526 3831918.53259
    -10577840.7292 3831988.10806
    -10577853.3083 3832008.17545
    -10577853.8649 3832042.3693
    -10577838.6141 3832074.71492
    -10577815.3483 3832104.68421
    -10577636.2353 3832253.87165
    -10577529.5912 3832386.82169
    -10577384.2079 3832529.80736
    -10577317.9728 3832622.09543
    -10577288.0279 3832681.11264
    -10577128.1731 3833220.3349
    -10577070.287 3833385.24886
    -10577059.155 3833455.09701
    -10577065.5002 3833501.57465
    -10577139.3051 3833752.84755
    -10577210.2156 3833922.25839
    -10577236.9323 3834007.69097
    -10577257.3037 3834113.98738
    -10577266.2093 3834236.26245
    -10577251.7377 3834343.8814
    -10577226.9135 3834415.18774
    -10577160.7897 3834550.93507
    -10577042.5684 3834721.94196
    -10577025.5365 3834760.63343
    -10577028.9874 3834783.87478
    -10577038.0043 3834800.38146
    -10577070.3983 3834819.66128
    -10577116.3732 3834831.54612
    -10577168.3595 3834836.82827
    -10577286.9147 3834836.82827
    -10577429.2923 3834798.92887
    -10577453.0034 3834800.38146
    -10577469.924 3834808.56878
    -10577516.9008 3834855.44788
    -10577543.9514 3834899.68608
    -10577555.9739 3834940.35896
    -10577566.3266 3835029.23233
    -10577605.2885 3835160.89291
    -10577633.4523 3835220.31893
    -10577686.4404 3835292.81908
    -10577975.9824 3835380.90273
    -10578042.2175 3835384.6004
    -10578134.2787 3835362.01817
    -10578182.3687 3835342.20923
    -10578231.5719 3835305.10056
    -10578271.313 3835252.27704
    -10578298.3636 3835208.03753
    -10578312.3899 3835173.04221
    -10578324.1897 3835003.61349
    -10578366.2685 3834795.62753
    -10578443.0789 3834659.8774
    -10578461.6693 3834611.41445
    -10578474.805 3834551.46328
    -10578475.3616 3834495.07776
    -10578464.341 3834464.04604
    -10578431.5017 3834412.01856
    -10578382.1872 3834368.17833
    -10578211.4231 3834266.36925
    -10578107.1167 3834222.13341
    -10578042.4401 3834182.91551
    -10578031.4195 3834162.58035
    -10578037.7647 3834120.85377
    -10578081.4019 3834042.55081
    -10578114.2412 3834008.48324
    -10578189.1592 3833967.81355
    -10578272.2035 3833932.55781
    -10578384.1909 3833892.68064
    -10578511.7631 3833902.84799
    -10578582.6736 3833898.09442
    -10578731.5077 3833851.61523
    -10578793.8467 3833829.82817
    -10578856.4082 3833808.04115
    -10579109.994 3833704.3883
    -10579182.3517 3833666.7566
    -10579214.857 3833649.85538
    -10579490.3727 3833546.60004
    -10579588.8905 3833489.95523
    -10579721.5833 3833438.46018
    -10579889.0078 3833385.90905
    -10579953.6844 3833371.51694
    -10580047.3041 3833364.78303
    -10580112.6487 3833375.47807
    -10580138.8087 3833386.83331
    -10580168.4197 3833410.20401
    -10580194.1345 3833454.96497
    -10580197.3628 3833506.72418
    -10580173.5404 3833845.27717
    -10580217.5116 3833969.66217
    -10580255.9168 3834034.76015
    -10580354.212 3834161.92012
    -10580465.9767 3834199.42134
    -10580492.5821 3834226.22687
    -10580508.946 3834254.48498
    -10580508.1668 3834287.36482
    -10580501.7103 3834305.05923
    -10580467.0899 3834337.01488
    -10580427.5715 3834352.20045
    -10580376.2532 3834348.10695
    -10580339.6291 3834358.01058
    -10580306.9012 3834384.94852
    -10580270.611 3834445.69114
    -10580209.3853 3834522.80831
    -10580196.8062 3834548.29406
    -10580202.8174 3834594.51188
    -10580261.9281 3834661.99023
    -10580307.5691 3834695.39941
    -10580344.8611 3834700.02124
    -10580383.9343 3834683.38266
    -10580404.8623 3834664.36716
    -10580448.9448 3834560.31068
    -10580488.3519 3834513.43274
    -10580513.1762 3834499.96362
    -10580591.4338 3834480.02407
    -10580621.7127 3834466.55498
    -10580635.405 3834453.35001
    -10580651.5463 3834409.24553
    -10580663.3462 3834325.13054
    -10580676.7045 3834294.89155
    -10580747.7264 3834248.4108
    -10580857.1534 3834202.45842
    -10580934.4091 3834179.35025
    -10580999.7537 3834167.33402
    -10581266.2525 3834172.21974
    -10581299.0918 3834176.44522
    -10581336.7178 3834192.819
    -10581385.2531 3834230.71647
    -10581406.8491 3834261.48349
    -10581428.1111 3834303.73875
    -10581470.9691 3834433.01439
    -10581513.1592 3834470.38443
    -10581568.5963 3834482.66506
    -10581634.1635 3834473.55362
    -10581745.483 3834420.60176
    -10581766.8563 3834402.24693
    -10581789.2315 3834355.36961
    -10581894.0945 3834233.8856
    -10581923.5941 3834210.11713
    -10581972.3521 3834186.08462
    -10582073.4302 3834160.99579
    -10582171.614 3834144.35796
    -10582252.3206 3834141.45295
    -10582398.7057 3834157.43054
    -10582436.6657 3834155.44985
    -10582530.9533 3834142.90545
    -10582683.461 3834101.97122
    -10582690.2515 3834100.12258
    -10582691.476 3834099.85849
    -10582740.9018 3834101.17894
    -10582776.1901 3834114.9117
    -10582887.9549 3834176.84136
    -10583014.9704 3834229.1319
    -10583055.602 3834268.61405
    -10583090.2224 3834313.51031
    -10583147.4406 3834405.9443
    -10583162.6914 3834440.27711
    -10583200.0947 3834489.26756
    -10583258.9828 3834543.80434
    -10583299.837 3834554.36839
    -10583341.5818 3834545.65305
    -10583376.4248 3834530.86339
    -10583390.785 3834518.5827
    -10583401.917 3834497.71876
    -10583402.9189 3834460.34865
    -10583351.4892 3834344.27754
    -10583352.1572 3834306.51176
    -10583370.5249 3834258.1823
    -10583392.6775 3834227.54734
    -10583414.1621 3834208.92871
    -10583565.1113 3834106.59282
    -10583654.1669 3834052.85032
    -10583689.5665 3834023.1402
    -10583736.432 3834018.1225
    -10583769.0487 3834024.32861
    -10583788.5296 3834037.79719
    -10583810.1255 3834077.80688
    -10583813.9104 3834119.53331
    -10583792.3144 3834181.85913
    -10583787.0824 3834214.34264
    -10583793.8729 3834251.18379
    -10583811.2387 3834284.59182
    -10583838.846 3834317.0756
    -10583909.7565 3834380.06271
    -10583967.1974 3834422.0543
    -10584044.6757 3834468.13958
    -10584250.5055 3834575.36448
    -10584416.3715 3834615.64009
    -10584595.9298 3834629.7696
    -10584639.0105 3834645.08759
    -10584671.961 3834684.43908
    -10584688.1024 3834740.16523
    -10584689.5495 3835129.19916
    -10584652.5915 3835255.97468
    -10584438.5241 3835579.25841
    -10584269.0958 3835864.25195
    -10584248.0564 3835911.53143
    -10584209.3172 3836038.18325
    -10584143.9727 3836136.04549
    -10584137.7388 3836163.64781
    -10584139.6312 3836224.92783
    -10584175.3648 3836361.62038
    -10584172.4705 3836380.24239
    -10584143.1935 3836422.90142
    -10584136.403 3836454.99485
    -10584139.8539 3836506.63508
    -10584158.7782 3836533.31375
    -10584251.396 3836519.18197
    -10584383.8662 3836515.88015
    -10584423.0507 3836500.2956
    -10584461.4559 3836458.82493
    -10584507.8761 3836387.77044
    -10584539.6022 3836314.20704
    -10584555.1869 3836240.77616
    -10584564.983 3836224.79576
    -10584614.6315 3836188.87295
    -10584749.2168 3836118.87662
    -10584776.7127 3836112.53735
    -10584809.5519 3836113.85803
    -10584848.4024 3836130.36656
    -10584896.3811 3836175.9302
    -10584913.413 3836214.62642
    -10584918.3111 3836242.22892
    -10584921.5393 3836336.13073
    -10584902.615 3836432.67472
    -10584872.5588 3836511.52176
    -10584831.2592 3836550.087
    -10584795.971 3836605.55778
    -10584778.3825 3836644.12332
    -10584759.7921 3836707.38694
    -10584761.128 3836726.00949
    -10584773.7071 3836746.0849
    -10584800.9803 3836762.46223
    -10584819.7933 3836760.61317
    -10584880.7964 3836735.25474
    -10584934.4524 3836706.19827
    -10584955.0465 3836680.31166
    -10585007.2554 3836554.70956
    -10585022.3948 3836536.87971
    -10585043.4342 3836526.57804
    -10585087.4054 3836542.03055
    -10585211.6379 3836619.55758
    -10585303.6992 3836657.46281
    -10585382.6247 3836672.38719
    -10585572.0905 3836673.17964
    -10585652.7971 3836703.29263
    -10585696.5456 3836731.55664
    -10585733.1698 3836739.74529
    -10585788.8295 3836728.51892
    -10585858.6268 3836698.80209
    -10585887.5699 3836673.17964
    -10585890.0189 3836671.06645
    -10585904.4904 3836658.25525
    -10585923.7487 3836615.59537
    -10585912.7281 3836541.63433
    -10585919.9639 3836505.05021
    -10585959.7049 3836436.10858
    -10585991.2083 3836407.84527
    -10586041.97 3836398.73235
    -10586088.0563 3836407.84527
    -10586123.0106 3836431.88229
    -10586185.6835 3836495.54099
    -10586226.5377 3836519.31404
    -10586258.3751 3836527.89876
    -10586328.6177 3836500.82389
    -10586345.9835 3836478.89989
    -10586343.9798 3836454.59863
    -10586284.2012 3836331.64033
    -10586206.055 3836197.06123
    -10586192.8079 3836147.27131
    -10586191.6947 3836016.12804
    -10586182.5665 3835984.432
    -10586159.5234 3835943.62347
    -10586120.5616 3835919.05918
    -10586086.0525 3835887.09927
    -10586076.2564 3835871.11935
    -10586071.0244 3835839.0275
    -10586075.1432 3835806.40748
    -10586091.6185 3835783.69238
    -10586150.0612 3835743.54486
    -10586179.1156 3835707.09526
    -10586211.8436 3835680.02226
    -10586264.275 3835658.89215
    -10586296.7803 3835653.60963
    -10586315.1481 3835657.43946
    -10586352.774 3835692.56827
    -10586366.5777 3835722.41464
    -10586372.0323 3835759.26048
    -10586368.4701 3835777.48535
    -10586359.1192 3835907.17325
    -10586333.961 3835957.35836
    -10586330.2875 3835975.84767
    -10586344.6477 3836020.22212
    -10586360.4551 3836037.52292
    -10586373.9247 3836042.0132
    -10586429.8071 3836034.3533
    -10586561.4981 3835971.48947
    -10586689.6268 3835939.13322
    -10586803.0614 3835880.36393
    -10586847.8118 3835865.1764
    -10586894.9 3835860.55412
    -10586961.3577 3835863.19543
    -10587053.9755 3835882.60904
    -10587057.6491 3835883.40143
    -10587154.2744 3835903.47541
    -10587181.8816 3835910.8711
    -10587304.8896 3835919.71951
    -10587360.6607 3835929.75653
    -10587423.5562 3835951.01918
    -10587522.6306 3835963.30135
    -10587687.4947 3835958.81109
    -10587710.8718 3835954.71704
    -10587761.9675 3835930.81306
    -10587898.5565 3835846.55521
    -10587930.1712 3835805.61509
    -10587993.7347 3835689.79494
    -10588056.8528 3835607.25562
    -10588063.532 3835580.05078
    -10588052.1774 3835554.69488
    -10588015.6646 3835524.71687
    -10587970.6915 3835510.19011
    -10587938.1862 3835489.98473
    -10587929.7259 3835458.55422
    -10587953.103 3835377.07299
    -10588003.1968 3835302.7235
    -10588075.8884 3835234.44916
    -10588105.0541 3835197.34083
    -10588113.0691 3835170.40105
    -10588105.2768 3835128.80299
    -10588118.5238 3835107.01358
    -10588184.3136 3835079.80989
    -10588295.7444 3835056.30384
    -10588338.8251 3835036.36336
    -10588381.3491 3835006.2546
    -10588402.0545 3834959.11079
    -10588405.1715 3834893.34747
    -10588425.4316 3834806.19181
    -10588438.2334 3834775.81954
    -10588459.1614 3834756.53979
    -10588489.9969 3834744.25887
    -10588546.4359 3834736.46775
    -10588574.8224 3834734.22285
    -10588631.1501 3834741.88191
    -10588677.2363 3834766.17966
    -10588710.1869 3834799.9853
    -10588735.6791 3834845.41178
    -10588757.0524 3834902.98745
    -10588781.654 3835037.55186
    -10588795.5689 3835082.71514
    -10588812.0442 3835105.69301
    -10588882.7321 3835175.41924
    -10588911.0073 3835229.82712
    -10588926.592 3835303.77997
    -10588929.9316 3835405.06972
    -10588925.3675 3835437.95275
    -10588869.3738 3835607.51974
    -10588875.8303 3835649.25155
    -10588898.8734 3835678.96575
    -10588918.577 3835692.17208
    -10588946.0729 3835699.6997
    -10589003.0685 3835700.75621
    -10589135.7613 3835649.64774
    -10589266.1164 3835622.839
    -10589285.1521 3835620.726
    -10589286.1539 3835620.59393
    -10589384.3377 3835610.02893
    -10589599.7409 3835619.53743
    -10589756.7014 3835618.74506
    -10589944.3861 3835596.82269
    -10589945.9446 3835596.82269
    -10589972.7726 3835589.4272
    -10590133.7405 3835544.65818
    -10590194.7436 3835516.52906
    -10590200.3096 3835514.01989
    -10590250.1807 3835490.90916
    -10590352.8173 3835469.64733
    -10590371.2963 3835465.81757
    -10590428.0693 3835462.91223
    -10590473.5989 3835486.28702
    -10590622.9897 3835595.76619
    -10590698.9096 3835635.12083
    -10590910.3053 3835721.62226
    -10590946.9294 3835746.58233
    -10590966.4103 3835776.1647
    -10591010.3815 3835870.59108
    -10591053.3509 3836010.71329
    -10591089.975 3836215.55091
    -10591100.439 3836333.09311
    -10591099.8824 3836408.90184
    -10591085.7448 3836535.69106
    -10591040.8831 3836815.95286
    -10591022.2927 3836899.16098
    -10591009.0457 3836934.55763
    -10591013.4985 3837003.238
    -10591038.768 3837059.23921
    -10591086.5241 3837129.63733
    -10591226.1187 3837297.64354
    -10591264.0787 3837350.3441
    -10591264.7466 3837351.40075
    -10591303.7084 3837367.51476
    -10591351.4645 3837406.21487
    -10591369.6095 3837460.10465
    -10591416.0298 3837547.80816
    -10591419.258 3837566.43203
    -10591417.8109 3837608.83116
    -10591385.7509 3837766.01307
    -10591385.7509 3837874.85286
    -10591414.026 3837974.57951
    -10591462.45 3838066.11743
    -10591548.3886 3838218.02174
    -10591569.0941 3838310.08991
    -10591579.2241 3838325.80894
    -10591591.8032 3838332.54567
    -10591624.5312 3838336.11218
    -10591664.9401 3838321.97825
    -10591819.8969 3838220.66357
    -10591872.8849 3838201.37822
    -10591924.5372 3838209.43579
    -10591958.601 3838226.34351
    -10591982.312 3838272.44359
    -10591995.7817 3838285.65281
    -10592059.5677 3838316.82664
    -10592114.8935 3838361.60613
    -10592135.1537 3838392.78016
    -10592130.1443 3838444.42883
    -10592113.7803 3838478.37705
    -10592057.23 3838548.38732
    -10592039.8642 3838582.07166
    -10592031.4039 3838623.28556
    -10592046.2094 3838657.89478
    -10592065.245 3838669.78347
    -10592105.988 3838646.2703
    -10592189.4776 3838537.42342
    -10592263.0598 3838470.58348
    -10592362.3567 3838414.7077
    -10592429.1484 3838381.94849
    -10592429.1484 3838385.38292
    -10592428.9258 3838398.0639
    -10592428.9258 3838399.38483
    -10592428.9258 3838400.70577
    -10592428.9258 3838401.63042
    -10592428.8145 3838402.29089
    -10592428.8145 3838405.85742
    -10592428.8145 3838407.57464
    -10592428.8145 3838408.76348
    -10592425.5862 3838665.29218
    -10592420.4655 3839075.19484
    -10592416.9033 3839356.30934
    -10592413.3411 3839637.43051
    -10592411.8939 3839753.02503
    -10592410.4468 3839868.75279
    -10592410.4468 3839882.49223
    -10592410.4468 3839895.43903
    -10592410.3354 3839908.51796
    -10592410.1128 3840055.82197
    -10592410.0015 3840122.27452
    -10592404.6582 3840139.44919
    -10592405.66 3840187.4063
    -10592404.6582 3840210.6583
    -10592403.9902 3840214.4896
    -10592400.2054 3840237.47743
    -10592404.4355 3840277.77229
    -10592404.6582 3840279.62189
    -10592405.4374 3840287.41665
    -10592402.0978 3840674.51885
    -10592379.5 3843268.95864
    -10592379.5 3843271.20516
    -10592376.717 3843540.5257
    -10592374.2679 3843770.86703
    -10592367.3661 3844420.02287
    -10592367.4774 3844455.83849
    -10592368.2567 3844760.07739
    -10592370.4831 3845652.35396
    -10592370.0378 3845712.49352
    -10592362.6907 3846761.61457
    -10592362.6907 3846768.22392
    -10592362.3567 3846809.99508
    -10592361.9115 3846882.8306
    -10592362.5794 3847353.8268
    -10592362.6907 3847408.55505
    -10592362.6907 3847421.64228
    -10592362.802 3847468.83574
    -10592361.2436 3847634.08042
    -10592360.2417 3847744.20077
    -10592358.6832 3847903.23591
    -10592358.4606 3847940.64848
    -10592353.7851 3848563.45955
    -10592353.6738 3848586.06698
    -10592353.3399 3848628.50561
    -10592353.3399 3848631.41418
    -10592353.3399 3848632.47184
    -10592353.3399 3848633.26509
    -10592353.2286 3848635.77703
    -10592353.2286 3848640.1399
    -10592353.2286 3848640.93314
    -10592361.5775 3848712.45785
    -10592362.6907 3848736.65207
    -10592358.6832 3848774.99274
    -10592360.353 3848817.56426
    -10592361.4662 3848876.79444
    -10592361.2436 3848972.51528
    -10592361.1322 3849015.21972
    -10592361.1322 3849041.52996
    -10592361.0209 3849080.66489
    -10592357.3474 3849738.83877
    -10592354.5644 3850385.67773
    -10592354.5644 3850386.60332
    -10592354.5644 3850388.58673
    -10592354.1191 3850517.24477
    -10592354.787 3850829.57359
    -10592356.1229 3851490.75415
    -10592355.0097 3851578.29723
    -10592354.8983 3851586.23168
    -10592354.6757 3851602.89404
    -10592352.672 3851762.90681
    -10592352.338 3852140.2017
    -10592352.338 3852176.43746
    -10592352.338 3852277.73947
    -10592352.2267 3852378.9101
    -10592352.2267 3852410.91458
    -10592352.2267 3852442.91915
    -10592351.5588 3853510.75769
    -10592350.5569 3853721.71814
    -10592346.2154 3854670.62384
    -10592344.5456 3855020.49749
    -10592344.5456 3855026.45006
    -10592343.5438 3855232.14633
    -10592342.3192 3855497.10955
    -10592341.9853 3855568.14664
    -10592340.2042 3855961.04102
    -10592336.1967 3856844.77045
    -10592330.9647 3859324.46107
    -10592330.8533 3859343.78092
END
END
