48455 Trinity County
1
    -10604741.4181 3655590.81856
    -10604388.6466 3655874.59045
    -10604078.9558 3656124.14857
    -10603541.7279 3656557.04892
    -10603331.1115 3656726.59595
    -10603205.4317 3656827.96094
    -10603193.4092 3656837.32976
    -10602977.5608 3657005.31915
    -10602976.2249 3657006.36015
    -10602954.5176 3657023.92695
    -10602916.335 3657054.37613
    -10602736.4427 3657197.9047
    -10602676.5528 3657245.92142
    -10602676.2189 3657246.31181
    -10602658.4078 3657260.10526
    -10602604.7518 3657302.91714
    -10602587.052 3657317.49142
    -10602527.4961 3657364.46759
    -10602435.3235 3657438.12034
    -10602349.6075 3657506.95874
    -10602294.1704 3657551.59329
    -10602290.8308 3657554.45615
    -10602290.3855 3657554.71641
    -10602202.7771 3657624.5965
    -10601940.3971 3657834.23916
    -10601940.0631 3657834.49942
    -10601931.6028 3657841.39648
    -10601922.6973 3657848.42367
    -10601893.4202 3657871.71755
    -10601853.4565 3657904.25097
    -10601852.6773 3657904.7715
    -10601807.3703 3657941.0789
    -10601800.9137 3657946.024
    -10601794.3459 3657951.09924
    -10601677.9057 3658044.14565
    -10601667.9983 3658052.21404
    -10601217.8222 3658412.43413
    -10601154.0362 3658463.44881
    -10600979.7099 3658603.34984
    -10600979.5985 3658603.47998
    -10600492.1305 3658992.99887
    -10600334.1681 3659119.5008
    -10599796.9403 3659549.38283
    -10599786.2536 3659557.97282
    -10599775.4556 3659566.56281
    -10599478.0099 3659804.61206
    -10599035.181 3660159.02632
    -10599030.3942 3660162.67074
    -10598739.6277 3660396.30607
    -10598731.8354 3660402.4236
    -10598724.043 3660408.41097
    -10598543.8168 3660553.1501
    -10598543.5941 3660553.28026
    -10598490.8287 3660595.45277
    -10598332.421 3660722.23151
    -10598279.7669 3660764.53476
    -10598056.0147 3660943.64185
    -10597776.8255 3661167.13887
    -10597759.5709 3661180.93672
    -10597742.3164 3661194.73459
    -10597384.6469 3661480.84858
    -10597161.006 3661660.09626
    -10597159.4476 3661661.398
    -10597020.2982 3661772.56673
    -10596812.7987 3661938.80101
    -10596769.4954 3661973.55819
    -10596728.5298 3662007.14387
    -10596712.6111 3662019.38054
    -10596703.7056 3662026.14976
    -10596598.3973 3662110.50502
    -10596457.9121 3662223.10979
    -10596266.5539 3662375.94149
    -10595692.8133 3662835.22911
    -10595505.6852 3662985.20429
    -10595501.6777 3662988.45898
    -10595498.4494 3662991.19292
    -10595148.2383 3663271.49011
    -10594088.1428 3664120.36219
    -10593746.058 3664394.4354
    -10593734.8148 3664403.41938
    -10593515.1814 3664579.19413
    -10592856.504 3665106.79391
    -10592636.9819 3665282.83915
    -10592585.8863 3665312.78792
    -10592433.0446 3665402.7649
    -10592382.0603 3665432.84418
    -10592377.7188 3665435.44845
    -10592376.2717 3665436.22973
    -10592358.9058 3665446.38639
    -10592353.1172 3665449.90216
    -10592325.2874 3665466.30909
    -10592101.5352 3665660.71991
    -10591355.472 3666309.21225
    -10591228.6791 3666419.51144
    -10591097.99 3666509.88719
    -10591051.6811 3666541.79233
    -10590987.895 3666586.06899
    -10590915.8713 3666643.36844
    -10590871.5661 3666678.92028
    -10590710.0415 3666807.71515
    -10590225.4678 3667194.49858
    -10590064.0545 3667323.4291
    -10590057.7093 3667328.50821
    -10589909.2091 3667450.01674
    -10589445.0069 3667830.56891
    -10589290.3841 3667957.42226
    -10589290.3841 3667961.4597
    -10589290.3841 3667973.57206
    -10589290.3841 3667977.73975
    -10589157.4686 3668084.92812
    -10588759.6127 3668406.88956
    -10588627.2539 3668514.47241
    -10588545.434 3668579.85615
    -10588300.4198 3668777.18171
    -10588218.934 3668843.21809
    -10587776.773 3669199.06525
    -10587434.7995 3669474.42405
    -10587417.0997 3669488.62199
    -10587399.3999 3669502.81996
    -10586816.0858 3669972.40408
    -10586808.4047 3669978.65664
    -10586800.835 3669984.77894
    -10586450.2899 3670266.79885
    -10586008.1289 3670622.81752
    -10586005.5685 3670624.90182
    -10585832.2441 3670764.42021
    -10585304.701 3671189.75916
    -10585128.9276 3671331.62894
    -10584976.9765 3671453.95874
    -10584521.2345 3671821.47658
    -10584369.3947 3671944.07182
    -10584368.0588 3671945.11408
    -10584278.558 3672017.16054
    -10584006.0479 3672236.82015
    -10583919.4413 3672306.78374
    -10583915.3225 3672310.0409
    -10583738.9924 3672452.05391
    -10583567.8943 3672590.15988
    -10583210.3361 3672878.49367
    -10583035.3419 3673019.6012
    -10583034.1174 3673020.64355
    -10582840.5328 3673176.60641
    -10582259.779 3673644.76747
    -10582066.3057 3673800.99885
    -10581518.3912 3674242.47078
    -10581423.7696 3674318.96119
    -10581108.0675 3674573.32453
    -10580970.8106 3674684.08891
    -10580188.7912 3675315.07399
    -10579875.6495 3675567.50317
    -10579328.2915 3676009.16899
    -10579328.1802 3676009.29932
    -10579179.9026 3676126.33235
    -10579152.4067 3676149.53057
    -10579034.1854 3676244.93044
    -10578991.884 3676279.20681
    -10578154.4275 3676955.50037
    -10577861.3233 3677192.58339
    -10577771.7111 3677264.53033
    -10577503.4311 3677481.02537
    -10577414.1529 3677553.23469
    -10577198.6384 3677726.46057
    -10576931.1376 3677942.83343
    -10576917.0 3677953.91286
    -10576903.0851 3677964.99231
    -10576553.2079 3678247.06534
    -10576338.25 3678421.08313
    -10576274.2413 3678472.57201
    -10576082.2152 3678627.56138
    -10576018.3178 3678679.31184
    -10575984.3653 3678706.55587
    -10575928.8169 3678751.2675
    -10575882.508 3678788.80975
    -10575848.6669 3678816.18438
    -10575557.0098 3679051.47837
    -10575375.2251 3679198.2624
    -10574689.0518 3679768.46854
    -10574400.289 3680008.60444
    -10574356.3178 3680044.45575
    -10574224.4042 3680152.53179
    -10574180.5443 3680188.64426
    -10574145.256 3680217.4561
    -10574039.5025 3680304.28311
    -10574004.3256 3680333.22559
    -10572504.5181 3681569.99366
    -10572485.4824 3681586.031
    -10571830.2559 3682138.61509
    -10571700.2347 3682248.27432
    -10571147.0882 3682714.95635
    -10570959.1809 3682873.52015
    -10570703.48 3683089.33191
    -10570696.4669 3683095.19996
    -10570688.4519 3683101.98081
    -10570677.9879 3683101.068
    -10570611.1962 3683095.46076
    -10570577.0211 3683084.37667
    -10570564.108 3683073.423
    -10570566.557 3683053.21088
    -10570585.704 3683028.69559
    -10570637.0223 3682974.84036
    -10570635.9091 3682943.41406
    -10570618.3206 3682914.72621
    -10570537.8366 3682853.30837
    -10570454.1244 3682807.66898
    -10570413.3814 3682800.49709
    -10570361.9518 3682820.96958
    -10570299.1676 3682838.83414
    -10570264.5473 3682836.48697
    -10570217.0138 3682827.2287
    -10570181.6143 3682811.18973
    -10570144.7675 3682764.63771
    -10570094.1171 3682669.83906
    -10570038.7913 3682508.53961
    -10570022.5387 3682494.84816
    -10569982.241 3682487.15488
    -10569892.6289 3682517.66725
    -10569863.0179 3682518.18883
    -10569838.4163 3682509.58277
    -10569813.4807 3682487.02448
    -10569757.0417 3682387.925
    -10569746.1324 3682332.63826
    -10569745.4645 3682292.99887
    -10569755.038 3682246.84
    -10569783.5358 3682223.49985
    -10569834.854 3682195.72643
    -10569947.0641 3682184.51277
    -10570017.8633 3682159.73843
    -10570151.7806 3682194.81369
    -10570151.7806 3682195.07448
    -10570151.8919 3682195.33526
    -10570160.1296 3682220.24006
    -10570188.2934 3682256.61941
    -10570189.6293 3682258.05372
    -10570205.214 3682276.56942
    -10570242.3947 3682296.64986
    -10570286.5885 3682310.21069
    -10570307.294 3682315.29601
    -10570328.6673 3682316.73033
    -10570341.5804 3682310.99305
    -10570347.5916 3682305.51656
    -10570354.6047 3682299.25771
    -10570371.5253 3682265.74686
    -10570378.4271 3682252.05569
    -10570409.04 3682191.94508
    -10570451.0074 3682092.97837
    -10570477.9467 3682054.38287
    -10570493.8654 3682049.42806
    -10570509.2275 3682073.41983
    -10570529.1537 3682089.32744
    -10570564.9986 3682100.14984
    -10570586.7059 3682097.54203
    -10570599.1737 3682085.67651
    -10570610.1943 3682057.77301
    -10570616.5395 3682027.65295
    -10570616.3169 3682010.31114
    -10570601.6227 3681963.11022
    -10570590.8247 3681937.94517
    -10570589.0436 3681902.08832
    -10570590.0455 3681890.61415
    -10570604.517 3681867.14428
    -10570612.198 3681846.28223
    -10570612.866 3681818.50966
    -10570603.1812 3681792.17142
    -10570600.5095 3681770.26639
    -10570607.4113 3681738.06085
    -10570615.5376 3681709.89738
    -10570623.8866 3681661.13299
    -10570622.8847 3681647.70326
    -10570620.881 3681618.49691
    -10570603.7378 3681546.00287
    -10570583.5889 3681497.76067
    -10570568.3382 3681478.33346
    -10570542.846 3681469.59775
    -10570535.7216 3681470.90159
    -10570510.786 3681475.98655
    -10570496.871 3681471.55351
    -10570441.2113 3681444.82486
    -10570415.4965 3681422.13815
    -10570383.6591 3681375.33065
    -10570377.5366 3681352.38331
    -10570379.6516 3681340.77927
    -10570389.1138 3681325.7853
    -10570423.6228 3681294.88476
    -10570497.0937 3681220.82806
    -10570501.4351 3681204.53043
    -10570499.7654 3681181.45303
    -10570487.9655 3681163.19974
    -10570463.0299 3681116.26285
    -10570452.7885 3681088.7527
    -10570446.332 3681053.02872
    -10570445.8867 3681026.43136
    -10570448.8923 3680998.66066
    -10570456.4621 3680975.45326
    -10570491.1938 3680923.95386
    -10570567.6702 3680821.99872
    -10570622.996 3680766.71906
    -10570633.0148 3680746.90188
    -10570637.1336 3680719.13181
    -10570632.0129 3680693.83893
    -10570584.7021 3680649.51134
    -10570557.6515 3680615.35313
    -10570543.4026 3680589.01747
    -10570533.6065 3680559.16177
    -10570530.9348 3680532.69587
    -10570530.6009 3680514.1828
    -10570536.0555 3680499.05948
    -10570574.6834 3680476.37452
    -10570718.5082 3680414.9689
    -10570753.7964 3680394.6308
    -10570765.0397 3680380.5506
    -10570783.7414 3680331.66113
    -10570791.0885 3680288.76893
    -10570787.8602 3680236.88131
    -10570742.7758 3680063.22884
    -10570718.7308 3680002.34676
    -10570697.5801 3679976.14279
    -10570669.6389 3679961.67197
    -10570639.5826 3679951.76403
    -10570613.0886 3679948.76557
    -10570577.5777 3679952.93733
    -10570550.1931 3679964.93116
    -10570520.5821 3679982.79156
    -10570487.7429 3680012.25475
    -10570457.4639 3680052.1475
    -10570421.8417 3680119.80903
    -10570411.6003 3680128.0223
    -10570396.6835 3680128.28304
    -10570381.5441 3680120.46087
    -10570310.8562 3680018.90353
    -10570302.3959 3679997.13204
    -10570299.6129 3679971.71029
    -10570303.9544 3679955.54469
    -10570324.1032 3679926.212
    -10570438.5396 3679827.13322
    -10570452.1206 3679805.49244
    -10570456.2394 3679789.84852
    -10570454.013 3679773.5528
    -10570429.7454 3679753.34613
    -10570360.3934 3679733.79132
    -10570305.1789 3679734.83424
    -10570262.7662 3679742.39543
    -10570237.7193 3679753.34613
    -10570204.6574 3679768.85963
    -10570188.5161 3679770.29366
    -10570173.4879 3679765.99159
    -10570164.0258 3679749.95663
    -10570155.5655 3679722.44954
    -10570148.9976 3679678.64693
    -10570135.6393 3679637.32138
    -10570121.5017 3679601.73199
    -10570107.1415 3679519.86374
    -10570094.0058 3679492.48754
    -10570083.4305 3679479.97273
    -10570062.5024 3679469.93481
    -10570040.6838 3679470.3259
    -10570020.0897 3679476.45293
    -10569984.6901 3679492.09645
    -10569946.1735 3679520.51556
    -10569913.5569 3679561.44961
    -10569906.2098 3679573.70379
    -10569871.0329 3679632.75863
    -10569853.7783 3679663.13354
    -10569846.9879 3679667.82666
    -10569840.0861 3679666.78374
    -10569818.0448 3679656.74567
    -10569772.2925 3679604.46963
    -10569763.8322 3679583.87215
    -10569763.6096 3679567.5767
    -10569775.7434 3679542.02548
    -10569795.7809 3679505.78455
    -10569815.0392 3679420.00608
    -10569852.7765 3679346.48216
    -10569896.859 3679300.72547
    -10569919.5682 3679285.21256
    -10569941.3868 3679282.60535
    -10569963.2054 3679284.4304
    -10569981.7958 3679295.64141
    -10570036.8989 3679351.30552
    -10570053.0402 3679355.60744
    -10570070.2948 3679355.34672
    -10570087.438 3679352.73949
    -10570101.9095 3679341.91952
    -10570115.8244 3679331.49063
    -10570156.2334 3679276.34805
    -10570199.314 3679237.5007
    -10570242.3947 3679206.73578
    -10570356.8311 3679145.7276
    -10570401.1363 3679116.00577
    -10570423.7341 3679089.02155
    -10570425.7379 3679076.37678
    -10570426.0719 3679030.09968
    -10570417.5003 3679000.24778
    -10570402.9174 3678954.23167
    -10570403.808 3678936.8942
    -10570418.5021 3678925.16209
    -10570443.7717 3678925.81387
    -10570633.2374 3679004.41921
    -10570662.2918 3679022.40857
    -10570663.8503 3679045.48191
    -10570653.7202 3679057.21413
    -10570592.2719 3679096.45198
    -10570551.4176 3679129.56309
    -10570549.8591 3679165.41183
    -10570569.7853 3679188.09436
    -10570592.2719 3679196.56773
    -10570613.9792 3679198.9142
    -10570626.7809 3679197.34988
    -10570638.3581 3679194.09089
    -10570653.6089 3679181.96746
    -10570688.3406 3679129.43273
    -10570731.5325 3679039.6158
    -10570748.1191 3679001.29063
    -10570747.7852 3678980.43345
    -10570729.8627 3678946.14954
    -10570604.7396 3678824.78785
    -10570578.5796 3678779.03311
    -10570571.3438 3678759.47986
    -10570569.7853 3678735.23386
    -10570569.34 3678710.98792
    -10570576.9098 3678685.43848
    -10570588.153 3678669.01387
    -10570598.5057 3678665.36396
    -10570679.9916 3678658.19449
    -10570762.4794 3678645.15912
    -10570784.4093 3678648.15725
    -10570790.3092 3678656.23919
    -10570795.4299 3678687.26344
    -10570796.3205 3678736.92847
    -10570810.5694 3678759.87092
    -10570827.0447 3678781.50986
    -10570845.5237 3678788.02762
    -10570878.8082 3678788.67939
    -10570906.3041 3678782.42234
    -10570956.2866 3678743.31586
    -10571020.8519 3678691.30442
    -10571039.7762 3678654.02317
    -10571050.5742 3678614.52603
    -10571056.9194 3678456.14769
    -10571043.4497 3678343.13328
    -10571043.6724 3678290.08074
    -10571050.6855 3678232.20551
    -10571056.5854 3678177.71961
    -10571048.1252 3678153.60512
    -10571020.184 3678135.61704
    -10570993.6899 3678132.61903
    -10570939.0321 3678144.48073
    -10570910.6456 3678146.95735
    -10570865.8952 3678142.39515
    -10570827.0447 3678133.66182
    -10570799.6601 3678134.18321
    -10570771.051 3678138.61505
    -10570740.1041 3678162.72951
    -10570662.6258 3678229.07712
    -10570529.4877 3678322.66827
    -10570498.3182 3678335.96401
    -10570485.7391 3678337.52821
    -10570466.9261 3678334.53015
    -10570444.6622 3678322.14687
    -10570392.4534 3678275.48156
    -10570376.8686 3678257.754
    -10570373.3064 3678244.328
    -10570373.0838 3678233.63935
    -10570396.3495 3678188.27786
    -10570450.4508 3678078.00323
    -10570492.5296 3678045.80739
    -10570498.2069 3678027.55878
    -10570497.205 3678009.44054
    -10570469.8204 3677967.72958
    -10570334.5672 3677771.69
    -10570328.8899 3677755.65765
    -10570328.7786 3677746.92458
    -10570329.3352 3677738.19153
    -10570334.4559 3677730.76192
    -10570368.8536 3677711.34068
    -10570451.6753 3677660.89774
    -10570485.1825 3677632.22226
    -10570499.0974 3677625.18374
    -10570510.452 3677625.0534
    -10570538.6159 3677632.61329
    -10570580.138 3677642.51935
    -10570596.168 3677640.30352
    -10570615.8716 3677627.7906
    -10570658.5069 3677584.1258
    -10570672.0879 3677560.4035
    -10570676.3181 3677533.55304
    -10570671.9766 3677479.98264
    -10570667.9691 3677417.67965
    -10570663.9616 3677382.22704
    -10570656.1692 3677354.85561
    -10570641.9203 3677341.69128
    -10570635.1299 3677336.47768
    -10570618.4319 3677334.13157
    -10570603.1812 3677338.43278
    -10570562.8835 3677363.19737
    -10570526.2594 3677403.47252
    -10570488.0768 3677434.36326
    -10570453.5678 3677448.30974
    -10570404.2532 3677449.87383
    -10570376.312 3677456.39089
    -10570326.8862 3677489.49756
    -10570283.3603 3677517.12998
    -10570265.4378 3677520.12784
    -10570249.9644 3677517.65134
    -10570226.476 3677506.05094
    -10570202.097 3677485.71766
    -10570186.9576 3677463.82033
    -10570186.1783 3677455.08748
    -10570187.9595 3677442.31406
    -10570193.8594 3677435.53633
    -10570253.4153 3677405.68831
    -10570265.1039 3677391.35086
    -10570296.162 3677336.47768
    -10570301.8393 3677316.92673
    -10570300.7261 3677307.67262
    -10570299.5016 3677296.20275
    -10570298.2771 3677285.51493
    -10570287.9244 3677268.31016
    -10570277.9056 3677263.74829
    -10570259.7605 3677260.75049
    -10570239.8343 3677264.39999
    -10570210.6686 3677272.35067
    -10570193.9707 3677270.65626
    -10570171.0389 3677258.27405
    -10570145.992 3677236.6378
    -10570128.7375 3677205.35655
    -10570114.8226 3677172.1203
    -10570110.4811 3677152.69994
    -10570100.7963 3677133.40996
    -10570091.2228 3677121.54924
    -10570073.0777 3677115.81439
    -10570016.9727 3677112.16494
    -10569993.5956 3677109.9492
    -10569975.4506 3677102.78065
    -10569954.5225 3677089.09524
    -10569922.3512 3677044.78068
    -10569905.0966 3677029.66163
    -10569902.091 3677027.83692
    -10569887.6195 3677019.23471
    -10569833.2956 3677005.41906
    -10569740.9004 3676988.34502
    -10569702.6065 3676970.88
    -10569629.3583 3676907.1459
    -10569537.7423 3676818.25759
    -10569517.0369 3676799.88047
    -10569506.3502 3676796.10078
    -10569494.3277 3676798.31646
    -10569483.8637 3676806.52751
    -10569480.0788 3676817.34525
    -10569480.6354 3676889.02931
    -10569486.3127 3676948.59257
    -10569483.0844 3676988.86636
    -10569473.2883 3677039.30654
    -10569460.2639 3677075.14917
    -10569457.9262 3677076.71321
    -10569454.698 3677078.79861
    -10569445.5698 3677084.79411
    -10569432.9907 3677087.66153
    -10569410.2815 3677084.79411
    -10569374.9932 3677092.09299
    -10569319.2222 3677104.47504
    -10569288.3867 3677100.30424
    -10569270.3529 3677095.87277
    -10569259.4436 3677083.3604
    -10569248.9796 3677058.07503
    -10569248.5343 3677029.27062
    -10569247.9777 3676843.54247
    -10569245.9739 3676805.3545
    -10569232.9495 3676765.99365
    -10569226.1591 3676757.52196
    -10569214.0252 3676751.00528
    -10569187.9765 3676748.13794
    -10569171.2786 3676752.43895
    -10569149.6826 3676775.63835
    -10569124.1904 3676842.36946
    -10569089.0134 3676966.44857
    -10569049.6063 3677083.09973
    -10569003.9654 3677166.38542
    -10568960.7734 3677213.43753
    -10568933.6114 3677225.29834
    -10568914.3532 3677225.68935
    -10568896.7647 3677215.91396
    -10568878.397 3677196.75421
    -10568828.8598 3677109.16718
    -10568795.13 3677047.38741
    -10568781.549 3677033.57173
    -10568765.4077 3677028.4886
    -10568740.0268 3677028.22793
    -10568709.6366 3677044.91102
    -10568696.0556 3677068.63232
    -10568681.6954 3677127.15375
    -10568679.469 3677189.58561
    -10568688.0406 3677220.86683
    -10568708.6347 3677256.70999
    -10568712.3083 3677273.39338
    -10568712.5309 3677323.70439
    -10568702.4009 3677353.42187
    -10568684.7011 3677373.88526
    -10568672.6786 3677374.0156
    -10568650.526 3677363.06703
    -10568590.97 3677315.88401
    -10568482.5449 3677240.67831
    -10568414.5287 3677206.92061
    -10568368.8877 3677185.67546
    -10568356.7538 3677183.19904
    -10568326.141 3677186.45749
    -10568262.5775 3677215.00159
    -10568212.4838 3677228.68714
    -10568196.4538 3677228.29613
    -10568165.6183 3677218.78141
    -10568050.8479 3677143.05495
    -10568000.0862 3677102.38964
    -10567942.2001 3677032.92005
    -10567918.6003 3677001.89998
    -10567899.0081 3676986.78099
    -10567876.8555 3676977.7878
    -10567850.6954 3676974.26873
    -10567832.773 3676974.5294
    -10567817.2996 3676972.83503
    -10567804.4978 3676965.66656
    -10567797.7074 3676953.67567
    -10567797.4847 3676942.33646
    -10567810.2865 3676911.9683
    -10567847.5785 3676832.85504
    -10567848.6917 3676822.03728
    -10567843.7936 3676798.70746
    -10567828.8768 3676784.24039
    -10567809.6185 3676770.425
    -10567771.3246 3676760.3893
    -10567701.8613 3676750.87494
    -10567594.9946 3676744.74927
    -10567541.0046 3676746.96494
    -10567514.9558 3676749.44128
    -10567491.8014 3676757.26129
    -10567486.6807 3676761.69264
    -10567479.3336 3676768.07899
    -10567474.1016 3676777.59336
    -10567473.7676 3676797.66479
    -10567480.2242 3676820.99461
    -10567553.9177 3676962.5385
    -10567563.9364 3676998.64158
    -10567566.0515 3677027.44591
    -10567561.1534 3677047.64809
    -10567546.7932 3677067.32895
    -10567518.9633 3677081.79636
    -10567501.7088 3677084.14243
    -10567483.6751 3677081.79636
    -10567466.8658 3677073.32445
    -10567440.3718 3677046.34472
    -10567405.9741 3677018.8437
    -10567352.2068 3677000.98763
    -10567239.5514 3676965.40589
    -10567157.509 3676951.45996
    -10567092.6097 3676938.55673
    -10566948.0057 3676870.65209
    -10566744.0684 3676752.17828
    -10566695.1991 3676702.78195
    -10566677.9446 3676684.53534
    -10566646.2185 3676650.77917
    -10566636.0885 3676644.26254
    -10566620.0585 3676640.4829
    -10566592.6739 3676639.70091
    -10566378.8291 3676676.97603
    -10566352.1124 3676676.0637
    -10566328.624 3676667.72241
    -10566254.2626 3676608.68184
    -10566236.7855 3676586.26474
    -10566226.4327 3676566.32399
    -10566217.7498 3676526.18192
    -10566216.414 3676487.99494
    -10566211.5159 3676471.31261
    -10566195.8199 3676454.89097
    -10566179.7899 3676449.15643
    -10566153.0732 3676448.24412
    -10566111.1058 3676453.71799
    -10566075.8175 3676461.0165
    -10566062.0139 3676471.31261
    -10566043.0895 3676495.0328
    -10566038.0802 3676513.93079
    -10566039.75 3676535.30511
    -10566070.1402 3676590.43536
    -10566171.6636 3676736.14726
    -10566215.4121 3676816.56324
    -10566222.9818 3676845.23682
    -10566219.9762 3676868.04539
    -10566214.2989 3676882.90357
    -10566204.6141 3676900.4988
    -10566203.7236 3676902.19316
    -10566195.0406 3676912.35931
    -10566182.7955 3676920.57044
    -10566167.6561 3676892.28769
    -10566133.8149 3676845.23682
    -10566050.9932 3676765.86332
    -10565964.498 3676685.969
    -10565932.6606 3676665.24609
    -10565890.5818 3676649.34551
    -10565841.156 3676636.8336
    -10565799.1885 3676628.23166
    -10565758.4456 3676623.80037
    -10565718.1479 3676620.2814
    -10565683.6389 3676620.93306
    -10565654.2506 3676624.45203
    -10565618.2944 3676631.88097
    -10565579.5552 3676643.48055
    -10565561.5214 3676644.26254
    -10565548.0518 3676642.95922
    -10565539.2575 3676637.87626
    -10565524.452 3676616.37143
    -10565493.1713 3676540.2577
    -10565468.7923 3676501.81001
    -10565451.4264 3676481.86939
    -10565430.0531 3676466.22972
    -10565416.0268 3676463.88377
    -10565394.4309 3676462.7108
    -10565383.6329 3676469.09699
    -10565376.6197 3676481.60873
    -10565360.9237 3676541.56101
    -10565348.122 3676575.44721
    -10565329.4203 3676597.47329
    -10565309.9394 3676604.12022
    -10565291.349 3676604.38088
    -10565277.4341 3676600.47092
    -10565265.4116 3676591.34769
    -10565250.2721 3676567.23631
    -10565221.8857 3676493.7295
    -10565208.1934 3676447.85312
    -10565207.7481 3676420.87477
    -10565212.4235 3676390.24724
    -10565221.3291 3676341.895
    -10565221.2177 3676307.09715
    -10565213.982 3676269.95348
    -10565201.9595 3676235.9378
    -10565147.9695 3676108.86856
    -10565103.3304 3676058.95351
    -10565031.1954 3675959.64533
    -10565015.4993 3675946.87347
    -10564991.7883 3675945.83087
    -10564960.5075 3675958.73305
    -10564836.8315 3676024.67776
    -10564796.8678 3676049.70035
    -10564780.9492 3676054.65275
    -10564770.0398 3676054.9134
    -10564751.4495 3676052.04622
    -10564744.2137 3676048.00611
    -10564731.5233 3676032.23666
    -10564678.7579 3675929.40993
    -10564652.9317 3675897.21973
    -10564623.4321 3675863.07476
    -10564598.0512 3675842.22292
    -10564580.4628 3675835.83704
    -10564563.4309 3675834.01251
    -10564548.9593 3675837.40093
    -10564529.1445 3675851.73657
    -10564481.611 3675909.60057
    -10564459.2358 3675923.41499
    -10564444.7643 3675923.15434
    -10564431.7399 3675915.5955
    -10564422.723 3675904.90888
    -10564421.4985 3675893.04935
    -10564422.3891 3675879.49561
    -10564452.0001 3675837.53126
    -10564604.5078 3675680.492
    -10564636.5678 3675635.4006
    -10564639.9074 3675624.97486
    -10564640.2413 3675611.42142
    -10564638.3489 3675589.65776
    -10564628.3301 3675575.84371
    -10564598.9418 3675550.04017
    -10564463.0207 3675501.03964
    -10564378.0839 3675463.11649
    -10564163.2373 3675323.80532
    -10564110.2492 3675285.88272
    -10564097.1135 3675271.15679
    -10564083.6439 3675235.58007
    -10564066.278 3675129.63242
    -10564046.6858 3675085.97652
    -10564035.7765 3675059.65274
    -10564035.2199 3675058.21927
    -10564033.3275 3675040.62667
    -10564033.9954 3675021.34001
    -10564044.3481 3674992.6707
    -10564071.6214 3674956.44321
    -10564075.5175 3674943.41177
    -10564074.293 3674931.03191
    -10564067.8365 3674917.73986
    -10564052.697 3674907.57537
    -10563998.3731 3674894.54397
    -10563920.5608 3674869.91468
    -10563896.5158 3674852.19205
    -10563891.5064 3674846.06732
    -10563887.8329 3674837.33633
    -10563889.0574 3674823.39282
    -10563988.577 3674613.3299
    -10564046.9084 3674512.3394
    -10564051.3612 3674497.22347
    -10564056.4819 3674466.60075
    -10564055.48 3674440.66922
    -10564044.7934 3674403.5312
    -10564028.4294 3674376.42704
    -10564002.158 3674348.8017
    -10563974.1055 3674336.42244
    -10563885.7178 3674324.43412
    -10563860.337 3674317.65811
    -10563844.6409 3674308.01534
    -10563839.4089 3674297.85135
    -10563838.6297 3674284.82061
    -10563840.1881 3674258.88947
    -10563873.25 3674186.82985
    -10563972.7697 3674062.77885
    -10564060.0441 3673994.49921
    -10564132.9584 3673917.61991
    -10564218.1178 3673820.2836
    -10564255.2985 3673734.15399
    -10564271.3285 3673672.65182
    -10564287.8038 3673597.33814
    -10564322.2015 3673562.54807
    -10564353.5936 3673533.62157
    -10564391.7762 3673498.57108
    -10564392.6668 3673474.20519
    -10564389.2159 3673465.99637
    -10564382.982 3673451.14233
    -10564359.7162 3673452.05442
    -10564308.9545 3673462.21771
    -10564306.3942 3673462.7389
    -10564276.2266 3673442.28203
    -10564267.7663 3673436.5489
    -10564257.9702 3673410.74985
    -10564261.8664 3673405.92882
    -10564276.3379 3673387.68711
    -10564311.5149 3673343.51622
    -10564322.7581 3673321.62628
    -10564325.9864 3673301.29994
    -10564305.1697 3673200.18994
    -10564270.6606 3673099.21106
    -10564173.8127 3673012.82592
    -10564161.9015 3672978.81927
    -10564161.5675 3672942.46743
    -10564149.6563 3672909.11244
    -10564065.3875 3672835.36695
    -10564041.5651 3672769.96055
    -10564007.1674 3672702.20926
    -10563937.1474 3672617.91155
    -10563938.038 3672579.08529
    -10563945.1624 3672561.36596
    -10563981.2299 3672525.01536
    -10563985.1261 3672514.07111
    -10563985.0148 3672507.29611
    -10563980.0054 3672486.18939
    -10563979.7828 3672472.63942
    -10563981.5639 3672455.05053
    -10563990.0242 3672436.28908
    -10564009.0598 3672404.75948
    -10564027.4275 3672383.26208
    -10564032.3256 3672362.9373
    -10564031.8803 3672337.1405
    -10564023.1974 3672310.82262
    -10564004.1617 3672286.32879
    -10563990.4695 3672269.91275
    -10563976.2206 3672251.0213
    -10563969.764 3672234.08415
    -10563966.2018 3672207.63621
    -10563964.9773 3672120.08478
    -10563955.1812 3672090.24969
    -10563942.936 3672067.71056
    -10563879.7066 3672018.98451
    -10563801.6716 3672005.8259
    -10563783.1926 3671996.31523
    -10563772.6172 3671984.06862
    -10563771.9493 3671970.64949
    -10563774.287 3671956.57895
    -10563793.9905 3671933.51894
    -10563853.1012 3671891.56808
    -10563855.1049 3671877.49763
    -10563852.4333 3671867.20537
    -10563803.6753 3671823.56108
    -10563639.7017 3671729.49838
    -10563629.1264 3671716.2098
    -10563618.551 3671696.6678
    -10563618.2171 3671677.51667
    -10563654.5072 3671526.6537
    -10563657.5129 3671486.65839
    -10563670.2033 3671343.48406
    -10563683.1163 3671311.69672
    -10563691.6879 3671305.83431
    -10563706.1595 3671302.44714
    -10563816.9224 3671300.62328
    -10563824.0468 3671296.84529
    -10563833.6203 3671283.16635
    -10563835.1788 3671270.26908
    -10563832.5071 3671259.97733
    -10563676.3258 3671111.33415
    -10563658.0695 3671087.36381
    -10563634.581 3671040.07465
    -10563622.1133 3671000.34147
    -10563621.4453 3670960.47814
    -10563623.1151 3670911.75648
    -10563631.7981 3670736.67273
    -10563627.5679 3670691.20868
    -10563618.2171 3670682.48065
    -10563601.0739 3670677.66069
    -10563571.6855 3670675.05531
    -10563497.5467 3670682.08984
    -10563402.0346 3670701.23942
    -10563345.1504 3670733.93707
    -10563344.2598 3670734.58841
    -10563342.59 3670735.89111
    -10563306.5225 3670765.46237
    -10563284.4812 3670774.71154
    -10563265.6682 3670788.52018
    -10563242.5138 3670826.16835
    -10563225.8159 3670873.06588
    -10563225.3706 3670894.3001
    -10563234.7214 3670983.27578
    -10563243.627 3671083.58588
    -10563247.4118 3671173.08403
    -10563242.4025 3671208.90953
    -10563228.3762 3671236.65808
    -10563212.7915 3671253.46357
    -10563192.754 3671262.71311
    -10563182.9579 3671262.84339
    -10563170.0448 3671262.06173
    -10563159.6921 3671259.0654
    -10563133.7546 3671243.95348
    -10563104.9229 3671224.28196
    -10563093.9023 3671215.68382
    -10563090.2287 3671208.51871
    -10563084.7741 3671191.97383
    -10563080.7666 3671170.7391
    -10563052.7141 3671125.66426
    -10563048.9292 3671112.24607
    -10563047.1481 3671099.2187
    -10563048.3726 3671081.11069
    -10563066.295 3671047.10939
    -10563093.6796 3670987.05368
    -10563098.0211 3670969.46692
    -10563098.9116 3670960.60841
    -10563098.0211 3670942.50061
    -10563049.4858 3670832.94243
    -10563036.9067 3670817.17968
    -10563011.7485 3670796.3364
    -10562954.3076 3670751.26295
    -10562938.2776 3670745.27053
    -10562915.4571 3670742.01379
    -10562900.5403 3670743.31649
    -10562886.7367 3670748.26674
    -10562882.7292 3670754.51969
    -10562879.8349 3670765.46237
    -10562879.9462 3670773.79965
    -10562885.9575 3670791.25586
    -10562929.4834 3670929.86424
    -10562929.8173 3670944.32441
    -10562928.0362 3670962.95331
    -10562920.8005 3670992.26457
    -10562897.8686 3671041.37738
    -10562868.2577 3671082.80424
    -10562833.0807 3671122.27714
    -10562782.653 3671158.36304
    -10562722.0952 3671205.00129
    -10562700.6105 3671212.03613
    -10562690.2578 3671210.73338
    -10562679.9051 3671206.17376
    -10562670.8882 3671194.44905
    -10562661.0921 3671167.22169
    -10562649.4035 3671116.024
    -10562618.3454 3671062.74216
    -10562607.6587 3671040.59574
    -10562606.3229 3671018.97045
    -10562600.3116 3670968.81556
    -10562542.8708 3670835.02676
    -10562477.1923 3670659.03222
    -10562443.1285 3670550.38845
    -10562437.4512 3670514.69514
    -10562435.2248 3670477.43873
    -10562432.7758 3670319.68645
    -10562432.3305 3670298.84402
    -10562427.0985 3670260.02509
    -10562421.7552 3670207.26801
    -10562422.2005 3670170.01254
    -10562419.6401 3670141.61508
    -10562398.0441 3670111.39401
    -10562385.5764 3670104.88086
    -10562367.5426 3670100.45191
    -10562352.5145 3670100.19139
    -10562327.4676 3670109.44006
    -10562275.4814 3670145.00193
    -10562234.8498 3670180.95469
    -10562200.786 3670238.53144
    -10562170.5071 3670305.35727
    -10562133.1037 3670365.01885
    -10562103.1588 3670390.4207
    -10562075.4402 3670402.66572
    -10562049.3915 3670406.83424
    -10562031.0238 3670405.66184
    -10562011.8768 3670402.40519
    -10561986.3847 3670386.25219
    -10561852.9126 3670294.8058
    -10561812.5036 3670254.03291
    -10561788.1246 3670215.08386
    -10561760.9627 3670162.71777
    -10561752.1684 3670142.65719
    -10561749.8307 3670127.6769
    -10561749.8307 3670067.62569
    -10561743.5968 3670032.45483
    -10561726.0084 3669998.06565
    -10561714.6538 3669966.67258
    -10561714.3198 3669947.52414
    -10561714.5425 3669827.29351
    -10561692.9465 3669765.02935
    -10561670.6826 3669732.20402
    -10561640.6263 3669676.32301
    -10561628.9378 3669626.30386
    -10561627.3793 3669608.19802
    -10561629.6057 3669587.3568
    -10561636.1735 3669549.97295
    -10561655.9884 3669500.47534
    -10561675.5806 3669475.85686
    -10561700.4049 3669446.41897
    -10561727.2329 3669417.89293
    -10561767.9758 3669391.84181
    -10561797.1415 3669376.86244
    -10561820.7413 3669370.21942
    -10561841.3354 3669369.30764
    -10561877.4029 3669370.8707
    -10561920.0382 3669376.86244
    -10561933.3966 3669376.08091
    -10561953.9907 3669369.56815
    -10561971.3565 3669362.01335
    -10561992.2846 3669348.07606
    -10562015.9956 3669320.85279
    -10562111.7304 3669194.89714
    -10562250.7684 3668987.40529
    -10562297.9679 3668930.61591
    -10562324.462 3668911.46909
    -10562404.5007 3668860.93206
    -10562424.5382 3668855.46157
    -10562465.3924 3668850.12133
    -10562636.0452 3668790.20661
    -10562706.6218 3668763.11483
    -10562733.895 3668756.3419
    -10562751.9288 3668757.12339
    -10562802.0226 3668777.9632
    -10562812.264 3668777.31196
    -10562828.7392 3668771.8415
    -10562855.6786 3668751.13195
    -10562883.2858 3668710.36418
    -10562943.287 3668572.04135
    -10563033.0105 3668374.19811
    -10563046.3688 3668345.80481
    -10563046.7028 3668345.15358
    -10563123.7359 3668181.04679
    -10563154.5714 3668101.20833
    -10563177.1693 3668002.48546
    -10563220.5839 3667819.36837
    -10563262.7739 3667736.9275
    -10563332.0147 3667655.91979
    -10563373.5368 3667615.80684
    -10563761.5966 3667283.9684
    -10563817.2563 3667253.49389
    -10563854.8823 3667236.82411
    -10563908.7609 3667212.07994
    -10563920.4495 3667200.87996
    -10563935.0323 3667179.00097
    -10563942.4907 3667161.15919
    -10563943.6039 3667141.49421
    -10563941.2662 3667119.74555
    -10563929.1324 3667103.46664
    -10563891.3951 3667067.26242
    -10563848.9824 3667032.36061
    -10563826.6072 3667003.70995
    -10563810.5772 3666970.892
    -10563791.4302 3666902.78201
    -10563794.3245 3666892.8846
    -10563807.0149 3666880.2524
    -10563828.0543 3666877.38736
    -10563868.352 3666884.41972
    -10563894.1781 3666884.02904
    -10563920.7834 3666874.65256
    -10563945.1624 3666856.681
    -10563965.9792 3666836.62582
    -10564020.7484 3666766.3027
    -10564020.637 3666759.53087
    -10564015.6277 3666740.51766
    -10563945.9417 3666675.92506
    -10563928.0192 3666635.29441
    -10563919.3363 3666606.51445
    -10563919.0023 3666588.93396
    -10563921.2287 3666568.09786
    -10563930.2456 3666555.59621
    -10563951.0623 3666538.66693
    -10563970.3206 3666516.00776
    -10563975.2187 3666498.81808
    -10563978.113 3666461.05295
    -10563961.1924 3666302.31044
    -10563956.851 3666288.37662
    -10563950.0605 3666279.26104
    -10563931.3588 3666270.79659
    -10563913.325 3666272.09881
    -10563896.5158 3666282.77705
    -10563884.1593 3666285.51172
    -10563860.8936 3666283.29794
    -10563843.7504 3666274.83348
    -10563825.0487 3666262.7228
    -10563745.3439 3666193.70518
    -10563701.7067 3666174.82307
    -10563613.7643 3666157.63387
    -10563600.2946 3666151.12281
    -10563590.8325 3666142.00734
    -10563588.1608 3666133.80341
    -10563587.4929 3666123.90663
    -10563602.2984 3666091.09103
    -10563611.9832 3666066.08872
    -10563612.8737 3666057.23375
    -10563611.0926 3666044.34197
    -10563603.1889 3666033.53371
    -10563573.3553 3666008.14087
    -10563528.1596 3665985.6129
    -10563423.9646 3665952.27679
    -10563398.0271 3665939.2549
    -10563391.7932 3665932.61374
    -10563388.4536 3665920.24296
    -10563388.231 3665907.35132
    -10563399.1403 3665883.26091
    -10563406.1534 3665858.7799
    -10563406.4874 3665844.84659
    -10563401.7007 3665834.03851
    -10563387.4518 3665819.84478
    -10563346.9315 3665797.18694
    -10563279.4719 3665772.96654
    -10563241.0666 3665755.51746
    -10563232.0498 3665752.0016
    -10563223.8121 3665752.26204
    -10563208.0047 3665760.20527
    -10563171.8259 3665815.80804
    -10563124.2925 3665901.49149
    -10563086.7778 3665949.28175
    -10563060.6177 3665960.08993
    -10563033.0105 3665972.46075
    -10562988.2601 3665978.32062
    -10562975.4583 3665978.58106
    -10562956.7567 3665973.76294
    -10562938.055 3665963.73607
    -10562907.3308 3665943.55212
    -10562881.8386 3665930.00936
    -10562863.6936 3665921.02427
    -10562826.4015 3665908.6535
    -10562674.6731 3665884.30266
    -10562660.3129 3665882.47961
    -10562641.7225 3665884.43288
    -10562635.7112 3665893.28773
    -10562619.5699 3665974.41404
    -10562604.0965 3666006.18757
    -10562589.625 3666017.38646
    -10562571.7025 3666021.81393
    -10562543.7613 3666019.20954
    -10562521.4974 3666011.78702
    -10562499.1222 3665998.63484
    -10562474.0753 3665980.53435
    -10562445.2436 3665949.41197
    -10562430.3268 3665921.67536
    -10562395.3725 3665835.86156
    -10562384.0179 3665790.41564
    -10562364.203 3665654.0789
    -10562338.1542 3665561.88643
    -10562296.1868 3665456.9337
    -10562240.5271 3665287.00593
    -10562240.3044 3665284.92254
    -10562239.0799 3665276.19834
    -10562242.6421 3665266.30225
    -10562255.5552 3665263.17717
    -10562280.6021 3665262.91674
    -10562294.7396 3665262.78653
    -10562301.3075 3665258.88018
    -10562331.3638 3665239.34845
    -10562342.7183 3665204.32162
    -10562336.1505 3665172.94079
    -10562321.1224 3665141.16941
    -10562298.5245 3665105.62202
    -10562258.2269 3665062.65278
    -10562172.6222 3664992.60023
    -10562090.2457 3664950.41264
    -10562060.6348 3664935.17827
    -10562036.4784 3664930.75119
    -10562005.1977 3664936.08973
    -10561991.2827 3664969.03246
    -10561975.5867 3665042.07969
    -10561947.3115 3665076.45501
    -10561881.2991 3665098.20005
    -10561807.7169 3665098.33026
    -10561701.4068 3665091.55934
    -10561650.5338 3665077.88731
    -10561616.5813 3665071.24662
    -10561581.7383 3665077.88731
    -10561547.6745 3665094.29375
    -10561530.9766 3665107.83559
    -10561518.1749 3665132.31511
    -10561509.0467 3665163.95625
    -10561506.0411 3665199.24339
    -10561505.5958 3665241.0412
    -10561508.9354 3665245.85902
    -10561521.1805 3665259.27082
    -10561533.0917 3665271.64093
    -10561535.5407 3665278.54216
    -10561535.5407 3665278.80258
    -10561536.4313 3665281.40682
    -10561528.9729 3665300.8084
    -10561516.7277 3665319.03811
    -10561500.4751 3665322.94448
    -10561479.2131 3665317.99641
    -10561464.7415 3665311.35559
    -10561463.9623 3665310.96495
    -10561444.704 3665302.24074
    -10561436.689 3665292.47483
    -10561424.6665 3665275.54728
    -10561413.3119 3665259.53124
    -10561386.15 3665213.17598
    -10561379.4708 3665173.46163
    -10561361.8823 3665128.92964
    -10561356.205 3665080.49151
    -10561358.0975 3665051.45477
    -10561354.9805 3665005.3607
    -10561325.3695 3664918.51163
    -10561324.7016 3664916.4283
    -10561315.5734 3664889.60548
    -10561293.6435 3664843.25161
    -10561291.1944 3664838.04332
    -10561260.5816 3664773.0701
    -10561187.4447 3664660.31178
    -10561118.0926 3664587.52722
    -10561060.3178 3664525.55002
    -10560992.5242 3664435.70966
    -10560981.5036 3664426.20485
    -10560969.3698 3664423.9914
    -10560953.7851 3664427.89749
    -10560944.3229 3664441.43859
    -10560937.8664 3664486.35871
    -10560928.9608 3664532.58103
    -10560904.3592 3664573.07453
    -10560874.5256 3664592.99582
    -10560846.9183 3664601.84973
    -10560819.1998 3664601.19871
    -10560767.1023 3664587.52722
    -10560737.7139 3664563.69981
    -10560714.2255 3664530.23736
    -10560685.5051 3664471.25512
    -10560672.7033 3664429.06931
    -10560675.709 3664390.26892
    -10560688.7334 3664306.41883
    -10560684.3919 3664263.97319
    -10560663.0186 3664143.14714
    -10560635.8566 3663996.93359
    -10560582.5346 3663878.06313
    -10560540.7898 3663799.94516
    -10560490.1394 3663745.39307
    -10560408.7648 3663695.78863
    -10560350.7674 3663634.07631
    -10560236.2196 3663437.87484
    -10560146.8301 3663315.755
    -10560132.2472 3663308.72468
    -10560106.8664 3663306.38124
    -10560054.6575 3663322.78532
    -10559989.8696 3663343.8763
    -10559950.0172 3663342.70458
    -10559822.6677 3663300.26227
    -10559814.9867 3663274.09392
    -10559815.4319 3663240.37459
    -10559855.7296 3663108.88311
    -10559897.0291 3663012.6739
    -10559912.1686 3662996.00986
    -10559944.4512 3662977.26285
    -10560019.2579 3662964.24411
    -10560065.1216 3662962.42148
    -10560095.1778 3662961.11961
    -10560142.1547 3662956.69324
    -10560202.0445 3662967.49879
    -10560227.2027 3662959.81774
    -10560252.3609 3662945.75751
    -10560262.9363 3662933.7803
    -10560264.4948 3662919.19936
    -10560259.708 3662901.1034
    -10560231.8782 3662859.7041
    -10560208.3898 3662809.19194
    -10560174.4373 3662698.92513
    -10560145.049 3662620.29391
    -10560124.1209 3662501.56693
    -10560112.8776 3662344.56788
    -10560105.6419 3662263.72587
    -10560108.8701 3662239.12188
    -10560107.5343 3662216.47064
    -10560113.7682 3662206.31665
    -10560146.0508 3662193.03836
    -10560216.2934 3662176.37543
    -10560245.9044 3662158.6711
    -10560267.3891 3662147.34555
    -10560277.1852 3662136.28036
    -10560281.4153 3662118.05537
    -10560284.5323 3662088.89544
    -10560276.9626 3662071.71195
    -10560237.5555 3662038.77698
    -10560165.4204 3661995.42792
    -10560103.4155 3661966.52864
    -10560050.65 3661950.12637
    -10560066.0121 3661921.7479
    -10560101.9683 3661906.51728
    -10560119.7794 3661891.67721
    -10560130.1321 3661866.16273
    -10560137.5906 3661821.38236
    -10560137.9245 3661786.88596
    -10560132.1359 3661766.058
    -10560116.3285 3661740.02309
    -10560095.9571 3661713.07702
    -10560012.8014 3661664.52217
    -10559972.7264 3661644.2151
    -10559933.6532 3661634.97279
    -10559845.0429 3661639.13834
    -10559802.5189 3661636.27452
    -10559753.427 3661621.56495
    -10559722.3689 3661602.16917
    -10559672.3864 3661559.34234
    -10559628.3039 3661506.49242
    -10559613.1644 3661488.52871
    -10559589.1194 3661457.15736
    -10559583.3308 3661439.06354
    -10559583.2195 3661427.21797
    -10559585.6685 3661415.37241
    -10559590.1213 3661408.99403
    -10559600.9193 3661403.26651
    -10559621.6247 3661400.27258
    -10559689.6409 3661401.83463
    -10559773.1305 3661421.36027
    -10559801.0717 3661417.1948
    -10559874.8766 3661394.15455
    -10559918.8478 3661370.72384
    -10559946.7889 3661365.64719
    -10559991.2054 3661369.42214
    -10560053.0991 3661397.539
    -10560066.7914 3661405.47941
    -10560078.5912 3661404.30788
    -10560088.3873 3661397.79934
    -10560093.6194 3661387.64602
    -10560096.0684 3661371.24452
    -10560090.0571 3661335.96837
    -10560048.0897 3661257.6062
    -10559982.8565 3661172.3456
    -10559941.5569 3661138.50186
    -10559916.0648 3661125.3549
    -10559902.4838 3661121.84037
    -10559883.3368 3661118.58617
    -10559871.6483 3661120.53869
    -10559844.709 3661134.72699
    -10559697.9899 3661229.88017
    -10559682.6278 3661231.05169
    -10559660.9205 3661225.06392
    -10559652.4602 3661215.17108
    -10559649.4546 3661200.72235
    -10559652.4602 3661162.45281
    -10559677.3958 3660977.61522
    -10559688.973 3660876.47639
    -10559695.5409 3660840.03016
    -10559702.6653 3660831.69961
    -10559708.0086 3660828.83599
    -10559718.8066 3660826.88352
    -10559769.6796 3660837.81736
    -10559886.7877 3660917.60868
    -10559961.4831 3660950.01998
    -10560005.8996 3660951.97247
    -10560068.2385 3660948.19766
    -10560111.5418 3660942.99102
    -10560136.7 3660931.66658
    -10560158.9639 3660913.05288
    -10560182.7863 3660875.43506
    -10560209.169 3660806.708
    -10560213.2878 3660784.84038
    -10560214.8463 3660768.43968
    -10560208.0558 3660743.18787
    -10560159.9658 3660674.85203
    -10560137.4792 3660628.90453
    -10560122.2285 3660581.9159
    -10560094.3986 3660544.16893
    -10560050.65 3660521.39065
    -10559994.3224 3660509.54596
    -10559962.5963 3660501.08547
    -10559938.8853 3660487.80902
    -10559925.0816 3660473.4913
    -10559919.293 3660456.31006
    -10559918.1798 3660442.64318
    -10559923.1892 3660414.39835
    -10559937.4381 3660406.06809
    -10559990.6488 3660392.40126
    -10560076.4762 3660389.14726
    -10560217.184 3660365.84862
    -10560281.8606 3660338.38492
    -10560312.3622 3660326.93088
    -10560331.3978 3660329.40391
    -10560376.9275 3660348.53737
    -10560389.6179 3660349.31833
    -10560397.7442 3660345.5437
    -10560406.5384 3660336.30237
    -10560406.3158 3660320.81339
    -10560397.6329 3660311.83239
    -10560370.9162 3660287.75295
    -10560318.8187 3660254.17196
    -10560267.0551 3660237.77197
    -10560203.4917 3660224.2355
    -10560191.0239 3660229.05136
    -10560178.5561 3660233.86722
    -10560177.109 3660237.51166
    -10560172.8788 3660240.37514
    -10560166.4223 3660241.80689
    -10560155.7356 3660241.1561
    -10560110.206 3660229.70215
    -10560096.625 3660223.19423
    -10560090.2798 3660218.899
    -10560074.5837 3660206.79429
    -10560064.565 3660189.61342
    -10560063.1178 3660170.35005
    -10560065.2329 3660160.97869
    -10560071.0215 3660148.87403
    -10560084.4912 3660138.07095
    -10560090.1685 3660135.20749
    -10560094.5099 3660128.82978
    -10560102.6362 3660130.9123
    -10560110.6512 3660133.12497
    -10560116.8851 3660123.8838
    -10560123.0077 3660114.77279
    -10560136.366 3660105.40148
    -10560150.8376 3660104.23006
    -10560220.5236 3660111.25855
    -10560307.6867 3660130.65198
    -10560334.8487 3660132.08371
    -10560351.1013 3660126.35679
    -10560388.616 3660098.50315
    -10560447.2814 3660041.10403
    -10560468.6547 3660017.15527
    -10560479.0074 3659992.55577
    -10560479.898 3659990.60343
    -10560482.1244 3659958.71528
    -10560482.0131 3659926.04628
    -10560481.6791 3659924.2241
    -10560474.8886 3659878.93018
    -10560459.5265 3659829.9921
    -10560423.9043 3659803.44067
    -10560342.6411 3659761.14072
    -10560319.8206 3659746.954
    -10560307.9094 3659736.28143
    -10560301.3415 3659725.47872
    -10560294.6624 3659703.74317
    -10560286.3134 3659637.62569
    -10560273.1777 3659498.75411
    -10560263.9382 3659460.75016
    -10560199.4842 3659340.10142
    -10560167.2015 3659246.13419
    -10560145.049 3659166.48385
    -10560128.7963 3659144.09855
    -10560111.3192 3659124.31623
    -10560100.2985 3659117.28831
    -10560090.3911 3659117.41846
    -10560062.6725 3659134.33754
    -10559986.864 3659195.50671
    -10559974.1735 3659195.767
    -10559963.1529 3659187.82801
    -10559953.9134 3659171.55959
    -10559950.7964 3659148.00296
    -10559954.9153 3659127.04931
    -10559985.9734 3659090.08769
    -10560034.62 3659025.6654
    -10560053.6557 3658999.89658
    -10560074.3611 3658972.30577
    -10560085.7157 3658943.93417
    -10560092.5062 3658918.42581
    -10560092.9514 3658894.73952
    -10560088.276 3658879.3825
    -10560087.1628 3658878.2112
    -10560030.1672 3658815.87231
    -10559878.8841 3658715.79238
    -10559812.2037 3658650.46106
    -10559782.2587 3658623.91217
    -10559719.4745 3658568.47204
    -10559688.973 3658526.30647
    -10559660.0299 3658472.29831
    -10559638.6566 3658387.18714
    -10559593.1269 3658255.35709
    -10559584.11 3658205.51451
    -10559587.227 3658175.45289
    -10559595.7986 3658144.35026
    -10559603.7023 3658134.19962
    -10559617.1719 3658130.42567
    -10559638.9906 3658131.85717
    -10559684.5202 3658152.02831
    -10559760.5514 3658215.14465
    -10559775.2456 3658223.08302
    -10559796.9529 3658226.33645
    -10559810.5339 3658223.47343
    -10559826.5639 3658211.37068
    -10559832.5751 3658194.84328
    -10559841.0354 3658159.31595
    -10559843.3731 3658135.63112
    -10559840.2562 3658111.16552
    -10559822.5564 3658078.76169
    -10559623.0719 3657751.34464
    -10559565.631 3657637.86986
    -10559514.3127 3657495.11694
    -10559510.5279 3657481.58348
    -10559496.8356 3657474.5565
    -10559213.0822 3657428.49081
    -10559163.545 3657412.87536
    -10559128.0341 3657399.8625
    -10559103.3212 3657380.34324
    -10559078.4969 3657354.44773
    -10559068.1442 3657334.53816
    -10559058.4594 3657292.89732
    -10559059.1273 3657172.79033
    -10559041.3162 3657084.17476
    -10559003.0223 3656902.78159
    -10558981.9829 3656803.62806
    -10558973.5226 3656781.89767
    -10558992.2243 3656783.32901
    -10559019.2749 3656796.2111
    -10559066.9197 3656827.7007
    -10559076.1592 3656835.63817
    -10559084.0629 3656844.22626
    -10559094.7496 3656851.25289
    -10559103.9891 3656854.11559
    -10559113.2286 3656854.11559
    -10559121.8002 3656849.82154
    -10559128.1454 3656841.23344
    -10559136.717 3656825.48861
    -10559145.2886 3656794.77975
    -10559145.2886 3656777.86389
    -10559145.2886 3656743.2515
    -10559143.8415 3656726.85619
    -10559139.5 3656717.48745
    -10559133.1548 3656709.68018
    -10559119.5738 3656697.44879
    -10559104.657 3656686.77886
    -10559073.2649 3656675.32822
    -10559004.9147 3656657.50168
    -10558992.8922 3656644.61974
    -10558953.4851 3656638.63419
    -10558919.644 3656613.78121
    -10558887.6953 3656598.94751
    -10558868.3257 3656575.65604
    -10558853.2976 3656539.48279
    -10558844.1694 3656422.50598
    -10558836.4883 3656370.84916
    -10558830.8111 3656334.02592
    -10558830.3658 3656330.90311
    -10558814.4471 3656277.68528
    -10558747.5441 3656134.29755
    -10558719.6029 3656081.08057
    -10558661.9394 3655959.42403
    -10558660.6036 3655935.87355
    -10558660.2696 3655911.2822
    -10558663.6092 3655895.79879
    -10558671.5129 3655883.82843
    -10558679.5279 3655876.41202
    -10558683.9806 3655874.59045
    -10558699.3427 3655874.33023
    -10558752.2195 3655898.92149
    -10558810.3283 3655911.54243
    -10558849.1788 3655911.80265
    -10558890.5896 3655902.0442
    -10558905.5064 3655872.63876
    -10558913.7441 3655828.92108
    -10558903.1687 3655733.67952
    -10558888.4745 3655637.65804
    -10558865.8767 3655583.53243
    -10558806.9887 3655470.07762
    -10558791.07 3655437.55063
    -10558790.8474 3655422.19792
    -10558797.8605 3655378.48183
    -10558804.8736 3655365.60123
    -10558812.8886 3655360.91738
    -10558812.2207 3655352.85075
    -10558811.5528 3655344.78412
    -10558808.6585 3655291.83076
    -10558816.4508 3655239.65827
    -10558800.7548 3655168.10034
    -10558790.8474 3655147.28357
    -10558777.9343 3655128.6786
    -10558757.3402 3655107.34148
    -10558740.197 3655093.68053
    -10558704.6861 3655069.35108
    -10558691.1051 3655058.68257
    -10558669.7317 3655048.01406
    -10558650.4735 3655020.82242
    -10558649.8056 3655010.80446
    -10558653.3678 3655001.43703
    -10558668.2846 3654995.06198
    -10558716.0407 3654985.69455
    -10558733.0725 3654987.12569
    -10558753.778 3654997.79414
    -10558787.953 3655012.1055
    -10558802.2019 3655023.55459
    -10558815.6716 3655036.43484
    -10558843.5015 3655056.4708
    -10558856.3032 3655074.29503
    -10558864.7635 3655076.5068
    -10558866.9899 3655095.11168
    -10558873.3351 3655111.50482
    -10558885.4689 3655118.66056
    -10558906.063 3655122.95401
    -10558973.7453 3655107.992
    -10559007.1411 3655102.13731
    -10559014.2656 3655115.01764
    -10559016.492 3655129.32913
    -10559010.0354 3655144.42126
    -10558993.0036 3655172.2637
    -10558969.5151 3655207.3921
    -10558953.8191 3655238.097
    -10558958.8285 3655271.79442
    -10558965.9529 3655293.91247
    -10558974.5245 3655308.87469
    -10558985.2112 3655318.24236
    -10558998.7922 3655333.20462
    -10559004.2468 3655340.36049
    -10559009.7015 3655347.64647
    -10559041.2049 3655339.84007
    -10559091.7439 3655334.37558
    -10559114.3418 3655329.43153
    -10559130.3718 3655318.37247
    -10559203.2861 3655242.6507
    -10559219.8727 3655209.60389
    -10559225.8839 3655189.56767
    -10559228.1103 3655163.15635
    -10559210.2992 3655120.74223
    -10559187.59 3655089.3871
    -10559177.0147 3655054.12893
    -10559167.9978 3654996.1028
    -10559127.4775 3654897.74523
    -10559053.2274 3654783.64622
    -10559046.4369 3654758.27658
    -10559043.7652 3654678.39505
    -10559044.2105 3654592.1392
    -10559047.3275 3654564.81847
    -10559074.3781 3654507.05484
    -10559092.6345 3654463.2119
    -10559091.41 3654445.90895
    -10559087.1798 3654408.83127
    -10559038.7559 3654296.94841
    -10559015.4901 3654258.31004
    -10559003.6902 3654197.55566
    -10558959.1624 3654072.14501
    -10558941.7966 3654033.37725
    -10558925.0987 3654011.78183
    -10558883.9104 3653981.60035
    -10558841.0524 3653957.79346
    -10558812.1094 3653953.76061
    -10558779.4928 3653951.54904
    -10558759.6779 3653956.49254
    -10558749.6591 3653951.15876
    -10558743.0913 3653940.36112
    -10558744.5384 3653918.50569
    -10558775.1513 3653799.99267
    -10558777.0437 3653780.86938
    -10558774.8173 3653768.6409
    -10558771.1438 3653748.21676
    -10558749.3252 3653690.45695
    -10558693.5541 3653593.28059
    -10558649.0263 3653525.89503
    -10558636.8925 3653500.65806
    -10558634.8887 3653491.68203
    -10558634.6661 3653478.02288
    -10558639.7868 3653458.90009
    -10558686.7636 3653344.29406
    -10558697.5616 3653318.01678
    -10558736.1895 3653198.33878
    -10558780.272 3653129.52445
    -10558823.0187 3653092.45073
    -10558840.4958 3653080.35301
    -10558843.0562 3653071.24721
    -10558842.8336 3653059.40968
    -10558833.7054 3653052.25514
    -10558756.1157 3653063.57233
    -10558732.5159 3653059.40968
    -10558712.4784 3653046.14126
    -10558686.7636 3653022.07601
    -10558674.6298 3653004.12466
    -10558664.3884 3652981.62048
    -10558646.0207 3652910.07566
    -10558646.6886 3652893.68545
    -10558649.1376 3652880.02696
    -10558661.6054 3652868.05953
    -10558680.4184 3652860.51486
    -10558737.3027 3652855.96204
    -10558774.3721 3652854.40107
    -10558847.175 3652833.19796
    -10558958.3832 3652780.38547
    -10558990.6658 3652768.0279
    -10559013.375 3652769.45878
    -10559051.6689 3652790.66178
    -10559084.8421 3652831.89716
    -10559092.1892 3652837.23045
    -10559106.6607 3652837.88086
    -10559175.6788 3652828.38499
    -10559184.1391 3652827.21427
    -10559233.7876 3652820.32002
    -10559248.7044 3652816.41762
    -10559256.7194 3652809.00305
    -10559265.5137 3652796.12513
    -10559279.3173 3652757.75162
    -10559313.4924 3652691.80149
    -10559327.1847 3652649.7861
    -10559341.7675 3652545.984
    -10559348.6693 3652501.36758
    -10559347.3335 3652471.44995
    -10559339.2072 3652417.0781
    -10559333.1959 3652385.33962
    -10559333.8638 3652367.12905
    -10559353.2334 3652337.73205
    -10559387.6311 3652287.26303
    -10559390.1915 3652277.24729
    -10559389.9689 3652264.5
    -10559383.401 3652254.61436
    -10559350.8957 3652255.13466
    -10559226.5518 3652273.60521
    -10559092.8571 3652279.45856
    -10559031.1861 3652269.70297
    -10559007.1411 3652261.89852
    -10558970.517 3652235.23332
    -10558950.3682 3652164.73342
    -10558920.2006 3652034.40071
    -10558899.4952 3651987.57492
    -10558885.8029 3651975.99858
    -10558867.5465 3651968.06423
    -10558844.9486 3651963.12153
    -10558833.1488 3651961.4306
    -10558817.7867 3651964.42224
    -10558791.9606 3651983.02243
    -10558709.1388 3652057.03324
    -10558649.5829 3652119.85823
    -10558622.6436 3652133.90609
    -10558584.0157 3652147.30361
    -10558528.2447 3652162.78232
    -10558490.2847 3652163.43268
    -10558471.3604 3652164.60334
    -10558401.2291 3652158.4899
    -10558379.4105 3652148.86449
    -10558346.4599 3652124.93107
    -10558217.6633 3651991.73721
    -10558196.5126 3651969.36494
    -10558182.8203 3651958.69911
    -10558175.4732 3651955.18719
    -10558168.3488 3651957.13826
    -10558157.6621 3651965.46281
    -10558150.0924 3651980.29093
    -10558149.7584 3651981.07136
    -10558145.4169 3652046.4974
    -10558138.2925 3652110.23285
    -10558130.6115 3652135.85719
    -10558092.0949 3652159.14027
    -10558043.4483 3652166.2943
    -10558009.9411 3652163.30261
    -10557971.7585 3652146.65325
    -10557953.2795 3652124.2807
    -10557917.5459 3652093.06327
    -10557904.6329 3652076.93429
    -10557902.5178 3652061.45569
    -10557903.1857 3652047.01769
    -10557909.197 3652027.76705
    -10557907.5272 3651983.28257
    -10557886.9331 3651881.04692
    -10557876.803 3651817.5728
    -10557869.5672 3651801.83439
    -10557868.5654 3651799.75328
    -10557872.0163 3651795.46099
    -10557877.4709 3651788.43725
    -10558360.8202 3651172.05434
    -10558460.2285 3651045.5039
    -10558563.199 3650914.2726
    -10558671.9581 3650775.4993
    -10558797.0812 3650616.04849
    -10558850.8486 3650547.50869
    -10558978.866 3650384.28924
    -10559069.7027 3650268.41125
    -10559592.9043 3649601.64626
    -10559715.9123 3649444.68147
    -10559837.6958 3649289.27919
    -10560050.8727 3649017.75254
    -10560332.177 3648666.64935
    -10560333.1789 3648665.21895
    -10560352.5485 3648641.29229
    -10560428.3571 3648546.23627
    -10560711.2199 3648191.89571
    -10560713.4463 3648189.03502
    -10560795.4887 3648086.31069
    -10560808.2905 3648069.79686
    -10560810.7395 3648066.80617
    -10560982.0602 3647850.5681
    -10561459.9548 3647248.16415
    -10561502.2562 3647192.12504
    -10561618.8077 3647038.44138
    -10561671.7958 3646968.49124
    -10561735.4705 3646887.48999
    -10561892.9876 3646687.39449
    -10561912.1346 3646663.21163
    -10561957.1076 3646606.13506
    -10562454.8171 3645973.88996
    -10562556.6744 3645844.40266
    -10562777.9776 3645563.46151
    -10562906.6629 3645399.65796
    -10563293.0528 3644908.39033
    -10563421.8495 3644744.72547
    -10563497.6581 3644653.59926
    -10563725.1951 3644380.74465
    -10563801.3376 3644290.01111
    -10563908.7609 3644148.32252
    -10564231.4761 3643723.78643
    -10564339.2334 3643582.49429
    -10564443.4285 3643449.65255
    -10564756.3475 3643051.1359
    -10564859.5407 3642919.98955
    -10564860.7652 3642918.42984
    -10564917.3155 3642846.42343
    -10564924.44 3642837.19521
    -10565115.4642 3642593.88442
    -10565179.2503 3642512.91186
    -10565390.646 3642243.74365
    -10565542.3745 3642050.74156
    -10565799.0772 3641724.00955
    -10565995.5561 3641473.96272
    -10566025.0558 3641436.27419
    -10566042.0877 3641414.7008
    -10566235.227 3641172.71759
    -10566238.2326 3641168.94883
    -10566239.4571 3641167.51929
    -10566369.1443 3641004.81366
    -10566762.2135 3640512.68114
    -10566814.1997 3640447.70603
    -10566833.6806 3640423.27548
    -10566863.2915 3640386.2399
    -10566878.3197 3640367.39728
    -10566885.8894 3640357.911
    -10566893.2365 3640348.68463
    -10567057.4327 3640143.1073
    -10567297.6602 3639842.54432
    -10567545.7913 3639521.71797
    -10567707.3159 3639313.16582
    -10567822.4203 3639164.51771
    -10567825.0919 3639161.00943
    -10568182.0936 3638708.70929
    -10568207.3631 3638676.87609
    -10568301.2054 3638557.98956
    -10568313.2279 3638542.5279
    -10568335.8258 3638513.81344
    -10568349.4068 3638496.53282
    -10568356.8652 3638487.30784
    -10568361.5406 3638481.3311
    -10568388.8139 3638446.76998
    -10568470.6337 3638343.0872
    -10568476.5336 3638335.68132
    -10568498.0183 3638308.65639
    -10568511.0427 3638291.76584
    -10568541.8782 3638252.91767
    -10568550.4498 3638241.8739
    -10568563.6968 3638225.50314
    -10568563.8081 3638225.37322
    -10568568.1496 3638219.9163
    -10568575.274 3638211.08131
    -10568582.8437 3638206.01418
    -10568588.4097 3638202.37625
    -10568612.566 3638175.87132
    -10568870.2706 3637934.21133
    -10569378.7781 3637457.66128
    -10569721.1968 3637136.63695
    -10569976.7864 3636897.20578
    -10570004.9502 3636870.83356
    -10570040.6838 3636837.31624
    -10570076.4173 3636803.92891
    -10570123.9508 3636759.49923
    -10570169.2578 3636716.88846
    -10570263.1001 3636629.19907
    -10570661.1786 3636253.37587
    -10570825.0409 3636098.78893
    -10570946.0452 3635984.60368
    -10570957.1771 3635973.95164
    -10571067.1608 3635870.28958
    -10571276.4414 3635672.84045
    -10571353.5858 3635599.83702
    -10571485.8334 3635475.26456
    -10571632.6638 3635336.01508
    -10572073.155 3634918.27603
    -10572220.0968 3634779.16271
    -10572311.2674 3634692.78594
    -10572383.0685 3634624.3344
    -10572871.8724 3634159.8611
    -10573034.9554 3634005.04054
    -10573062.674 3633978.5446
    -10573128.9091 3633915.55202
    -10573148.724 3633896.58937
    -10573490.4748 3633572.02083
    -10573596.0057 3633472.01543
    -10573604.466 3633463.96308
    -10573604.9112 3633463.44357
    -10573726.9174 3633346.16562
    -10573754.9699 3633319.28147
    -10573985.8465 3633097.19718
    -10574094.2717 3632992.77998
    -10574216.9458 3632875.24675
    -10574256.3529 3632840.05193
    -10574331.4935 3632773.29894
    -10574372.6818 3632731.61097
    -10574410.3077 3632693.68932
    -10574455.6148 3632647.84584
    -10574591.7585 3632510.44629
    -10574637.1769 3632464.73335
    -10574677.1406 3632425.90346
    -10574797.143 3632309.41453
    -10574837.218 3632270.71499
    -10574909.5757 3632200.45876
    -10575126.76 3631989.8223
    -10575199.229 3631919.69752
    -10575228.0607 3631891.51786
    -10575314.8899 3631807.4987
    -10575324.5747 3631798.2787
    -10575342.8311 3631780.61788
    -10575343.833 3631779.44915
    -10575375.0025 3631749.45179
    -10575485.2088 3631641.66966
    -10575613.8941 3631515.96831
    -10575908.8907 3631227.4314
    -10576050.1552 3631089.39835
    -10576140.2126 3631001.2294
    -10576208.2288 3630935.00571
    -10576410.719 3630736.98602
    -10576500.8878 3630648.94943
    -10576551.7608 3630599.21812
    -10576704.7138 3630450.15524
    -10576755.8094 3630400.55458
    -10576758.815 3630397.56815
    -10576772.73 3630383.9345
    -10576823.603 3630334.20426
    -10576840.6349 3630317.84396
    -10576854.1045 3630304.59993
    -10576882.157 3630276.42394
    -10577006.2783 3630152.42438
    -10577047.8004 3630111.13476
    -10577194.4082 3629967.66086
    -10577634.6768 3629537.24914
    -10577781.3959 3629393.91172
    -10578080.0661 3629101.91879
    -10578951.809 3628249.73866
    -10578976.0767 3628225.98128
    -10579274.7469 3627934.01586
    -10579508.1838 3627705.7969
    -10579536.7929 3627677.62682
    -10580323.3765 3626909.01075
    -10580585.6452 3626652.90252
    -10580611.8053 3626627.20112
    -10580690.7308 3626550.09725
    -10580717.0022 3626524.65568
    -10580746.1679 3626495.83927
    -10580809.7313 3626434.05294
    -10580834.1103 3626410.03944
    -10580863.6099 3626381.48289
    -10580865.5024 3626379.66566
    -10580883.7588 3626361.75295
    -10580890.6606 3626355.13305
    -10581121.7598 3626130.83714
    -10581251.4471 3626005.06187
    -10581804.7049 3625468.09758
    -10581896.4322 3625378.93027
    -10582154.6934 3625128.43457
    -10582194.6571 3625089.36808
    -10582314.6595 3624972.29913
    -10582354.6232 3624933.49271
    -10582354.7345 3624933.36292
    -10582699.3797 3624596.95914
    -10583164.6951 3624142.98424
    -10583733.3151 3623588.06206
    -10584077.9602 3623251.82452
    -10584277.6674 3623058.08005
    -10584877.2342 3622477.25406
    -10585077.0527 3622283.65144
    -10585212.7511 3622151.03798
    -10585620.1805 3621753.85488
    -10585737.8452 3621639.41244
    -10585747.0847 3621630.45951
    -10585756.2129 3621621.50658
    -10585765.8977 3621611.77515
    -10585772.3542 3621605.41728
    -10585775.8051 3621602.17347
    -10585821.1122 3621557.928
    -10585837.4761 3621542.35779
    -10585906.7168 3621474.49783
    -10586114.8843 3621271.56892
    -10586184.5703 3621204.09968
    -10586520.4212 3620876.74935
    -10586554.7076 3620843.14551
    -10587665.3422 3619760.73512
    -10588035.5908 3619399.95262
    -10588043.4945 3619392.16887
    -10588067.4282 3619368.94735
    -10588072.1036 3619364.40684
    -10588075.4432 3619361.29334
    -10588332.9251 3619104.17328
    -10588569.5904 3618868.07377
    -10589105.5937 3618333.10445
    -10589290.3841 3618148.90599
    -10589349.4947 3618090.66353
    -10589363.6323 3618076.78396
    -10589502.6704 3617940.06456
    -10589920.0071 3617530.04511
    -10590059.1565 3617393.46144
    -10590169.0288 3617285.80395
    -10590459.0161 3617001.87802
    -10590498.6458 3616962.96679
    -10590603.8428 3616859.98234
    -10590607.1823 3616856.73977
    -10590608.5182 3616855.18333
    -10590662.5081 3616802.00532
    -10590696.4606 3616768.8016
    -10590774.0503 3616692.79654
    -10590824.9233 3616642.73203
    -10590872.4567 3616596.42902
    -10590879.2472 3616589.81432
    -10590919.3222 3616550.38559
    -10591009.7136 3616461.80109
    -10591482.2649 3615998.65583
    -10591621.0803 3615862.86714
    -10591729.8394 3615756.26044
    -10591992.776 3615498.6962
    -10592331.8552 3615166.69781
    -10592399.6488 3615100.29919
    -10593291.9858 3614225.99737
    -10593557.0375 3613966.64942
    -10593890.996 3613639.48968
    -10593895.3375 3613635.34027
    -10594040.7207 3613493.35334
    -10594477.3158 3613067.40226
    -10594622.9216 3612925.42181
    -10594623.7009 3612924.64384
    -10594631.8272 3612916.73448
    -10594666.0023 3612883.28181
    -10594682.5889 3612867.33347
    -10594795.4669 3612756.99231
    -10594838.1022 3612715.37151
    -10594838.5475 3612714.85288
    -10594854.6888 3612699.03442
    -10594928.9389 3612626.68468
    -10595200.0019 3612361.92452
    -10595290.5046 3612273.88847
    -10595432.3257 3612135.15842
    -10595539.8603 3612030.3988
    -10595858.1227 3611719.75543
    -10596000.1664 3611581.55014
    -10596327.1117 3611262.36143
    -10596773.3916 3610827.15266
    -10597308.2817 3610305.36297
    -10597546.7281 3610072.93053
    -10597579.122 3610041.30035
    -10597611.516 3610009.67025
    -10597623.4272 3609998.13307
    -10597635.561 3609986.59589
    -10597741.0919 3610091.85683
    -10597801.5384 3610188.04433
    -10597820.1287 3610217.60074
    -10597894.0449 3610335.17894
    -10597949.0367 3610452.49897
    -10597993.8985 3610548.17071
    -10598124.6989 3610713.07006
    -10598135.3855 3610722.40405
    -10598271.9746 3610841.15378
    -10598397.8769 3610943.82912
    -10598466.1157 3610999.44529
    -10598585.3389 3611035.74501
    -10598599.8105 3611040.15285
    -10598614.282 3611044.56068
    -10598649.3476 3611055.19134
    -10598819.6665 3611073.7302
    -10598832.4682 3611075.02663
    -10598837.8115 3611075.67484
    -10598844.8247 3611076.32305
    -10599002.0078 3611092.9173
    -10599142.3817 3611106.91872
    -10599458.863 3611173.29602
    -10599805.1779 3611338.5926
    -10600164.6285 3611510.37372
    -10600617.031 3611824.90138
    -10600679.2585 3611868.20465
    -10600741.4861 3611911.37843
    -10600845.0133 3611983.33505
    -10600948.5404 3612055.42175
    -10600988.3928 3612083.16746
    -10601028.2451 3612110.78358
    -10601065.2032 3612136.45495
    -10601089.0256 3612178.33312
    -10601127.8761 3612246.5313
    -10601166.6153 3612314.85951
    -10601187.9886 3612352.58929
    -10601241.9786 3612500.13847
    -10601262.4614 3612556.15057
    -10601282.8328 3612612.03326
    -10601325.1342 3612727.68918
    -10601380.3487 3612936.83205
    -10601390.924 3612976.50865
    -10601390.924 3612976.76798
    -10601448.4762 3613216.38623
    -10601506.6963 3613455.74976
    -10601613.1178 3613892.60657
    -10601617.2366 3614074.66718
    -10601613.897 3614119.27503
    -10601605.548 3614230.79536
    -10601625.9195 3614335.31416
    -10601634.2685 3614349.05987
    -10601643.174 3614363.71334
    -10601652.0796 3614378.23714
    -10601689.8169 3614440.09319
    -10601727.5542 3614501.94954
    -10601768.6311 3614569.25271
    -10601929.5991 3614810.84687
    -10601966.7798 3614866.73969
    -10601979.2476 3614877.76267
    -10602174.7246 3615048.94425
    -10602302.1854 3615166.69781
    -10602332.6869 3615222.20317
    -10602359.2923 3615270.70572
    -10602385.7863 3615319.07878
    -10602408.2729 3615359.93017
    -10602413.0596 3615469.90537
    -10602340.9246 3615603.09597
    -10602334.1341 3615612.04456
    -10602221.1448 3615759.63241
    -10602117.8403 3615875.31762
    -10602013.3113 3615988.7991
    -10601945.963 3616110.5821
    -10601889.7467 3616212.26339
    -10601833.6417 3616313.81581
    -10601816.6098 3616344.68376
    -10601728.4447 3616550.38559
    -10601671.4492 3616694.09355
    -10601643.0627 3616765.81845
    -10601559.1278 3616929.24383
    -10601548.4411 3616949.99641
    -10601532.8564 3616984.23825
    -10601374.6714 3617330.94216
    -10601229.9561 3617612.54082
    -10601170.6228 3617750.68345
    -10601106.1688 3617850.04332
    -10601074.888 3617898.2967
    -10601067.0957 3617918.01319
    -10601039.4884 3617988.3183
    -10601032.2527 3618040.59338
    -10601034.2564 3618049.67345
    -10601041.6035 3618083.52917
    -10601044.7204 3618087.68007
    -10601097.8198 3618157.85642
    -10601179.0831 3618262.40824
    -10601270.0311 3618367.86897
    -10601348.066 3618458.41285
    -10601388.3637 3618505.24168
    -10601431.8896 3618550.25459
    -10601609.2216 3618733.42122
    -10601848.6698 3618978.33947
    -10602019.5452 3619167.7393
    -10602102.033 3619281.25086
    -10602113.9441 3619297.59661
    -10602125.8553 3619313.94238
    -10602149.6777 3619346.76371
    -10602262.2217 3619564.4505
    -10602367.8639 3619719.6098
    -10602438.2178 3619822.87743
    -10602527.83 3619956.89311
    -10602662.1926 3620148.38366
    -10602767.3896 3620289.66822
    -10602818.4852 3620344.15856
    -10602885.1656 3620372.44173
    -10602955.9648 3620424.72686
    -10603051.8109 3620480.12597
    -10603138.1948 3620552.3917
    -10603205.5431 3620574.96672
    -10603263.0952 3620593.64952
    -10603323.0965 3620613.11081
    -10603446.995 3620640.74589
    -10603605.0687 3620631.66393
    -10603726.5183 3620618.17075
    -10603762.0292 3620614.14875
    -10604040.8845 3620566.793
    -10604359.147 3620512.69091
    -10604677.2981 3620458.58905
    -10604725.4994 3620450.41541
    -10604850.3999 3620441.59307
    -10604855.4092 3620441.33359
    -10604877.8958 3620436.40346
    -10604910.2898 3620429.13802
    -10604942.795 3620422.00231
    -10605233.6729 3620357.91092
    -10605663.8114 3620269.94796
    -10605935.9875 3620185.87775
    -10606138.4777 3620122.04705
    -10606379.2618 3620010.99278
    -10606527.3167 3619943.27093
    -10606541.2316 3619936.91391
    -10606549.9145 3619937.30312
    -10606805.5041 3619950.14689
    -10607143.6927 3620003.98706
    -10607404.1803 3620080.14211
    -10607432.2328 3620091.29945
    -10607458.1703 3620101.67838
    -10607484.1077 3620111.92758
    -10607549.8975 3620138.13443
    -10607724.6691 3620147.08629
    -10607860.4789 3620120.74968
    -10607869.4958 3620119.0631
    -10607901.2218 3620112.44652
    -10607935.6196 3620112.05731
    -10607945.7496 3620111.92758
    -10608185.4205 3620111.6681
    -10608478.8587 3620107.776
    -10608500.1207 3620107.51653
    -10608521.3827 3620107.25705
    -10608574.3708 3620106.47863
    -10608839.4225 3620068.46584
    -10608862.1317 3620061.46008
    -10608895.5275 3620051.21092
    -10608928.812 3620040.96177
    -10609057.4974 3620001.39235
    -10609325.3321 3619912.13457
    -10609569.3444 3619832.348
    -10609725.7483 3619737.38319
    -10609800.555 3619691.84704
    -10609899.0727 3619639.30554
    -10610103.4553 3619530.20155
    -10610123.6041 3619520.86094
    -10610183.2714 3619493.09863
    -10610269.0987 3619389.05536
    -10610306.0568 3619298.89389
    -10610317.7453 3619255.43499
    -10610341.7903 3619165.7934
    -10610328.098 3619119.22153
    -10610311.0662 3619061.23397
    -10610270.1006 3618981.97176
    -10610218.7823 3618892.20242
    -10610150.5435 3618831.75117
    -10610123.7155 3618808.01181
    -10610053.6955 3618749.76625
    -10609995.0301 3618659.99858
    -10609985.568 3618636.51899
    -10609956.0683 3618562.9672
    -10609939.7043 3618422.74004
    -10609942.0421 3618261.62994
    -10609964.7512 3618135.28579
    -10609972.8776 3618089.88523
    -10609981.1152 3618044.48484
    -10610001.7093 3617929.55773
    -10610026.9788 3617857.17754
    -10610031.5429 3617843.9468
    -10610036.2183 3617830.84578
    -10610041.673 3617815.28024
    -10610126.2758 3617680.89853
    -10610185.0525 3617621.62057
    -10610262.7535 3617543.14581
    -10610449.1023 3617367.39008
    -10610523.0185 3617304.61152
    -10610561.869 3617271.53616
    -10610611.2948 3617164.13915
    -10610615.3023 3617155.18944
    -10610615.4137 3617155.18944
    -10610615.3023 3617141.31091
    -10610615.0797 3617093.44959
    -10610606.2855 3617024.31688
    -10610602.0553 3616990.98287
    -10610532.592 3616821.72007
    -10610395.4463 3616647.79035
    -10610380.7522 3616614.45735
    -10610352.3657 3616550.38559
    -10610297.4852 3616400.97257
    -10610296.038 3616396.95193
    -10610295.1475 3616279.83521
    -10610332.8848 3616181.13637
    -10610362.6071 3616128.60972
    -10610422.163 3616026.66973
    -10610505.5413 3615922.3961
    -10610660.9433 3615812.4169
    -10610666.8433 3615808.26676
    -10610763.1346 3615759.37303
    -10610872.0051 3615710.4795
    -10610984.883 3615655.23134
    -10611130.9342 3615592.33173
    -10611241.1405 3615462.9022
    -10611332.3112 3615286.39777
    -10611380.6238 3615073.58422
    -10611402.3311 3614930.02467
    -10611430.7176 3614826.27897
    -10611482.1472 3614765.19909
    -10611508.0847 3614735.11314
    -10611564.635 3614669.36523
    -10611628.755 3614627.08964
    -10611683.5242 3614591.03879
    -10611806.7548 3614520.75289
    -10611813.8793 3614516.73286
    -10611821.0037 3614512.71284
    -10611822.1169 3614512.06444
    -10611851.1713 3614495.59531
    -10611854.9562 3614495.59531
    -10611855.2901 3614495.46563
    -10611903.3802 3614493.52046
    -10611951.1362 3614491.83464
    -10611951.4702 3614491.83464
    -10611959.2625 3614491.57529
    -10611980.7472 3614507.91474
    -10612027.1674 3614543.0576
    -10612073.699 3614578.20056
    -10612122.3456 3614614.89977
    -10612204.1654 3614705.41631
    -10612256.5969 3614810.97655
    -10612360.458 3615020.15446
    -10612412.4442 3615163.19631
    -10612548.6993 3615422.56923
    -10612636.1964 3615576.76899
    -10612771.7835 3615901.25615
    -10612773.008 3615903.85001
    -10612773.4533 3615904.88755
    -10612857.2769 3616087.8855
    -10612900.6915 3616147.67492
    -10612900.8028 3616147.67492
    -10612918.5026 3616171.92798
    -10612940.9891 3616201.75801
    -10613061.8821 3616337.5504
    -10613104.2948 3616374.38451
    -10613104.6288 3616374.7736
    -10613138.2473 3616403.95563
    -10613171.9771 3616433.26742
    -10613190.9014 3616449.60942
    -10613282.9626 3616513.81036
    -10613335.5054 3616550.38559
    -10613386.4897 3616585.53422
    -10613401.2952 3616595.78052
    -10613475.9906 3616610.04754
    -10613481.4453 3616611.08514
    -10613640.6321 3616630.02139
    -10613723.4538 3616608.10203
    -10613737.1461 3616604.47043
    -10613794.1417 3616569.58114
    -10613800.153 3616560.37246
    -10613813.7339 3616537.15624
    -10613876.4068 3616422.11337
    -10613897.3349 3616383.72275
    -10613977.4849 3616253.89589
    -10614019.4524 3616185.93512
    -10614035.0371 3616156.10512
    -10614099.3798 3616032.63566
    -10614158.4904 3615881.41317
    -10614169.1771 3615868.7033
    -10614212.2577 3615817.73427
    -10614255.3384 3615766.89513
    -10614257.3421 3615764.56069
    -10614299.9775 3615726.43148
    -10614340.9431 3615689.5993
    -10614389.1444 3615602.31783
    -10614389.4784 3615601.02093
    -10614430.4439 3615442.93023
    -10614431.5571 3615317.39286
    -10614288.6229 3614727.33231
    -10614278.7155 3614664.56708
    -10614280.9418 3614656.26757
    -10614283.1682 3614647.83838
    -10614285.3946 3614639.4092
    -10614411.1857 3614425.82866
    -10614409.1819 3614403.9132
    -10614416.8629 3614391.4642
    -10614474.8604 3614297.57836
    -10614491.2244 3614270.9948
    -10614507.5883 3614244.54096
    -10614544.1011 3614185.40906
    -10614573.9347 3614172.05255
    -10614757.3893 3614088.9313
    -10614850.2297 3614062.34818
    -10614873.2729 3614056.12385
    -10614966.8926 3614030.18917
    -10614992.83 3614025.52093
    -10615185.9693 3613988.95313
    -10615302.7435 3613970.92861
    -10615399.814 3613955.88659
    -10615626.2379 3613932.15655
    -10615698.9295 3613917.11457
    -10615831.7337 3613889.88346
    -10615992.0337 3613915.94752
    -10616202.3163 3613963.66695
    -10616299.2755 3614016.4438
    -10616554.3085 3614060.66243
    -10616691.6767 3614077.52001
    -10616825.7054 3614068.31317
    -10616841.0675 3614065.46035
    -10616854.4258 3614063.12622
    -10616869.12 3614060.01406
    -10616896.9499 3614054.30842
    -10616981.4414 3614038.74761
    -10617073.6139 3614029.02211
    -10617120.7021 3614026.29897
    -10617328.3129 3613982.21014
    -10617441.1909 3613949.79199
    -10617492.1752 3613935.13901
    -10617592.5854 3613906.48146
    -10617635.3321 3613888.45707
    -10617770.6966 3613831.27193
    -10617856.1899 3613798.7245
    -10617924.0948 3613772.92002
    -10617932.4438 3613763.58374
    -10617947.8059 3613746.46724
    -10617963.168 3613729.35077
    -10618018.0485 3613668.01694
    -10618103.5418 3613679.42786
    -10618115.6757 3613680.9839
    -10618247.8119 3613758.52659
    -10618309.8169 3613812.85863
    -10618395.8668 3613888.3274
    -10618530.2295 3613990.89822
    -10618613.4964 3614050.02919
    -10618677.6165 3614075.96392
    -10618773.6852 3614114.86611
    -10618841.924 3614135.22497
    -10618941.8889 3614165.05012
    -10619136.2528 3614219.38393
    -10619245.4572 3614242.59583
    -10619326.4978 3614263.21425
    -10619429.1343 3614257.24917
    -10619430.5815 3614257.6382
    -10619434.3664 3614258.80528
    -10619449.2832 3614263.4736
    -10619464.2 3614268.14193
    -10619511.3994 3614282.92497
    -10619511.7334 3614283.314
    -10619590.6589 3614357.61853
    -10619625.7246 3614408.19255
    -10619651.2167 3614445.02094
    -10619695.8558 3614535.53624
    -10619705.9859 3614572.23533
    -10619722.7952 3614637.85305
    -10619725.0215 3614649.52422
    -10619740.0497 3614726.0355
    -10619746.2836 3614757.80728
    -10619754.5212 3614810.19846
    -10619769.772 3614905.90372
    -10619767.7682 3615077.47475
    -10619766.3211 3615183.94594
    -10619740.6063 3615352.40832
    -10619717.8971 3615441.24428
    -10619698.5275 3615512.4432
    -10619636.8565 3615651.7297
    -10619580.1949 3615760.79964
    -10619506.8353 3615867.66576
    -10619440.9342 3615961.04468
    -10619344.7542 3616069.20947
    -10619247.6836 3616181.39577
    -10619171.2071 3616251.95044
    -10619090.5004 3616322.24612
    -10619042.967 3616367.51053
    -10619000.6656 3616414.72057
    -10618974.9508 3616466.59994
    -10618974.6169 3616467.24844
    -10618959.1434 3616507.4551
    -10618945.2285 3616545.58671
    -10618943.4474 3616550.51529
    -10618940.6644 3616651.29227
    -10618961.8151 3616743.63946
    -10619011.0183 3616835.98734
    -10619175.4372 3616964.00442
    -10619301.8962 3617022.76043
    -10619313.2507 3617028.07832
    -10619324.494 3617033.2665
    -10619372.4727 3617055.57571
    -10619504.275 3617089.03961
    -10619509.507 3617090.59607
    -10619523.1993 3617094.61693
    -10619536.7803 3617098.50809
    -10619537.1142 3617098.6378
    -10619556.4838 3617104.34483
    -10619575.8534 3617110.05187
    -10619630.6226 3617126.13535
    -10619685.5031 3617142.34856
    -10619727.4706 3617154.67061
    -10619797.9358 3617191.89626
    -10619832.7788 3617260.25165
    -10619819.4205 3617349.36067
    -10619816.3035 3617370.11395
    -10619741.7195 3617467.91427
    -10619667.4694 3617523.94875
    -10619628.6189 3617551.05812
    -10619564.9441 3617595.41903
    -10619496.7053 3617561.30521
    -10619441.6021 3617533.67699
    -10619428.9117 3617520.44659
    -10619253.8061 3617337.42755
    -10619043.7463 3617182.94653
    -10618886.0065 3617127.3027
    -10618638.5433 3617056.61335
    -10618618.2832 3617050.77663
    -10618465.5528 3617021.07427
    -10618428.2608 3617013.81082
    -10618390.8574 3617006.54738
    -10618365.8106 3617001.74832
    -10618351.8956 3617002.78595
    -10618235.9007 3617011.21673
    -10618119.9058 3617019.51782
    -10618026.5088 3617026.26245
    -10617803.4245 3617084.24052
    -10617705.352 3617163.49062
    -10617678.858 3617184.89212
    -10617689.5447 3617287.49015
    -10617690.9918 3617296.31025
    -10617693.2182 3617308.11362
    -10617695.4446 3617320.04672
    -10617695.6672 3617320.82496
    -10617711.6972 3617404.87578
    -10617721.1594 3617467.00631
    -10617721.2707 3617467.78456
    -10617722.6065 3617475.69682
    -10617723.8311 3617484.25764
    -10617725.7235 3617497.6177
    -10617741.9761 3617607.22268
    -10617750.6591 3617891.55159
    -10617750.7704 3617905.82009
    -10617750.6591 3617910.23036
    -10617751.2157 3617937.98914
    -10617751.8836 3617970.28798
    -10617751.8836 3617970.4177
    -10617751.7723 3617983.51886
    -10617792.5152 3618090.66353
    -10617828.1374 3618114.92038
    -10617944.2437 3618193.7879
    -10618060.3499 3618272.65592
    -10618099.8683 3618299.50749
    -10618143.3942 3618315.72223
    -10618149.1828 3618317.92743
    -10618150.5187 3618318.44631
    -10618205.0652 3618339.07149
    -10618260.9476 3618360.08586
    -10618310.4848 3618378.63562
    -10618428.2608 3618365.2746
    -10618588.5609 3618347.24374
    -10618676.058 3618358.26981
    -10618713.2387 3618362.93967
    -10618839.2524 3618429.226
    -10618864.5219 3618442.58708
    -10618867.7501 3618444.27343
    -10619033.5049 3618529.75878
    -10619305.3471 3618629.38432
    -10619342.6391 3618639.11342
    -10619379.9311 3618648.71281
    -10619417.7798 3618658.44192
    -10619455.6284 3618668.30077
    -10619668.8052 3618723.30288
    -10619722.4612 3618771.17049
    -10619981.613 3619003.11695
    -10619993.0789 3619017.12728
    -10619994.1921 3619018.29481
    -10620006.1033 3619032.82405
    -10620018.7937 3619048.13167
    -10620019.1276 3619048.65057
    -10620070.4459 3619110.78932
    -10620121.8755 3619172.92838
    -10620152.3771 3619209.77089
    -10620182.5447 3619246.22432
    -10620182.8786 3619246.6135
    -10620187.7767 3619252.45125
    -10620192.5634 3619258.41873
    -10620193.0087 3619258.93764
    -10620298.9848 3619387.10943
    -10620405.295 3619515.80145
    -10620405.4063 3619516.06091
    -10620406.7421 3619517.61768
    -10620525.4087 3619825.34237
    -10620574.1666 3619951.57397
    -10620605.5587 3620270.98587
    -10620608.0077 3620295.50646
    -10620590.1966 3620392.03241
    -10620575.3911 3620472.2118
    -10620574.3893 3620526.5732
    -10620573.61 3620576.00465
    -10620590.1966 3620599.87713
    -10620661.6637 3620630.23677
    -10620838.7731 3620657.09343
    -10621073.7685 3620619.59791
    -10621153.9185 3620616.35436
    -10621227.7234 3620613.37029
    -10621301.4169 3620610.51597
    -10621316.3337 3620609.86726
    -10621325.9071 3620613.24055
    -10621379.0065 3620631.79367
    -10621432.1059 3620650.34682
    -10621437.7832 3620652.29296
    -10621509.3617 3620677.33327
    -10621559.5668 3620735.84735
    -10621582.3872 3620762.44475
    -10621605.3191 3620789.04221
    -10621603.7606 3620811.7474
    -10621602.2021 3620833.54442
    -10621602.0908 3620834.32289
    -10621598.0833 3620891.28077
    -10621578.2684 3620965.36534
    -10621566.2459 3621010.90615
    -10621449.1378 3621076.0389
    -10621259.1154 3621166.73227
    -10621133.6584 3621265.34098
    -10621128.649 3621271.56892
    -10621125.6434 3621275.20189
    -10621124.9755 3621287.52804
    -10621121.5246 3621300.24346
    -10621107.2757 3621352.40274
    -10621093.0268 3621407.54649
    -10621093.2494 3621455.16494
    -10621093.9173 3621484.22916
    -10621094.3626 3621501.61582
    -10621095.8098 3621551.05115
    -10621331.2505 3621895.02795
    -10621352.2899 3621938.36632
    -10621363.1992 3621960.68435
    -10621398.0422 3622031.92064
    -10621420.7513 3622078.24392
    -10621432.8852 3622102.89783
    -10621437.338 3622111.98086
    -10621439.2304 3622282.74313
    -10621351.9559 3622540.83735
    -10621237.6308 3622793.61659
    -10621090.5777 3623181.61938
    -10621071.6534 3623224.18363
    -10621068.6478 3623230.93164
    -10621028.9067 3623292.57224
    -10621010.873 3623337.99182
    -10621001.1882 3623362.51847
    -10620995.9562 3623463.9996
    -10620999.9637 3623496.44259
    -10620998.0712 3623516.81684
    -10621002.3014 3623565.48157
    -10621038.5915 3623628.29179
    -10621084.4552 3623707.45389
    -10621153.3619 3623786.09739
    -10621298.8565 3623922.36206
    -10621339.2655 3623964.79908
    -10621354.071 3623976.34925
    -10621548.3235 3624127.67033
    -10621789.7755 3624266.01524
    -10621820.9449 3624283.79514
    -10622051.2649 3624404.88082
    -10622225.3686 3624496.507
    -10622645.0431 3624614.86929
    -10622819.8147 3624618.24367
    -10623026.7576 3624637.71127
    -10623096.6663 3624644.33026
    -10623312.4035 3624607.21205
    -10623516.5634 3624588.78277
    -10623592.8173 3624602.7994
    -10623647.1412 3624612.66297
    -10623701.5764 3624622.65633
    -10623701.799 3624645.36853
    -10623702.0217 3624668.08078
    -10623702.3556 3624701.43542
    -10623702.6896 3624734.79014
    -10623702.5783 3624797.60628
    -10623703.8028 3624835.11442
    -10623704.1367 3624844.58881
    -10623704.916 3624868.85886
    -10623705.3613 3624883.13539
    -10623706.0292 3624897.41193
    -10623706.4745 3624911.42891
    -10623706.5858 3624913.89486
    -10623706.5858 3624914.93315
    -10623706.8084 3624920.514
    -10623707.1424 3624926.35441
    -10623707.4763 3624937.77568
    -10623708.0329 3624951.66292
    -10623708.0329 3624952.18207
    -10623708.4782 3624965.55018
    -10623708.4782 3624967.3672
    -10623705.6952 3625006.30352
    -10623705.8065 3625007.21204
    -10623711.4838 3625080.28286
    -10623710.7046 3625108.83641
    -10623709.3688 3625161.53086
    -10623708.4782 3625184.37384
    -10623708.1442 3625200.20821
    -10623707.699 3625252.64346
    -10623707.0311 3625311.95787
    -10623706.0292 3625421.76165
    -10623706.0292 3625448.2393
    -10623706.0292 3625466.79965
    -10623705.5839 3625531.43661
    -10623705.5839 3626212.09202
    -10623705.5839 3626213.90923
    -10623705.5839 3626233.76873
    -10623708.7008 3627128.12833
    -10623708.8122 3627175.11969
    -10623709.3688 3627319.46995
    -10623709.3688 3627329.72511
    -10623709.7027 3627433.31572
    -10623711.3725 3628117.45087
    -10623714.1555 3629195.52716
    -10623715.6027 3629777.70657
    -10623717.3838 3630450.0254
    -10623717.4951 3630497.02935
    -10623717.4951 3630506.37823
    -10623717.6064 3630515.85695
    -10623717.7177 3630579.74116
    -10623718.0517 3630709.71798
    -10623718.0517 3630721.92367
    -10623719.3875 3631235.61215
    -10623719.3875 3631240.54657
    -10623719.3875 3631243.40334
    -10623719.0536 3631251.06469
    -10623718.9422 3631255.73941
    -10623720.3894 3631601.02435
    -10623722.0592 3632081.3747
    -10623722.2818 3632108.25617
    -10623722.8384 3632168.12284
    -10623725.6214 3632490.57673
    -10623725.7327 3632499.14791
    -10623726.0667 3632519.53695
    -10623726.0667 3632530.70548
    -10623726.178 3632538.75722
    -10623726.2893 3632576.2888
    -10623726.512 3632577.58747
    -10623726.9572 3632621.87227
    -10623727.0686 3632639.14469
    -10623727.1799 3632655.63792
    -10623727.0686 3632659.92357
    -10623727.1799 3632670.57276
    -10623727.2912 3632678.88433
    -10623727.2912 3632687.1959
    -10623727.5138 3632687.97511
    -10623727.6252 3632703.94893
    -10623727.7365 3632713.81895
    -10623728.0704 3632745.89655
    -10623729.7402 3633272.2668
    -10623729.7402 3633332.00923
    -10623729.8515 3633334.60673
    -10623732.5232 3634186.09766
    -10623732.5232 3634193.11141
    -10623733.7477 3634618.6193
    -10623737.0873 3635767.2779
    -10623737.6439 3635963.42951
    -10623735.8628 3636009.93479
    -10623735.5288 3636010.5843
    -10623735.0836 3636014.4814
    -10623734.9722 3636670.64035
    -10623734.6383 3637141.05407
    -10623734.7496 3637162.49008
    -10623741.7627 3638453.52628
    -10623743.4325 3638806.41823
    -10623746.3268 3639743.39783
    -10623746.7721 3639799.14327
    -10623751.2249 3640296.57527
    -10623717.7177 3640323.08474
    -10623617.1962 3640402.87341
    -10623583.8004 3640429.51307
    -10623405.9118 3640570.50927
    -10623020.0785 3640876.93789
    -10622960.2999 3640924.37133
    -10622872.8028 3640994.41721
    -10622695.6935 3641136.58946
    -10622678.7729 3641149.97505
    -10622628.3452 3641190.65174
    -10622611.6473 3641204.16734
    -10622610.2001 3641205.20701
    -10622593.8361 3641218.46271
    -10622585.1532 3641225.48044
    -10622515.2446 3641281.7524
    -10622505.8937 3641289.16005
    -10622481.7374 3641308.65387
    -10622479.3997 3641310.4733
    -10622337.69 3641424.31785
    -10621912.4495 3641766.37765
    -10621771.7417 3641879.57658
    -10621770.8511 3641880.35637
    -10621656.1921 3641972.37188
    -10621312.3262 3642248.9424
    -10621197.7784 3642341.09062
    -10621183.7522 3642352.26803
    -10621142.0073 3642385.93028
    -10621128.0924 3642397.23769
    -10621099.2607 3642420.24247
    -10621012.6541 3642489.77694
    -10620999.2958 3642500.69454
    -10620983.9337 3642512.91186
    -10620981.596 3642514.60149
    -10620974.9168 3642519.93033
    -10620972.913 3642521.8799
    -10620970.3527 3642523.82948
    -10620962.783 3642530.19809
    -10620960.3339 3642532.40761
    -10620630.8282 3642797.29295
    -10619642.3112 3643592.50297
    -10619312.9168 3643857.54102
    -10619293.4359 3643872.87935
    -10619252.359 3643906.15578
    -10619235.6611 3643919.54437
    -10619216.5141 3643935.27273
    -10618979.9602 3644125.44451
    -10618448.9662 3644552.85424
    -10618270.5211 3644696.49739
    -10618034.1898 3644887.07088
    -10617892.3688 3645001.20839
    -10617722.4952 3645138.09679
    -10617467.1283 3645343.36724
    -10617326.1978 3645456.85895
    -10617325.4186 3645457.50897
    -10617288.0153 3645488.70962
    -10617176.3618 3645582.18206
    -10617139.2924 3645613.64303
    -10617120.8134 3645628.98354
    -10617064.4857 3645692.29583
    -10617056.3594 3645701.6562
    -10616815.798 3645893.15525
    -10616732.6423 3645959.58908
    -10616410.4837 3646218.56744
    -10615444.2305 3646995.66513
    -10615122.1832 3647254.79524
    -10614938.84 3647402.11047
    -10614389.1444 3647844.32677
    -10614340.2751 3647883.72523
    -10614205.9125 3647991.77906
    -10613851.1373 3648274.4659
    -10613074.3499 3648894.08506
    -10612919.7271 3649017.49246
    -10612801.6171 3649112.29203
    -10612787.3682 3649123.73565
    -10612775.9023 3649133.09862
    -10612750.1875 3649153.7752
    -10612733.0443 3649167.42957
    -10612715.9011 3649181.08395
    -10612435.2647 3649406.44843
    -10612433.3723 3649407.87891
    -10612386.6181 3649445.46174
    -10612246.4668 3649558.08085
    -10612215.1861 3649583.30975
    -10612199.824 3649595.79418
    -10612199.2674 3649596.05427
    -10612131.2512 3649650.80383
    -10611925.8667 3649815.7042
    -10611857.4052 3649870.84487
    -10611854.0656 3649873.31581
    -10611706.122 3649992.18124
    -10611252.4951 3650356.45762
    -10611102.4364 3650477.27854
    -10611101.4346 3650478.18893
    -10611051.5634 3650517.85591
    -10610902.5066 3650636.98767
    -10610852.8581 3650676.78522
    -10610841.3922 3650685.88925
    -10610791.855 3650724.51644
    -10610636.0078 3650847.1618
    -10610609.2911 3650867.97131
    -10610548.3993 3650915.83333
    -10610454.0004 3650991.78864
    -10610170.581 3651219.39728
    -10610076.2934 3651295.48453
    -10609856.5487 3651472.37295
    -10609501.6621 3651758.00108
    -10608617.8967 3652469.4988
    -10607849.1243 3653088.54824
    -10607777.9912 3653145.65481
    -10607203.4713 3653608.37085
    -10607190.4469 3653618.77793
    -10606907.0275 3653846.95543
    -10606017.8074 3654562.7369
    -10605721.4749 3654801.47006
    -10605721.2522 3654801.73026
    -10605586.7783 3654909.84473
    -10605182.9112 3655235.10457
    -10605067.4729 3655328.26057
    -10605067.3616 3655328.26057
    -10605048.3259 3655343.48306
    -10604986.7662 3655392.92374
    -10604802.5325 3655541.24698
    -10604741.4181 3655590.81856
END
END
