48473 Waller County
1
    -10681138.6488 3534038.26482
    -10680989.1467 3534035.30128
    -10680911.2231 3534040.71296
    -10680229.9478 3534089.03157
    -10680002.9673 3534105.13782
    -10679834.9862 3534122.53258
    -10679743.5929 3534117.37858
    -10679726.895 3534117.12088
    -10679718.2121 3534116.86318
    -10679709.5292 3534116.60548
    -10679691.6067 3534116.47663
    -10679673.4616 3534116.34778
    -10679645.9657 3534116.47663
    -10679617.9132 3534116.47663
    -10679588.5249 3534116.60548
    -10679577.7269 3534117.76513
    -10679568.376 3534116.60548
    -10679557.6894 3534116.99203
    -10679535.6481 3534118.02283
    -10679525.1841 3534117.37858
    -10679503.9221 3534116.73433
    -10679483.328 3534115.05927
    -10679471.0828 3534116.60548
    -10679458.5037 3534117.63628
    -10679446.3699 3534118.28053
    -10679421.8796 3534118.28053
    -10679377.0178 3534079.88323
    -10679335.7183 3534119.95558
    -10679311.3393 3534121.24408
    -10679274.27 3534123.56339
    -10679261.6908 3534124.46534
    -10679224.9554 3534125.88269
    -10679199.2406 3534126.52694
    -10679157.8298 3534130.2636
    -10679144.0261 3534130.0059
    -10679102.0587 3534132.0675
    -10679087.9211 3534131.0367
    -10679045.0631 3534128.9751
    -10679030.9255 3534128.33085
    -10679002.3164 3534128.4597
    -10678988.5128 3534128.4597
    -10678974.2639 3534129.10395
    -10678948.2152 3534128.33085
    -10678934.5229 3534128.84625
    -10678908.5854 3534129.2328
    -10678873.0745 3534126.91349
    -10678861.6086 3534126.01154
    -10678849.4748 3534126.91349
    -10678788.917 3534130.90785
    -10678759.7513 3534130.90785
    -10678630.5093 3534111.06492
    -10678479.6714 3534088.12962
    -10678241.1138 3534087.35652
    -10678131.0188 3534087.09882
    -10678110.9813 3534089.16042
    -10678109.2002 3534089.28927
    -10678103.8568 3534089.80467
    -10678102.187 3534090.06237
    -10677639.8772 3534140.44278
    -10677628.1886 3534141.34473
    -10676823.5714 3534209.76449
    -10676788.1718 3534212.08381
    -10676411.0213 3534236.4367
    -10676023.9635 3534270.58236
    -10675860.1012 3534284.75605
    -10675615.6436 3534305.11467
    -10675592.6004 3534306.9186
    -10675506.1052 3534310.3976
    -10675499.5373 3534310.91301
    -10675491.1884 3534311.55727
    -10675372.5218 3534321.35004
    -10674443.338 3534396.72883
    -10674272.5739 3534412.44891
    -10674206.2275 3534418.50501
    -10673590.9647 3534474.68514
    -10673256.7836 3534505.35239
    -10672558.0311 3534566.6871
    -10672424.6704 3534578.41288
    -10672407.0819 3534579.83029
    -10672132.3454 3534604.05503
    -10672011.2298 3534614.62115
    -10671907.3687 3534623.76988
    -10671900.1329 3534624.41415
    -10671211.8445 3534676.47181
    -10671152.7339 3534680.85291
    -10670881.2256 3534701.34102
    -10670607.491 3534722.08687
    -10670571.0895 3534723.63315
    -10670347.6713 3534741.93076
    -10670206.9635 3534753.52785
    -10669097.9987 3534880.96771
    -10668864.2278 3534896.55954
    -10668847.6412 3534897.5904
    -10668831.0546 3534898.75012
    -10668291.6003 3534935.73246
    -10668041.6881 3534952.74179
    -10667881.4993 3534961.89076
    -10667636.8191 3534978.12697
    -10667635.038 3534978.12697
    -10667627.1343 3534978.77127
    -10667591.7347 3534981.09073
    -10667571.2519 3534982.50818
    -10666968.2342 3535026.19145
    -10666952.6495 3535029.67065
    -10666935.061 3535033.6653
    -10666767.0799 3535049.12844
    -10666756.3932 3535049.38616
    -10666751.9404 3535049.51502
    -10666749.2688 3535049.51502
    -10666741.2538 3535049.77274
    -10666738.6934 3535050.03046
    -10666542.7711 3535053.25195
    -10666509.7092 3535054.02511
    -10666456.2759 3535055.18485
    -10666121.0929 3535059.43722
    -10666116.4175 3535059.56608
    -10666115.8609 3535059.56608
    -10666114.525 3535059.56608
    -10666114.0797 3535059.56608
    -10666095.4894 3535059.69494
    -10666039.941 3535060.33924
    -10666021.4619 3535060.72582
    -10665710.4353 3535090.87904
    -10664969.8267 3535162.78317
    -10664949.5666 3535164.45836
    -10664886.5597 3535154.7938
    -10664886.2258 3535126.05789
    -10664881.3277 3534662.16882
    -10664876.6523 3534212.98576
    -10664865.8543 3533184.79536
    -10664861.0676 3532716.08162
    -10664863.2939 3532692.50467
    -10664863.7392 3532683.61501
    -10664865.5203 3532657.33257
    -10664866.1883 3532648.57178
    -10664864.0732 3532174.46699
    -10664862.8487 3531897.61346
    -10664857.728 3530752.6455
    -10664855.6129 3530278.74044
    -10664854.4997 3530053.32294
    -10664851.2714 3529377.3521
    -10664850.2696 3529152.07943
    -10664850.1582 3529133.66109
    -10664849.4903 3529007.3094
    -10664847.4866 3528573.3956
    -10664846.8187 3528428.76096
    -10664848.1545 3528330.1064
    -10664851.6054 3528075.74604
    -10664851.9394 3528034.27613
    -10664852.7186 3527964.98819
    -10664852.496 3527935.75342
    -10664849.9356 3527656.54553
    -10664842.2546 3526818.95874
    -10664840.0282 3526567.07537
    -10664839.9169 3526549.69096
    -10664839.8055 3526539.77542
    -10664839.3603 3526494.31858
    -10664837.9131 3525667.10964
    -10664837.5791 3525446.7958
    -10664836.6886 3524937.68074
    -10664835.9094 3524428.71485
    -10664835.6867 3524308.07503
    -10664835.4641 3524187.43636
    -10664835.1301 3523973.32807
    -10664834.6848 3523759.35213
    -10664833.4603 3523049.47223
    -10664833.349 3522968.23896
    -10664832.0132 3522177.04635
    -10664831.7905 3522148.85474
    -10664831.1226 3522064.66649
    -10664831.0113 3522036.60387
    -10664830.3434 3521837.97889
    -10664828.4509 3521242.38002
    -10664827.8944 3521043.89617
    -10664828.117 3520590.17529
    -10664823.5529 3519791.7946
    -10664823.2189 3519767.85554
    -10664821.9944 3519683.42566
    -10664818.4322 3519430.13938
    -10664817.319 3519345.84044
    -10664817.2077 3519340.17763
    -10664816.985 3519323.18922
    -10664816.985 3519317.65512
    -10664815.5379 3519149.83148
    -10664815.5379 3519136.57557
    -10664817.5416 3518593.73848
    -10664818.2096 3518412.79794
    -10664818.2096 3518401.73054
    -10664818.2096 3518399.67149
    -10664818.2096 3518368.91445
    -10664818.3209 3518358.10447
    -10664817.9869 3518325.80326
    -10664817.319 3518228.90013
    -10664817.0964 3518196.59924
    -10664817.0964 3518188.36318
    -10664817.2077 3518186.30416
    -10664777.9119 3515136.10911
    -10664817.9869 3515122.72872
    -10664914.3896 3515095.83933
    -10664937.6554 3515093.00887
    -10664952.4609 3515093.65216
    -10664982.6284 3515100.7283
    -10665001.6641 3515100.7283
    -10665034.726 3515097.89785
    -10665060.7747 3515086.57601
    -10665086.1556 3515078.85659
    -10665107.9742 3515067.53477
    -10665120.5533 3515055.44102
    -10665268.3856 3514991.88471
    -10665278.8496 3514984.80862
    -10665287.3099 3514968.46931
    -10665295.7702 3514957.14759
    -10665306.3455 3514948.65631
    -10665318.2567 3514944.41067
    -10665378.1466 3514935.27612
    -10665406.1991 3514928.84334
    -10665424.5668 3514923.31115
    -10665445.6062 3514909.15906
    -10665463.9739 3514894.23504
    -10665473.77 3514874.42216
    -10665478.0002 3514845.47482
    -10665475.2172 3514822.18834
    -10665468.2041 3514789.6388
    -10665456.1816 3514757.73262
    -10665432.9158 3514743.58071
    -10665425.2347 3514740.10706
    -10665418.8895 3514734.4463
    -10665416.1065 3514725.95517
    -10665413.3236 3514702.6689
    -10665413.9915 3514636.15534
    -10665424.5668 3514590.22646
    -10665440.0402 3514563.33819
    -10665475.8851 3514520.88315
    -10665492.8057 3514510.33374
    -10665522.9733 3514502.48601
    -10665582.8631 3514506.2169
    -10665616.259 3514501.58545
    -10665640.0814 3514491.80797
    -10665689.3959 3514475.08333
    -10665714.8881 3514456.55761
    -10665755.9649 3514402.65305
    -10665774.7779 3514393.39024
    -10665790.8079 3514392.23239
    -10665810.1775 3514394.80539
    -10665825.4283 3514400.72329
    -10665847.8035 3514402.5244
    -10665877.9711 3514407.15581
    -10665878.7503 3514407.41311
    -10665942.8704 3514422.33655
    -10666009.6621 3514440.21897
    -10666091.5932 3514504.02983
    -10666119.5344 3514517.79552
    -10666147.4756 3514521.26911
    -10666163.7282 3514521.91236
    -10666178.8677 3514515.7371
    -10666198.5712 3514501.32815
    -10666204.8051 3514491.80797
    -10666216.0484 3514469.16539
    -10666227.2917 3514423.2371
    -10666247.6631 3514321.47502
    -10666254.6763 3514238.75372
    -10666254.6763 3514223.18725
    -10666239.2029 3514192.05438
    -10666240.65 3514174.30095
    -10666268.7025 3514110.74904
    -10666290.5211 3514076.01433
    -10666298.3135 3514068.29551
    -10666304.6587 3514066.10852
    -10666367.9995 3514078.20132
    -10666409.4104 3514101.48644
    -10666430.5611 3514119.23977
    -10666445.4779 3514135.44934
    -10666478.4284 3514171.4707
    -10666536.0919 3514224.47374
    -10666552.3446 3514234.37967
    -10666567.818 3514234.37967
    -10666588.8574 3514232.3213
    -10666607.2251 3514228.71914
    -10666621.2513 3514222.41536
    -10666640.9549 3514221.64347
    -10666658.5434 3514224.47374
    -10666673.3489 3514224.47374
    -10666689.0449 3514213.66728
    -10666701.4014 3514205.43379
    -10666714.0918 3514191.92573
    -10666732.3482 3514182.14848
    -10666753.4989 3514175.71608
    -10666771.0874 3514166.58208
    -10666795.0211 3514143.94008
    -10666825.9679 3514130.43209
    -10666843.8903 3514125.67214
    -10666858.3619 3514121.94136
    -10666936.3968 3514124.12837
    -10667001.1848 3514140.33795
    -10667089.1272 3514148.82869
    -10667117.9589 3514151.65894
    -10667150.2416 3514147.41357
    -10667169.2772 3514136.73582
    -10667208.6843 3514126.82996
    -10667268.1289 3514119.62571
    -10667331.8037 3514112.03552
    -10667525.9448 3514096.34056
    -10667536.5202 3514091.45197
    -10667552.6615 3514066.6231
    -10667555.7785 3514064.56476
    -10667562.569 3514060.31941
    -10667568.1349 3514058.9043
    -10667578.7103 3514060.31941
    -10667588.6177 3514065.97987
    -10667613.2193 3514083.6045
    -10667631.4757 3514092.86709
    -10667646.9491 3514098.52756
    -10667672.9979 3514115.50899
    -10667688.36 3514134.29152
    -10667691.3656 3514138.02229
    -10667751.1442 3514227.17536
    -10667752.5913 3514240.5548
    -10667751.1442 3514254.70615
    -10667741.3481 3514275.93321
    -10667741.3481 3514287.76892
    -10667741.3481 3514296.51706
    -10667746.2461 3514318.38743
    -10667757.4894 3514344.50328
    -10667777.8609 3514362.25694
    -10667803.9096 3514380.52523
    -10667842.6488 3514401.10925
    -10667881.2767 3514408.82826
    -10667906.6575 3514411.65857
    -10667929.144 3514408.82826
    -10667949.5155 3514399.69409
    -10667962.9852 3514396.86379
    -10667977.0114 3514405.3547
    -10667996.715 3514420.14949
    -10668040.3522 3514474.56873
    -10668063.618 3514490.77876
    -10668085.3253 3514496.43941
    -10668104.3609 3514496.43941
    -10668136.7549 3514487.94843
    -10668173.2677 3514468.90809
    -10668213.454 3514427.09661
    -10668252.0819 3514383.99878
    -10668264.7723 3514374.86463
    -10668381.5465 3514337.2989
    -10668458.2456 3514318.25878
    -10668510.2318 3514296.25976
    -10668572.9047 3514255.22075
    -10668636.1341 3514237.59588
    -10668661.515 3514234.76562
    -10668706.4881 3514234.63697
    -10668727.6388 3514242.48453
    -10668742.4442 3514254.44886
    -10668752.2404 3514268.60022
    -10668766.7119 3514296.51706
    -10668768.159 3514310.53982
    -10668765.3761 3514334.98321
    -10668756.2479 3514377.69493
    -10668755.4686 3514397.12109
    -10668763.7063 3514417.57648
    -10668784.6343 3514439.96167
    -10668816.583 3514465.94912
    -10668849.9789 3514485.63271
    -10668895.8425 3514503.25792
    -10668915.3234 3514508.14667
    -10668934.1364 3514515.86575
    -10669016.0676 3514561.53706
    -10669069.5009 3514595.88715
    -10669116.1438 3514625.60584
    -10669129.5021 3514635.89804
    -10669251.8422 3514730.07208
    -10669290.8041 3514760.17704
    -10669294.1436 3514762.75012
    -10669314.6264 3514786.67976
    -10669332.8828 3514816.39889
    -10669353.2543 3514857.43971
    -10669370.9541 3514905.55671
    -10669381.4181 3514950.7148
    -10669387.7633 3514984.03669
    -10669385.6483 3515004.87899
    -10669384.3124 3515018.64522
    -10669380.7502 3515029.967
    -10669354.0335 3515068.82134
    -10669342.7903 3515109.21969
    -10669321.7509 3515203.91186
    -10669306.9454 3515232.21673
    -10669278.8929 3515304.39441
    -10669256.4063 3515336.94527
    -10669226.7954 3515363.06321
    -10669216.9992 3515376.57251
    -10669193.0655 3515460.71647
    -10669184.16 3515545.63296
    -10669177.7035 3515608.54873
    -10669170.579 3515654.48129
    -10669165.013 3515720.87151
    -10669165.7923 3515745.7036
    -10669189.726 3515802.95913
    -10669215.7747 3515856.74095
    -10669245.2744 3515884.9186
    -10669259.412 3515904.08973
    -10669262.4176 3515910.78034
    -10669276.2212 3515940.75943
    -10669295.2568 3515969.06593
    -10669313.6246 3515979.74522
    -10669339.562 3515984.63453
    -10669375.5182 3515978.32989
    -10669394.5538 3515977.55789
    -10669419.8233 3515988.10852
    -10669467.0228 3516021.43313
    -10669509.2129 3516055.27249
    -10669531.6994 3516065.95185
    -10669538.8239 3516073.67187
    -10669538.8239 3516084.99458
    -10669528.2485 3516106.86803
    -10669521.2354 3516140.19295
    -10669529.6957 3516215.07783
    -10669542.3861 3516287.90443
    -10669544.3899 3516291.76451
    -10669559.9746 3516321.87317
    -10669568.4349 3516335.38349
    -10669569.1028 3516356.48535
    -10669563.5368 3516417.3464
    -10669574.1122 3516457.62036
    -10669581.7932 3516468.94341
    -10669591.0327 3516473.96159
    -10669600.1609 3516474.60494
    -10669610.8476 3516473.96159
    -10669650.8113 3516471.77418
    -10669670.0696 3516467.01335
    -10669689.5505 3516462.38119
    -10669826.6961 3516429.31277
    -10669852.7448 3516428.54074
    -10669878.0144 3516432.14353
    -10669908.2933 3516441.92251
    -10669940.0193 3516466.756
    -10669954.8248 3516481.55319
    -10669982.9886 3516524.01477
    -10669987.2188 3516540.22741
    -10669986.4396 3516552.32257
    -10669977.3114 3516565.0611
    -10669977.3114 3516575.61222
    -10669981.5415 3516588.99414
    -10670036.5333 3516679.57978
    -10670065.3651 3516687.30018
    -10670087.8516 3516689.48763
    -10670106.8872 3516683.826
    -10670153.3075 3516654.74587
    -10670169.4488 3516653.33047
    -10670225.7765 3516656.16127
    -10670275.7589 3516651.14303
    -10670370.7144 3516633.38617
    -10670468.5643 3516627.0812
    -10670498.7319 3516634.02953
    -10670573.4272 3516667.35583
    -10670609.94 3516677.13499
    -10670640.2189 3516680.73784
    -10670662.7055 3516679.32244
    -10670671.945 3516673.66081
    -10670678.1789 3516648.82691
    -10670685.9712 3516637.5037
    -10670699.3296 3516633.2575
    -10670712.6879 3516631.8421
    -10670728.8292 3516634.02953
    -10670741.5197 3516641.7499
    -10670745.7498 3516655.26056
    -10670750.7592 3516692.70446
    -10670750.8705 3516700.55354
    -10670751.3158 3516764.37574
    -10670750.6479 3516804.6508
    -10670754.878 3516870.78967
    -10670766.1213 3516934.87008
    -10670773.1344 3516953.91412
    -10670794.8417 3516976.43244
    -10670830.5753 3517002.55375
    -10670855.0655 3517013.74861
    -10670911.8385 3517025.71554
    -10670977.6283 3517051.19356
    -10671089.0591 3517088.38128
    -10671107.9834 3517102.40712
    -10671117.1116 3517106.01009
    -10671136.0359 3517101.12034
    -10671187.1316 3517091.21218
    -10671222.3085 3517091.85557
    -10671246.0196 3517099.70489
    -10671280.306 3517120.03595
    -10671300.9001 3517132.00299
    -10671310.0283 3517147.0583
    -10671322.1621 3517173.82335
    -10671330.5111 3517187.33457
    -10671342.6449 3517200.07374
    -10671365.4654 3517217.31667
    -10671401.8669 3517244.59659
    -10671417.4516 3517268.65958
    -10671433.1477 3517307.52076
    -10671440.1608 3517350.75718
    -10671447.3966 3517423.71897
    -10671450.2909 3517486.12931
    -10671450.4022 3517543.52135
    -10671447.6192 3517561.92288
    -10671439.9381 3517581.86864
    -10671436.3759 3517603.74466
    -10671436.3759 3517613.65323
    -10671438.491 3517624.97731
    -10671444.2796 3517639.13243
    -10671459.753 3517656.76201
    -10671471.1076 3517676.70791
    -10671479.5679 3517695.88174
    -10671477.4528 3517714.15482
    -10671466.9888 3517726.89451
    -10671432.4797 3517744.00948
    -10671359.8994 3517786.86133
    -10671349.3241 3517796.77004
    -10671345.8732 3517818.77511
    -10671350.7712 3517834.98941
    -10671362.9051 3517869.73439
    -10671369.9182 3517883.76109
    -10671400.3084 3517910.65638
    -10671427.9156 3517942.44179
    -10671445.6154 3517971.65355
    -10671456.8587 3518004.85467
    -10671468.2133 3518023.25687
    -10671484.4659 3518041.65911
    -10671501.4978 3518058.51712
    -10671532.556 3518081.16609
    -10671562.9462 3518112.95193
    -10671629.4039 3518187.20498
    -10671652.0018 3518214.87304
    -10671689.4051 3518249.61906
    -10671723.3576 3518270.7241
    -10671739.4989 3518271.49623
    -10671752.8572 3518274.3274
    -10671764.1005 3518281.40532
    -10671772.5608 3518288.48324
    -10671781.0211 3518292.60131
    -10671792.2643 3518295.43248
    -10671823.9904 3518296.20462
    -10671841.5789 3518300.45137
    -10671862.7296 3518303.28255
    -10671877.4237 3518310.23179
    -10671887.9991 3518319.49746
    -10671898.5744 3518332.23776
    -10671905.6989 3518343.56248
    -10671910.8196 3518349.09616
    -10671918.278 3518356.94626
    -10671924.4006 3518361.83649
    -10671929.6326 3518366.08327
    -10671973.9377 3518381.39743
    -10671990.8583 3518387.31719
    -10672012.6769 3518407.13555
    -10672028.1503 3518418.46034
    -10672033.7163 3518426.95394
    -10672033.8276 3518441.10995
    -10672031.7126 3518453.72168
    -10672020.4693 3518463.63091
    -10671999.3186 3518479.20256
    -10671992.3055 3518498.37761
    -10671990.1904 3518508.93033
    -10671989.5225 3518541.48938
    -10671992.3055 3518581.12661
    -10672000.0978 3518629.2577
    -10672008.5581 3518651.13552
    -10672022.6957 3518663.61877
    -10672026.9258 3518667.35088
    -10672050.0803 3518680.86369
    -10672106.4079 3518702.74161
    -10672219.7312 3518723.8474
    -10672241.5498 3518726.03519
    -10672254.2402 3518725.26303
    -10672265.4835 3518720.24396
    -10672283.072 3518715.3536
    -10672401.9612 3518710.33454
    -10672435.8023 3518711.75017
    -10672458.2888 3518720.88743
    -10672476.6566 3518738.51851
    -10672497.8073 3518769.66252
    -10672509.7185 3518797.20315
    -10672511.8335 3518819.85344
    -10672512.6128 3518848.93852
    -10672509.8298 3518880.72628
    -10672506.9355 3518899.12975
    -10672499.2544 3518923.19588
    -10672490.7941 3518925.25501
    -10672468.9755 3518926.67067
    -10672456.2851 3518930.27416
    -10672445.8211 3518935.93678
    -10672435.9136 3518949.32118
    -10672428.2326 3518963.47778
    -10672424.0024 3518984.06921
    -10672424.0024 3519017.27297
    -10672432.4627 3519047.00199
    -10672440.2551 3519060.38651
    -10672479.9961 3519097.32271
    -10672543.003 3519155.8803
    -10672554.3576 3519168.62144
    -10672561.3707 3519182.00609
    -10672565.6008 3519203.24137
    -10672574.0611 3519222.28881
    -10672591.6496 3519237.8614
    -10672616.2512 3519254.8497
    -10672637.4019 3519265.40305
    -10672650.7602 3519270.42232
    -10672668.3487 3519269.65013
    -10672680.3712 3519266.81874
    -10672700.0748 3519251.88961
    -10672756.2911 3519191.14369
    -10672775.6607 3519167.46316
    -10672802.3774 3519135.15989
    -10672828.4262 3519106.20285
    -10672836.1072 3519099.12447
    -10672846.0146 3519093.46177
    -10672857.2579 3519089.21475
    -10672869.2804 3519089.98694
    -10672879.7444 3519093.46177
    -10672890.9877 3519101.31233
    -10672897.3329 3519104.14369
    -10672903.6781 3519105.55936
    -10672919.1515 3519104.78718
    -10672927.6118 3519102.72801
    -10672940.3022 3519096.29312
    -10673000.86 3519061.03
    -10673024.1258 3519053.17946
    -10673052.067 3519047.38809
    -10673062.0858 3519045.45763
    -10673113.5154 3519039.79495
    -10673154.2583 3519030.65746
    -10673156.0394 3519030.52876
    -10673171.1789 3519029.88528
    -10673188.7673 3519032.84531
    -10673197.2276 3519035.54795
    -10673206.3558 3519041.33932
    -10673225.3915 3519056.1395
    -10673242.9799 3519072.35537
    -10673246.7648 3519076.60239
    -10673266.1344 3519098.60968
    -10673272.4796 3519108.51941
    -10673277.3777 3519119.84483
    -10673280.272 3519132.58593
    -10673283.055 3519188.44102
    -10673279.4927 3519213.15118
    -10673284.3908 3519226.66458
    -10673301.9793 3519255.62189
    -10673324.4658 3519283.93578
    -10673332.9261 3519291.78645
    -10673342.0543 3519305.94343
    -10673367.4351 3519350.47365
    -10673372.3332 3519363.85849
    -10673378.6784 3519375.95633
    -10673381.5727 3519380.33215
    -10673389.9217 3519392.94482
    -10673405.3951 3519402.08257
    -10673417.3063 3519403.49828
    -10673434.2268 3519400.02336
    -10673446.9172 3519395.77623
    -10673474.4132 3519383.67837
    -10673475.0811 3519363.21498
    -10673498.3469 3519315.85332
    -10673502.577 3519299.63714
    -10673501.9091 3519262.05686
    -10673505.36 3519239.40579
    -10673509.5901 3519228.85246
    -10673530.7408 3519193.46027
    -10673567.1423 3519153.69243
    -10673581.3912 3519138.37734
    -10673590.6307 3519127.6954
    -10673595.5288 3519119.97352
    -10673600.4268 3519107.23243
    -10673609.6663 3519049.18985
    -10673613.1172 3519016.62949
    -10673615.2323 3519008.90767
    -10673621.5775 3518991.9197
    -10673626.5869 3518984.19791
    -10673645.5112 3518962.19081
    -10673653.9715 3518957.30035
    -10673659.6488 3518955.11251
    -10673683.5825 3518954.46903
    -10673701.171 3518956.65687
    -10673732.1178 3518956.65687
    -10673792.6756 3518947.39074
    -10673814.4942 3518948.16292
    -10673829.2997 3518947.39074
    -10673852.4542 3518948.8064
    -10673864.4767 3518950.35075
    -10673886.2953 3518955.24121
    -10673895.4235 3518960.26037
    -10673906.6667 3518973.00131
    -10673915.7949 3518992.69189
    -10673923.476 3519004.78938
    -10673925.5911 3519010.45204
    -10673934.8306 3519016.75818
    -10673949.5247 3519022.42085
    -10673959.4322 3519028.08352
    -10673967.8925 3519035.16186
    -10673985.4809 3519052.14988
    -10674012.8655 3519085.48252
    -10674027.671 3519093.97656
    -10674034.6842 3519096.80791
    -10674038.9143 3519100.28275
    -10674043.1444 3519101.69843
    -10674066.4102 3519104.52978
    -10674077.6535 3519102.47061
    -10674088.8967 3519098.86708
    -10674091.0118 3519098.22359
    -10674098.6929 3519092.56089
    -10674109.2682 3519079.17634
    -10674121.2907 3519052.27858
    -10674129.751 3519019.71821
    -10674134.6491 3519008.39289
    -10674144.5565 3518993.59276
    -10674150.1225 3518987.93011
    -10674164.928 3518978.02047
    -10674179.7335 3518972.35783
    -10674188.1937 3518971.58565
    -10674210.0124 3518973.77349
    -10674217.0255 3518978.02047
    -10674221.2556 3518982.26746
    -10674244.4101 3519013.41206
    -10674281.0342 3519021.13388
    -10674342.9278 3519031.04355
    -10674366.8615 3519030.40006
    -10674387.3443 3519024.09391
    -10674405.6007 3519015.59991
    -10674409.2742 3519011.73901
    -10674411.9459 3519009.16507
    -10674423.1892 3518994.36494
    -10674423.1892 3518983.68312
    -10674416.1761 3518973.13001
    -10674382.4462 3518951.12293
    -10674371.203 3518938.5107
    -10674360.6276 3518920.10717
    -10674352.1673 3518897.45671
    -10674352.8353 3518882.52802
    -10674355.7296 3518876.86541
    -10674367.6408 3518868.37151
    -10674388.7915 3518857.8185
    -10674395.1367 3518852.92808
    -10674412.7251 3518846.49331
    -10674425.4156 3518843.66202
    -10674437.3268 3518843.01854
    -10674461.9284 3518846.49331
    -10674487.3092 3518852.92808
    -10674515.473 3518857.8185
    -10674536.5124 3518868.50021
    -10674568.2385 3518893.20975
    -10674583.7119 3518914.44455
    -10674587.942 3518922.295
    -10674595.6231 3518930.78894
    -10674624.4548 3518957.68644
    -10674660.411 3518989.47447
    -10674677.9995 3519005.04677
    -10674697.703 3519016.37209
    -10674715.2915 3519021.26258
    -10674749.0213 3519026.92524
    -10674768.057 3519025.50958
    -10674791.3227 3519020.61909
    -10674821.6016 3519016.37209
    -10674847.5391 3519012.89728
    -10674875.7029 3519019.20343
    -10674897.5215 3519028.46961
    -10674906.6497 3519034.13228
    -10674943.2738 3519065.27701
    -10674969.3226 3519092.81829
    -10674974.2207 3519104.14369
    -10674976.3357 3519116.11259
    -10674971.4377 3519157.93948
    -10674971.4377 3519172.73979
    -10674974.8886 3519199.63781
    -10674986.1318 3519227.17937
    -10674993.145 3519235.67351
    -10675007.2825 3519246.35554
    -10675022.756 3519253.434
    -10675031.8842 3519261.92816
    -10675043.1274 3519274.66941
    -10675055.8178 3519283.16358
    -10675095.2249 3519302.21113
    -10675155.0035 3519327.69372
    -10675167.026 3519329.88162
    -10675179.7164 3519331.29732
    -10675180.7183 3519331.16862
    -10675205.7652 3519330.52512
    -10675221.2386 3519326.27802
    -10675229.6989 3519322.80312
    -10675247.9553 3519310.06182
    -10675281.0172 3519281.10438
    -10675302.8358 3519259.86897
    -10675334.5619 3519207.48844
    -10675353.5975 3519156.65249
    -10675356.3805 3519141.7235
    -10675357.0484 3519124.73535
    -10675359.1635 3519111.99425
    -10675362.0578 3519107.10374
    -10675367.6237 3519102.85671
    -10675373.969 3519101.44103
    -10675385.2122 3519103.5002
    -10675394.4517 3519108.51941
    -10675415.4911 3519105.68806
    -10675444.9908 3519114.05342
    -10675452.6718 3519118.94394
    -10675473.8225 3519140.95131
    -10675476.6055 3519147.25752
    -10675476.0489 3519160.77084
    -10675464.6943 3519190.5002
    -10675462.6906 3519198.86562
    -10675463.3585 3519204.52836
    -10675471.8188 3519227.17937
    -10675472.4867 3519234.25782
    -10675471.8188 3519238.50489
    -10675458.4604 3519253.434
    -10675451.336 3519266.17524
    -10675451.336 3519278.91649
    -10675458.3491 3519299.37974
    -10675464.6943 3519309.93312
    -10675473.8225 3519318.42732
    -10675478.8319 3519322.03092
    -10675489.2959 3519326.27802
    -10675502.7656 3519329.75292
    -10675522.4692 3519330.52512
    -10675535.0483 3519329.75292
    -10675552.7481 3519326.27802
    -10675587.1458 3519326.27802
    -10675601.9513 3519329.10942
    -10675620.9869 3519335.41573
    -10675668.075 3519363.08629
    -10675681.4334 3519368.7491
    -10675707.4821 3519374.41193
    -10675712.4915 3519376.47114
    -10675721.6197 3519377.24334
    -10675727.9649 3519371.58052
    -10675733.5309 3519357.42347
    -10675739.2082 3519350.34495
    -10675744.7742 3519350.34495
    -10675765.257 3519361.02708
    -10675769.4871 3519364.50199
    -10675782.0662 3519370.16481
    -10675784.9605 3519372.99622
    -10675794.0887 3519387.15329
    -10675796.2038 3519397.70674
    -10675792.6416 3519454.33521
    -10675798.3188 3519463.60171
    -10675802.549 3519508.77599
    -10675814.4602 3519587.28439
    -10675822.1412 3519601.44169
    -10675827.8185 3519607.10462
    -10675859.4333 3519627.56839
    -10675878.3576 3519637.47853
    -10675891.8272 3519638.12205
    -10675893.831 3519643.78499
    -10675922.774 3519674.2877
    -10675988.2299 3519731.56092
    -10676017.7296 3519747.77765
    -10676061.3668 3519761.93513
    -10676072.6101 3519766.95461
    -10676075.3931 3519774.67688
    -10676074.0572 3519789.60662
    -10676063.4819 3519839.80157
    -10676064.1498 3519859.62219
    -10676067.712 3519870.94827
    -10676085.3005 3519892.82824
    -10676097.8796 3519902.73859
    -10676120.4775 3519925.39084
    -10676131.7207 3519945.2116
    -10676135.9509 3519950.23115
    -10676143.6319 3519949.45891
    -10676160.5525 3519943.79583
    -10676177.473 3519940.96429
    -10676203.5218 3519933.24192
    -10676246.3798 3519925.39084
    -10676261.1853 3519916.25271
    -10676274.5436 3519894.37271
    -10676281.6681 3519871.72051
    -10676292.1321 3519860.39442
    -10676304.8225 3519857.5629
    -10676318.9601 3519858.97866
    -10676333.7656 3519862.45371
    -10676437.8493 3519904.92659
    -10676515.9956 3519940.32076
    -10676553.9556 3519945.98384
    -10676567.3139 3519949.58761
    -10676613.0662 3519985.62544
    -10676667.2788 3520024.62364
    -10676682.7522 3520029.51451
    -10676696.8898 3520029.51451
    -10676717.9292 3520020.37631
    -10676730.6196 3520018.96053
    -10676744.4232 3520021.66338
    -10676756.0004 3520023.8514
    -10676763.6815 3520023.8514
    -10676772.8097 3520027.4552
    -10676778.487 3520035.17763
    -10676779.9341 3520040.19721
    -10676779.0436 3520069.15638
    -10676769.9154 3520100.30365
    -10676764.2381 3520108.02612
    -10676763.5702 3520146.25245
    -10676769.9154 3520210.60678
    -10676772.0304 3520214.21064
    -10676791.734 3520223.34898
    -10676831.809 3520244.586
    -10676844.4994 3520267.23887
    -10676865.5388 3520318.20796
    -10676896.5969 3520342.27677
    -10676940.1229 3520383.33543
    -10676956.3755 3520417.95867
    -10676988.7695 3520429.28526
    -10677024.6144 3520417.95867
    -10677220.314 3520416.54285
    -10677232.3365 3520403.15691
    -10677235.8988 3520395.30554
    -10677241.576 3520388.35515
    -10677247.8099 3520387.58289
    -10677266.1777 3520390.41453
    -10677273.1908 3520395.43425
    -10677320.3902 3520438.55247
    -10677346.439 3520474.59168
    -10677354.788 3520484.50249
    -10677375.9387 3520499.43306
    -10677382.9518 3520507.15578
    -10677389.9649 3520520.54183
    -10677403.4346 3520554.52189
    -10677440.6153 3520604.84857
    -10677453.9736 3520615.40303
    -10677465.8848 3520623.25454
    -10677475.9036 3520625.44266
    -10677477.2394 3520661.48241
    -10677475.1243 3520671.39336
    -10677470.2263 3520677.82904
    -10677458.2038 3520684.9083
    -10677452.6378 3520693.40341
    -10677447.7397 3520696.87869
    -10677444.8454 3520705.37381
    -10677444.8454 3520712.45308
    -10677449.0756 3520720.94822
    -10677463.2132 3520732.27507
    -10677482.9167 3520739.35435
    -10677515.3107 3520754.15651
    -10677519.5408 3520759.81996
    -10677522.9917 3520760.59224
    -10677525.7747 3520759.81996
    -10677528.669 3520748.49308
    -10677544.1424 3520747.07722
    -10677551.8235 3520748.49308
    -10677581.4345 3520774.75085
    -10677616.6114 3520786.07775
    -10677632.0848 3520801.65226
    -10677634.8678 3520810.14745
    -10677627.1868 3520832.67261
    -10677620.8416 3520859.57413
    -10677622.1774 3520885.05984
    -10677622.1774 3520887.89159
    -10677634.5338 3520909.38716
    -10677642.6602 3520923.2885
    -10677654.5714 3520964.99262
    -10677667.9297 3520978.50788
    -10677672.1598 3520979.02275
    -10677682.7352 3520980.56735
    -10677696.8728 3520979.15146
    -10677705.2217 3520977.09199
    -10677715.1292 3520972.84434
    -10677728.4875 3520964.99262
    -10677743.293 3520947.35846
    -10677750.974 3520943.11081
    -10677765.7795 3520942.46723
    -10677784.8152 3520948.13076
    -10677815.0941 3520978.50788
    -10677824.8902 3520987.00319
    -10677882.665 3521011.07327
    -10677912.1647 3521025.87574
    -10677924.8551 3521039.39106
    -10677970.1621 3521101.04684
    -10677976.2847 3521109.41352
    -10677986.0808 3521129.87971
    -10677990.3109 3521269.92601
    -10677987.528 3521288.33294
    -10677981.8507 3521301.84854
    -10677950.1246 3521349.21761
    -10677947.3416 3521369.04059
    -10677953.6868 3521386.67534
    -10677962.1471 3521396.58686
    -10677975.5054 3521400.19105
    -10677991.6468 3521401.60698
    -10678026.9351 3521399.41872
    -10678111.3152 3521378.17977
    -10678140.2583 3521378.17977
    -10678161.2977 3521383.19988
    -10678167.6429 3521390.92313
    -10678192.2445 3521429.15331
    -10678250.6872 3521482.95895
    -10678271.8379 3521513.33735
    -10678272.5059 3521546.67645
    -10678260.5947 3521587.61028
    -10678241.559 3521627.25701
    -10678228.8686 3521659.82406
    -10678212.7273 3521707.19446
    -10678212.7273 3521729.07759
    -10678215.5103 3521744.00963
    -10678218.9612 3521752.50545
    -10678240.7798 3521775.80463
    -10678246.4571 3521790.73672
    -10678246.4571 3521806.31245
    -10678240.7798 3521837.33526
    -10678240.7798 3521851.49507
    -10678251.3551 3521866.42725
    -10678257.7004 3521869.25922
    -10678272.2832 3521865.52617
    -10678280.1869 3521863.59528
    -10678294.3245 3521856.51537
    -10678356.2181 3521811.97636
    -10678370.3557 3521805.5401
    -10678416.7759 3521790.73672
    -10678456.9622 3521781.46852
    -10678461.1924 3521776.57698
    -10678459.7452 3521771.55671
    -10678451.9529 3521764.47684
    -10678451.285 3521758.81296
    -10678458.2981 3521753.2778
    -10678468.2055 3521751.08948
    -10678482.2318 3521753.14907
    -10678499.8203 3521758.81296
    -10678542.1217 3521798.46022
    -10678582.9759 3521832.44369
    -10678611.8077 3521871.31883
    -10678627.2811 3521915.98677
    -10678640.6394 3521935.03828
    -10678651.8827 3521939.92988
    -10678673.0334 3521964.77412
    -10678678.5994 3521978.93408
    -10678684.9446 3521988.07369
    -10678699.0821 3521995.92604
    -10678712.4405 3522005.06567
    -10678716.6706 3522016.39366
    -10678716.6706 3522029.13767
    -10678718.7857 3522052.43736
    -10678725.7988 3522070.84543
    -10678745.5024 3522087.83752
    -10678759.6399 3522093.50155
    -10678773.6662 3522095.68993
    -10678845.4673 3522092.08554
    -10678868.733 3522092.85791
    -10678932.7418 3522103.41362
    -10678958.7905 3522114.7417
    -10678977.1582 3522128.90182
    -10678992.6316 3522136.62553
    -10679013.671 3522136.62553
    -10679032.0387 3522134.56587
    -10679043.282 3522131.73385
    -10679058.0875 3522112.68205
    -10679074.8967 3522075.09345
    -10679099.6097 3522035.57405
    -10679104.5077 3522009.31367
    -10679110.185 3521995.15368
    -10679121.4283 3521983.8257
    -10679133.3395 3521978.93408
    -10679158.7203 3521979.57771
    -10679167.1806 3521980.99371
    -10679181.9861 3521991.67805
    -10679215.048 3522048.96171
    -10679226.9592 3522064.53777
    -10679271.3756 3522088.60988
    -10679292.5263 3522096.33357
    -10679322.6939 3522104.82963
    -10679343.8446 3522122.59413
    -10679348.0748 3522133.92223
    -10679367.1104 3522152.33042
    -10679395.9422 3522169.96626
    -10679415.6457 3522152.20169
    -10679429.004 3522114.7417
    -10679450.1547 3522094.27392
    -10679481.8808 3522083.58949
    -10679496.575 3522082.94585
    -10679503.6994 3522085.77787
    -10679556.4649 3522135.98189
    -10679591.6418 3522157.86575
    -10679640.9564 3522186.1861
    -10679662.775 3522214.50652
    -10679675.3541 3522251.9668
    -10679685.2615 3522255.57123
    -10679701.4028 3522264.71105
    -10679708.5273 3522262.65137
    -10679720.4385 3522254.79886
    -10679738.8062 3522239.22257
    -10679750.0495 3522223.00266
    -10679788.0094 3522180.52203
    -10679800.0319 3522165.71821
    -10679804.93 3522155.03372
    -10679814.7261 3522147.31
    -10679818.9562 3522141.0023
    -10679914.691 3522087.19387
    -10679933.0587 3522079.34147
    -10679937.0662 3522077.02437
    -10679951.983 3522068.78578
    -10679957.7716 3522066.98359
    -10679961.8904 3522065.95377
    -10679976.028 3522065.95377
    -10679984.377 3522067.36978
    -10680005.5277 3522078.69783
    -10680016.103 3522086.42151
    -10680021.1124 3522088.09497
    -10680042.8197 3522095.68993
    -10680061.8553 3522102.76998
    -10680073.0986 3522111.90968
    -10680079.4438 3522111.90968
    -10680087.2362 3522116.15771
    -10680100.5945 3522134.56587
    -10680101.9304 3522146.53763
    -10680100.5945 3522157.22211
    -10680097.0323 3522166.36185
    -10680067.5326 3522222.35901
    -10680052.7271 3522278.87133
    -10680054.1743 3522292.38799
    -10680062.5233 3522296.63608
    -10680078.108 3522295.8637
    -10680091.4663 3522298.05211
    -10680102.0417 3522300.88418
    -10680111.1699 3522305.13227
    -10680149.9091 3522341.17679
    -10680169.6126 3522352.50508
    -10680182.1917 3522371.55724
    -10680194.2142 3522386.3613
    -10680202.0066 3522392.02547
    -10680240.6344 3522412.62246
    -10680251.2098 3522423.17844
    -10680253.3249 3522431.03105
    -10680261.7852 3522448.02362
    -10680280.0415 3522466.43227
    -10680382.9008 3522522.94568
    -10680448.3566 3522578.17201
    -10680456.149 3522578.55821
    -10680493.441 3522609.71163
    -10680509.0257 3522628.50671
    -10680567.3572 3522698.40919
    -10680585.6136 3522716.8182
    -10680591.9588 3522729.56291
    -10680602.5341 3522742.30763
    -10680598.9719 3522747.97196
    -10680598.304 3522754.27996
    -10680601.087 3522759.94429
    -10680606.0963 3522762.77646
    -10680601.087 3522772.04537
    -10680596.1889 3522786.07749
    -10680594.0738 3522788.90966
    -10680589.8437 3522788.26599
    -10680586.3928 3522781.18556
    -10680580.7155 3522780.41315
    -10680576.4854 3522786.8499
    -10680574.3703 3522795.34642
    -10680574.3703 3522803.84295
    -10680587.7286 3522858.29809
    -10680587.0607 3522866.79465
    -10680583.4985 3522873.87513
    -10680582.8306 3522885.84758
    -10680577.1533 3522890.86829
    -10680569.4722 3522900.78098
    -10680569.4722 3522908.50516
    -10680584.9456 3522921.25006
    -10680598.9719 3522938.24329
    -10680608.8793 3522938.24329
    -10680608.8793 3522941.84791
    -10680604.6492 3522949.57212
    -10680605.3171 3522953.04801
    -10680609.5472 3522958.71243
    -10680610.3265 3522970.8137
    -10680606.7643 3522977.89424
    -10680604.0926 3522980.72645
    -10680597.6361 3522987.80699
    -10680598.304 3522992.699
    -10680602.5341 3522993.47143
    -10680605.3171 3522992.05532
    -10680609.5472 3522983.55867
    -10680616.6717 3522978.53792
    -10680625.0207 3522977.89424
    -10680632.813 3522982.78624
    -10680638.4903 3522990.63921
    -10680644.8355 3523034.40992
    -10680645.5034 3523045.73884
    -10680648.2864 3523060.67242
    -10680637.7111 3523081.14176
    -10680637.0432 3523090.41091
    -10680640.6054 3523098.1352
    -10680664.5391 3523117.96091
    -10680680.6804 3523137.01422
    -10680689.8086 3523137.78665
    -10680700.3839 3523136.37052
    -10680710.2914 3523144.09485
    -10680717.9724 3523151.94791
    -10680731.4421 3523170.35757
    -10680758.1588 3523202.79984
    -10680767.287 3523211.29664
    -10680779.3095 3523231.89496
    -10680782.7604 3523249.5323
    -10680777.1944 3523265.10983
    -10680751.1456 3523321.75553
    -10680738.4552 3523330.89611
    -10680737.7873 3523340.80914
    -10680747.5834 3523357.80293
    -10680759.6059 3523357.03049
    -10680763.0568 3523362.69509
    -10680763.8361 3523372.60814
    -10680751.1456 3523380.46135
    -10680746.9155 3523384.70981
    -10680778.5302 3523417.92507
    -10680785.6547 3523418.69752
    -10680808.8091 3523415.86521
    -10680812.3714 3523417.28136
    -10680813.8185 3523420.75739
    -10680813.0393 3523425.77831
    -10680806.0261 3523428.61062
    -10680803.2432 3523434.91896
    -10680803.2432 3523440.5836
    -10680805.3582 3523448.3081
    -10680813.8185 3523452.55658
    -10680822.9467 3523443.41591
    -10680832.7428 3523440.5836
    -10680838.4201 3523436.33512
    -10680838.4201 3523432.73035
    -10680834.8579 3523425.64956
    -10680824.3939 3523417.92507
    -10680824.3939 3523411.61674
    -10680821.4996 3523403.11981
    -10680822.2788 3523399.51505
    -10680831.407 3523400.2875
    -10680839.088 3523407.36827
    -10680866.5839 3523427.06572
    -10680868.4764 3523430.92797
    -10680879.9423 3523453.97274
    -10680892.6327 3523465.30203
    -10680903.876 3523478.81995
    -10680906.7703 3523487.96064
    -10680904.6552 3523494.39775
    -10680899.6458 3523497.23008
    -10680898.9779 3523503.53846
    -10680901.093 3523507.0145
    -10680908.774 3523514.09534
    -10680913.7834 3523516.28396
    -10680935.602 3523515.51151
    -10680948.9604 3523516.28396
    -10680960.9829 3523520.53246
    -10680989.1467 3523527.61331
    -10681004.6201 3523528.25702
    -10681013.7483 3523526.84085
    -10681055.9384 3523544.60734
    -10681065.0666 3523546.02351
    -10681070.7439 3523550.91574
    -10681074.974 3523564.305
    -10681070.7439 3523584.13144
    -10681086.5513 3523614.64361
    -10681088.3324 3523618.11969
    -10681091.2267 3523632.28149
    -10681134.0847 3523648.5032
    -10681153.1203 3523652.10803
    -10681158.0184 3523651.33556
    -10681165.1428 3523649.27566
    -10681166.4787 3523639.36239
    -10681166.4787 3523621.72451
    -10681172.1559 3523614.64361
    -10681186.9614 3523616.70351
    -10681212.231 3523627.26048
    -10681234.0496 3523637.94621
    -10681247.074 3523640.64983
    -10681247.5192 3523640.77857
    -10681262.2134 3523642.19475
    -10681310.1921 3523667.68604
    -10681313.977 3523676.44064
    -10681322.6599 3523677.72808
    -10681328.5598 3523684.29404
    -10681347.1502 3523705.02187
    -10681357.1689 3523722.91736
    -10681367.1877 3523740.81287
    -10681380.4347 3523744.54647
    -10681405.1476 3523751.75618
    -10681411.4929 3523761.02581
    -10681415.723 3523770.93918
    -10681417.9494 3523782.26876
    -10681423.5154 3523809.17653
    -10681413.7192 3523884.36411
    -10681412.94 3523890.54393
    -10681415.9456 3523906.12224
    -10681426.521 3523907.79594
    -10681431.8643 3523908.56842
    -10681447.2264 3523911.14335
    -10681447.6717 3523910.11338
    -10681450.232 3523904.57728
    -10681455.9093 3523892.60387
    -10681481.9581 3523880.63047
    -10681495.3164 3523877.02557
    -10681510.7898 3523877.02557
    -10681551.6441 3523889.77145
    -10681566.4496 3523901.74486
    -10681578.3608 3523913.84703
    -10681594.6134 3523945.64746
    -10681596.7285 3523971.13937
    -10681592.4983 3524003.71243
    -10681593.1663 3524024.95577
    -10681601.6265 3524069.50254
    -10681614.317 3524087.91353
    -10681710.0517 3524172.75895
    -10681724.8572 3524191.81384
    -10681731.2024 3524208.80876
    -10681741.7778 3524254.77243
    -10681742.557 3524265.45868
    -10681745.2287 3524285.92996
    -10681752.9097 3524295.84374
    -10681764.9322 3524302.92501
    -10681781.8528 3524307.94628
    -10681823.375 3524330.6064
    -10681852.986 3524351.20653
    -10681893.8402 3524388.80187
    -10681940.1491 3524405.79706
    -10681952.3943 3524406.69832
    -10681964.1941 3524407.21333
    -10681990.3542 3524406.18332
    -10681992.4693 3524406.18332
    -10682033.9914 3524428.19985
    -10682052.3592 3524444.42258
    -10682062.8232 3524459.22906
    -10682068.5005 3524509.44246
    -10682091.0983 3524534.29173
    -10682100.2265 3524542.78942
    -10682119.2622 3524550.5146
    -10682169.9125 3524553.34716
    -10682195.9613 3524552.57465
    -10682230.4703 3524566.09372
    -10682254.404 3524571.75886
    -10682257.9663 3524575.2352
    -10682256.5191 3524579.48405
    -10682252.9569 3524583.08915
    -10682254.404 3524594.41944
    -10682267.0945 3524601.50088
    -10682274.1076 3524607.16604
    -10682286.798 3524600.0846
    -10682286.798 3524594.03318
    -10682286.9093 3524586.56549
    -10682292.364 3524581.67286
    -10682293.9225 3524580.25657
    -10682298.0413 3524576.65148
    -10682298.2639 3524575.75021
    -10682299.3771 3524573.3039
    -10682299.4884 3524573.17514
    -10682299.9337 3524572.66013
    -10682281.4547 3524508.7987
    -10682226.2402 3524317.34508
    -10682207.8725 3524253.61368
    -10682207.5385 3524252.45493
    -10682206.648 3524249.36493
    -10682206.4253 3524248.33493
    -10682205.6461 3524245.75993
    -10682203.3084 3524238.16369
    -10682202.5292 3524235.71744
    -10682167.1296 3524118.68442
    -10682061.0421 3523767.59181
    -10682025.7538 3523650.69184
    -10682005.9389 3523585.29013
    -10681946.8283 3523389.47323
    -10681927.1247 3523324.33034
    -10681915.4362 3523286.8669
    -10681880.7045 3523174.7347
    -10681869.1273 3523137.40043
    -10681846.9747 3523066.59437
    -10681780.7396 3522854.17854
    -10681758.6983 3522783.50279
    -10681741.3325 3522728.0181
    -10681689.5689 3522561.82293
    -10681672.3144 3522506.46794
    -10681650.6071 3522437.08144
    -10681585.8192 3522229.3104
    -10681564.2232 3522160.05414
    -10681544.631 3522096.71975
    -10681526.1519 3522036.60387
    -10681488.0807 3521913.02607
    -10681486.1882 3521906.84721
    -10681477.394 3521878.27003
    -10681466.7073 3521843.64281
    -10681421.289 3521696.51036
    -10681285.3679 3521255.50941
    -10681240.1722 3521108.51249
    -10681239.9495 3521107.74018
    -10681239.2816 3521105.80941
    -10681239.1703 3521105.16582
    -10681238.725 3521103.87864
    -10681237.5005 3521100.0171
    -10681237.1665 3521098.72992
    -10681214.9026 3521026.77676
    -10681148.4449 3520810.91974
    -10681128.2961 3520745.40393
    -10681126.2923 3520738.96821
    -10681057.3856 3520515.52206
    -10680850.8879 3519845.4646
    -10680782.0925 3519622.16286
    -10680781.0906 3519619.07399
    -10680677.1182 3519286.76717
    -10680362.5293 3518280.63318
    -10680260.1154 3517953.25142
    -10680257.6663 3517945.40157
    -10680225.0497 3517841.0376
    -10680127.1999 3517528.33688
    -10680094.5833 3517424.10502
    -10680046.6046 3517270.71844
    -10679902.6685 3516810.95585
    -10679854.8011 3516657.70535
    -10679851.2389 3516646.38213
    -10679840.6635 3516612.66987
    -10679837.2126 3516601.47536
    -10679792.6848 3516459.16441
    -10679659.2127 3516032.36979
    -10679614.7963 3515890.19388
    -10679609.119 3515872.18075
    -10679582.5136 3515789.19205
    -10679489.1166 3515496.87024
    -10679485.777 3515486.32002
    -10679453.6056 3515385.45005
    -10679403.7345 3515229.5149
    -10679254.2324 3514761.84954
    -10679204.4726 3514606.05068
    -10679127.4395 3514365.21589
    -10678896.7856 3513643.25345
    -10678819.8638 3513402.56552
    -10678811.7375 3513377.35209
    -10678803.7225 3513352.1387
    -10678753.4061 3513194.42752
    -10678690.0653 3512996.45517
    -10678681.0484 3512969.82754
    -10678680.3805 3512968.02664
    -10678662.9033 3512916.44382
    -10678649.9902 3512877.08151
    -10678615.2586 3512754.3645
    -10678602.3455 3512709.21421
    -10678563.829 3512573.76427
    -10678561.4913 3512565.53184
    -10678557.4837 3512551.63963
    -10678551.0272 3512528.61461
    -10678546.2405 3512513.17886
    -10678541.2311 3512496.71409
    -10678537.2236 3512483.59374
    -10678533.3274 3512471.24519
    -10678531.9916 3512466.87174
    -10678527.3162 3512451.5647
    -10678496.1467 3512381.46128
    -10678496.1467 3512381.5899
    -10678496.1467 3512381.71853
    -10678496.1467 3512381.84716
    -10678496.1467 3512381.97579
    -10678347.2012 3512385.70606
    -10678339.5202 3512190.70472
    -10678334.3995 3512086.38795
    -10678334.2882 3512081.88601
    -10678332.5071 3511980.9144
    -10678332.9523 3511916.34444
    -10678333.0637 3511916.34444
    -10678333.3976 3511878.52872
    -10678333.2863 3511878.4001
    -10678331.5052 3511766.88296
    -10678304.3432 3511767.52608
    -10678130.1282 3511772.41378
    -10678009.0126 3511778.71634
    -10677932.7588 3511782.70367
    -10677932.5361 3511775.37212
    -10677931.5343 3511731.3829
    -10677930.4211 3511684.56414
    -10677928.9739 3511621.02465
    -10677928.5286 3511600.44513
    -10677927.972 3511577.8077
    -10677926.5249 3511480.18422
    -10677926.4136 3511470.79492
    -10677925.7456 3511385.26251
    -10677925.4117 3511349.24904
    -10677925.3004 3511349.12042
    -10677924.7438 3511276.96516
    -10677924.7438 3511275.67897
    -10677925.857 3511157.09316
    -10677928.0833 3511098.44375
    -10677927.6381 3511074.90689
    -10677924.0758 3510977.03004
    -10677922.74 3510873.10905
    -10677924.1872 3510765.45913
    -10677924.1872 3510758.89984
    -10677917.508 3510701.92423
    -10677896.1347 3510658.96762
    -10677912.0533 3510620.25535
    -10677912.0533 3510596.71937
    -10677911.942 3510557.87868
    -10677911.8307 3510534.98588
    -10677906.9326 3510500.64675
    -10677895.1328 3510470.68047
    -10677885.114 3510438.91372
    -10677817.5431 3510225.0368
    -10677811.9771 3510207.41752
    -10677614.9416 3509583.6848
    -10677547.482 3509369.95085
    -10677219.4235 3508331.03884
    -10677120.4604 3508018.18591
    -10677110.4417 3507986.29669
    -10677061.2385 3507830.58071
    -10676618.4095 3506428.45106
    -10676615.7379 3506419.96546
    -10676611.8417 3506407.62279
    -10676607.7229 3506394.89441
    -10676605.1625 3506386.66598
    -10676601.7116 3506375.73759
    -10676598.2607 3506364.80922
    -10676401.0026 3505740.36462
    -10676376.067 3505661.42733
    -10675805.7773 3503858.34475
    -10675799.432 3503838.67757
    -10675520.3541 3502978.10728
    -10675512.4504 3502953.68567
    -10675500.6505 3502917.18188
    -10675488.7393 3502880.42112
    -10675480.8357 3502856.12823
    -10675362.9483 3502506.64993
    -10675009.2863 3501458.65799
    -10674891.5103 3501109.34647
    -10674890.0631 3501093.15345
    -10674890.0631 3501092.38236
    -10674885.1651 3501078.88819
    -10674878.1519 3501062.69521
    -10674871.1388 3501050.74327
    -10674870.8049 3501050.35772
    -10674861.3427 3501038.66281
    -10674849.9881 3500995.3532
    -10674816.147 3500865.42526
    -10674804.9037 3500822.24475
    -10674793.9944 3500778.16479
    -10674771.1739 3500685.63594
    -10674752.9175 3500650.55226
    -10674732.6574 3500611.35632
    -10674725.4216 3500596.96309
    -10674719.7443 3500573.18859
    -10674698.2596 3500482.20334
    -10674687.4617 3500455.34483
    -10674672.5448 3500417.94861
    -10674447.1229 3499481.15141
    -10674345.3769 3499061.47828
    -10674331.5732 3499015.09149
    -10674189.0843 3498534.40069
    -10673625.585 3496738.23432
    -10673186.6523 3495345.28714
    -10673182.9787 3495333.72592
    -10673179.4165 3495322.1647
    -10672529.6446 3493248.89428
    -10672319.6961 3492582.70868
    -10672311.7924 3492557.53636
    -10672084.478 3491835.90798
    -10672076.797 3491811.63608
    -10672073.68 3491799.82121
    -10672034.2729 3491676.02252
    -10671916.1629 3491304.63366
    -10671876.8671 3491180.96818
    -10671876.0879 3491178.52827
    -10671874.0842 3491171.5938
    -10671873.4162 3491169.28231
    -10671871.6351 3491163.632
    -10671866.5144 3491146.68108
    -10671864.8446 3491141.1592
    -10671830.6696 3491027.51165
    -10671728.1443 3490686.96029
    -10671694.0805 3490573.44518
    -10671653.4489 3490438.48679
    -10671531.6654 3490033.62016
    -10671491.1451 3489898.66746
    -10671467.768 3489820.85523
    -10671397.6367 3489587.80658
    -10671374.2596 3489510.12464
    -10671368.6937 3489491.63512
    -10671363.0164 3489473.01723
    -10671333.628 3489376.97503
    -10671339.6393 3489348.34227
    -10671310.0283 3489296.72642
    -10671303.4604 3489275.92607
    -10671090.061 3488595.43918
    -10670876.6615 3487914.98847
    -10670776.0287 3487594.29047
    -10670772.5778 3487581.06731
    -10670762.4477 3487541.65466
    -10670759.1081 3487528.55993
    -10670755.1006 3487513.28276
    -10670743.4121 3487467.45136
    -10670739.5159 3487452.30265
    -10670738.7367 3487449.47831
    -10670736.5103 3487440.87693
    -10670735.8424 3487438.18098
    -10670734.2839 3487432.14718
    -10670729.6085 3487414.17418
    -10670728.1613 3487408.26877
    -10670724.9331 3487395.94444
    -10670611.2759 3487042.52383
    -10670258.9497 3485946.12187
    -10670141.5076 3485580.67541
    -10670128.7059 3485542.03907
    -10669577.4517 3483740.50857
    -10669567.8783 3483709.0649
    -10669564.984 3483699.56764
    -10669559.8633 3483683.01162
    -10669177.7035 3482479.48522
    -10669097.5534 3482227.06445
    -10668981.7812 3481862.49396
    -10668971.2058 3481829.25837
    -10668875.9163 3481562.22193
    -10668854.8769 3481503.19492
    -10668431.0836 3480001.81883
    -10668159.1301 3479056.63613
    -10668152.117 3479032.38843
    -10668131.0776 3478959.64561
    -10668126.9588 3478945.14842
    -10668124.1758 3478935.5264
    -10668122.6173 3478930.26636
    -10668119.3891 3478919.10482
    -10668117.9419 3478914.74285
    -10668116.3834 3478909.61111
    -10668110.9288 3478892.41982
    -10668097.1252 3478848.41534
    -10668094.7874 3478840.84607
    -10668089.4441 3478823.78315
    -10668087.4404 3478817.49682
    -10668081.5404 3478798.63785
    -10668079.648 3478792.47983
    -10668073.9707 3478774.39064
    -10668056.9388 3478720.37983
    -10668051.2615 3478702.41904
    -10668024.0996 3478615.95101
    -10667942.6137 3478356.67872
    -10667915.5631 3478270.34131
    -10667912.7801 3478261.6178
    -10667908.7726 3478248.78912
    -10667904.6538 3478235.83217
    -10667901.9821 3478227.36525
    -10667887.6219 3478181.9519
    -10667847.6582 3478054.3079
    -10667845.2091 3478045.58454
    -10667832.5187 3477999.6587
    -10667828.2886 3477983.87974
    -10667815.7095 3477936.79957
    -10667812.3699 3477924.0995
    -10667811.4793 3477921.14898
    -10667788.5475 3477844.56398
    -10667719.9747 3477614.81173
    -10667711.7371 3477586.97491
    -10667692.5901 3477540.53759
    -10667689.4732 3477533.09737
    -10667683.3506 3477518.73007
    -10667680.1223 3477510.90503
    -10667677.0054 3477503.5931
    -10667674.445 3477497.56398
    -10667667.098 3477479.86146
    -10667664.6489 3477473.96062
    -10667654.5189 3477449.58764
    -10667649.1755 3477436.50321
    -10667631.8097 3477394.68445
    -10667625.6871 3477375.95585
    -10667617.5608 3477350.81338
    -10667614.6665 3477342.0905
    -10667606.2062 3477315.92188
    -10667603.4232 3477307.32729
    -10667596.4101 3477285.64844
    -10667592.7365 3477274.36006
    -10667575.5933 3477220.61211
    -10667568.8029 3477199.06169
    -10667564.684 3477186.10579
    -10667558.7841 3477167.63405
    -10667553.9974 3477146.85336
    -10667550.9917 3477133.64097
    -10667539.6371 3477084.38324
    -10667505.9073 3476936.61117
    -10667502.6791 3476922.50108
    -10667491.3245 3476888.7652
    -10667490.1 3476885.04528
    -10667486.4264 3476874.0138
    -10667485.3132 3476870.42216
    -10667482.085 3476860.92996
    -10667472.4002 3476832.45342
    -10667469.2832 3476822.96125
    -10667467.7248 3476818.59999
    -10667463.3833 3476805.5162
    -10667461.9361 3476801.15495
    -10667455.8136 3476779.86177
    -10667437.4459 3476715.98244
    -10667431.4346 3476694.6894
    -10667425.646 3476674.80738
    -10667422.863 3476665.05879
    -10667407.0556 3476615.80285
    -10667400.8217 3476596.1775
    -10667397.3708 3476584.76145
    -10667387.1294 3476550.64165
    -10667383.7899 3476539.35391
    -10667349.8374 3476424.80963
    -10667330.1339 3476377.86344
    -10667326.015 3476364.13877
    -10667335.5885 3476359.77766
    -10667348.7242 3476353.87734
    -10667398.2614 3476331.94356
    -10667625.9098 3476230.74084
    -10667628.1361 3476229.58644
    -10667635.038 3476226.63631
    -10667637.3757 3476225.61018
    -10667689.3619 3476202.39396
    -10667798.7889 3476154.93552
    -10667876.6012 3476119.14941
    -10667904.0972 3476106.32287
    -10667931.1478 3476093.88114
    -10667957.4192 3476081.69595
    -10667966.6587 3476077.46321
    -10668001.8357 3476063.35406
    -10668041.1315 3476047.19269
    -10668063.618 3476037.82937
    -10668120.9475 3476010.50903
    -10668142.0982 3475999.35004
    -10668266.2195 3475945.22263
    -10668397.5765 3475888.5302
    -10668482.5132 3475852.10351
    -10668545.7427 3475825.68141
    -10668651.9415 3475779.89177
    -10668699.5862 3475759.24159
    -10668706.9333 3475755.90678
    -10668773.2797 3475725.50877
    -10668809.0133 3475709.0913
    -10668828.1603 3475699.98475
    -10669051.2445 3475594.04138
    -10669056.6992 3475591.47618
    -10669072.7292 3475583.52405
    -10669423.3856 3475435.25622
    -10669891.9293 3475229.91581
    -10669925.9931 3475215.29457
    -10670123.6965 3475128.59352
    -10670178.577 3475104.4815
    -10670403.999 3475005.85353
    -10670481.2547 3474971.99443
    -10670525.6712 3474951.85857
    -10670552.0539 3474940.18748
    -10670590.2365 3474922.74499
    -10670756.6591 3474849.76896
    -10670819.4433 3474816.16678
    -10670934.659 3474765.63541
    -10670960.2625 3474754.4775
    -10671713.4501 3474425.64403
    -10672272.9419 3474181.46113
    -10672434.2438 3474111.18246
    -10672508.7166 3474080.4036
    -10672566.4914 3474060.39738
    -10673848.6693 3473490.87444
    -10673862.6955 3473485.48839
    -10675695.1257 3472728.38673
    -10675708.9293 3472722.10338
    -10675790.8604 3472688.12207
    -10676393.2102 3472430.63641
    -10676444.4172 3472407.81173
    -10676977.3036 3472170.71961
    -10677829.5656 3471791.04793
    -10677831.458 3471790.15038
    -10679111.9661 3471216.75333
    -10679125.8811 3471210.59894
    -10679934.3945 3470848.26434
    -10679934.6172 3470848.13613
    -10680544.2027 3470574.78926
    -10680607.7661 3470546.32664
    -10680883.8385 3470422.73296
    -10681208.7801 3470271.44771
    -10682273.6623 3470253.62694
    -10683474.7996 3470231.06254
    -10683459.4375 3469747.73242
    -10683459.4375 3469747.47601
    -10683457.6564 3469724.2715
    -10683456.0979 3469700.81062
    -10683454.3168 3469677.60619
    -10683452.7584 3469654.6582
    -10683436.2831 3468840.99258
    -10683436.2831 3468815.995
    -10683436.1718 3468790.6129
    -10683436.0604 3468764.46169
    -10683436.1718 3468737.92596
    -10683436.1718 3468705.49347
    -10683487.0448 3468709.46741
    -10683516.8784 3468711.00571
    -10683545.7101 3468712.80039
    -10683573.0947 3468714.08231
    -10683600.2567 3468715.87699
    -10683616.8433 3468716.77433
    -10684165.9823 3468703.44241
    -10684233.2193 3468703.05784
    -10684299.8997 3468703.05784
    -10684320.6051 3468702.67326
    -10684615.6018 3468697.41741
    -10684945.4414 3468692.67433
    -10685373.1309 3468684.21371
    -10685417.5474 3468683.31637
    -10685562.0401 3468683.18817
    -10685964.2374 3468676.26585
    -10685989.2843 3468675.24032
    -10686009.7671 3468674.59936
    -10686109.1754 3468674.34298
    -10686316.5636 3468671.65097
    -10686400.2758 3468669.7281
    -10686440.4622 3468668.95895
    -10686491.3352 3468668.06162
    -10686527.2914 3468666.9079
    -10686650.856 3468662.67759
    -10686889.4137 3468657.16538
    -10686996.2804 3468655.75528
    -10687132.5354 3468652.42231
    -10687275.3583 3468650.49945
    -10687411.836 3468648.57658
    -10687443.3395 3468648.44839
    -10687617.6658 3468645.11543
    -10687668.7614 3468645.5
    -10687870.5837 3468644.47447
    -10688076.1908 3468643.06438
    -10688192.631 3468641.65428
    -10688293.2638 3468639.47503
    -10688365.8441 3468639.98779
    -10688507.6651 3468639.73141
    -10688526.5894 3468639.09046
    -10688917.7661 3468633.32187
    -10688940.1413 3468633.70645
    -10688969.4184 3468634.60378
    -10688993.9086 3468637.03941
    -10689030.6441 3468639.60322
    -10689202.2987 3468637.80855
    -10689202.4101 3468637.80855
    -10689503.1953 3468634.86016
    -10689626.76 3468633.70645
    -10689711.1401 3468634.09102
    -10689851.6253 3468631.5272
    -10690088.7358 3468629.47615
    -10690145.6201 3468628.8352
    -10690240.019 3468627.93786
    -10690284.1015 3468627.55329
    -10690312.488 3468627.29691
    -10690342.7669 3468781.63944
    -10690347.8876 3468801.89383
    -10690352.4517 3468818.81524
    -10690375.2722 3468903.16625
    -10690437.1658 3469016.23337
    -10690499.5048 3469129.81426
    -10690707.6722 3469252.11355
    -10690712.0137 3469257.49782
    -10690714.1287 3469260.18996
    -10690723.9249 3469270.83031
    -10690743.5171 3469282.75265
    -10690805.9673 3469357.36366
    -10690810.8654 3469425.69336
    -10690878.4363 3469610.30075
    -10690951.6845 3469683.50344
    -10690997.2142 3469743.11715
    -10691048.4212 3469779.65472
    -10691082.4849 3469818.11543
    -10691106.5299 3469846.19183
    -10691115.9921 3469879.2682
    -10691125.4543 3469912.47287
    -10691132.0221 3469935.67773
    -10691122.6713 3470028.62578
    -10691089.6094 3470137.21559
    -10691079.9246 3470143.62588
    -10690966.824 3470218.37008
    -10690819.103 3470307.08933
    -10690711.1231 3470401.32215
    -10690542.0288 3470549.27547
    -10690388.9645 3470679.92198
    -10690240.1303 3470810.82625
    -10690123.6902 3470946.34754
    -10690061.0173 3471085.20385
    -10690004.3557 3471234.96008
    -10689963.6127 3471482.80535
    -10689941.3488 3471672.95579
    -10689928.2131 3471786.43193
    -10689965.7278 3472053.2651
    -10690099.8678 3472429.99527
    -10690105.5451 3472446.28031
    -10690130.3693 3472517.57571
    -10690204.1742 3472727.48911
    -10690510.8593 3473600.13471
    -10690516.7593 3473618.47308
    -10690522.5479 3473636.68324
    -10690523.5498 3473640.0175
    -10690619.0619 3473947.0294
    -10690621.177 3473953.44159
    -10690651.3445 3474052.57445
    -10690681.4008 3474151.57983
    -10690685.0744 3474163.76318
    -10690688.6366 3474176.0748
    -10690709.342 3474243.14766
    -10690722.8117 3474286.75162
    -10690740.0662 3474319.83942
    -10690769.8998 3474377.29442
    -10690799.7334 3474434.74968
    -10690831.5708 3474496.30917
    -10690913.8359 3474569.41145
    -10690971.1654 3474620.19854
    -10691191.4667 3474775.12606
    -10691351.3215 3474946.34366
    -10691458.8561 3475190.41285
    -10691442.4922 3475590.57835
    -10691328.1671 3476052.83634
    -10691289.9845 3476399.02768
    -10691284.8638 3476446.23049
    -10691279.6318 3476493.43346
    -10691279.0752 3476552.82224
    -10691278.5186 3476612.21128
    -10691277.962 3476691.73917
    -10691276.0695 3476888.50866
    -10691275.8469 3476898.12915
    -10691278.8525 3476909.4172
    -10691310.022 3477027.30094
    -10691341.3028 3477145.18578
    -10691373.4741 3477266.40689
    -10691420.4509 3477329.13446
    -10691583.2 3477548.23437
    -10691609.2488 3477585.43555
    -10691897.2323 3477994.52733
    -10691970.3692 3478081.24774
    -10691984.0615 3478097.41166
    -10691997.6425 3478113.57561
    -10692056.8644 3478183.49134
    -10692115.9751 3478253.40744
    -10692131.8938 3478266.74927
    -10692151.82 3478276.3708
    -10692220.3928 3478278.03853
    -10692236.5341 3478276.3708
    -10692281.6185 3478271.62418
    -10692326.4802 3478265.08154
    -10692362.3251 3478232.88157
    -10692456.2788 3478211.84259
    -10692466.9654 3478209.40515
    -10692609.3431 3478163.60701
    -10692617.1354 3478163.60701
    -10692626.9316 3478165.78787
    -10692635.3918 3478172.07388
    -10692641.5144 3478174.38303
    -10692658.8802 3478153.08757
    -10692676.2461 3478131.66386
    -10692690.6063 3478114.08875
    -10692699.4005 3478103.31279
    -10692703.2967 3478098.56623
    -10692704.8552 3478096.64195
    -10692721.6644 3478075.85976
    -10692723.4455 3478073.29406
    -10692733.353 3478061.49185
    -10692761.9621 3478026.34185
    -10692781.3317 3477999.78698
    -10692804.7088 3477968.9988
    -10692868.9401 3477884.20339
    -10692892.6512 3477862.13872
    -10692933.8394 3477823.91048
    -10693075.7717 3477813.90445
    -10693157.9255 3477835.96904
    -10693238.1869 3477913.70854
    -10693301.8616 3478062.7747
    -10693367.6514 3478281.37399
    -10693442.0129 3478453.66467
    -10693488.0991 3478510.24015
    -10693507.3574 3478533.9737
    -10693580.383 3478625.18792
    -10693584.6131 3478630.44784
    -10693602.3129 3478638.53014
    -10693684.0214 3478675.86277
    -10693765.6186 3478713.19551
    -10693862.3553 3478757.7127
    -10694036.6816 3478772.85114
    -10694062.5077 3478775.0321
    -10694088.3338 3478777.21307
    -10694144.8841 3478782.08816
    -10694181.7309 3478777.21307
    -10694250.5263 3478778.49599
    -10694303.4031 3478770.15701
    -10694447.6731 3478759.76536
    -10694661.4066 3478635.57946
    -10694942.2656 3478527.30265
    -10695252.5131 3478453.92125
    -10695526.1364 3478434.54966
    -10695820.3538 3478473.54945
    -10695829.9273 3478474.70405
    -10695866.4401 3478488.68756
    -10696039.3192 3478555.91124
    -10696212.1984 3478623.00699
    -10696378.5097 3478687.28068
    -10696784.7145 3478870.4817
    -10697006.6856 3478970.67889
    -10697253.7035 3479011.86132
    -10697257.0431 3479012.37449
    -10697295.671 3479018.53262
    -10697334.4102 3479024.69076
    -10697594.1185 3479067.02801
    -10697940.8788 3479080.75557
    -10697971.269 3479082.29512
    -10697994.3121 3479087.42692
    -10697995.314 3479087.81181
    -10698046.0757 3479099.61496
    -10698080.9187 3479107.44097
    -10698090.3808 3479125.78722
    -10698149.7141 3479241.51029
    -10698171.4214 3479462.31074
    -10698171.3101 3479462.31074
    -10698156.282 3479495.79679
    -10698105.075 3479610.62509
    -10698084.7035 3479656.9416
    -10698064.4434 3479701.33376
    -10698062.9962 3479704.6696
    -10698038.7286 3479759.71097
    -10698014.6836 3479816.80542
    -10697962.6974 3479939.46311
    -10697920.7299 3480005.53966
    -10697863.7344 3480095.48129
    -10697661.2442 3480467.70008
    -10697650.5575 3480555.07876
    -10697641.652 3480632.4498
    -10697640.5388 3480641.55986
    -10697639.5369 3480650.54161
    -10697637.9784 3480663.11607
    -10697635.6407 3480682.87596
    -10697633.5256 3480701.09614
    -10697637.4218 3480746.3901
    -10697642.0972 3480797.97151
    -10697633.4143 3480824.40386
    -10697625.622 3480848.01338
    -10697610.4825 3480893.94942
    -10697602.0222 3480945.01817
    -10697562.9491 3481182.01577
    -10697599.5732 3481296.73085
    -10697690.4099 3481380.65059
    -10697754.196 3481376.80105
    -10697814.9764 3481322.77927
    -10698109.3052 3481135.3088
    -10698267.9354 3480999.55161
    -10698405.415 3480809.77624
    -10698431.3524 3480793.48059
    -10698446.3806 3480784.1138
    -10698486.6782 3480758.70803
    -10698526.7532 3480733.174
    -10698533.6551 3480728.93972
    -10698540.5569 3480724.57713
    -10698546.4568 3480720.85609
    -10698628.2766 3480712.51585
    -10698685.2722 3480725.98855
    -10698830.7668 3480843.65075
    -10699008.0987 3481044.71831
    -10699102.8316 3481185.4803
    -10699190.5514 3481297.1158
    -10699364.989 3481500.24358
    -10699423.4317 3481558.88561
    -10699502.8025 3481638.57248
    -10699582.1733 3481718.25985
    -10699587.8506 3481724.03431
    -10699664.995 3481801.54073
    -10699903.4414 3482047.79354
    -10700016.6533 3482205.50561
    -10700108.4919 3482378.87563
    -10700185.8589 3482570.21419
    -10700216.1378 3482679.03846
    -10700227.3811 3482723.56941
    -10700232.6131 3482760.14394
    -10700262.892 3482923.38312
    -10700240.7394 3483008.46851
    -10700175.6175 3483251.79276
    -10700025.5589 3483488.06297
    -10700012.6458 3483508.59725
    -10700004.9648 3483520.66115
    -10699895.649 3483691.3538
    -10699819.9518 3483765.92025
    -10699785.888 3483799.54588
    -10699611.4504 3483963.18333
    -10699535.4191 3484016.83119
    -10699443.2466 3484061.62349
    -10699307.6595 3484103.59234
    -10699200.5701 3484161.60455
    -10699126.7653 3484200.23673
    -10699070.215 3484231.03987
    -10699053.6284 3484240.02414
    -10699036.3739 3484248.49502
    -10698966.6879 3484285.84399
    -10698920.6016 3484288.66762
    -10698849.6911 3484268.77383
    -10698634.0652 3484268.77383
    -10698579.5187 3484283.79043
    -10698501.595 3484305.60946
    -10698321.5914 3484339.23651
    -10698305.6727 3484342.31685
    -10698219.7341 3484382.6181
    -10698206.5984 3484388.77881
    -10698193.574 3484394.93952
    -10698175.2063 3484403.66721
    -10698125.2238 3484427.28332
    -10698107.524 3484435.62598
    -10698096.6147 3484440.75993
    -10698039.5078 3484490.68767
    -10697907.5942 3484605.94576
    -10697897.6868 3484707.728
    -10697987.5216 3484791.92677
    -10698340.5157 3484989.71906
    -10698629.9464 3485129.36919
    -10698678.0364 3485164.02525
    -10698702.972 3485182.12345
    -10698749.6149 3485215.88115
    -10698821.1933 3485267.60891
    -10698870.5078 3485302.77877
    -10698938.7467 3485396.35161
    -10699000.9743 3485657.04991
    -10699054.7416 3485886.43286
    -10699093.4808 3486053.04935
    -10699132.22 3486219.53964
    -10699150.0311 3486296.30305
    -10699159.2706 3486382.69452
    -10699213.1492 3486883.46848
    -10699176.0798 3487111.33289
    -10699164.1686 3487178.73018
    -10699014.3326 3487290.54628
    -10698947.4296 3487340.35676
    -10698719.4473 3487385.93094
    -10698682.6005 3487385.93094
    -10698516.5118 3487386.1877
    -10698427.011 3487384.3904
    -10698244.3357 3487386.1877
    -10698121.9956 3487395.81606
    -10698070.4546 3487399.79579
    -10697987.9669 3487424.31608
    -10697987.1877 3487424.57284
    -10697828.3348 3487485.42444
    -10697748.5187 3487502.62726
    -10697661.9121 3487521.24229
    -10697660.7989 3487521.49905
    -10697810.9689 3487521.62743
    -10697752.3035 3487546.40471
    -10697690.4099 3487568.8712
    -10697670.1498 3487576.574
    -10697660.5763 3487580.29703
    -10697650.0009 3487584.40519
    -10697641.7633 3487587.6147
    -10697633.5256 3487590.8242
    -10697600.1298 3487604.30414
    -10697547.921 3487624.71664
    -10697336.4139 3487707.52239
    -10697079.2659 3487986.62667
    -10697016.8157 3488054.54212
    -10697013.3648 3488076.62434
    -10697007.6875 3488112.44384
    -10697003.9026 3488136.58034
    -10697002.0102 3488148.26345
    -10696999.3385 3488162.77105
    -10696991.6575 3488210.14558
    -10696984.4217 3488254.82415
    -10696979.5236 3488284.73833
    -10696965.4974 3488368.06191
    -10696994.7744 3488489.26081
    -10697152.9594 3488640.76105
    -10697213.0719 3488657.96543
    -10697592.3374 3488606.35237
    -10697783.473 3488540.10307
    -10697801.5068 3488533.81197
    -10697876.6474 3488508.00566
    -10697883.6605 3488505.69465
    -10697890.5624 3488503.25525
    -10697927.2978 3488490.15954
    -10697989.1914 3488487.97692
    -10698084.2583 3488483.35491
    -10698286.1918 3488473.34055
    -10698435.9165 3488607.76466
    -10698616.4768 3488917.06102
    -10698727.7962 3489096.42809
    -10698760.1902 3489148.55671
    -10698782.7881 3489183.73723
    -10698805.7199 3489219.43144
    -10698809.95 3489226.10806
    -10698821.6386 3489245.36758
    -10698833.4384 3489264.49872
    -10698839.6723 3489274.64209
    -10698867.7248 3489280.03478
    -10698882.1964 3489282.85952
    -10698896.5566 3489285.68425
    -10699038.9342 3489313.41809
    -10699178.1949 3489341.92238
    -10699266.1373 3489362.85124
    -10699281.9447 3489367.98716
    -10699293.1879 3489371.06872
    -10699303.0954 3489377.36023
    -10699734.1244 3489532.72297
    -10700314.7669 3489921.65169
    -10700411.6149 3489998.82252
    -10700420.5204 3490006.39838
    -10700451.1333 3490032.20771
    -10700491.4309 3490066.10661
    -10700612.5465 3490257.0464
    -10700631.6935 3490294.02768
    -10700691.6947 3490408.05394
    -10700727.0943 3490554.5689
    -10700725.8698 3490574.34405
    -10700724.5339 3490594.24765
    -10700723.1981 3490614.53651
    -10700727.8735 3490767.47444
    -10700722.7528 3490946.99586
    -10700721.1944 3490974.09123
    -10700714.5152 3491088.63721
    -10700712.2888 3491116.88862
    -10700673.4383 3491204.72522
    -10700665.6459 3491226.68446
    -10700656.1838 3491252.8815
    -10700627.2407 3491300.5243
    -10700555.7736 3491409.93646
    -10700555.3283 3491410.83539
    -10700513.3609 3491499.05926
    -10700481.6348 3491565.83756
    -10700455.8087 3491620.28782
    -10700116.9522 3491840.65962
    -10699635.1614 3492096.35218
    -10699488.2197 3492166.0874
    -10699487.5518 3492185.86505
    -10699486.2159 3492227.98896
    -10699467.9595 3492244.04232
    -10699457.0502 3492254.31648
    -10699441.4655 3492267.80133
    -10699433.0052 3492275.37854
    -10699424.5449 3492282.82732
    -10699392.8189 3492310.95294
    -10699361.0928 3492339.07862
    -10699347.1779 3492351.53614
    -10699269.1429 3492545.84922
    -10699277.9372 3492610.32124
    -10699284.6163 3492659.12497
    -10699285.7295 3492667.21613
    -10699285.8409 3492668.37201
    -10699286.3974 3492674.02299
    -10699289.9597 3492701.12202
    -10699323.3555 3492774.84193
    -10699330.146 3492789.74009
    -10699353.7457 3492841.49846
    -10699377.2342 3492893.38548
    -10699379.7945 3492899.03656
    -10699422.5412 3492993.05025
    -10699619.4654 3493425.62487
    -10699901.1037 3494190.37247
    -10699916.6884 3494232.503
    -10699932.2731 3494257.93551
    -10699938.0617 3494267.44061
    -10699943.8504 3494277.07416
    -10699971.1236 3494321.90237
    -10699993.3875 3494356.58333
    -10700041.8115 3494370.84108
    -10700323.8951 3494453.81896
    -10700613.6597 3494613.73916
    -10700765.7222 3494656.25643
    -10700981.7933 3494742.57591
    -10701148.5499 3494868.33109
    -10701261.8731 3495017.20935
    -10701275.3428 3495034.80767
    -10701282.022 3495058.44341
    -10701297.4954 3495114.96383
    -10701312.9688 3495171.61296
    -10701315.7518 3495182.01793
    -10701318.7574 3495192.55137
    -10701327.663 3495307.52052
    -10701336.2346 3495419.53615
    -10701326.3271 3495519.09215
    -10701267.8844 3495676.71336
    -10701206.6587 3495783.85065
    -10701117.6031 3495887.90571
    -10701116.4899 3495889.19035
    -10701055.1528 3495963.57097
    -10700961.0879 3496069.42601
    -10700943.1654 3496085.4842
    -10700913.3318 3496115.93057
    -10700879.268 3496149.4602
    -10700869.8059 3496158.9667
    -10700853.8872 3496178.75052
    -10700826.6139 3496212.66572
    -10700776.0749 3496284.09348
    -10700757.8185 3496321.73452
    -10700700.8229 3496389.05189
    -10700641.9349 3496474.4838
    -10700612.4352 3496589.33601
    -10700504.9006 3496861.82509
    -10700443.007 3496937.75306
    -10700352.8382 3496999.29231
    -10700194.9871 3497020.23371
    -10699939.0636 3496880.96763
    -10699880.3983 3496839.2138
    -10699873.7191 3496834.46029
    -10699867.0399 3496831.37694
    -10699847.559 3496822.38383
    -10699839.0987 3496818.52964
    -10699815.165 3496805.03999
    -10699783.5503 3496797.33163
    -10699743.4753 3496781.78644
    -10699731.5641 3496771.89406
    -10699718.2058 3496762.77251
    -10699708.2983 3496753.52251
    -10699697.0551 3496745.04334
    -10699648.6311 3496719.73435
    -10699636.7199 3496715.49477
    -10699595.977 3496706.2448
    -10699567.8131 3496692.88374
    -10699548.1096 3496680.16506
    -10699538.3135 3496672.45677
    -10699498.2384 3496628.00572
    -10699458.1634 3496577.90213
    -10699432.226 3496543.21514
    -10699377.3455 3496476.1539
    -10699368.8852 3496454.31411
    -10699366.1022 3496435.94302
    -10699365.323 3496411.27698
    -10699361.8721 3496399.97173
    -10699340.2761 3496366.1845
    -10699336.6025 3496360.40343
    -10699332.3724 3496339.97698
    -10699331.4818 3496337.66455
    -10699298.1973 3496295.01322
    -10699285.0616 3496278.0555
    -10699257.5657 3496242.59853
    -10699236.9716 3496228.98102
    -10699224.7265 3496220.8876
    -10699212.4813 3496212.79419
    -10699162.4989 3496179.64979
    -10699143.4632 3496167.57394
    -10699081.6809 3496128.52023
    -10698940.0825 3496038.72282
    -10698742.1565 3495920.66396
    -10698576.1791 3495881.86792
    -10698563.7113 3495879.17019
    -10698539.7776 3495874.03165
    -10698452.7258 3495878.91326
    -10698442.5957 3495878.91326
    -10698359.9966 3495883.28102
    -10698149.9368 3495895.22813
    -10698055.9831 3495955.99158
    -10697955.9069 3496020.73772
    -10697891.6755 3496292.7008
    -10698031.4928 3496475.38308
    -10698067.0037 3496521.63217
    -10698102.1807 3496566.85367
    -10698102.8486 3496567.75296
    -10698109.7504 3496577.00283
    -10698117.5428 3496587.02354
    -10698132.7936 3496606.55108
    -10698193.574 3496686.33169
    -10698197.6928 3496737.20654
    -10698205.5965 3496834.07487
    -10698209.604 3496883.02321
    -10698210.1606 3496889.57536
    -10698144.5934 3497084.2144
    -10698207.4889 3497300.18369
    -10698220.6246 3497433.03039
    -10698342.8534 3497597.22773
    -10698379.4776 3497646.69291
    -10698439.7014 3497727.76484
    -10698466.8634 3497767.59434
    -10698494.0253 3497807.29548
    -10698510.1666 3497831.06483
    -10698616.2541 3497847.25371
    -10698668.0177 3497855.09119
    -10698843.2346 3497881.43031
    -10699128.1011 3497858.04631
    -10699376.5662 3497837.74596
    -10699807.0387 3497755.64547
    -10699938.9523 3497766.69496
    -10699969.3425 3497769.00764
    -10700129.8652 3497889.26781
    -10700226.9358 3497961.8613
    -10700377.9964 3498127.86424
    -10700489.3159 3498275.88107
    -10700496.5516 3498306.20418
    -10700529.0569 3498460.39057
    -10700613.3258 3498713.26027
    -10700618.8918 3498724.1821
    -10700665.2007 3498814.76934
    -10700692.2513 3498900.60295
    -10700697.038 3498975.38659
    -10700701.6021 3499047.72927
    -10700681.4533 3499145.12911
    -10700649.7273 3499223.5121
    -10700606.3127 3499297.26966
    -10700555.1057 3499368.32917
    -10700533.7323 3499401.61034
    -10700511.8024 3499436.17659
    -10700511.1345 3499437.20459
    -10700501.6723 3499451.72501
    -10700362.9682 3499498.24188
    -10700336.0289 3499507.23688
    -10700096.5807 3499354.06584
    -10700045.5964 3499321.42728
    -10699726.3321 3498998.77263
    -10699498.3498 3498806.16031
    -10699407.6244 3498729.70725
    -10699030.4739 3498632.43908
    -10698935.9637 3498558.04291
    -10698923.0506 3498521.93715
    -10698826.314 3498431.99443
    -10698734.9207 3498372.11863
    -10698659.3348 3498322.52215
    -10698618.4805 3498329.46051
    -10698388.3831 3498302.86349
    -10698387.1586 3498302.73501
    -10698374.5795 3498311.98613
    -10698241.3301 3498409.12339
    -10698221.2926 3498505.36195
    -10698186.3382 3498531.31693
    -10698188.1194 3498546.09331
    -10698192.4608 3498583.22705
    -10698149.9368 3498583.998
    -10698107.9693 3498584.89743
    -10698071.1226 3498580.91422
    -10698034.3871 3498576.93101
    -10697866.8513 3498564.08196
    -10697696.3098 3498551.10443
    -10697601.6883 3498479.15004
    -10697458.754 3498388.69366
    -10697240.4565 3498386.12389
    -10696998.0027 3498600.44482
    -10697027.2797 3498825.56275
    -10697208.9531 3498962.40864
    -10697584.5451 3499066.61809
    -10697845.2553 3499173.14133
    -10697930.7487 3499208.73494
    -10698009.4516 3499257.82088
    -10698045.5191 3499280.69345
    -10698075.5753 3499308.32048
    -10698103.4052 3499317.44384
    -10698125.6691 3499331.57863
    -10698130.6785 3499378.99455
    -10698128.4521 3499380.92203
    -10698125.5578 3499382.20702
    -10698123.9993 3499406.4933
    -10697847.8157 3499905.07897
    -10697519.7571 3500317.45487
    -10697380.9417 3500523.58356
    -10697363.7985 3500544.78776
    -10697355.5609 3500555.06859
    -10697350.8855 3500583.08392
    -10697348.2138 3500598.63373
    -10697340.8667 3500642.19902
    -10697324.7254 3500740.12507
    -10697438.0486 3500912.71836
    -10697690.076 3501252.25716
    -10697836.5724 3501468.93956
    -10697998.3196 3501773.02083
    -10698021.3628 3501815.94751
    -10698024.0344 3501821.60253
    -10698027.04 3501832.65554
    -10698044.6285 3501896.91739
    -10698052.6435 3501926.2209
    -10698085.2601 3502045.49203
    -10698117.8768 3502164.76427
    -10698132.6822 3502219.38824
    -10698166.8573 3502640.57906
    -10698180.8836 3502746.87507
    -10698228.083 3502910.1125
    -10698307.7878 3503062.555
    -10698305.7841 3503084.27757
    -10698261.9242 3503191.21995
    -10698103.1826 3503578.37946
    -10698079.6942 3503676.19951
    -10698078.1357 3503683.91203
    -10698052.8662 3503795.22991
    -10698043.0701 3503829.0368
    -10698040.955 3503836.62087
    -10698038.2833 3503846.26164
    -10698033.0513 3503861.94398
    -10698027.708 3503877.62633
    -10698022.3646 3503893.5658
    -10698016.91 3503909.63382
    -10698010.4534 3503928.78694
    -10698007.1139 3503938.68487
    -10698003.9969 3503947.94008
    -10698000.7686 3503956.55258
    -10697998.4309 3503962.85128
    -10697995.4253 3503971.07815
    -10697993.1989 3503977.11976
    -10697992.4197 3503979.30503
    -10697980.7311 3504013.88368
    -10697975.4991 3504029.69477
    -10697942.6599 3504058.61754
    -10697928.1883 3504071.34358
    -10697860.2835 3504093.58205
    -10697768.4449 3504102.0661
    -10697672.1535 3504092.93932
    -10697629.2955 3504070.05812
    -10697511.5195 3503909.24819
    -10697395.6359 3503777.61951
    -10697257.3771 3503644.1926
    -10697202.4966 3503576.45135
    -10697160.9744 3503537.5035
    -10697092.0676 3503472.84777
    -10697043.5323 3503440.45575
    -10696864.308 3503320.78597
    -10696776.3656 3503329.14097
    -10696702.5607 3503342.63751
    -10696603.3751 3503370.1448
    -10696514.2082 3503413.33393
    -10696428.3808 3503463.46436
    -10696353.2402 3503515.00892
    -10696314.501 3503544.70177
    -10696289.7881 3503543.41637
    -10696276.4297 3503542.77366
    -10696265.4091 3503559.35541
    -10696112.6788 3503789.31693
    -10696086.964 3503915.67541
    -10696089.413 3504076.87106
    -10696082.9565 3504196.29084
    -10696082.1772 3504210.17394
    -10696092.4186 3504229.71315
    -10696153.9783 3504346.94904
    -10696327.748 3504636.18691
    -10696439.6241 3504817.06033
    -10696465.005 3504857.94039
    -10696509.978 3504930.44497
    -10696747.4225 3505354.42506
    -10696789.9465 3505451.35882
    -10696930.9883 3505851.95758
    -10696960.822 3505949.15225
    -10697020.7119 3506163.60024
    -10697093.2922 3506423.30827
    -10697214.1851 3506813.1374
    -10697235.6698 3506847.46659
    -10697340.0875 3507013.84233
    -10697427.9185 3507099.73112
    -10697464.2087 3507117.08895
    -10697525.3231 3507146.27588
    -10697542.2437 3507147.3045
    -10697673.4893 3507155.662
    -10697695.9759 3507158.10497
    -10697793.8257 3507169.03402
    -10697871.5267 3507089.95931
    -10697983.7368 3506976.42688
    -10698134.1294 3506852.99527
    -10698324.7084 3506781.50833
    -10698504.4893 3506751.67937
    -10698731.8037 3506744.47929
    -10698997.3007 3506871.25278
    -10699147.2481 3506904.81068
    -10699274.8202 3507020.52826
    -10699282.3899 3507223.16512
    -10699282.3899 3507281.66812
    -10699257.3431 3507313.55558
    -10699232.2962 3507346.60032
    -10699151.7009 3507399.44638
    -10698932.6241 3507544.87062
    -10698768.2052 3507663.93714
    -10698661.4498 3507824.79444
    -10698607.7938 3508013.42824
    -10698588.6469 3508197.3071
    -10698622.0427 3508430.82421
    -10698634.0652 3508514.79369
    -10698662.6743 3508575.23149
    -10698871.5097 3509015.92168
    -10698893.3283 3509054.24329
    -10698915.3696 3509092.9508
    -10698937.2995 3509131.65843
    -10698966.7992 3509183.86891
    -10698970.5841 3509190.55598
    -10698994.4064 3509232.22166
    -10699043.721 3509319.28279
    -10699144.4651 3509497.26487
    -10699436.2335 3509825.20077
    -10699512.5987 3509882.81549
    -10699576.3847 3509929.62763
    -10699629.0388 3509953.54819
    -10699632.2671 3509955.09145
    -10699643.5104 3509960.23566
    -10699675.793 3509974.76807
    -10699710.7473 3509990.71516
    -10699719.3189 3509994.70194
    -10699798.8011 3510017.07935
    -10700000.7346 3510057.59027
    -10700066.9697 3510060.80543
    -10700119.2899 3510070.32231
    -10700233.5037 3510091.15657
    -10700600.7467 3510315.06273
    -10700611.8786 3510303.87376
    -10700693.3645 3510347.34361
    -10700780.639 3510402.90292
    -10701040.236 3510494.85927
    -10701133.5218 3510528.04088
    -10701564.8848 3510641.21912
    -10701664.627 3510667.32743
    -10701767.4863 3510705.01094
    -10701921.8864 3510760.82904
    -10702138.8481 3510870.92261
    -10702325.8648 3511036.32197
    -10702510.8778 3511262.6885
    -10702648.3574 3511415.74542
    -10702713.9246 3511453.17391
    -10702759.009 3511550.15407
    -10702787.7294 3511612.02111
    -10702883.9094 3511713.11842
    -10702972.8537 3511841.61348
    -10702992.8912 3511926.11995
    -10702952.9275 3512010.62698
    -10702878.4548 3512058.34734
    -10702811.3291 3512118.93058
    -10702717.1528 3512150.70152
    -10702715.0378 3512205.11105
    -10702718.266 3512230.06491
    -10702723.6094 3512271.35465
    -10702732.7376 3512300.29613
    -10702741.8658 3512313.67356
    -10702781.9408 3512361.13778
    -10702808.6575 3512395.09604
    -10702821.3479 3512415.54822
    -10702825.578 3512429.69754
    -10702832.5911 3512469.95888
    -10702840.2722 3512500.44439
    -10702847.2853 3512514.59381
    -10702867.6568 3512540.70595
    -10702900.7187 3512565.40321
    -10702915.5242 3512574.02153
    -10702929.5504 3512579.68133
    -10702985.4328 3512628.43287
    -10703137.7179 3512699.18083
    -10703240.4658 3512720.91982
    -10703277.0899 3512734.16905
    -10703369.5964 3512772.88775
    -10703426.3693 3512833.98893
    -10703514.3117 3512994.01108
    -10703560.5093 3513147.47474
    -10703578.0978 3513214.75234
    -10703555.3886 3513292.45006
    -10703507.8552 3513373.62153
    -10703417.6864 3513407.83977
    -10703280.7634 3513404.23784
    -10703272.0805 3513403.98056
    -10703126.9199 3513327.43992
    -10703105.3239 3513309.55906
    -10703089.8505 3513296.82379
    -10703074.2658 3513284.08853
    -10702956.4897 3513187.09516
    -10702790.5124 3512978.57478
    -10702647.6895 3512776.36086
    -10702573.996 3512672.03929
    -10702322.5252 3512455.03773
    -10701938.807 3512182.08666
    -10701921.8864 3512164.59329
    -10701762.9222 3512185.0451
    -10701661.5101 3512233.02336
    -10701597.1674 3512304.79815
    -10701539.7266 3512417.73493
    -10701563.4376 3512674.35468
    -10701688.5607 3512845.43739
    -10701722.8471 3512924.80511
    -10701741.4375 3512967.89801
    -10701916.9883 3513099.36439
    -10701925.3373 3513105.53897
    -10702219.5547 3513266.33637
    -10702314.2876 3513351.88142
    -10702358.2588 3513430.6091
    -10702402.23 3513683.77591
    -10702388.649 3513988.40608
    -10702439.4107 3514248.53102
    -10702510.4325 3514381.94038
    -10702578.1148 3514433.27184
    -10702645.6857 3514477.785
    -10702760.7901 3514494.89559
    -10702848.7325 3514512.00621
    -10702963.7255 3514488.07708
    -10703102.7636 3514473.66817
    -10703163.21 3514467.49293
    -10703420.2467 3514443.56389
    -10703599.5824 3514484.6035
    -10703751.7562 3514576.97529
    -10703853.2796 3514676.29501
    -10703961.9274 3514839.5567
    -10704052.7641 3514987.63906
    -10704069.2394 3515007.96674
    -10704147.497 3515104.07339
    -10704306.4612 3515343.63557
    -10704397.7432 3515651.65071
    -10704414.6638 3515860.47224
    -10704370.6926 3516028.12379
    -10704299.6707 3516117.16143
    -10704221.8584 3516192.43218
    -10704056.215 3516260.88391
    -10703975.1744 3516346.57777
    -10703748.4166 3516586.03467
    -10703653.6837 3516736.58216
    -10703646.8932 3516952.24133
    -10703687.5248 3517161.08421
    -10703741.6261 3517339.0473
    -10703812.6479 3517438.38859
    -10703924.3014 3517506.84703
    -10704025.7134 3517523.9617
    -10704221.8584 3517510.19275
    -10704388.0584 3517457.17602
    -10704427.3542 3517454.34504
    -10704512.4023 3517448.29703
    -10704600.6786 3517287.70411
    -10704746.1732 3516856.50673
    -10704959.2387 3516558.6275
    -10705158.8345 3516394.31438
    -10705388.8206 3516281.47097
    -10705588.3051 3516254.06446
    -10705740.5902 3516267.70337
    -10705909.6845 3516325.86193
    -10706000.9665 3516414.90166
    -10706021.338 3516514.10706
    -10706085.6806 3516683.18263
    -10706114.1784 3516758.07071
    -10706051.7282 3516900.8997
    -10705855.5832 3517219.24685
    -10705754.0599 3517452.02878
    -10705757.5108 3517612.88113
    -10705804.8216 3517715.57034
    -10705885.9735 3517794.32503
    -10706026.57 3517867.28937
    -10706085.124 3517931.88954
    -10706157.1477 3518010.51688
    -10706254.6636 3517968.95114
    -10706376.4471 3517920.95124
    -10706613.2237 3517818.26037
    -10706937.9426 3517660.87987
    -10707103.5861 3517595.76634
    -10707222.03 3517585.60043
    -10707387.7847 3517602.7152
    -10707543.298 3517650.58522
    -10707671.8721 3517756.7492
    -10707783.0802 3517927.51422
    -10707944.1595 3518195.44105
    -10708011.9531 3518370.84481
    -10708008.2796 3518495.16031
    -10708006.3871 3518557.7046
    -10707959.299 3518672.24123
    -10707880.1508 3518728.48038
    -10707795.214 3518788.58061
    -10707572.2411 3518806.34048
    -10707553.3168 3518804.66745
    -10707534.3925 3518803.12311
    -10707299.8423 3518701.45467
    -10707042.8056 3518609.05292
    -10706802.5781 3518605.7069
    -10706687.5851 3518643.28524
    -10706626.6934 3518694.6339
    -10706582.7222 3518783.69022
    -10706562.462 3518954.85512
    -10706586.1731 3519105.43066
    -10706660.5345 3519297.19184
    -10706694.3756 3519369.13521
    -10706772.1879 3519434.12911
    -10706943.6199 3519615.98512
    -10706980.912 3519655.49699
    -10707191.0832 3519809.04105
    -10707218.4678 3519829.11904
    -10707226.3714 3519837.22746
    -10707233.0506 3519844.04884
    -10707319.6572 3519932.46968
    -10707406.2637 3520020.89114
    -10707417.507 3520032.60348
    -10707491.2005 3520147.53953
    -10707492.0911 3520149.98499
    -10707499.8834 3520172.12285
    -10707507.5645 3520194.26075
    -10707548.1961 3520308.81213
    -10707631.2404 3520529.93782
    -10707796.4386 3520722.49279
    -10707830.8363 3520762.52296
    -10707979.6704 3520872.05955
    -10708037.1113 3521005.66715
    -10708046.0169 3521041.70798
    -10708067.6128 3521128.84997
    -10708020.1907 3521354.88132
    -10707840.9664 3521584.26348
    -10707577.1392 3521776.06208
    -10707391.1243 3521806.82736
    -10707105.8124 3521741.69259
    -10706983.9176 3521699.47102
    -10706912.0052 3521674.49857
    -10706603.0936 3521406.24094
    -10706389.9168 3521320.64169
    -10706254.6636 3521265.80698
    -10706085.5693 3521269.28241
    -10705885.9735 3521382.29883
    -10705791.3519 3521536.37865
    -10705811.612 3521707.58064
    -10705967.4593 3521874.6657
    -10706028.5737 3521943.01932
    -10706105.8295 3522029.39513
    -10706511.7003 3522200.73249
    -10706744.5807 3522399.23441
    -10706917.5712 3522604.69103
    -10707002.174 3522769.08447
    -10707059.6149 3522936.95592
    -10707066.4053 3523159.5435
    -10706992.0439 3523358.18915
    -10706860.1303 3523498.51751
    -10706782.318 3523577.30805
    -10706670.6646 3523587.60751
    -10706567.1374 3523592.75724
    -10706446.5784 3523559.15529
    -10706436.7823 3523553.10437
    -10706295.5179 3523466.20323
    -10706122.6387 3523317.89332
    -10705983.9346 3523161.98954
    -10705934.8427 3523106.88941
    -10705885.8621 3523051.78951
    -10705754.0599 3522950.60201
    -10705625.5972 3522861.51648
    -10705422.6617 3522738.31686
    -10705263.6975 3522608.16683
    -10705084.3618 3522477.63194
    -10704983.395 3522404.25493
    -10704796.9349 3522183.61152
    -10704702.202 3522087.70879
    -10704553.3678 3521960.91232
    -10704353.772 3521834.24585
    -10704140.7065 3521738.34575
    -10704032.5039 3521724.70096
    -10703910.7204 3521734.99891
    -10703761.8863 3521810.30294
    -10703650.3441 3521960.91232
    -10703562.4017 3522224.67614
    -10703541.6963 3522286.08021
    -10703489.4875 3522440.17099
    -10703472.4556 3522542.77049
    -10703487.929 3522725.31467
    -10703489.9327 3522748.74437
    -10703491.8252 3522771.91664
    -10703492.2704 3522780.92809
    -10703492.7157 3522790.06828
    -10703493.7176 3522812.08201
    -10703494.7195 3522834.22451
    -10703467.6688 3522950.60201
    -10703413.5676 3523111.52399
    -10703369.5964 3523395.78155
    -10703383.066 3523546.53848
    -10703440.6182 3523656.09909
    -10703542.0303 3523803.38299
    -10703701.8851 3523959.55213
    -10703714.7981 3523989.29272
    -10703727.7112 3524019.16213
    -10703748.4166 3524067.05633
    -10703826.1176 3524104.77957
    -10703951.352 3524145.8504
    -10704184.6777 3524214.34499
    -10704347.0928 3524286.18746
    -10704485.6856 3524368.45918
    -10704634.5197 3524573.94766
    -10704705.5416 3524765.79142
    -10704685.2814 3524909.61177
    -10704634.5197 3525029.48476
    -10704623.3878 3525142.40589
    -10704621.9406 3525157.08443
    -10704583.7581 3525234.98395
    -10704465.4254 3525334.25824
    -10704333.5118 3525426.8377
    -10704130.5764 3525587.79107
    -10703947.9011 3525827.55099
    -10703917.5109 3525985.03272
    -10703917.5109 3526128.99565
    -10703903.3733 3526201.87912
    -10703876.8793 3526337.86069
    -10703878.6604 3526340.0498
    -10703968.2726 3526447.57417
    -10704106.8654 3526563.9848
    -10704396.63 3526761.39599
    -10704452.4011 3526849.47869
    -10704478.0045 3526979.80099
    -10704457.1878 3527117.72259
    -10704445.054 3527156.0988
    -10704401.7507 3527256.28959
    -10704372.8076 3527327.24782
    -10704317.9271 3527461.56728
    -10704224.864 3527634.5234
    -10704187.4607 3527726.99086
    -10704177.6646 3527751.97522
    -10704150.1686 3527883.2083
    -10704150.1686 3527947.98823
    -10704165.3081 3528036.98068
    -10704158.5176 3528060.16261
    -10704313.2517 3528335.12927
    -10704377.483 3528554.33413
    -10704387.6131 3528646.80829
    -10704381.3792 3528750.61713
    -10704330.1723 3528917.53735
    -10704290.9878 3529183.3778
    -10704378.8189 3529451.02705
    -10704388.615 3529485.80384
    -10704391.5093 3529498.81296
    -10704393.7357 3529513.23893
    -10704393.4017 3529543.25015
    -10704407.6506 3529722.15971
    -10704400.5262 3529872.3478
    -10704370.6926 3529986.47132
    -10704376.7038 3530050.87558
    -10704380.1547 3530087.32853
    -10704372.0284 3530135.76088
    -10704342.0834 3530148.51304
    -10704312.1385 3530161.39403
    -10704177.7759 3530218.8434
    -10704163.527 3530262.63906
    -10704150.8366 3530301.79766
    -10704105.1956 3530327.43115
    -10704020.7041 3530399.43706
    -10703766.339 3530585.82993
    -10703541.6963 3530768.48987
    -10703427.2599 3530887.64534
    -10703356.238 3530961.58671
    -10703309.2612 3531157.3917
    -10703196.9398 3531419.41444
    -10703129.5915 3531549.01077
    -10703082.726 3531599.50991
    -10703032.2983 3531631.71609
    -10702977.4178 3531657.35227
    -10702949.1427 3531654.90459
    -10702904.3922 3531662.1188
    -10702820.7913 3531675.51663
    -10702745.094 3531595.25869
    -10702648.914 3531449.17253
    -10702564.6451 3531272.29973
    -10702540.6001 3531221.93072
    -10702465.1255 3531071.72664
    -10702276.9956 3530858.53266
    -10702050.683 3530745.56062
    -10701845.6325 3530675.87142
    -10701586.0355 3530643.79648
    -10701322.097 3530662.47465
    -10701253.8581 3530665.17976
    -10701154.5611 3530669.30185
    -10701058.8264 3530698.02765
    -10700945.3918 3530778.79516
    -10700835.4082 3530898.85245
    -10700704.3851 3531075.84886
    -10700612.3239 3531239.96564
    -10700046.5983 3532052.59401
    -10699935.9467 3532211.44137
    -10699870.1569 3532294.40867
    -10699808.8198 3532402.88537
    -10699777.4277 3532537.25862
    -10699768.8561 3532587.89053
    -10699764.7373 3532604.76787
    -10699754.6072 3532647.15459
    -10699726.1094 3532720.84855
    -10699719.3189 3532760.78776
    -10699713.1964 3532797.50618
    -10699576.2734 3532875.58149
    -10699448.1447 3532877.77173
    -10699328.5875 3532788.22994
    -10699246.6564 3532655.78655
    -10699243.8734 3532602.32001
    -10699153.9273 3532437.54142
    -10699025.5759 3532158.49203
    -10698898.5603 3531980.70753
    -10698881.3058 3531933.81407
    -10698850.1364 3531849.17437
    -10698686.0514 3531740.05829
    -10698563.3774 3531658.38287
    -10698380.7021 3531544.24429
    -10698179.7704 3531418.6415
    -10698097.9506 3531382.70001
    -10697916.2772 3531302.95922
    -10697867.1853 3531266.24513
    -10697746.8489 3531185.86097
    -10697684.6213 3531154.94412
    -10697575.9735 3531155.58822
    -10697522.7628 3531148.76076
    -10697517.5307 3531148.11666
    -10697436.3788 3531199.64476
    -10697359.9023 3531327.95063
    -10697329.2895 3531405.37277
    -10697285.9862 3531488.20597
    -10697242.6829 3531571.16853
    -10697142.1614 3531740.83124
    -10697037.4098 3531917.83941
    -10696995.1084 3532120.48716
    -10696986.7594 3532314.24876
    -10696986.2028 3532329.19326
    -10697037.1871 3532510.58999
    -10697038.189 3532514.06851
    -10697041.1946 3532524.89056
    -10697042.1965 3532528.49791
    -10697014.0327 3532543.5715
    -10696992.2141 3532555.68191
    -10696988.2066 3532558.00093
    -10696946.907 3532580.54696
    -10696899.5962 3532606.57156
    -10696851.6175 3532632.46738
    -10696711.4663 3532783.72066
    -10696679.8516 3532817.8624
    -10696571.983 3532983.41897
    -10695633.337 3533042.04069
    -10695563.651 3533046.42122
    -10695555.4134 3533046.93658
    -10695547.8437 3533047.45194
    -10695528.1401 3533048.22497
    -10695521.6836 3533048.61149
    -10695377.6362 3533054.28042
    -10694964.7522 3533074.7659
    -10694780.6297 3533083.01163
    -10694645.1539 3533102.85295
    -10694622.2221 3533106.33163
    -10694387.6719 3533143.95293
    -10693716.7494 3533192.01044
    -10693005.6405 3533243.03149
    -10692802.4824 3533251.27733
    -10692785.5618 3533252.05038
    -10692767.1941 3533252.82343
    -10692729.1228 3533255.27141
    -10692563.8134 3533266.0941
    -10691852.1479 3533311.83292
    -10691510.6197 3533334.76681
    -10691467.3164 3533337.60134
    -10691337.5179 3533346.36261
    -10691294.3259 3533349.32599
    -10691287.7581 3533349.71251
    -10691268.0545 3533351.00094
    -10691261.598 3533351.51631
    -10690716.8004 3533387.97875
    -10690246.5869 3533419.41642
    -10689726.1683 3533454.33294
    -10689506.3123 3533469.0211
    -10689107.7885 3533495.69175
    -10688278.6809 3533551.22357
    -10687933.8131 3533574.28674
    -10687926.6887 3533574.67328
    -10687905.538 3533576.34826
    -10687898.5249 3533576.86364
    -10687680.116 3533592.96923
    -10687205.2271 3533628.14392
    -10687024.7782 3533641.54383
    -10686806.4807 3533657.77835
    -10686697.0536 3533665.89562
    -10686266.8038 3533686.63978
    -10686262.5736 3533686.89747
    -10686161.1616 3533696.94744
    -10686157.2654 3533697.33398
    -10686116.0772 3533701.3282
    -10685992.8465 3533713.56857
    -10685951.7696 3533717.8205
    -10685696.514 3533736.63204
    -10684931.0812 3533793.32454
    -10684675.9369 3533812.39389
    -10683854.8444 3533873.20985
    -10683819.1108 3533875.91566
    -10683330.6409 3533912.12192
    -10683028.2971 3533934.41265
    -10682996.4598 3533936.86077
    -10682964.6224 3533939.18004
    -10682930.1133 3533941.75701
    -10682895.6043 3533944.33398
    -10682795.0828 3533951.80719
    -10681998.1466 3534010.81993
    -10681525.1501 3534045.86693
    -10681143.9921 3534038.39367
    -10681142.8789 3534038.26482
    -10681139.6507 3534038.26482
    -10681138.6488 3534038.26482
END
END
