48487 Wilbarger County
1
    -11073539.0746 4040304.23354
    -11073550.3179 4042792.05346
    -11073555.1046 4045636.36528
    -11073552.2103 4045714.76401
    -11073552.099 4046743.00746
    -11073552.099 4048187.76194
    -11073551.9877 4048753.23253
    -11073551.2084 4050756.95203
    -11073551.0971 4050945.43689
    -11073550.3179 4052770.44418
    -11073549.4273 4054771.37356
    -11073548.6481 4056785.03954
    -11073548.5367 4057020.87221
    -11073549.4273 4058780.08016
    -11073549.5386 4059517.20318
    -11073547.2009 4060550.46778
    -11073546.0877 4060807.11547
    -11073544.3066 4061030.64337
    -11073542.6368 4061102.1463
    -11073541.0783 4061170.0139
    -11073512.5806 4062392.64298
    -11073557.5536 4062428.73537
    -11073568.3516 4062437.35446
    -11073567.0158 4062485.02895
    -11073549.6499 4063310.61046
    -11073546.0877 4063617.28959
    -11073541.8576 4064641.3644
    -11073545.3085 4065655.69784
    -11073546.3104 4066727.24513
    -11073545.9764 4067204.98799
    -11073545.1972 4068490.79034
    -11073543.5274 4069754.23374
    -11073543.0821 4070140.86806
    -11073542.6368 4070517.54264
    -11073542.7481 4071771.91223
    -11073544.3066 4072981.8024
    -11073542.9708 4073837.53816
    -11073542.9708 4073845.4919
    -11073541.301 4074649.79213
    -11073541.0783 4074731.76225
    -11073540.8557 4074808.60977
    -11073539.4085 4075345.47844
    -11073540.4104 4076093.1193
    -11073540.967 4076505.85981
    -11073541.6349 4077012.46849
    -11073541.1897 4077866.89113
    -11073540.0765 4078505.86241
    -11073542.5255 4079265.04179
    -11073529.8351 4080914.39961
    -11073524.7144 4081573.9134
    -11073521.4861 4081962.30127
    -11073519.1484 4082090.46276
    -11073469.8339 4082058.48971
    -11073371.5388 4082012.21663
    -11073288.4944 4082012.21663
    -11073202.2218 4082046.21316
    -11073177.6202 4082080.20979
    -11073091.4589 4082151.30625
    -11073026.8936 4082188.4061
    -11072983.813 4082200.81771
    -11072774.6436 4082185.43811
    -11072636.3848 4082123.51517
    -11072602.5437 4082120.41229
    -11072547.1066 4082086.41554
    -11072491.8921 4082030.83376
    -11072285.8398 4081780.71918
    -11072110.6229 4081443.86918
    -11072092.1439 4081338.78267
    -11072092.2552 4081106.89433
    -11072042.9406 4080918.31152
    -11072039.935 4080782.47449
    -11072049.1745 4080708.28415
    -11072055.2971 4080566.10985
    -11072064.5366 4080535.22022
    -11072067.5422 4080408.56014
    -11072027.6899 4080204.61208
    -11071953.7737 4080031.42099
    -11071919.9326 4080006.73742
    -11071769.206 4079957.37046
    -11071684.6032 4079957.37046
    -11071572.2818 4079957.37046
    -11071427.7891 4079994.4631
    -11071344.7448 4080047.06742
    -11071289.419 4080112.08131
    -11071267.823 4080198.54226
    -11071298.6585 4080464.26882
    -11071320.2545 4080538.45756
    -11071326.8224 4080660.39792
    -11071332.4996 4080763.99431
    -11071299.2151 4080888.63497
    -11071249.4553 4081076.13812
    -11071234.0932 4081107.02923
    -11071194.1295 4081122.54226
    -11071144.9263 4081110.13183
    -11071063.1065 4081049.83354
    -11071052.6424 4081042.14451
    -11070886.4424 4080875.28055
    -11070812.6376 4080773.43673
    -11070766.5514 4080686.83649
    -11070748.0723 4080618.85172
    -11070711.1142 4080609.6792
    -11070625.0643 4080526.04777
    -11070204.1653 4079910.2967
    -11070083.8289 4079689.9024
    -11070065.2386 4079634.73705
    -11070021.824 4079515.77505
    -11070018.5957 4079463.71271
    -11069876.6633 4079328.2978
    -11069874.6596 4079324.92594
    -11069858.1843 4079266.5254
    -11069825.7903 4079187.89421
    -11069727.8292 4079137.99134
    -11069684.8599 4078966.97452
    -11069509.1977 4078831.16095
    -11069417.4704 4078749.83544
    -11069339.8808 4078762.64788
    -11069286.7814 4078747.13809
    -11069217.652 4078665.54344
    -11069044.7728 4078678.35579
    -11068974.1962 4078646.66212
    -11068881.9124 4078622.92565
    -11068664.5054 4078711.39821
    -11068613.0758 4078743.49666
    -11068597.7137 4078814.16751
    -11068639.6812 4079043.44623
    -11068621.7587 4079130.84311
    -11068621.4248 4079132.73132
    -11068564.7631 4079189.78243
    -11068473.9264 4079267.60439
    -11068421.7176 4079379.68514
    -11068423.61 4079382.24777
    -11068488.398 4079520.90037
    -11068513.1109 4079616.39362
    -11068528.5843 4079779.86699
    -11068525.5787 4079903.14798
    -11068498.0828 4080079.03478
    -11068402.7933 4080325.87441
    -11068279.8966 4080548.16957
    -11068221.4538 4080618.98661
    -11068218.3369 4080634.36408
    -11068021.3014 4080705.45144
    -11067928.9062 4080727.03403
    -11067845.7506 4080727.03403
    -11067793.3191 4080705.45144
    -11067596.1723 4080508.24245
    -11067540.7351 4080394.12719
    -11067515.9109 4080270.84084
    -11067494.2036 4080045.98836
    -11067463.2568 4079993.65381
    -11067407.7084 4079950.62636
    -11067346.0374 4079929.04525
    -11067342.9204 4079916.77102
    -11067238.0575 4079876.98101
    -11067092.6742 4079784.85756
    -11066916.2328 4079702.31126
    -11066733.5575 4079641.21121
    -11066699.3824 4079604.38949
    -11066609.5476 4079538.56926
    -11066504.6846 4079272.7296
    -11066457.8191 4079218.10579
    -11066297.7417 4079057.2031
    -11066292.2871 4079051.67338
    -11066204.7899 4078994.35322
    -11066159.8169 4078964.81659
    -11065970.7964 4078942.56302
    -11065745.8197 4078978.30363
    -11065498.913 4079061.9236
    -11065293.4173 4079166.71918
    -11065194.5656 4079216.35243
    -11065123.655 4079277.85481
    -11065015.7865 4079379.41539
    -11064965.804 4079454.81089
    -11064954.4494 4079471.94016
    -11064862.9448 4079654.02466
    -11064858.7147 4079669.26594
    -11064805.5039 4079862.95338
    -11064802.721 4079872.52993
    -11064755.1875 4080109.51851
    -11064728.9161 4080285.00387
    -11064730.1406 4080413.95565
    -11064787.0249 4080521.46155
    -11064799.938 4080585.9386
    -11064786.9136 4080893.62602
    -11064792.8135 4081296.42458
    -11064791.589 4081650.26786
    -11064776.2269 4081702.61009
    -11064724.0181 4081776.67206
    -11064699.5278 4081856.67032
    -11064703.3126 4082062.94165
    -11064679.045 4082238.59227
    -11064676.0394 4082327.90262
    -11064660.7886 4082386.4539
    -11064537.6692 4082543.89629
    -11064494.5886 4082636.31208
    -11064466.8701 4082735.06965
    -11064457.6305 4082833.69316
    -11064405.3104 4082910.86565
    -11064356.1072 4083028.10948
    -11064325.383 4083203.77512
    -11064294.8814 4083267.99765
    -11064267.4968 4083325.60935
    -11064238.9991 4083386.05473
    -11063850.6053 4083867.74039
    -11063841.3658 4083892.43239
    -11063813.6473 4083917.12445
    -11063808.4153 4083927.24416
    -11063745.7424 4084050.03072
    -11063730.3803 4084102.38407
    -11063742.7368 4084189.01052
    -11063782.9231 4084256.47706
    -11063866.4127 4084347.96233
    -11063986.7491 4084451.86243
    -11064140.8153 4084563.0501
    -11064257.7007 4084619.45397
    -11064423.6781 4084655.21255
    -11064463.3078 4084669.92082
    -11064509.8394 4084687.3279
    -11064617.2627 4084778.81666
    -11064770.9949 4084955.45415
    -11064795.7078 4084961.66147
    -11064841.6828 4085150.1769
    -11064838.4545 4085258.40265
    -11064807.5077 4085400.77101
    -11064801.3851 4085468.78458
    -11064816.6359 4085552.18274
    -11064856.5996 4085663.5162
    -11064865.6165 4085777.95464
    -11064853.1487 4085867.69786
    -11064803.8341 4085972.82655
    -11064745.1688 4086053.12447
    -11064606.4647 4086176.87885
    -11064597.2252 4086201.57591
    -11064550.0257 4086218.85039
    -11064538.6711 4086223.16901
    -11064449.2816 4086306.7077
    -11064412.2122 4086365.54955
    -11064411.9895 4086414.94454
    -11064452.0646 4086479.86015
    -11064467.4266 4086554.08843
    -11064433.3629 4086646.94196
    -11064427.0177 4086742.76544
    -11064417.6668 4086789.19288
    -11064380.5974 4086878.94415
    -11064383.6031 4086946.96663
    -11064420.4498 4086996.49914
    -11064475.8869 4087027.40646
    -11064559.0426 4087052.10537
    -11064614.3684 4087098.53409
    -11064684.9449 4087268.72936
    -11064700.307 4087346.06716
    -11064715.5578 4087353.76047
    -11064724.9086 4087358.48445
    -11064708.8786 4087689.57215
    -11064683.9431 4087841.01461
    -11064668.1357 4088088.42899
    -11064621.6041 4088311.41704
    -11064581.3065 4088376.20858
    -11064433.2516 4088534.00454
    -11064238.8877 4088710.16089
    -11064164.8603 4088759.70114
    -11063958.14 4088963.80387
    -11063701.6599 4089313.29788
    -11063683.1808 4089322.61247
    -11063670.8244 4089362.97577
    -11063507.0734 4089610.42355
    -11063154.6359 4090210.6386
    -11063065.0237 4090315.94278
    -11062987.9906 4090368.46023
    -11062738.0784 4090489.02179
    -11062611.7307 4090541.54005
    -11062435.6233 4090573.80717
    -11062281.2232 4090575.56229
    -11061794.423 4090554.23087
    -11061698.9109 4090529.52428
    -11061603.5101 4090480.11126
    -11061594.2706 4090445.9543
    -11061523.3601 4090377.9107
    -11061461.8004 4090334.70863
    -11061378.5334 4090297.58198
    -11061295.4891 4090279.0862
    -11061172.1471 4090273.01096
    -11061119.8269 4090251.4101
    -11061095.2253 4090226.70417
    -11061005.8358 4090232.9144
    -11060891.1767 4090216.17379
    -11060836.4075 4090208.20851
    -11060691.4695 4090205.23841
    -11060589.9461 4090171.21729
    -11060509.7961 4090097.10019
    -11060438.9969 4089998.14316
    -11060343.4848 4089920.78717
    -11060226.488 4089803.33669
    -11060155.6888 4089698.30729
    -11060131.0872 4089630.26821
    -11060131.3098 4089460.03729
    -11060149.7889 4089333.27701
    -11060183.7413 4089271.17983
    -11060192.9808 4089234.19168
    -11060264.0027 4089169.12522
    -11060328.7906 4089045.338
    -11060365.7487 4088912.23788
    -11060402.9294 4088692.61262
    -11060384.4504 4088581.24927
    -11060396.9181 4088423.45265
    -11060359.8488 4088318.4361
    -11060310.6455 4088256.61448
    -11060242.852 4088207.07644
    -11059657.5341 4087631.39827
    -11059459.942 4087477.93405
    -11059086.2425 4087231.74778
    -11058900.3389 4087053.72498
    -11058766.8668 4086943.32256
    -11058754.2877 4086915.65464
    -11058717.107 4086903.50777
    -11058711.0958 4086897.29938
    -11058674.8056 4086858.56447
    -11058673.0245 4086856.67497
    -11058642.3003 4086823.74366
    -11058492.6869 4086701.46677
    -11058069.4502 4086506.58227
    -11058015.2376 4086464.33975
    -11057978.9475 4086436.13317
    -11057820.3172 4086353.67319
    -11057811.0777 4086341.39196
    -11057823.2115 4086301.30938
    -11057810.4098 4086242.87275
    -11057773.0064 4086187.40546
    -11057664.4699 4086098.19952
    -11057506.9528 4085993.33957
    -11057442.1649 4085934.63463
    -11057413.8898 4085901.84096
    -11057365.0205 4085845.02582
    -11057220.0825 4085659.73759
    -11057187.7999 4085599.95478
    -11057158.3002 4085545.4353
    -11057124.4591 4085450.97146
    -11057111.88 4085415.75015
    -11057043.9751 4085273.65149
    -11057000.7831 4085218.18897
    -11056991.5436 4085159.35311
    -11056957.3685 4085023.3301
    -11056917.2935 4084964.76514
    -11056815.5475 4084844.26262
    -11056796.9571 4084729.96858
    -11056722.707 4084591.11706
    -11056670.3869 4084560.21642
    -11056577.8804 4084526.21232
    -11056525.5602 4084486.00125
    -11056470.0118 4084343.9143
    -11056408.2295 4084279.01097
    -11056392.7561 4084189.55025
    -11056383.5165 4084183.34335
    -11056352.5697 4084087.5416
    -11056318.6173 4084041.39514
    -11056259.9519 4083889.86874
    -11056207.5204 4083837.51637
    -11056068.9277 4083760.20262
    -11055847.1792 4083747.92422
    -11055785.6196 4083763.30596
    -11055761.018 4083787.99773
    -11055701.1281 4083808.37186
    -11055588.5841 4083846.82644
    -11055579.3445 4083865.31167
    -11055055.9203 4083948.83291
    -11054945.0461 4083992.01053
    -11054763.484 4084090.91489
    -11054668.1945 4084131.12455
    -11054585.0389 4084236.10212
    -11054538.9526 4084267.00188
    -11054197.3131 4084387.49823
    -11054077.3107 4084439.98809
    -11053926.4727 4084548.07208
    -11053923.4671 4084560.35135
    -11053784.9857 4084622.15272
    -11053544.8695 4084702.57597
    -11053427.8727 4084714.85541
    -11053206.2356 4084683.95443
    -11053042.9299 4084634.43207
    -11052901.4429 4084628.22493
    -11052679.5831 4084532.55434
    -11052599.5444 4084476.82559
    -11052420.8766 4084306.94229
    -11052288.4064 4084127.75125
    -11052241.9862 4084016.43295
    -11052195.6773 4083840.34987
    -11052131.0007 4083713.65271
    -11052115.5273 4083648.75301
    -11052112.299 4083376.87996
    -11052151.9287 4083037.01412
    -11052105.7312 4082965.91208
    -11051967.1384 4082836.12166
    -11051804.0553 4082727.91914
    -11051668.5795 4082675.30233
    -11051450.0594 4082647.37505
    -11051271.3916 4082653.5811
    -11051139.144 4082681.37349
    -11050942.2198 4082749.10085
    -11050714.5715 4082850.96248
    -11050637.5384 4082897.239
    -11050597.686 4082943.51571
    -11050548.0375 4083029.32375
    -11050496.1626 4083119.58479
    -11050456.3103 4083264.75953
    -11050434.8256 4083308.06946
    -11050382.5054 4083354.34785
    -11050274.8595 4083379.03873
    -11050145.6176 4083375.9355
    -11050031.7377 4083335.59361
    -11049859.3038 4083187.17986
    -11049714.5885 4083112.8388
    -11049680.636 4083044.83942
    -11049679.0776 4083031.21261
    -11049668.2796 4082936.76982
    -11049677.5191 4082837.87557
    -11049711.3602 4082661.67596
    -11049775.8142 4082461.06
    -11049775.9255 4082443.92619
    -11049778.5972 4082216.87188
    -11049766.2407 4082102.46954
    -11049781.7141 4082022.19973
    -11049775.4803 4081969.85602
    -11049750.7673 4081898.7607
    -11049717.0375 4081849.11566
    -11049710.8036 4081839.94214
    -11049578.4448 4081697.75359
    -11049439.852 4081570.81067
    -11049439.852 4081493.64734
    -11049452.0971 4081459.78737
    -11049538.1471 4081348.49537
    -11049678.9663 4081245.56811
    -11049698.0019 4081231.26899
    -11049858.0793 4081132.52457
    -11050005.5776 4081052.53144
    -11050067.1373 4081034.05081
    -11050402.5429 4081034.18571
    -11050510.0776 4081006.39738
    -11050691.6397 4081003.56459
    -11050870.0848 4080978.8789
    -11050876.2074 4080997.35944
    -11050913.1654 4081009.76974
    -11051030.0509 4081000.7318
    -11051119.3291 4080963.63586
    -11051159.1815 4080929.64259
    -11051217.6243 4080898.75196
    -11051273.0614 4080834.00334
    -11051276.067 4080769.25508
    -11051226.6411 4080605.49761
    -11051177.3266 4080528.20599
    -11051140.3685 4080497.31647
    -11051011.1266 4080420.02559
    -11050964.929 4080308.74383
    -11050930.9766 4080259.37555
    -11050820.2137 4080160.36987
    -11050809.527 4080153.22099
    -11050663.1419 4080055.2953
    -11050575.1995 4080012.4025
    -11050466.2177 4079959.25881
    -11050232.3354 4079820.19618
    -11050124.5782 4079773.7974
    -11049915.4089 4079727.12904
    -11049870.8811 4079720.25019
    -11049621.748 4079682.34918
    -11049546.7187 4079617.87728
    -11049483.9345 4079537.49024
    -11049484.3798 4079280.01279
    -11049492.2835 4079167.39354
    -11049498.5174 4079081.21023
    -11049417.4768 4078950.25061
    -11049182.8153 4078893.47045
    -11048974.9818 4078919.09567
    -11048783.067 4079126.12258
    -11048606.5143 4079279.60817
    -11048538.4981 4079327.7583
    -11048533.8227 4079337.06465
    -11048490.0741 4079339.4924
    -11048430.6295 4079382.78727
    -11048335.2287 4079401.40007
    -11048255.19 4079376.58301
    -11048190.5133 4079341.51552
    -11048118.267 4079279.33843
    -11048091.9956 4079224.98433
    -11048014.9625 4079164.02173
    -11047756.4786 4079018.76483
    -11047664.0835 4078953.75724
    -11047667.5344 4078841.54585
    -11047682.8965 4078746.86835
    -11047740.6713 4078688.74054
    -11047835.4042 4078641.1326
    -11047939.8218 4078612.00149
    -11047964.6461 4078602.42601
    -11048050.6961 4078569.65363
    -11048162.2382 4078490.48784
    -11048230.3657 4078388.80039
    -11048253.1862 4078289.81109
    -11048250.1806 4078246.65527
    -11048204.317 4078128.38219
    -11048166.9136 4078051.37723
    -11048134.5196 4077946.18742
    -11048126.5046 4077888.87287
    -11048057.9318 4077837.2226
    -11047842.0833 4077743.36265
    -11047704.3811 4077787.99997
    -11047510.5739 4077855.96771
    -11047420.5164 4077931.89247
    -11047292.833 4078023.19166
    -11047184.5191 4078100.06156
    -11047131.1971 4078123.2575
    -11047074.8694 4078147.93694
    -11047036.9095 4078130.67481
    -11046955.9802 4078027.10257
    -11046920.6919 4077941.7371
    -11046921.9164 4077836.2786
    -11046950.0803 4077729.47252
    -11046992.8269 4077675.93501
    -11047026.6681 4077611.47456
    -11047042.0302 4077517.8862
    -11047028.0039 4077391.9342
    -11047009.6362 4077285.53688
    -11046984.7006 4077150.01322
    -11046958.9858 4077051.30448
    -11046845.9965 4076861.03636
    -11046772.1917 4076764.3528
    -11046771.8578 4076663.08541
    -11046745.9203 4076531.34477
    -11046693.3775 4076362.92934
    -11046527.6228 4076238.33859
    -11046431.6654 4076196.40414
    -11046377.6754 4076172.67281
    -11046293.8519 4076144.7616
    -11046096.3711 4076028.80271
    -11046007.8721 4075823.58536
    -11046081.2316 4075702.23651
    -11046267.5805 4075559.58586
    -11046337.1551 4075468.57623
    -11046373.0 4075421.92565
    -11046468.2895 4075299.36767
    -11046582.9486 4075101.30924
    -11046579.8316 4075091.73673
    -11046572.8185 4075069.62561
    -11046683.4701 4074840.56231
    -11046706.8472 4074664.21775
    -11046711.4113 4074631.18715
    -11046711.5226 4074608.40284
    -11046689.5926 4074578.74286
    -11046645.3988 4074499.06574
    -11046526.0643 4074395.52677
    -11046290.8462 4074247.90449
    -11046171.5117 4074245.88228
    -11045912.1373 4074246.55635
    -11045886.9791 4074264.89107
    -11045325.0383 4074548.54368
    -11045080.5807 4074731.62743
    -11044978.2781 4074738.77288
    -11044976.3857 4074738.9077
    -11044808.5159 4074750.90667
    -11044525.3191 4074670.68906
    -11044341.308 4074595.99957
    -11044323.7195 4074569.44042
    -11044323.0516 4074569.30561
    -11044207.502 4074546.11697
    -11043876.6604 4074435.97157
    -11043756.7693 4074370.45107
    -11043742.5204 4074362.63178
    -11043737.7337 4074359.93547
    -11043662.1478 4074315.31169
    -11043762.224 4074305.60503
    -11043946.5691 4074275.81102
    -11044015.3645 4074238.19789
    -11044050.6528 4074213.7966
    -11044087.3882 4074188.58649
    -11044091.9523 4074176.31849
    -11044097.9636 4074119.69712
    -11044071.4695 4074047.70749
    -11044082.9355 4073763.12378
    -11044097.9636 4073639.50533
    -11044109.9861 4073540.15321
    -11044117.1105 4073482.72619
    -11044099.4107 4073441.74558
    -11044080.1525 4073092.47283
    -11044019.1494 4072851.45262
    -11043959.2595 4072515.40784
    -11043865.5285 4072381.15447
    -11043812.4291 4072305.13219
    -11043790.0539 4072273.05202
    -11043554.2792 4071930.01553
    -11043519.9928 4071743.87709
    -11043589.2335 4071554.50696
    -11043626.4142 4071441.82986
    -11043782.7068 4071329.42344
    -11043842.2627 4071286.56374
    -11044117.1105 4071094.1014
    -11044166.0911 4071038.43888
    -11044221.3056 4070952.18274
    -11044362.1247 4070659.32108
    -11044374.2586 4070594.49631
    -11044374.0359 4070406.35832
    -11044358.5625 4070298.4095
    -11044290.5463 4070066.88229
    -11044287.318 4070002.19567
    -11044265.8334 4069992.76224
    -11044231.6583 4069905.43597
    -11044223.3093 4069884.00879
    -11044133.2519 4069653.43338
    -11044130.1349 4069619.4741
    -11044117.8898 4069613.27519
    -11044074.5865 4069471.24034
    -11044034.5115 4069283.12103
    -11044025.1606 4069273.82295
    -11044008.0174 4069186.90649
    -11043972.7292 4069008.49401
    -11043966.2726 4068860.53776
    -11043978.4064 4068743.30604
    -11044015.0306 4068561.53189
    -11044131.1368 4068197.85762
    -11044167.9835 4068179.26325
    -11044167.8722 4068111.48838
    -11044109.0955 4067763.05381
    -11044069.3545 4067633.30307
    -11044062.7866 4067611.8802
    -11044022.8229 4067513.11992
    -11043998.11 4067466.90633
    -11043954.918 4067318.83549
    -11043887.2358 4067164.70376
    -11043757.9939 4066976.48804
    -11043711.9076 4066936.33935
    -11043643.3348 4066902.11877
    -11043613.6125 4066887.16414
    -11043518.5456 4066862.2398
    -11043377.1699 4066785.04205
    -11043280.0993 4066723.33812
    -11043071.3752 4066671.46936
    -11042895.2678 4066618.65778
    -11042713.2604 4066632.93843
    -11042636.5613 4066630.24397
    -11042575.2243 4066630.64814
    -11042523.6833 4066657.05393
    -11042454.6653 4066659.7484
    -11042398.4489 4066634.15094
    -11042381.751 4066575.8159
    -11042377.8548 4066504.1437
    -11042384.9793 4066436.91774
    -11042389.8773 4066384.91557
    -11042397.6697 4066299.23375
    -11042419.7109 4066230.52711
    -11042386.6491 4066135.41624
    -11042382.7529 4066059.57062
    -11042376.8529 4065986.01566
    -11042365.4983 4065929.56997
    -11042319.3008 4065820.4514
    -11042298.0387 4065727.49938
    -11042277.556 4065597.50255
    -11042264.9768 4065517.3498
    -11042265.5334 4065443.66365
    -11042276.6654 4065367.68795
    -11042356.3701 4065228.26578
    -11042450.1012 4065099.75643
    -11042523.7947 4065013.54552
    -11042511.5495 4064915.48141
    -11042499.527 4064818.76517
    -11042524.1286 4064602.16688
    -11042603.2768 4064327.51867
    -11042672.7401 4064134.09704
    -11042785.5068 4063920.74443
    -11042810.4424 4063873.87205
    -11042788.0671 4063840.06479
    -11042754.226 4063843.70142
    -11042711.9246 4063847.87682
    -11042695.004 4063849.62779
    -11042628.435 4063868.48443
    -11042526.1324 4063898.38574
    -11042445.2031 4063887.20641
    -11042351.2495 4063866.19469
    -11042290.6916 4063838.5832
    -11042207.536 4063808.68205
    -11042145.7537 4063778.91566
    -11042088.3128 4063742.54959
    -11042039.3322 4063686.51914
    -11041986.1215 4063632.77866
    -11041955.3973 4063562.47194
    -11041938.5881 4063475.06056
    -11041945.6012 4063424.01478
    -11041960.2954 4063360.17421
    -11041981.2235 4063288.38766
    -11042004.9345 4063179.02517
    -11042047.5699 4063127.03796
    -11042219.2245 4062874.9168
    -11042433.6259 4062441.12532
    -11042470.3613 4062337.69658
    -11042494.8516 4062180.66986
    -11042516.2249 4062088.42104
    -11042540.6039 4061919.27771
    -11042549.7321 4061663.95149
    -11042533.2568 4061588.94376
    -11042526.0211 4061556.62461
    -11042515.7797 4061510.03133
    -11042448.2087 4061353.01608
    -11042383.7547 4061137.69595
    -11042380.6378 4061103.89685
    -11042371.5096 4061094.60548
    -11042343.6797 4060968.56681
    -11042248.6129 4060811.4244
    -11042126.0501 4060580.49499
    -11042065.6036 4060395.6202
    -11042012.7269 4060296.78816
    -11041884.4868 4060056.17478
    -11041840.293 4059907.93147
    -11041819.2536 4059867.67318
    -11041778.7333 4059694.52376
    -11041765.375 4059561.63405
    -11041771.3862 4059360.75407
    -11041879.8114 4059027.26347
    -11041936.2504 4058888.4578
    -11042005.0458 4058688.2629
    -11042057.1434 4058499.24553
    -11042070.2791 4058415.23883
    -11042083.4148 4058307.67345
    -11042093.2109 4058231.3417
    -11042088.5355 4058094.29585
    -11042042.4492 4057942.17421
    -11041908.9771 4057747.78457
    -11041823.0385 4057667.5527
    -11041755.3562 4057621.37924
    -11041592.2732 4057559.72518
    -11041425.9618 4057513.41755
    -11041237.8319 4057485.01384
    -11041222.5811 4057482.72539
    -11040693.5909 4057402.76462
    -11040542.753 4057393.47628
    -11040095.5826 4057300.45873
    -11039979.5877 4057276.36314
    -11039785.4465 4057186.98104
    -11039470.4124 4057102.84944
    -11039436.7939 4057093.83057
    -11039425.2166 4057090.73454
    -11039413.7507 4057087.63852
    -11039382.0247 4057079.1581
    -11038901.0132 4056897.03253
    -11038836.4479 4056894.07116
    -11038692.4004 4056921.80036
    -11038538.7795 4056928.12693
    -11038350.9836 4056890.97519
    -11038270.7222 4056844.80489
    -11038180.776 4056761.48347
    -11038161.8517 4056724.60148
    -11038136.6935 4056693.77685
    -11038087.045 4056659.85639
    -11038059.3265 4056653.66457
    -11037734.1623 4056675.20134
    -11037476.6803 4056712.21777
    -11037326.5103 4056770.63668
    -11037262.0563 4056810.74937
    -11037222.0926 4056850.86221
    -11037185.1345 4056869.30339
    -11037020.159 4057023.29518
    -11036925.7601 4057141.21337
    -11036779.2637 4057355.91918
    -11036713.1399 4057482.99462
    -11036710.5795 4057494.57148
    -11036680.5233 4057636.99473
    -11036649.5765 4057686.12982
    -11036489.3877 4057762.86176
    -11036386.3059 4057935.44321
    -11036280.9976 4057987.81049
    -11036157.433 4058024.69658
    -11036123.0353 4058058.62113
    -11036110.3448 4058095.77669
    -11036109.2316 4058182.20425
    -11036099.6582 4058200.64759
    -11036000.1385 4058277.78689
    -11035941.3619 4058293.26866
    -11035685.7723 4058308.34658
    -11035479.2746 4058335.9446
    -11035150.4369 4058310.76981
    -11035012.4007 4058273.74817
    -11034917.5565 4058224.20666
    -11034811.0237 4058119.20092
    -11034744.7886 4057992.65683
    -11034709.5004 4057866.11416
    -11034710.9475 4057761.24635
    -11034732.9888 4057718.03409
    -11034736.6623 4057668.62963
    -11034814.9199 4057551.51364
    -11034898.6322 4057483.93692
    -11035049.9154 4057407.07226
    -11035102.4582 4057339.49639
    -11035220.5682 4057071.21612
    -11035236.2642 4057037.42914
    -11035274.6694 4056956.39464
    -11035324.9858 4056798.09636
    -11035322.2028 4056689.73869
    -11035310.6256 4056655.68364
    -11035301.4974 4056649.49182
    -11035301.8314 4056627.95509
    -11035231.1435 4056461.71985
    -11035166.2442 4056366.15251
    -11035088.7659 4056289.16082
    -11034860.0043 4056162.90634
    -11034727.0888 4056101.26021
    -11034591.947 4056085.78143
    -11034541.074 4056088.87718
    -11034462.8164 4056067.34151
    -11034277.3581 4055987.39072
    -11034145.1105 4055965.85525
    -11034101.6959 4055950.64585
    -11034099.6922 4055937.8592
    -11033985.5897 4055934.49429
    -11033904.8831 4055932.34075
    -11033887.072 4055950.64585
    -11033740.7982 4056018.21343
    -11033704.508 4056058.32347
    -11033650.0728 4056190.76835
    -11033560.9059 4056267.62477
    -11033442.9072 4056347.71214
    -11033191.3252 4056471.94964
    -11033075.8868 4056493.75527
    -11032921.7093 4056475.4493
    -11032796.8089 4056422.8198
    -11032698.5138 4056398.32227
    -11032681.2592 4056364.26809
    -11032694.7289 4056333.30983
    -11032832.6538 4056373.15178
    -11032944.6412 4056357.53803
    -11032976.4785 4056332.77143
    -11032986.386 4056308.00489
    -11032974.6974 4056283.2384
    -11032925.8282 4056261.83696
    -11032737.3643 4056258.87576
    -11032712.874 4056246.49257
    -11032726.121 4056209.34306
    -11032751.1679 4056193.99873
    -11032751.6132 4056163.17553
    -11032742.3736 4056154.02281
    -11032674.4688 4056166.27131
    -11032599.5507 4056206.51647
    -11032532.4251 4056280.81559
    -11032462.9617 4056321.19576
    -11032139.4673 4056368.03693
    -11032004.882 4056426.85787
    -11031966.9221 4056476.25692
    -11031935.4187 4056544.09685
    -11031898.3493 4056660.93322
    -11031789.2562 4056882.36031
    -11031689.6252 4057014.94941
    -11031525.095 4057172.03922
    -11031444.611 4057224.40298
    -11031339.7481 4057264.38266
    -11031235.1077 4057282.82452
    -11031112.3223 4057258.0559
    -11031026.7177 4057199.49988
    -11030965.7146 4057134.75207
    -11030969.0542 4057100.9649
    -11031005.9009 4057100.9649
    -11031018.3687 4057082.38873
    -11031015.4744 4057063.9472
    -11031015.5857 4057051.56312
    -11030878.1061 4056949.79884
    -11030755.5434 4056882.09109
    -11030620.6242 4056841.97815
    -11030528.4516 4056829.59431
    -11030411.5661 4056832.55566
    -11030269.8564 4056860.1501
    -11029958.6071 4056998.52713
    -11029838.6047 4057072.15839
    -11029809.1051 4057093.83057
    -11029779.6054 4057115.36818
    -11029732.8512 4057149.69384
    -11029654.5936 4057206.9035
    -11029599.3791 4057234.49884
    -11029467.4655 4057243.51783
    -11029071.7248 4057202.99977
    -11029007.1595 4057178.23133
    -11028866.1177 4057088.98461
    -11028743.4436 4057064.21642
    -11028608.413 4057014.94941
    -11028439.6527 4056910.22408
    -11028228.0343 4056860.55392
    -11028013.299 4056823.53701
    -11027933.5943 4056764.98322
    -11027654.405 4056610.99495
    -11027332.3577 4056334.11744
    -11027252.7643 4056217.28443
    -11027201.2234 4056088.06959
    -11027162.7068 4055863.29312
    -11027083.4473 4055770.96109
    -11026902.4418 4055690.74319
    -11026635.4977 4055628.96503
    -11026049.1779 4055453.0539
    -11025865.0555 4055422.09813
    -11025579.1871 4055433.94207
    -11025456.179 4055452.24636
    -11025449.9451 4055473.78086
    -11025372.8007 4055529.09778
    -11025301.8902 4055602.58492
    -11025175.5426 4055805.14808
    -11025077.2475 4056075.14819
    -11024976.0581 4056228.3216
    -11024957.6903 4056317.29233
    -11024874.7573 4056424.70423
    -11024834.9049 4056492.14004
    -11024785.813 4056556.48037
    -11024693.7518 4056608.43747
    -11024653.7881 4056617.72516
    -11024567.9608 4056611.39876
    -11023905.2759 4056419.58936
    -11023745.0871 4056396.97625
    -11023684.3067 4056388.49635
    -11023497.1786 4056335.86725
    -11023386.7497 4056283.5076
    -11023371.3876 4056261.97156
    -11023371.3876 4056243.53137
    -11023353.0199 4056225.0912
    -11023122.9225 4056298.17905
    -11022929.5605 4056319.31135
    -11022794.4187 4056392.8036
    -11022656.3825 4056484.46768
    -11022552.1875 4056538.71271
    -11022455.6735 4056393.47661
    -11022371.2933 4056284.8536
    -11022303.945 4056213.24644
    -11022242.8306 4056167.4827
    -11022151.6599 4056118.21959
    -11022071.9552 4056118.75798
    -11021953.066 4056202.20929
    -11021848.4256 4056272.73958
    -11021739.1099 4056376.65142
    -11021723.0799 4056400.7451
    -11021671.3163 4056384.3237
    -11021625.2301 4056384.3237
    -11021569.9043 4056411.78245
    -11021261.2153 4056576.40172
    -11021256.8739 4056589.05448
    -11020879.1668 4056950.60649
    -11020823.841 4057030.16024
    -11020823.841 4057082.38873
    -11020833.0806 4057103.92632
    -11020998.724 4057199.49988
    -11021096.9078 4057297.90109
    -11021118.5037 4057350.26543
    -11021130.7489 4057473.03314
    -11021146.111 4057513.01371
    -11021152.2335 4057592.84064
    -11021139.8771 4057629.59083
    -11021060.061 4057693.80299
    -11020949.4094 4057748.99613
    -11020838.8692 4057760.97711
    -11020802.0224 4057788.57381
    -11020699.9425 4057938.80871
    -11020701.5009 4058049.33225
    -11020695.4897 4058067.64076
    -11020655.9713 4058058.35188
    -11020577.491 4058116.6431
    -11020473.1847 4058134.95172
    -11020332.0315 4058199.30136
    -11020221.4913 4058266.74772
    -11020166.2768 4058334.19448
    -11020003.639 4058413.75794
    -11019848.4597 4058496.95688
    -11019705.9707 4058573.1558
    -11019598.5474 4058582.17584
    -11019312.9016 4058557.40439
    -11019202.3613 4058526.57477
    -11019033.4897 4058437.18283
    -11018833.8938 4058292.59554
    -11018707.8802 4058169.68433
    -11018542.1254 4058037.35096
    -11018505.2787 4057985.11808
    -11018480.6771 4057926.82754
    -11018480.5658 4057806.8819
    -11018422.2344 4057637.93705
    -11018391.5102 4057496.72531
    -11018373.0311 4057469.12933
    -11018373.0311 4057444.49492
    -11018342.307 4057352.28462
    -11018299.2263 4057257.11362
    -11018243.9005 4057051.42852
    -11018219.4102 4056993.00817
    -11018167.2014 4056922.33879
    -11018093.3966 4056857.72717
    -11018041.1877 4056793.25053
    -11018025.8256 4056750.17657
    -11018019.5918 4056676.54739
    -11018031.8369 4056569.13311
    -11018010.2409 4056523.09873
    -11017865.9709 4056304.90907
    -11017736.9516 4056157.52238
    -11017580.4364 4056037.59545
    -11017319.5035 4055908.24806
    -11017165.9939 4055852.79469
    -11017046.3254 4055837.31625
    -11016914.4118 4055837.04706
    -11016865.32 4055855.4866
    -11016816.1167 4055886.03976
    -11016641.1225 4056079.18613
    -11016503.0863 4056204.76668
    -11016438.6323 4056302.89006
    -11016429.5041 4056352.15398
    -11016395.7743 4056533.05937
    -11016405.0139 4056923.01183
    -11016423.4929 4056993.68121
    -11016420.4873 4057193.30776
    -11016392.88 4057282.28607
    -11016251.7269 4057423.36052
    -11016175.0278 4057475.32159
    -11016070.6101 4057524.32137
    -11015993.911 4057533.47519
    -11015487.4073 4057425.37973
    -11015352.2654 4057378.66881
    -11015330.2242 4057370.99585
    -11015319.2035 4055883.34785
    -11015368.9634 4054367.63353
    -11015402.3592 4052900.42861
    -11015402.1366 4051323.22323
    -11015402.0252 4050937.63374
    -11015403.8064 4048981.50016
    -11015403.1384 4048325.7643
    -11015401.9139 4047032.42783
    -11015403.8064 4045072.7978
    -11015400.6894 4043115.11878
    -11015401.9139 4041297.03793
    -11015401.9139 4041294.21505
    -11015401.9139 4041284.13334
    -11015401.9139 4041281.44488
    -11015402.0252 4041231.17089
    -11015402.0252 4041228.88571
    -11015402.0252 4041158.85201
    -11015402.0252 4041157.37337
    -11015402.1366 4041010.72071
    -11015402.3592 4040355.71314
    -11015402.3592 4040354.50344
    -11015403.3611 4037942.60504
    -11015403.3611 4037934.67643
    -11015403.8064 4036888.95424
    -11015403.8064 4036878.74205
    -11015404.1403 4035977.41868
    -11015404.2516 4035881.88903
    -11015404.2516 4035880.81416
    -11015404.2516 4035832.98246
    -11015404.2516 4035831.37016
    -11015404.2516 4035806.64824
    -11015404.2516 4035804.76723
    -11015404.2516 4035758.01071
    -11015404.2516 4035755.99535
    -11015404.2516 4035667.45409
    -11015404.029 4035664.76696
    -11015373.1935 4035480.02836
    -11015368.2954 4035450.73917
    -11015371.5237 4035392.56407
    -11015371.0784 4035298.5172
    -11015370.0766 4035121.84554
    -11015369.8539 4035072.53918
    -11015369.6313 4035022.69565
    -11015369.2973 4034962.37317
    -11015368.7407 4034909.44012
    -11015368.4068 4034879.8837
    -11015368.1841 4034850.59605
    -11015367.5162 4034790.67752
    -11015367.0709 4034743.79082
    -11015369.2973 4034735.32705
    -11015369.9652 4034732.90883
    -11015371.1897 4034728.34109
    -11015376.0878 4034709.93578
    -11015376.0878 4034690.32141
    -11015375.3086 4034627.04511
    -11015375.3086 4034554.76816
    -11015374.6407 4034464.35545
    -11015375.7538 4034314.83347
    -11015375.9765 4034269.69515
    -11015376.0878 4034256.52984
    -11015377.6463 4034179.68772
    -11015378.3142 4034100.56236
    -11015378.3142 4034043.33452
    -11015378.4255 4033967.97154
    -11015378.4255 4033932.64111
    -11015376.0878 4033897.17646
    -11015366.737 4033752.36361
    -11015383.1009 4033610.37358
    -11015404.6969 4033327.60778
    -11015404.6969 4032911.19587
    -11015404.8082 4031964.1169
    -11015404.8082 4031962.50515
    -11015404.9196 4031630.75738
    -11015404.9196 4031495.64345
    -11015404.9196 4030999.52311
    -11015404.9196 4030901.21488
    -11015404.9196 4030769.73565
    -11015404.9196 4030503.42436
    -11015405.0309 4030289.35918
    -11015405.0309 4030063.74904
    -11015405.0309 4029846.06634
    -11015405.0309 4029787.78556
    -11015405.0309 4029768.31393
    -11015405.0309 4029752.3338
    -11015405.0309 4029587.69943
    -11015405.0309 4029509.54593
    -11015405.1422 4029337.52955
    -11015405.1422 4028951.34143
    -11015405.1422 4028819.07903
    -11015405.2535 4028582.3533
    -11015405.2535 4028216.06249
    -11015405.3648 4027964.44578
    -11015405.3648 4027545.54446
    -11015405.4762 4027302.53504
    -11015405.4762 4026975.89019
    -11015405.4762 4026759.87743
    -11015405.6988 4025702.29286
    -11015405.6988 4025698.39993
    -11015405.6988 4025405.62832
    -11015405.6988 4025401.60125
    -11015405.6988 4025207.36406
    -11015405.6988 4025203.47129
    -11015405.8101 4025130.31442
    -11015405.8101 4025126.42168
    -11015405.8101 4024859.43672
    -11015405.8101 4024855.54408
    -11015405.8101 4024807.7586
    -11015405.8101 4024803.86598
    -11015405.8101 4024568.16312
    -11015405.8101 4024564.53902
    -11015405.9214 4024436.48841
    -11015405.9214 4024432.99858
    -11015405.9214 4024355.68573
    -11015405.9214 4024351.12213
    -11015406.2554 4022323.45805
    -11015406.2554 4022321.44506
    -11015406.2554 4022259.71353
    -11015406.2554 4022257.56635
    -11015406.2554 4022042.17964
    -11015406.2554 4022040.30089
    -11015406.2554 4021964.74877
    -11015406.2554 4021962.87004
    -11015406.2554 4021777.27968
    -11015406.2554 4021775.66937
    -11015406.2554 4021653.95702
    -11015406.2554 4021652.34673
    -11015406.3667 4021230.72487
    -11015406.3667 4021229.51719
    -11015406.3667 4021157.0567
    -11015406.3667 4021155.98322
    -11015406.3667 4021016.43099
    -11015406.3667 4021015.4917
    -11015406.478 4020828.30655
    -11015406.478 4020827.36728
    -11015406.478 4020797.57896
    -11015406.478 4020796.77387
    -11015406.5893 4019692.11155
    -11015406.812 4018382.4341
    -11015406.812 4018311.33319
    -11015406.9233 4017736.63941
    -11015406.9233 4017573.65378
    -11015407.0346 4015293.03779
    -11015407.0346 4014812.9096
    -11015407.0346 4013972.19735
    -11015407.0346 4013970.31994
    -11015407.1459 4013316.86284
    -11015407.1459 4013142.40831
    -11015407.1459 4011040.84925
    -11015407.1459 4011035.21844
    -11015407.2573 4010209.93216
    -11015407.2573 4009255.48423
    -11015407.2573 4009253.20545
    -11015407.2573 4008666.23279
    -11015407.3686 4007251.4025
    -11015407.3686 4006534.00182
    -11015937.806 4006559.73259
    -11016123.2642 4006559.06251
    -11016313.7319 4006558.52646
    -11016451.3228 4006561.7428
    -11017875.0991 4006557.45434
    -11018719.7913 4006554.90806
    -11019439.1379 4006552.76383
    -11019656.2109 4006552.09376
    -11020664.8768 4006542.44472
    -11022675.9747 4006556.24821
    -11023305.3751 4006558.39244
    -11024045.2045 4006561.07273
    -11024357.9009 4006558.9285
    -11024909.6003 4006555.04208
    -11025030.7159 4006554.23799
    -11025134.243 4006554.10398
    -11025180.9972 4006553.96996
    -11025227.8627 4006553.96996
    -11025237.1023 4006553.96996
    -11025246.2305 4006553.96996
    -11025686.1651 4006553.4339
    -11026116.081 4006551.02165
    -11026467.9619 4006549.01143
    -11026489.3352 4006548.87741
    -11026506.2558 4006548.7434
    -11026554.4571 4006548.47537
    -11026562.4721 4006548.47537
    -11026658.9861 4006548.87741
    -11026745.1474 4006549.27946
    -11026768.0792 4006549.27946
    -11027194.8781 4006550.35157
    -11027706.9478 4006551.42369
    -11027987.5842 4006554.10398
    -11028111.7055 4006555.44412
    -11028180.7236 4006548.20734
    -11028539.061 4006556.38222
    -11028722.5155 4006560.67069
    -11028725.1872 4006560.67069
    -11030286.6657 4006553.83595
    -11031133.2504 4006549.94953
    -11031371.5854 4006548.87741
    -11031591.1075 4006547.93931
    -11034581.8169 4006558.12441
    -11035920.2111 4006556.91828
    -11036373.5041 4006547.26924
    -11037712.7889 4006555.44412
    -11038713.7738 4006551.95975
    -11038727.6887 4006551.95975
    -11039929.4939 4006548.34136
    -11040710.8454 4006546.06311
    -11041569.564 4006545.12501
    -11042144.4178 4006555.71215
    -11042236.2564 4006558.79448
    -11042324.9781 4006546.46515
    -11044292.9953 4006556.51624
    -11044740.7223 4006561.07273
    -11045420.5505 4006558.79448
    -11047107.1521 4006552.62982
    -11047761.5993 4006546.8672
    -11048106.9124 4006531.99161
    -11048496.9759 4006541.90867
    -11050596.3502 4006519.93034
    -11050723.477 4006520.06435
    -11050914.7239 4006520.33238
    -11051790.363 4006521.94055
    -11051954.448 4006522.34259
    -11052436.7953 4006523.4147
    -11053111.5028 4006526.76506
    -11053818.8268 4006530.24943
    -11054292.9365 4006532.66168
    -11055102.5632 4006527.03308
    -11055617.6384 4006535.07394
    -11056146.8513 4006516.31196
    -11056451.1988 4006517.92013
    -11056564.6334 4006522.34259
    -11056575.4313 4006522.20858
    -11056933.4348 4006515.7759
    -11057041.1921 4006516.04393
    -11057253.0331 4006516.714
    -11058035.7204 4006518.99224
    -11058055.3127 4006519.12625
    -11058426.8971 4006521.67252
    -11058448.2705 4006521.80653
    -11058966.7966 4006525.55893
    -11059177.7471 4006527.1671
    -11059638.6098 4006524.88886
    -11059994.3869 4006523.14668
    -11060431.4272 4006521.27048
    -11060723.1956 4006519.93034
    -11060906.7614 4006520.19837
    -11062170.6829 4006521.80653
    -11062201.9637 4006521.80653
    -11062418.4801 4006512.69358
    -11062425.1593 4006512.55957
    -11062789.0627 4006517.51808
    -11062837.7093 4006518.18816
    -11062873.4429 4006518.72421
    -11062943.3515 4006518.5902
    -11062972.9625 4006518.5902
    -11062977.4153 4006518.5902
    -11063078.0481 4006518.45618
    -11063290.3344 4006518.32217
    -11063364.9184 4006518.05414
    -11063936.0987 4006517.6521
    -11065347.8525 4006516.714
    -11065483.3283 4006516.57999
    -11065886.1936 4006516.44597
    -11066028.2372 4006517.11604
    -11066543.5352 4006519.79632
    -11066674.7808 4006519.26027
    -11068216.1105 4006513.76569
    -11068234.5895 4006513.63168
    -11069160.9903 4006510.41534
    -11069161.4356 4006510.41534
    -11070168.7657 4006507.06499
    -11070517.7523 4006509.74527
    -11070787.4794 4006511.8895
    -11071777.8889 4006519.93034
    -11072857.1314 4006528.64126
    -11073212.9085 4006531.58957
    -11073244.7459 4006531.8576
    -11073578.7043 4006534.6719
    -11073578.1477 4006580.9069
    -11073576.7006 4006701.78888
    -11073574.4742 4006921.97961
    -11073574.3629 4006936.05159
    -11073572.5818 4007109.47341
    -11073572.3591 4007131.18483
    -11073571.9138 4007169.24692
    -11073547.3122 4009631.08753
    -11073540.5217 4010320.93212
    -11073533.5086 4010629.80722
    -11073512.024 4011580.74978
    -11073501.7826 4012031.11093
    -11073502.4505 4012152.85494
    -11073515.9201 4014387.78498
    -11073519.2597 4014949.30151
    -11073522.2653 4015485.36295
    -11073522.488 4015523.58696
    -11073530.6143 4015673.26535
    -11073528.1653 4015873.77844
    -11073528.054 4015881.42349
    -11073527.8313 4015902.34681
    -11073527.9426 4015949.42443
    -11073529.5011 4016232.69895
    -11073529.6124 4016245.57523
    -11073529.8351 4016281.65572
    -11073530.9483 4016489.95908
    -11073534.8445 4017258.68897
    -11073538.6293 4018044.77578
    -11073539.0746 4018130.36324
    -11073540.8557 4018624.04636
    -11073546.3104 4020374.91524
    -11073547.6462 4020930.95609
    -11073553.4348 4022453.63218
    -11073556.1065 4023259.93965
    -11073556.7744 4023482.73104
    -11073554.882 4024094.62448
    -11073544.7519 4026771.55732
    -11073544.9745 4026840.56289
    -11073546.9783 4027533.99804
    -11073547.3122 4027677.25504
    -11073547.5349 4027776.07254
    -11073544.7519 4028141.54362
    -11073554.6593 4028812.63379
    -11073550.3179 4029186.59773
    -11073547.9801 4029535.32847
    -11073547.0896 4029737.15941
    -11073549.2047 4031610.07383
    -11073550.3179 4033653.62863
    -11073550.3179 4033666.39025
    -11073550.0952 4033670.95757
    -11073550.2065 4033675.65922
    -11073550.3179 4033679.28621
    -11073551.8763 4035049.02805
    -11073551.8763 4035340.43514
    -11073551.8763 4035417.95686
    -11073551.8763 4035516.03536
    -11073551.9877 4035710.44824
    -11073552.2103 4036565.52813
    -11073552.8782 4037630.03374
    -11073556.8857 4038669.91075
    -11073540.1878 4040184.87703
    -11073539.0746 4040304.23354
END
END
