48507 Zavala County
1
    -11111567.5938 3386969.96234
    -11111566.8145 3386969.96234
    -11111553.9015 3386969.96234
    -11110771.2141 3386971.74576
    -11110768.3198 3386971.74576
    -11110767.7632 3386971.74576
    -11110668.6889 3386972.51009
    -11110662.6776 3386972.51009
    -11109930.418 3386980.28072
    -11109922.737 3386983.97495
    -11108957.0404 3386982.19153
    -11108955.5932 3386979.00684
    -11108555.177 3386989.58001
    -11108538.7017 3386989.96217
    -11107758.3521 3387010.34419
    -11107725.8468 3387011.23591
    -11107318.0835 3387012.12762
    -11106980.6741 3387012.76456
    -11106466.1555 3387009.83464
    -11106364.1868 3387009.1977
    -11106299.3989 3387008.81554
    -11106295.28 3387014.16582
    -11106289.2688 3387014.29321
    -11106150.8987 3387016.4588
    -11106066.6298 3387017.73268
    -11105931.0427 3387019.89828
    -11105924.9201 3387019.77089
    -11105906.8863 3387019.6435
    -11105904.7713 3387020.6626
    -11105871.0415 3387016.96836
    -11105865.6981 3387019.38872
    -11105862.0246 3387019.26133
    -11105841.6531 3387018.87917
    -11105766.6238 3387017.35052
    -11105720.6488 3387016.4588
    -11105710.5188 3387016.20403
    -11105698.3849 3387015.94925
    -11105609.1067 3387016.07664
    -11105519.6058 3387016.20403
    -11105454.5952 3387016.33142
    -11105377.0056 3387016.4588
    -11105312.4403 3387016.58619
    -11105265.9087 3387016.58619
    -11105107.1671 3387016.4588
    -11104889.8715 3387016.4588
    -11104853.47 3387016.07664
    -11104548.6772 3387008.1786
    -11104513.3889 3387007.41427
    -11104478.5459 3387006.64995
    -11104458.0632 3387006.1404
    -11104445.3727 3387005.75823
    -11104432.6823 3387005.24868
    -11104346.2984 3387002.44615
    -11104319.5817 3387001.42705
    -11104310.8988 3387001.04489
    -11104276.7237 3386999.8984
    -11104265.9257 3386999.51624
    -11104260.0258 3386999.26146
    -11104258.2447 3386998.11497
    -11104209.932 3386997.22326
    -11104202.251 3386994.67551
    -11104168.2985 3386994.93028
    -11104156.276 3386994.93028
    -11104077.1279 3386995.18506
    -11103876.1962 3387007.41427
    -11103865.3982 3387007.66905
    -11103754.19 3387012.89195
    -11103407.0958 3387027.41416
    -11103402.6431 3387027.54155
    -11103036.5133 3387010.59897
    -11103025.8266 3387009.45248
    -11102739.1789 3387009.57986
    -11102727.6017 3387009.45248
    -11102715.2452 3387009.45248
    -11102529.7869 3387008.56076
    -11102462.55 3387008.30599
    -11102066.3639 3387010.72635
    -11102065.2507 3387010.72635
    -11101035.5454 3387024.10207
    -11100096.7881 3387036.58609
    -11099515.923 3387043.84721
    -11098623.252 3387055.94908
    -11098621.4709 3387055.94908
    -11098250.8884 3387060.53506
    -11097896.2245 3387064.86626
    -11097879.3039 3387065.12103
    -11096838.6893 3387012.63717
    -11095979.9707 3387015.56709
    -11095797.4068 3387014.54799
    -11095360.3665 3387017.73268
    -11094370.0683 3387029.32498
    -11093711.1682 3387020.78999
    -11093696.808 3387020.40783
    -11093548.1965 3387038.36952
    -11093533.1683 3387040.15295
    -11092781.5391 3387045.24848
    -11092668.8838 3387050.21661
    -11092376.1135 3387048.56057
    -11092369.8797 3387048.56057
    -11091279.9505 3387048.1784
    -11090916.8263 3387047.41408
    -11090714.6701 3387047.41408
    -11090235.885 3387046.90452
    -11089699.3251 3387083.71973
    -11088589.0245 3387094.0382
    -11088538.0401 3387094.54776
    -11087571.8983 3387103.59235
    -11087104.1338 3387106.26751
    -11087001.9425 3387106.64967
    -11086895.6324 3387107.28662
    -11085865.7044 3387112.89172
    -11085572.0436 3387117.22294
    -11084796.3694 3387118.49683
    -11084774.9961 3387118.62422
    -11084387.0476 3387157.09569
    -11083886.3326 3387155.94918
    -11083876.7591 3387155.94918
    -11082667.0502 3387148.81539
    -11081979.9863 3387154.16574
    -11081908.0739 3387154.80268
    -11081525.5801 3387156.84091
    -11081513.8916 3387156.84091
    -11081342.2369 3387158.87914
    -11081085.6455 3387160.4078
    -11080740.6664 3387163.46515
    -11080640.5902 3387164.22948
    -11078765.4134 3387174.80279
    -11077798.4923 3387179.64359
    -11077245.5684 3387185.5035
    -11076325.4014 3387195.56727
    -11076268.4059 3387224.48473
    -11076265.7342 3387225.75863
    -11075132.8357 3387230.47205
    -11074525.0313 3387232.63768
    -11074512.6749 3387232.63768
    -11074287.3642 3387233.78419
    -11074284.0246 3387233.78419
    -11073314.3205 3387237.86067
    -11072673.5655 3387242.06453
    -11072410.5176 3387243.7206
    -11072237.6384 3387245.12189
    -11072093.257 3387246.01362
    -11071412.427 3387250.59967
    -11070949.4493 3387252.63791
    -11070165.9827 3387257.98829
    -11070108.9871 3387258.62524
    -11070015.0335 3387258.37046
    -11069896.8122 3387259.38958
    -11068523.9089 3387266.39604
    -11068231.0273 3387267.92473
    -11068087.5365 3387268.68907
    -11067488.5263 3387270.98209
    -11067238.6141 3387271.87383
    -11067033.5635 3387272.63817
    -11066976.568 3387268.43429
    -11066702.4994 3387276.07771
    -11066700.9409 3387270.47253
    -11066696.2655 3387253.52964
    -11066694.707 3387248.05186
    -11066694.707 3387212.12792
    -11066694.8183 3387154.93007
    -11066694.8183 3387131.10832
    -11066695.7089 3387104.73885
    -11066697.0447 3387069.07007
    -11066699.939 3386991.49082
    -11066699.939 3386975.44
    -11066700.4956 3386694.4264
    -11066700.7183 3386600.799
    -11066700.7183 3386570.60909
    -11066700.4956 3386565.00421
    -11066696.8221 3386458.00258
    -11066695.7089 3386422.33556
    -11066695.4863 3386390.4901
    -11066695.1523 3386294.95415
    -11066695.041 3386263.23637
    -11066694.8183 3386233.55675
    -11066694.4844 3386144.90044
    -11066694.3731 3386115.34846
    -11066694.1504 3386071.40276
    -11066693.7051 3385939.94869
    -11066693.7051 3385939.3118
    -11066693.2599 3385896.25833
    -11066692.258 3385810.27919
    -11066689.5863 3385552.34514
    -11066688.6958 3385466.36825
    -11066684.1317 3385028.34067
    -11066679.6789 3384586.25206
    -11066686.2467 3383714.60034
    -11066689.6976 3383276.75856
    -11066669.9941 3382592.89877
    -11066669.4375 3382571.75954
    -11066652.7396 3380611.94392
    -11066652.183 3380540.89639
    -11066647.1736 3379859.98001
    -11066647.1736 3379857.05168
    -11066644.6132 3379521.6994
    -11066637.1548 3378515.9485
    -11066636.9322 3378474.82893
    -11066635.5964 3378180.75773
    -11066635.2624 3378110.23255
    -11066634.2605 3377899.16845
    -11066634.0379 3377828.77207
    -11066633.036 3377622.93166
    -11066633.036 3377606.1285
    -11066624.0191 3377005.68433
    -11066621.0135 3376799.98408
    -11066619.2324 3376683.76996
    -11066618.5645 3376632.72772
    -11066613.4438 3376335.38832
    -11066611.5514 3376219.30559
    -11066609.6589 3376110.8608
    -11066606.9873 3375954.55932
    -11066608.991 3375785.65908
    -11066610.3268 3375677.34514
    -11066610.2155 3375674.1632
    -11066610.2155 3375664.61736
    -11066610.2155 3375661.43542
    -11066609.9929 3375646.79848
    -11066609.6589 3375603.01506
    -11066609.5476 3375588.50547
    -11066608.8797 3375513.28496
    -11066607.0986 3375287.75327
    -11066606.542 3375212.66175
    -11066606.0967 3375165.69795
    -11066604.9835 3375024.80755
    -11066604.6496 3374977.84442
    -11066603.3137 3374815.82927
    -11066599.4175 3374329.92306
    -11066598.193 3374168.04315
    -11066598.193 3374164.09799
    -11066597.9704 3374140.29978
    -11066597.3025 3374057.07002
    -11066597.0798 3374029.45415
    -11066596.5232 3373965.44154
    -11066594.9648 3373773.78736
    -11066594.5195 3373709.90325
    -11066592.5157 3373460.35098
    -11066586.6158 3372711.72254
    -11066584.7234 3372462.18919
    -11066584.1668 3372402.25608
    -11066582.7196 3372222.71288
    -11066582.3857 3372169.90652
    -11066582.3857 3372162.90811
    -11066581.3838 3372038.3369
    -11066578.3782 3371664.7576
    -11066577.3763 3371540.31835
    -11066576.597 3371453.16068
    -11066574.5933 3371191.81836
    -11066573.9254 3371104.79023
    -11066573.1461 3371034.04849
    -11066570.9197 3370821.82554
    -11066570.2518 3370751.21255
    -11066570.1405 3370746.50503
    -11066570.0292 3370732.38248
    -11066570.0292 3370727.8022
    -11066566.5783 3370295.60881
    -11066556.5595 3368999.11372
    -11066553.2199 3368567.10424
    -11066553.2199 3368563.6696
    -11066553.1086 3368557.30914
    -11066552.7747 3368528.3055
    -11066552.7747 3368518.63763
    -11066550.5483 3368177.08665
    -11066544.2031 3367152.4868
    -11066542.088 3366811.09841
    -11066541.3088 3366723.46325
    -11066539.0824 3366460.94282
    -11066538.4145 3366373.43717
    -11066538.4145 3366370.51185
    -11066537.8579 3366304.50145
    -11066536.1881 3366097.69643
    -11066535.6315 3366028.88933
    -11066535.0749 3365968.09518
    -11066533.5164 3365785.71443
    -11066533.0711 3365725.04859
    -11066532.7372 3365688.92902
    -11066531.8466 3365580.5709
    -11066531.624 3365544.45172
    -11066530.6221 3365421.21485
    -11066527.6165 3365051.63833
    -11066526.6146 3364928.53324
    -11066526.058 3364869.0159
    -11066524.6108 3364690.84702
    -11066524.1656 3364631.45792
    -11066524.0542 3364629.8047
    -11066524.0542 3364624.84502
    -11066524.0542 3364623.1918
    -11066523.1637 3364515.09677
    -11066520.492 3364191.07133
    -11066519.6015 3364083.10701
    -11066517.8203 3364042.03248
    -11066512.477 3363918.80965
    -11066510.6959 3363877.86279
    -11066514.0355 3363867.944
    -11066524.4995 3363838.18769
    -11066528.0617 3363828.3961
    -11066528.507 3363819.62182
    -11066530.2881 3363793.29903
    -11066530.956 3363784.65194
    -11066529.7315 3363729.84477
    -11066526.3919 3363565.67896
    -11066525.2788 3363510.99987
    -11066520.2694 3363272.83055
    -11066505.3526 3362558.47552
    -11066500.7885 3362335.70842
    -11066500.6771 3362320.45054
    -11066500.0092 3362225.47061
    -11066498.3394 3361940.53494
    -11066497.7828 3361845.68489
    -11066497.3376 3361779.31569
    -11066496.0017 3361580.59153
    -11066495.6678 3361514.3508
    -11066494.2206 3361286.51576
    -11066489.8792 3360603.03422
    -11066488.432 3360375.34203
    -11066487.0962 3360174.35068
    -11066484.6471 3359777.71638
    -11066488.098 3359571.77635
    -11066491.6603 3359371.05147
    -11066491.8829 3359358.8479
    -11066491.4376 3359306.85575
    -11066490.2131 3359114.6518
    -11066489.8792 3359050.58444
    -11066489.7678 3359039.65234
    -11066488.9886 3358935.67075
    -11066486.7622 3358590.93567
    -11066486.0943 3358477.4242
    -11066486.0943 3358476.15308
    -11066485.3151 3358367.85415
    -11066483.0887 3358043.2169
    -11066482.4207 3357935.04862
    -11066482.4207 3357932.50648
    -11066478.6359 3357357.10692
    -11066467.3926 3355623.68761
    -11066463.7191 3355045.97403
    -11066463.4964 3355026.40389
    -11066463.1625 3354967.94778
    -11066463.0512 3354948.50483
    -11066462.0493 3354815.20065
    -11066459.3776 3354415.42326
    -11066458.5984 3354282.25153
    -11066456.4833 3353957.46046
    -11066450.2494 3352983.13507
    -11066448.2457 3352658.37589
    -11066447.2438 3352537.92732
    -11066444.2382 3352176.84232
    -11066443.5702 3352084.22217
    -11066443.3476 3352056.52519
    -11066441.1212 3351714.63739
    -11066434.6647 3350689.40811
    -11066432.5496 3350347.68266
    -11066432.4383 3350344.37978
    -11066432.4383 3350334.47114
    -11066432.4383 3350331.2953
    -11066431.4364 3350178.98279
    -11066428.4308 3349722.05576
    -11066427.5402 3349569.75025
    -11066427.4289 3349556.03141
    -11066427.3176 3349535.70723
    -11066427.095 3349515.38307
    -11066427.095 3349501.79131
    -11066426.761 3349454.4108
    -11066425.8704 3349312.27028
    -11066425.6478 3349267.68497
    -11066425.6478 3349264.89045
    -11066425.5365 3349248.75848
    -11066425.2025 3349200.36269
    -11066425.0912 3349184.35782
    -11066424.4233 3349089.47222
    -11066423.5327 3349009.95683
    -11066417.8554 3348487.14867
    -11066415.963 3348312.88387
    -11066415.7404 3348296.88007
    -11066415.4064 3348263.34837
    -11066415.2951 3348249.24984
    -11066415.2951 3348233.37314
    -11066413.514 3347930.19523
    -11066408.5046 3347020.95715
    -11066407.0575 3346745.2388
    -11066406.8348 3346717.93398
    -11066406.7235 3346712.98102
    -11066406.7235 3346698.50314
    -11066406.7235 3346693.67719
    -11066406.6122 3346688.59724
    -11066406.6122 3346673.3574
    -11066406.6122 3346668.40445
    -11066406.3895 3346631.32092
    -11066406.2782 3346621.16107
    -11066405.499 3346479.43194
    -11066405.2763 3346432.18923
    -11066398.2632 3345126.09668
    -11066391.6954 3343897.20458
    -11066294.8474 3341211.00276
    -11066247.9819 3339910.5016
    -11066247.7593 3339906.56665
    -11066247.4253 3339900.09303
    -11066246.7574 3339880.67218
    -11066246.5347 3339874.3255
    -11066238.2971 3339667.29854
    -11066238.1858 3339666.66389
    -11066238.1858 3339664.25219
    -11066234.9575 3339582.50855
    -11066284.606 3339556.48777
    -11066277.8155 3339547.98343
    -11066276.3684 3339522.59738
    -11066267.5741 3339434.12736
    -11066277.9268 3339389.19446
    -11066281.0438 3339353.27363
    -11066264.6798 3339308.21408
    -11066257.3327 3339218.34928
    -11066255.1063 3339197.53323
    -11066253.3252 3339160.0898
    -11066246.8687 3339113.50779
    -11066237.4066 3339068.95675
    -11066235.4028 3339053.34489
    -11066234.5122 3339036.59071
    -11066233.399 3338896.84646
    -11066233.6217 3338849.12306
    -11066240.9688 3338790.73828
    -11066244.3084 3338762.68829
    -11066243.3065 3338597.43571
    -11066243.7518 3338487.77615
    -11066240.5235 3338474.70337
    -11066221.7105 3338382.81351
    -11066213.0276 3338328.23834
    -11066207.6842 3338208.80835
    -11066200.2258 3338105.24399
    -11066196.107 3338002.18811
    -11066189.0939 3337984.41993
    -11066187.5354 3337982.77003
    -11066186.7562 3337971.09382
    -11066200.0032 3337964.87497
    -11066199.1126 3337899.00611
    -11066195.6617 3337617.51243
    -11066194.5485 3337523.72484
    -11066190.3184 3337218.88799
    -11066177.9619 3336304.80014
    -11066173.8431 3336000.11816
    -11066173.8431 3335999.48368
    -11066173.8431 3335997.58024
    -11066173.8431 3335996.94575
    -11066171.7281 3335811.29752
    -11066165.3828 3335254.3684
    -11066163.3791 3335068.85743
    -11066161.7093 3334930.04312
    -11066157.0339 3334513.73577
    -11066155.5867 3334375.05414
    -11066153.0264 3334147.30473
    -11066145.3453 3333464.46055
    -11066144.1208 3333350.02224
    -11066143.3416 3333236.85362
    -11066142.451 3333094.25237
    -11066139.7794 3332666.58468
    -11066139.0001 3332524.11642
    -11066138.8888 3332510.54205
    -11066138.5548 3332469.81903
    -11066138.5548 3332456.24471
    -11066137.8869 3332351.07598
    -11066135.9945 3332035.82848
    -11066135.4379 3331930.78993
    -11066135.2153 3331908.84357
    -11066134.77 3331843.13158
    -11066134.77 3331825.49849
    -11066134.77 3331821.31222
    -11066134.2134 3331734.92315
    -11066132.9889 3331510.64401
    -11066133.5455 3331476.01301
    -11066135.1039 3331392.29008
    -11066135.1039 3331389.75303
    -11066135.7719 3331350.42882
    -11066137.9982 3331232.58372
    -11066138.6662 3331203.53487
    -11066138.8888 3331193.38682
    -11066138.8888 3331190.08871
    -11066140.7812 3331088.98917
    -11066146.7925 3330775.92797
    -11066148.9076 3330671.66044
    -11066151.5792 3330532.76518
    -11066159.7055 3330116.0881
    -11066161.7093 3330017.02616
    -11066161.598 3329977.19864
    -11066532.0692 3329970.34934
    -11066826.5093 3329973.1398
    -11067424.4063 3329979.10123
    -11068200.5258 3329986.20422
    -11069417.9157 3329998.1271
    -11069524.5598 3329999.26865
    -11070016.3693 3330004.46906
    -11071186.4485 3330015.50409
    -11071269.3815 3330016.39196
    -11071372.9086 3330017.40668
    -11071779.5587 3330021.46554
    -11072441.1305 3330031.73954
    -11072620.5775 3330038.08152
    -11072998.6185 3330042.90142
    -11074164.8014 3330058.37587
    -11074216.3424 3330059.26375
    -11074270.8889 3330060.27847
    -11074315.0828 3330061.03951
    -11075506.424 3330083.23649
    -11075531.0256 3330083.23649
    -11075556.963 3330083.23649
    -11075552.5102 3330074.86505
    -11075571.1006 3330067.63518
    -11075705.3519 3330072.07457
    -11075862.535 3330072.58193
    -11076282.0982 3330073.85033
    -11076324.6222 3330070.17197
    -11076326.7373 3330070.17197
    -11076423.0286 3330070.80618
    -11076432.6021 3330070.93302
    -11076442.3982 3330056.72695
    -11076456.4245 3330048.73605
    -11076473.0111 3330050.5118
    -11076495.7203 3330065.22522
    -11076511.7503 3330072.45509
    -11076518.5408 3330073.08929
    -11076536.9085 3330074.86505
    -11076557.7252 3330074.73821
    -11076590.2305 3330077.14817
    -11076672.273 3330077.14817
    -11076687.969 3330069.41094
    -11076723.2573 3330067.88886
    -11077761.2002 3330124.07905
    -11077765.8757 3330129.15267
    -11078201.1349 3330158.96021
    -11079268.3548 3330231.76701
    -11079373.2178 3330230.62543
    -11079411.623 3330230.24491
    -11080275.5736 3330231.00596
    -11080983.4542 3330229.35702
    -11081431.4038 3330227.83492
    -11081711.929 3330226.94703
    -11083041.6403 3330222.88811
    -11083823.9937 3330220.35128
    -11084032.1611 3330222.88811
    -11084126.894 3330224.15652
    -11085027.8026 3330235.57225
    -11085344.7292 3330239.12381
    -11085885.9646 3330246.86115
    -11086070.8663 3330249.52482
    -11086335.3614 3330252.1885
    -11086400.9286 3330253.07639
    -11087147.9937 3330255.2327
    -11088867.1006 3330261.44794
    -11088890.7003 3330261.57478
    -11089491.1576 3330263.73109
    -11089505.7405 3330263.73109
    -11090085.3811 3330269.05845
    -11090240.2265 3330279.84001
    -11091516.9497 3330300.26157
    -11092663.2065 3330320.04895
    -11092958.7598 3330329.1816
    -11093177.3912 3330337.80688
    -11093403.2585 3330347.44692
    -11093573.6886 3330355.438
    -11093842.1912 3330354.93063
    -11094386.9888 3330349.98377
    -11095299.4747 3330342.11953
    -11095876.8889 3330337.68004
    -11096360.3494 3330335.14319
    -11096655.9027 3330337.42636
    -11096985.965 3330338.4411
    -11097090.16 3330338.4411
    -11097239.2168 3330340.09005
    -11098431.6712 3330350.61798
    -11098846.8929 3330354.04273
    -11100368.9643 3330366.60016
    -11104060.3186 3330395.26665
    -11104650.5346 3330389.93924
    -11104856.5869 3330389.30503
    -11104978.2591 3330389.05134
    -11105142.4554 3330391.96873
    -11105458.1575 3330390.95398
    -11105811.9308 3330389.8124
    -11105920.5786 3330389.55871
    -11106003.8456 3330389.17818
    -11106335.1324 3330388.29028
    -11106936.4803 3330389.55871
    -11107539.9433 3330390.95398
    -11107546.8451 3330390.95398
    -11107553.8582 3330390.82714
    -11107562.7638 3330390.95398
    -11107571.6693 3330390.95398
    -11107665.9569 3330391.08083
    -11108480.1477 3330392.85663
    -11109447.6254 3330395.1398
    -11110862.9414 3330398.31088
    -11111040.496 3330399.07194
    -11111279.3876 3330400.21352
    -11111290.9648 3330400.34037
    -11111302.5421 3330400.34037
    -11111312.7834 3330400.59405
    -11111323.0248 3330400.7209
    -11111551.5638 3330404.90672
    -11112742.237 3330405.79462
    -11113098.0141 3330407.69727
    -11114078.1822 3330407.57042
    -11114699.2337 3330407.57042
    -11115048.3316 3330407.69727
    -11115445.8535 3330407.31674
    -11115701.2204 3330406.80937
    -11115731.8333 3330406.68252
    -11116495.2623 3330405.92146
    -11117915.1424 3330404.52619
    -11118065.9804 3330404.39935
    -11118071.2124 3330404.39935
    -11118935.3856 3330450.06294
    -11118935.9422 3330454.12193
    -11119712.3956 3330514.88014
    -11119716.5144 3330515.26068
    -11119716.0692 3330519.31969
    -11119714.2881 3330529.72092
    -11122071.367 3330744.21635
    -11122072.0349 3330744.3432
    -11122269.9609 3330762.35539
    -11122304.8039 3330762.22854
    -11122395.5293 3330761.34062
    -11122695.2014 3330757.02784
    -11122820.8811 3330755.12514
    -11124057.7519 3330736.60557
    -11124377.1276 3330731.65857
    -11124818.2867 3330724.68203
    -11126989.4621 3330766.66817
    -11127520.79 3330776.94275
    -11127728.7348 3330781.00184
    -11127914.9723 3330784.68039
    -11128347.3372 3330793.05228
    -11128658.4752 3330797.99931
    -11128714.0236 3330798.88723
    -11130078.5779 3330820.95861
    -11131915.6835 3330848.3576
    -11131986.594 3330830.85268
    -11132000.0637 3330830.59899
    -11132320.1072 3330833.51647
    -11132839.0787 3330837.95613
    -11133077.525 3330839.73199
    -11133976.4299 3330847.08913
    -11134192.9463 3330848.86499
    -11135189.701 3330857.11007
    -11135527.333 3330859.39333
    -11136570.2853 3330868.27265
    -11137338.6125 3330874.61503
    -11137680.3633 3330877.40567
    -11139190.6348 3330889.7099
    -11142123.5695 3330913.81099
    -11142910.9322 3330920.28023
    -11144166.3934 3330930.55493
    -11144308.9937 3330931.69656
    -11144439.5715 3330932.83819
    -11144592.6358 3330935.37516
    -11144627.9241 3330935.12146
    -11144676.9046 3330935.62885
    -11144676.9046 3330969.8779
    -11144676.4593 3331126.91726
    -11144676.2367 3331218.37642
    -11144676.0141 3331294.74085
    -11144677.1273 3331308.31398
    -11144676.682 3331311.99268
    -11144675.9028 3331319.47694
    -11144675.4575 3331465.23048
    -11144675.3462 3331497.19753
    -11144674.7896 3331723.63299
    -11144674.7896 3331736.44542
    -11144651.5238 3333031.07188
    -11144637.0522 3333832.52215
    -11144637.0522 3333842.41847
    -11144635.6051 3334092.11257
    -11144631.7089 3334816.86104
    -11144626.2543 3335825.89042
    -11144607.3299 3339328.14181
    -11144606.1054 3339551.28362
    -11144605.7715 3339617.28761
    -11144605.4375 3339683.29193
    -11144604.9922 3339765.92472
    -11144604.9922 3339767.32097
    -11144604.213 3339922.56032
    -11144602.5432 3340234.94852
    -11144602.5432 3340247.51529
    -11144597.4225 3341194.75364
    -11144589.9641 3342573.46044
    -11144587.849 3342953.45519
    -11144581.3925 3343897.20458
    -11144580.5019 3343963.86506
    -11144576.8284 3344241.43018
    -11144571.0398 3344683.56558
    -11144565.2512 3345112.6364
    -11144565.2512 3345118.47766
    -11144565.4738 3345242.79529
    -11144563.2474 3345438.60745
    -11144586.4019 3345567.37267
    -11144561.355 3345603.5643
    -11144543.0986 3347179.58352
    -11144544.2118 3347197.87203
    -11144560.1305 3347471.94871
    -11144560.0192 3347498.87407
    -11144559.9078 3347517.29002
    -11144552.8947 3348698.75901
    -11144551.8928 3348868.20214
    -11144544.5458 3350105.6854
    -11144544.4344 3350124.61311
    -11144543.2099 3350334.21708
    -11144541.0948 3350712.90999
    -11144538.7571 3351122.99291
    -11144533.7478 3351961.3649
    -11144533.7478 3351983.59855
    -11144527.5139 3353040.69299
    -11144524.6196 3353538.39518
    -11144522.8385 3353849.96094
    -11144520.5007 3354258.23502
    -11144519.1649 3354468.15862
    -11144518.8309 3354533.60159
    -11144515.4914 3355102.39721
    -11144511.8178 3355745.94347
    -11144510.8159 3355894.50748
    -11144508.1443 3356370.20311
    -11144503.9141 3357102.39861
    -11144501.3538 3357539.24417
    -11144501.2425 3357549.79371
    -11144486.8823 3359451.26478
    -11144480.9823 3359777.71638
    -11144476.6409 3361488.41402
    -11144476.6409 3361505.19664
    -11144474.4145 3362508.88663
    -11144467.29 3363035.42846
    -11144462.1693 3364254.52781
    -11144462.1693 3364262.53937
    -11144458.0505 3365229.81209
    -11144457.3826 3365421.85075
    -11144457.0486 3365489.00135
    -11144448.0318 3366283.76992
    -11144446.9186 3366384.50253
    -11144446.9186 3366386.28317
    -11144450.0355 3367030.50685
    -11144446.2506 3367917.84455
    -11144446.2506 3367922.80547
    -11144445.1374 3368161.44039
    -11144444.4695 3368312.56112
    -11144443.9129 3368460.50338
    -11144443.6903 3368509.47861
    -11144437.7904 3369910.50172
    -11144435.8979 3370376.39749
    -11144435.7866 3370395.99041
    -11144431.4451 3371433.9479
    -11144431.3338 3371447.43501
    -11144430.9999 3371542.4814
    -11144413.4114 3375677.21787
    -11144403.0587 3377388.45318
    -11144401.3889 3377656.66533
    -11144388.1419 3379851.95895
    -11144386.0268 3380207.94577
    -11144385.2476 3380253.27239
    -11144385.9155 3380297.32595
    -11144385.8042 3380346.98186
    -11144385.6928 3380402.36753
    -11144385.8042 3380410.13428
    -11144385.6928 3380493.1496
    -11144385.3589 3380513.13957
    -11144385.3589 3380539.75046
    -11144385.3589 3380547.89926
    -11144385.3589 3380556.43004
    -11144378.1231 3382185.65617
    -11144361.5365 3384307.07268
    -11144358.5309 3384524.22583
    -11144358.0856 3384560.65188
    -11144356.0819 3384929.75783
    -11144356.0819 3384934.08832
    -11144358.3082 3385080.43449
    -11144358.3082 3385135.45802
    -11144354.746 3385830.78675
    -11144352.4083 3386295.59106
    -11144351.2951 3386530.10121
    -11144351.1838 3386537.99896
    -11144351.1838 3386546.15148
    -11144350.9612 3386591.62738
    -11144350.7385 3386636.97604
    -11144315.2276 3386637.23081
    -11144188.3234 3386639.26896
    -11144143.3503 3386639.39634
    -11143582.8567 3386643.34525
    -11142866.6271 3386648.44062
    -11142708.1081 3386649.45969
    -11142696.7535 3386649.58707
    -11141209.1912 3386660.28735
    -11140718.3835 3386664.87319
    -11140252.7341 3386669.58641
    -11139624.6695 3386675.4461
    -11139512.5708 3386675.06395
    -11139388.3383 3386676.97471
    -11139336.686 3386677.22948
    -11139045.3629 3386679.77717
    -11138670.8841 3386681.68794
    -11138652.6277 3386681.81532
    -11137952.8734 3386690.22271
    -11137714.8724 3386691.62394
    -11136772.6642 3386697.22886
    -11136230.8722 3386700.2861
    -11136059.5515 3386701.30518
    -11136057.6591 3386701.30518
    -11136039.7367 3386701.55994
    -11135821.2165 3386702.96118
    -11135766.6699 3386703.21595
    -11135547.3705 3386704.36241
    -11135275.0831 3386706.1458
    -11132525.9369 3386722.70583
    -11132316.6563 3386723.72491
    -11132088.1174 3386725.38091
    -11132078.0986 3386725.76307
    -11132067.8572 3386725.76307
    -11132059.2856 3386727.67384
    -11132050.8253 3386729.712
    -11131917.6872 3386743.72436
    -11131910.2288 3386743.72436
    -11131906.8892 3386743.72436
    -11131850.4503 3386745.88991
    -11131549.2197 3386756.84504
    -11131466.0641 3386760.02967
    -11131238.0817 3386768.30972
    -11131158.377 3386771.1122
    -11131139.8979 3386776.58977
    -11130926.4985 3386784.36029
    -11130826.6449 3386788.05447
    -11130824.8638 3386789.07355
    -11130816.8488 3386794.04159
    -11130755.0665 3386793.53205
    -11130691.837 3386795.44283
    -11130422.7778 3386803.97768
    -11130405.3006 3386803.46813
    -11130324.26 3386804.10506
    -11129058.5574 3386805.50631
    -11129041.5255 3386805.50631
    -11128630.0887 3386811.11128
    -11127993.6752 3386820.15568
    -11127964.7321 3386820.28306
    -11127797.085 3386821.17476
    -11127602.6098 3386826.2702
    -11126824.2639 3386831.87518
    -11126677.5448 3386836.84324
    -11126659.1771 3386837.09801
    -11126647.8225 3386837.35278
    -11126237.3876 3386843.08516
    -11125107.0495 3386849.96401
    -11124215.3803 3386832.00257
    -11124163.3941 3386830.85609
    -11123129.4587 3386810.09219
    -11123086.2667 3386802.32166
    -11123025.041 3386832.89427
    -11123005.0035 3386843.97686
    -11122975.1699 3386844.99595
    -11122925.9667 3386846.52458
    -11122919.9554 3386846.77935
    -11122908.1556 3386847.2889
    -11122423.4705 3386850.60094
    -11122408.4424 3386850.72833
    -11122403.3217 3386850.72833
    -11122397.5331 3386847.41628
    -11122320.7226 3386851.74741
    -11122265.7308 3386850.72833
    -11122260.8327 3386848.30799
    -11120504.3225 3386886.90605
    -11120503.2093 3386882.95707
    -11120501.5395 3386882.95707
    -11120500.2037 3386882.95707
    -11120497.7546 3386882.95707
    -11119915.7763 3386895.31357
    -11119909.0972 3386896.84221
    -11119905.7576 3386896.71482
    -11119895.0709 3386896.33266
    -11119892.6219 3386896.20527
    -11119889.3936 3386896.07789
    -11119868.1316 3386895.44095
    -11119835.0697 3386894.29447
    -11119403.0388 3386907.54269
    -11118974.904 3386926.39594
    -11118970.3399 3386921.9374
    -11118573.0406 3386922.82911
    -11117391.0503 3386924.8673
    -11117355.2054 3386932.00097
    -11117298.6551 3386934.80348
    -11117291.7533 3386935.18564
    -11117290.9741 3386935.31303
    -11117281.2893 3386936.5869
    -11117280.6213 3386936.5869
    -11117066.9992 3386941.4276
    -11117063.6597 3386947.54219
    -11117063.3257 3386948.17912
    -11116681.3885 3386953.91154
    -11116672.2603 3386960.66307
    -11116630.8495 3386955.94974
    -11116626.508 3386959.38919
    -11116610.5893 3386959.38919
    -11115872.9864 3386956.71406
    -11115871.9845 3386956.58667
    -11115781.3704 3386950.85425
    -11115778.8101 3386950.85425
    -11115612.9441 3386954.29371
    -11115610.6063 3386951.10903
    -11115598.6952 3386951.10903
    -11114265.6443 3386949.58038
    -11114261.6368 3386955.3128
    -11113737.9899 3386954.16632
    -11113720.7353 3386954.16632
    -11113703.3695 3386954.03893
    -11113639.1382 3386953.91154
    -11112535.8507 3386961.17262
    -11112509.2453 3386961.42739
    -11112509.134 3386963.46559
    -11112504.236 3386963.59297
    -11112495.3304 3386963.72036
    -11112468.2798 3386964.22991
    -11111969.1232 3386971.3636
    -11111964.7817 3386967.66937
    -11111568.8183 3386973.01964
    -11111567.5938 3386969.96234
END
END
