34003 Bergen County
1
    -74.248939 41.06382
    -74.246542 41.068545
    -74.244865 41.071852
    -74.244803 41.071984
    -74.241364 41.078499
    -74.240546 41.080048
    -74.23809 41.084878
    -74.237133 41.086716
    -74.237019 41.086935
    -74.236228 41.088456
    -74.232883 41.094999
    -74.229712 41.101203
    -74.229413 41.101788
    -74.228797 41.102995
    -74.226917 41.106677
    -74.226711 41.10708
    -74.220282 41.119676
    -74.213291 41.133995
    -74.21328 41.13399
    -74.213273 41.133987
    -74.213118 41.133923
    -74.213105 41.133918
    -74.206791 41.131295
    -74.195395 41.126831
    -74.19479 41.126595
    -74.191324 41.125123
    -74.19079 41.124895
    -74.18559 41.122895
    -74.184907 41.122566
    -74.184198 41.122225
    -74.183612 41.121943
    -74.182958 41.121628
    -74.18289 41.121595
    -74.18239 41.121595
    -74.176622 41.11904
    -74.167489 41.114995
    -74.162758 41.112827
    -74.16275 41.112823
    -74.162689 41.112795
    -74.162651 41.112795
    -74.162489 41.112795
    -74.162089 41.112595
    -74.161798 41.112499
    -74.161189 41.112296
    -74.15909 41.111396
    -74.158968 41.111335
    -74.158374 41.111038
    -74.158335 41.111019
    -74.158289 41.110996
    -74.158202 41.110963
    -74.157029 41.11051
    -74.156989 41.110495
    -74.156183 41.110048
    -74.156089 41.109996
    -74.155178 41.109632
    -74.155145 41.109618
    -74.155089 41.109595
    -74.154589 41.109396
    -74.153689 41.108996
    -74.153331 41.108852
    -74.153254 41.108821
    -74.153188 41.108795
    -74.152656 41.108597
    -74.152559 41.108561
    -74.152073 41.108383
    -74.152015 41.108323
    -74.151988 41.108295
    -74.151799 41.108217
    -74.151774 41.108207
    -74.150308 41.107604
    -74.150289 41.107596
    -74.150272 41.107587
    -74.150002 41.107444
    -74.14996 41.107426
    -74.149888 41.107395
    -74.148388 41.106795
    -74.147728 41.10649
    -74.147611 41.106436
    -74.147368 41.106324
    -74.147189 41.106242
    -74.147154 41.106226
    -74.147089 41.106196
    -74.147083 41.106194
    -74.146488 41.105995
    -74.145888 41.105595
    -74.145597 41.105475
    -74.145563 41.105461
    -74.143608 41.104653
    -74.142413 41.104238
    -74.142288 41.104195
    -74.134097 41.100385
    -74.129424 41.098213
    -74.129388 41.098196
    -74.127236 41.09712
    -74.127188 41.097096
    -74.127181 41.097093
    -74.120809 41.09439
    -74.112378 41.090734
    -74.112287 41.090696
    -74.103787 41.086896
    -74.098214 41.084353
    -74.098191 41.084343
    -74.098086 41.084296
    -74.096889 41.083837
    -74.096879 41.083833
    -74.096786 41.083796
    -74.096374 41.083621
    -74.095812 41.083382
    -74.09551 41.083247
    -74.095452 41.083221
    -74.09423 41.082675
    -74.094163 41.082645
    -74.093066 41.082155
    -74.092642 41.081965
    -74.092487 41.081896
    -74.092442 41.081876
    -74.091241 41.081347
    -74.090503 41.081023
    -74.086759 41.079373
    -74.086239 41.079144
    -74.084311 41.078295
    -74.084075 41.078191
    -74.08378 41.078061
    -74.083757 41.078051
    -74.081713 41.077151
    -74.081689 41.077141
    -74.081658 41.077127
    -74.081652 41.077124
    -74.081586 41.077096
    -74.080042 41.076407
    -74.079022 41.075952
    -74.075086 41.074196
    -74.074854 41.074103
    -74.073852 41.073703
    -74.073586 41.073597
    -74.073548 41.073581
    -74.072427 41.073102
    -74.071915 41.072883
    -74.067947 41.070823
    -74.067921 41.070811
    -74.061786 41.068088
    -74.06173 41.068063
    -74.061365 41.067901
    -74.059545 41.067236
    -74.059537 41.067233
    -74.058885 41.066996
    -74.058676 41.066902
    -74.058221 41.066697
    -74.057243 41.066258
    -74.056837 41.066074
    -74.056709 41.066017
    -74.052063 41.063931
    -74.052006 41.063905
    -74.051985 41.063896
    -74.051244 41.063618
    -74.051185 41.063596
    -74.050852 41.063458
    -74.045885 41.061397
    -74.04455 41.060708
    -74.044496 41.06068
    -74.043157 41.059989
    -74.042784 41.059796
    -74.041053 41.059087
    -74.041013 41.059071
    -74.041009 41.059069
    -74.041003 41.059067
    -74.040963 41.059051
    -74.040958 41.059049
    -74.040951 41.059046
    -74.040584 41.058896
    -74.037474 41.057483
    -74.037285 41.057397
    -74.037155 41.057338
    -74.036738 41.057152
    -74.03672 41.057144
    -74.034598 41.056194
    -74.033599 41.055748
    -74.033516 41.055711
    -74.033484 41.055697
    -74.033376 41.05565
    -74.033311 41.055621
    -74.033303 41.055618
    -74.03327 41.055604
    -74.032265 41.055173
    -74.03188 41.055009
    -74.031872 41.055006
    -74.031856 41.054999
    -74.031836 41.05499
    -74.031384 41.054796
    -74.029284 41.053796
    -74.025823 41.052339
    -74.025795 41.052327
    -74.025484 41.052196
    -74.025391 41.052159
    -74.024984 41.051996
    -74.024556 41.051813
    -74.024548 41.05181
    -74.024535 41.051804
    -74.024284 41.051696
    -74.023672 41.051424
    -74.023384 41.051296
    -74.022506 41.050859
    -74.022483 41.050847
    -74.022384 41.050796
    -74.019384 41.049497
    -74.018319 41.048967
    -74.01828 41.048947
    -74.018183 41.048896
    -74.017327 41.048534
    -74.015744 41.047864
    -74.015583 41.047796
    -74.014717 41.04742
    -74.014588 41.047364
    -74.014563 41.047353
    -74.014422 41.047291
    -74.01349 41.046886
    -74.013478 41.046881
    -74.013283 41.046796
    -74.012583 41.046396
    -74.011985 41.04613
    -74.011683 41.045996
    -74.004898 41.043022
    -74.004383 41.042796
    -73.999781 41.040835
    -73.99929 41.040639
    -73.99376 41.038218
    -73.993482 41.038096
    -73.992873 41.037769
    -73.992725 41.03769
    -73.992677 41.037664
    -73.992645 41.037647
    -73.992377 41.0375
    -73.992104 41.037379
    -73.977289 41.0308
    -73.977282 41.030797
    -73.976541 41.030453
    -73.976207 41.030298
    -73.975158 41.02981
    -73.974488 41.0295
    -73.974482 41.029497
    -73.972579 41.02866
    -73.966982 41.026197
    -73.966547 41.026023
    -73.966482 41.025997
    -73.965982 41.025797
    -73.965482 41.025597
    -73.964782 41.025297
    -73.963581 41.024697
    -73.959181 41.022597
    -73.959057 41.022546
    -73.959047 41.022542
    -73.958912 41.022486
    -73.958553 41.022339
    -73.955281 41.020997
    -73.955028 41.020881
    -73.954864 41.020806
    -73.95485 41.020799
    -73.954817 41.020784
    -73.954693 41.020727
    -73.95297 41.019936
    -73.952881 41.019897
    -73.952628 41.019745
    -73.952621 41.019741
    -73.952381 41.019597
    -73.9519 41.019391
    -73.951882 41.019383
    -73.951681 41.019297
    -73.950457 41.018723
    -73.95044 41.018715
    -73.950181 41.018597
    -73.949326 41.018217
    -73.949243 41.01818
    -73.948381 41.017797
    -73.946922 41.017159
    -73.946907 41.017152
    -73.946781 41.017097
    -73.945619 41.01656
    -73.945481 41.016497
    -73.945153 41.016366
    -73.944981 41.016297
    -73.944537 41.016075
    -73.944471 41.016042
    -73.944381 41.015997
    -73.94143 41.014614
    -73.941424 41.014611
    -73.941181 41.014497
    -73.938881 41.013597
    -73.938747 41.013517
    -73.938381 41.013297
    -73.937019 41.012724
    -73.936481 41.012497
    -73.934263 41.01145
    -73.934072 41.01136
    -73.934045 41.011347
    -73.932881 41.010797
    -73.93198 41.010497
    -73.93108 41.009997
    -73.93028 41.009597
    -73.929533 41.009317
    -73.929521 41.009313
    -73.92948 41.009297
    -73.928133 41.00872
    -73.92808 41.008697
    -73.92786 41.008587
    -73.92568 41.007497
    -73.925356 41.00737
    -73.92338 41.006597
    -73.923242 41.006522
    -73.923221 41.006511
    -73.92208 41.005897
    -73.92027 41.005231
    -73.920181 41.005198
    -73.920155 41.005186
    -73.920145 41.005181
    -73.920108 41.005164
    -73.919915 41.005073
    -73.91188 41.001297
    -73.911681 41.001181
    -73.911618 41.001144
    -73.911334 41.000978
    -73.907054 40.998476
    -73.90501 40.997591
    -73.903295 40.997382
    -73.902679 40.997307
    -73.902572 40.997305
    -73.893979 40.997205
    -73.896479 40.981701
    -73.89708 40.979895
    -73.897086 40.979876
    -73.897089 40.979867
    -73.897102 40.979828
    -73.89712 40.979774
    -73.897146 40.979696
    -73.897184 40.979582
    -73.897242 40.979408
    -73.897336 40.979126
    -73.897504 40.978622
    -73.897867 40.977532
    -73.898231 40.976441
    -73.898319 40.976178
    -73.89878 40.974798
    -73.903187 40.962717
    -73.903992 40.96051
    -73.904064 40.960312
    -73.904122 40.960155
    -73.904317 40.959621
    -73.904532 40.959031
    -73.904874 40.958093
    -73.904876 40.958088
    -73.906088 40.954766
    -73.907257 40.951562
    -73.90728 40.951498
    -73.907789 40.949939
    -73.907938 40.949483
    -73.907976 40.949368
    -73.908005 40.949279
    -73.908283 40.948429
    -73.908289 40.948412
    -73.909235 40.945516
    -73.909241 40.945498
    -73.910539 40.941528
    -73.910581 40.941398
    -73.912281 40.935499
    -73.913952 40.930131
    -73.915581 40.924898
    -73.917681 40.919499
    -73.917737 40.919014
    -73.917905 40.917577
    -73.918128 40.917532
    -73.918352 40.917488
    -73.918405 40.917477
    -73.918494 40.917134
    -73.918795 40.915971
    -73.919097 40.914806
    -73.919898 40.913604
    -73.920087 40.913128
    -73.920967 40.911012
    -73.922467 40.907236
    -73.923307 40.905062
    -73.923842 40.903675
    -73.924235 40.902736
    -73.924953 40.901018
    -73.925665 40.899151
    -73.925922 40.898477
    -73.926549 40.896879
    -73.927119 40.895496
    -73.927242 40.895198
    -73.928294 40.892562
    -73.929187 40.890308
    -73.929428 40.889692
    -73.929455 40.889622
    -73.929821 40.888682
    -73.931729 40.885578
    -73.933652 40.882463
    -73.933808 40.882214
    -73.938171 40.875116
    -73.938385 40.874775
    -73.938556 40.874503
    -73.939006 40.873815
    -73.939562 40.872912
    -73.940205 40.871833
    -73.941128 40.870374
    -73.941856 40.869135
    -73.942864 40.867539
    -73.943111 40.867132
    -73.943207 40.866974
    -73.943886 40.865854
    -73.945299 40.863542
    -73.945914 40.862545
    -73.947765 40.85955
    -73.948385 40.858471
    -73.951755 40.852121
    -73.952044 40.851599
    -73.952172 40.851368
    -73.953482 40.849
    -73.953982 40.848
    -73.955534 40.844436
    -73.957621 40.839647
    -73.958382 40.8379
    -73.958608 40.837381
    -73.959915 40.834384
    -73.961198 40.831447
    -73.96145 40.830869
    -73.962349 40.828808
    -73.963182 40.8269
    -73.963657 40.826298
    -73.965092 40.824483
    -73.965138 40.824425
    -73.965706 40.823706
    -73.965986 40.823352
    -73.966151 40.823144
    -73.966596 40.822581
    -73.96729 40.821704
    -73.967983 40.820826
    -73.968081 40.820701
    -73.970112 40.817743
    -73.970621 40.817002
    -73.97113 40.81626
    -73.971573 40.815617
    -73.974882 40.8108
    -73.977021 40.807969
    -73.978761 40.805667
    -73.979886 40.804181
    -73.98058 40.803261
    -73.982512 40.800705
    -73.984407 40.798198
    -73.984889 40.797562
    -73.984923 40.797517
    -73.992214 40.800623
    -73.992387 40.800697
    -73.993342 40.801034
    -73.993509 40.801092
    -73.993485 40.801236
    -73.99348 40.801475
    -73.99347 40.801911
    -73.993473 40.802002
    -73.993493 40.802551
    -73.993505 40.802877
    -73.993505 40.80289
    -73.993515 40.803029
    -73.993505 40.803162
    -73.993374 40.803798
    -73.993284 40.804534
    -73.993099 40.805607
    -73.993083 40.8057
    -73.993176 40.805751
    -73.993492 40.805923
    -73.993754 40.806066
    -73.994183 40.8063
    -73.994412 40.806453
    -73.994783 40.8067
    -73.994949 40.806774
    -73.995053 40.80682
    -73.995221 40.806895
    -73.995683 40.8071
    -73.995723 40.80712
    -73.996483 40.8075
    -73.997219 40.807983
    -73.997278 40.808022
    -73.997348 40.808066
    -73.997825 40.808364
    -73.997883 40.8084
    -73.997983 40.80846
    -73.998 40.80847
    -73.998383 40.8087
    -73.998531 40.808774
    -73.999183 40.8091
    -73.999272 40.809138
    -73.999583 40.809271
    -73.999583 40.809378
    -73.999968 40.809592
    -73.999983 40.8096
    -74.00033 40.809773
    -74.000564 40.809891
    -74.00058 40.8099
    -74.000873 40.810045
    -74.000899 40.810058
    -74.000984 40.8101
    -74.002485 40.810757
    -74.002583 40.8108
    -74.004083 40.8116
    -74.004156 40.81164
    -74.005048 40.812126
    -74.005183 40.8122
    -74.00578 40.812498
    -74.005983 40.8126
    -74.006683 40.8129
    -74.006712 40.812914
    -74.007483 40.8133
    -74.007501 40.813312
    -74.008044 40.813674
    -74.008076 40.813697
    -74.008733 40.81396
    -74.008842 40.814041
    -74.009561 40.814576
    -74.011192 40.815329
    -74.012583 40.8159
    -74.012638 40.816112
    -74.01267 40.816233
    -74.012698 40.816343
    -74.012727 40.816453
    -74.01307 40.817766
    -74.013157 40.818078
    -74.013183 40.8182
    -74.013079 40.818222
    -74.011783 40.8185
    -74.010983 40.8205
    -74.011025 40.820549
    -74.011046 40.820573
    -74.012375 40.821785
    -74.012488 40.821879
    -74.012544 40.821926
    -74.012613 40.821984
    -74.012729 40.822083
    -74.012908 40.822238
    -74.012929 40.822256
    -74.013021 40.822336
    -74.01309 40.822396
    -74.013205 40.822496
    -74.0134 40.822664
    -74.013452 40.82271
    -74.013469 40.822722
    -74.013547 40.822816
    -74.013625 40.822909
    -74.013724 40.822954
    -74.013746 40.822965
    -74.013798 40.82299
    -74.013907 40.823041
    -74.014102 40.823026
    -74.014338 40.823057
    -74.014736 40.822971
    -74.015134 40.822794
    -74.015267 40.822818
    -74.015329 40.822839
    -74.016441 40.823497
    -74.016528 40.823515
    -74.016796 40.823569
    -74.017204 40.823541
    -74.017776 40.823326
    -74.018559 40.822786
    -74.018889 40.822209
    -74.019051 40.821385
    -74.019061 40.821332
    -74.019256 40.821037
    -74.019704 40.820912
    -74.020321 40.820808
    -74.020442 40.82063
    -74.020344 40.820507
    -74.020301 40.820454
    -74.019929 40.819909
    -74.019917 40.819533
    -74.019953 40.819488
    -74.02004 40.81938
    -74.020126 40.819271
    -74.020553 40.818736
    -74.020581 40.818701
    -74.020627 40.818695
    -74.020942 40.818658
    -74.021002 40.818651
    -74.021615 40.818578
    -74.022088 40.818522
    -74.022172 40.818518
    -74.022851 40.818486
    -74.023224 40.818385
    -74.023293 40.818097
    -74.023094 40.817304
    -74.023098 40.817046
    -74.023192 40.816882
    -74.023192 40.816811
    -74.023581 40.816484
    -74.024092 40.816444
    -74.024638 40.816402
    -74.025057 40.81637
    -74.025116 40.816365
    -74.025161 40.816335
    -74.025274 40.81616
    -74.025281 40.815902
    -74.02512 40.815669
    -74.024922 40.81559
    -74.02469 40.815497
    -74.024678 40.815492
    -74.024663 40.815486
    -74.0246 40.815455
    -74.024438 40.815405
    -74.024299 40.815301
    -74.024166 40.815172
    -74.024093 40.815078
    -74.024078 40.814949
    -74.024161 40.814845
    -74.024176 40.814842
    -74.024338 40.814804
    -74.024358 40.814799
    -74.024423 40.814839
    -74.024399 40.814758
    -74.024395 40.814744
    -74.02439 40.814727
    -74.024382 40.814701
    -74.02474 40.814869
    -74.025229 40.815216
    -74.026079 40.816033
    -74.026166 40.816103
    -74.026256 40.816174
    -74.026571 40.816294
    -74.02662 40.816313
    -74.027031 40.816469
    -74.027041 40.816473
    -74.027102 40.816494
    -74.027421 40.816608
    -74.027643 40.81662
    -74.027854 40.81661
    -74.027928 40.816606
    -74.028207 40.816514
    -74.028573 40.816449
    -74.028795 40.816268
    -74.028869 40.816036
    -74.028827 40.815662
    -74.028795 40.815185
    -74.028782 40.8148
    -74.028767 40.814468
    -74.028738 40.813882
    -74.02873 40.813729
    -74.028724 40.813611
    -74.028686 40.812837
    -74.028684 40.8128
    -74.028863 40.812805
    -74.028936 40.812807
    -74.028958 40.812808
    -74.029014 40.81281
    -74.029143 40.812814
    -74.029277 40.812818
    -74.029603 40.812827
    -74.030174 40.812844
    -74.031026 40.812869
    -74.031879 40.812894
    -74.031982 40.812897
    -74.032084 40.8129
    -74.032123 40.812857
    -74.032938 40.811454
    -74.034343 40.8095
    -74.035542 40.808442
    -74.0361 40.808001
    -74.036148 40.807963
    -74.036284 40.807957
    -74.036647 40.80794
    -74.036684 40.8079
    -74.036959 40.807893
    -74.040106 40.807818
    -74.04331 40.807746
    -74.044144 40.807722
    -74.044977 40.807702
    -74.045085 40.8077
    -74.048259 40.807317
    -74.049502 40.807166
    -74.050746 40.807015
    -74.051699 40.807007
    -74.054469 40.806984
    -74.054848 40.806905
    -74.054931 40.806888
    -74.055656 40.806738
    -74.057735 40.806307
    -74.058453 40.806158
    -74.059169 40.80601
    -74.060622 40.805709
    -74.060652 40.805705
    -74.060685 40.8057
    -74.060715 40.805691
    -74.060743 40.805683
    -74.060772 40.805675
    -74.061494 40.805469
    -74.061546 40.805454
    -74.06197 40.805334
    -74.062196 40.805169
    -74.062487 40.804956
    -74.065135 40.80302
    -74.065999 40.802145
    -74.066177 40.801965
    -74.066145 40.801704
    -74.066482 40.801474
    -74.067042 40.80105
    -74.067194 40.800935
    -74.067383 40.800599
    -74.067658 40.800177
    -74.06779 40.799924
    -74.068189 40.79926
    -74.06855 40.798658
    -74.068585 40.7986
    -74.069332 40.798238
    -74.070082 40.797879
    -74.070837 40.797513
    -74.071399 40.797241
    -74.071484 40.797231
    -74.073451 40.796994
    -74.073579 40.796978
    -74.073707 40.796963
    -74.073863 40.796944
    -74.074087 40.796903
    -74.074472 40.796834
    -74.07478 40.796779
    -74.076778 40.796419
    -74.077 40.796379
    -74.077131 40.796142
    -74.077764 40.795002
    -74.07778 40.793492
    -74.07778 40.793464
    -74.077783 40.793209
    -74.077787 40.792796
    -74.079086 40.791239
    -74.08044 40.789616
    -74.081427 40.788433
    -74.081769 40.788023
    -74.081794 40.787994
    -74.083246 40.786429
    -74.083351 40.786316
    -74.083387 40.786278
    -74.083401 40.786263
    -74.085529 40.784006
    -74.085825 40.783692
    -74.08666 40.782807
    -74.087226 40.782206
    -74.087657 40.781749
    -74.08846 40.780897
    -74.089263 40.780046
    -74.089368 40.779889
    -74.08982 40.779211
    -74.089993 40.778814
    -74.090086 40.7786
    -74.090138 40.778432
    -74.09019 40.778264
    -74.090198 40.778209
    -74.090403 40.776775
    -74.090389 40.776618
    -74.090316 40.775819
    -74.089978 40.774561
    -74.089958 40.77449
    -74.089939 40.774419
    -74.08979 40.77387
    -74.089642 40.77332
    -74.089435 40.772554
    -74.089228 40.771788
    -74.089222 40.771733
    -74.088996 40.770767
    -74.088668 40.76953
    -74.088386 40.768566
    -74.088151 40.767762
    -74.088077 40.767542
    -74.08817 40.767334
    -74.088186 40.767298
    -74.08823 40.767199
    -74.088576 40.766608
    -74.089798 40.763683
    -74.090694 40.762114
    -74.091032 40.762322
    -74.09137 40.76253
    -74.091486 40.762601
    -74.09186 40.762713
    -74.092089 40.762782
    -74.092566 40.762925
    -74.093247 40.76313
    -74.093486 40.763201
    -74.093721 40.762881
    -74.093734 40.762868
    -74.093896 40.762654
    -74.093929 40.76261
    -74.094086 40.762401
    -74.0941 40.7624
    -74.094548 40.762368
    -74.094812 40.762349
    -74.095097 40.762329
    -74.095149 40.762325
    -74.095396 40.762307
    -74.095486 40.762301
    -74.095609 40.762404
    -74.095845 40.762601
    -74.095917 40.76266
    -74.096002 40.762731
    -74.096086 40.762801
    -74.096094 40.76282
    -74.096562 40.763912
    -74.096649 40.764114
    -74.09669 40.764211
    -74.096775 40.764408
    -74.097145 40.76527
    -74.097221 40.765448
    -74.097286 40.765601
    -74.097803 40.766205
    -74.097917 40.766338
    -74.098369 40.766865
    -74.098474 40.766988
    -74.098514 40.767035
    -74.098618 40.767156
    -74.098986 40.767585
    -74.099066 40.767678
    -74.099082 40.767696
    -74.099086 40.767701
    -74.099047 40.767772
    -74.098979 40.767898
    -74.098878 40.768083
    -74.098812 40.768204
    -74.098606 40.768581
    -74.098544 40.768695
    -74.09848 40.768813
    -74.09846 40.76885
    -74.09842 40.768922
    -74.0984 40.768959
    -74.098327 40.769093
    -74.09827 40.769198
    -74.098231 40.76927
    -74.09815 40.769419
    -74.098096 40.769518
    -74.097975 40.769738
    -74.097923 40.769834
    -74.097886 40.769901
    -74.097914 40.769963
    -74.097929 40.769997
    -74.098473 40.771222
    -74.098508 40.7713
    -74.098624 40.77156
    -74.098655 40.77163
    -74.098686 40.771699
    -74.098716 40.771767
    -74.098751 40.771847
    -74.098781 40.771914
    -74.099086 40.7726
    -74.100003 40.773267
    -74.10014 40.773366
    -74.100186 40.7734
    -74.100215 40.773554
    -74.100256 40.773775
    -74.100282 40.77392
    -74.100333 40.774209
    -74.100349 40.774296
    -74.100452 40.774861
    -74.100586 40.7756
    -74.100824 40.775838
    -74.100886 40.7759
    -74.101351 40.775837
    -74.101484 40.775816
    -74.101563 40.775804
    -74.1016 40.7758
    -74.10161 40.775799
    -74.101633 40.775796
    -74.102161 40.775726
    -74.102514 40.775678
    -74.103086 40.7756
    -74.104686 40.7767
    -74.105334 40.776814
    -74.106386 40.777
    -74.107486 40.777142
    -74.108879 40.777322
    -74.108996 40.777337
    -74.109487 40.7774
    -74.109865 40.777238
    -74.109989 40.777185
    -74.110291 40.777056
    -74.11071 40.776876
    -74.110887 40.7768
    -74.112697 40.775895
    -74.112887 40.7758
    -74.112995 40.775512
    -74.113026 40.775429
    -74.113111 40.775203
    -74.113129 40.775155
    -74.113137 40.775134
    -74.113187 40.775
    -74.113782 40.774575
    -74.113887 40.7745
    -74.113878 40.774389
    -74.113874 40.774337
    -74.113872 40.774316
    -74.113788 40.773315
    -74.113787 40.7733
    -74.114987 40.7733
    -74.114987 40.7723
    -74.116087 40.7721
    -74.115787 40.7711
    -74.116787 40.7707
    -74.118187 40.7701
    -74.120087 40.7703
    -74.120844 40.771057
    -74.120987 40.7712
    -74.123089 40.771756
    -74.123455 40.771853
    -74.123702 40.771918
    -74.12387 40.771963
    -74.124105 40.772025
    -74.124126 40.772031
    -74.124193 40.772049
    -74.124203 40.772051
    -74.124387 40.7721
    -74.124651 40.772052
    -74.127193 40.771574
    -74.127293 40.772008
    -74.127327 40.772124
    -74.127404 40.772236
    -74.127518 40.772336
    -74.127853 40.772568
    -74.128928 40.77318
    -74.129364 40.773428
    -74.129443 40.773473
    -74.129545 40.773554
    -74.129627 40.773647
    -74.129681 40.77374
    -74.129716 40.773837
    -74.129731 40.773937
    -74.129726 40.774027
    -74.129705 40.774115
    -74.129468 40.774745
    -74.129434 40.7749
    -74.129425 40.775034
    -74.12943 40.775125
    -74.129625 40.776203
    -74.129684 40.77653
    -74.129733 40.776703
    -74.129802 40.776871
    -74.12989 40.777035
    -74.129996 40.777192
    -74.13012 40.777341
    -74.13029 40.777506
    -74.130307 40.777522
    -74.13045 40.777637
    -74.130588 40.777732
    -74.130771 40.77784
    -74.131295 40.778101
    -74.131418 40.778162
    -74.131449 40.778177
    -74.132194 40.778549
    -74.132997 40.778948
    -74.133786 40.77934
    -74.134549 40.77972
    -74.13535 40.780119
    -74.135606 40.780246
    -74.136191 40.780553
    -74.136978 40.780965
    -74.137725 40.781357
    -74.137733 40.781361
    -74.137861 40.781428
    -74.138448 40.781736
    -74.138507 40.781767
    -74.138714 40.781879
    -74.139266 40.782175
    -74.139346 40.782218
    -74.140406 40.782788
    -74.141208 40.783219
    -74.141272 40.783254
    -74.141678 40.783472
    -74.142041 40.783667
    -74.142388 40.783853
    -74.142762 40.784055
    -74.14313 40.784253
    -74.143499 40.784451
    -74.143862 40.784646
    -74.144253 40.784844
    -74.144573 40.785024
    -74.144597 40.785038
    -74.144957 40.785229
    -74.145309 40.785415
    -74.145343 40.785433
    -74.14558 40.785558
    -74.14599 40.785776
    -74.146292 40.78598
    -74.146489 40.786089
    -74.1467 40.786182
    -74.146762 40.786203
    -74.14683 40.786227
    -74.147122 40.786329
    -74.147244 40.786376
    -74.147333 40.786411
    -74.147464 40.786465
    -74.147529 40.786491
    -74.147518 40.786508
    -74.147396 40.786696
    -74.14739 40.786706
    -74.146776 40.787656
    -74.146022 40.78882
    -74.145388 40.7898
    -74.145387 40.7898
    -74.145154 40.790066
    -74.144397 40.790881
    -74.144301 40.790985
    -74.142959 40.792449
    -74.142838 40.792581
    -74.142087 40.7934
    -74.141024 40.794896
    -74.140902 40.795067
    -74.1395 40.797039
    -74.139387 40.7972
    -74.138708 40.798266
    -74.138627 40.798429
    -74.138616 40.79845
    -74.138572 40.798538
    -74.138487 40.7987
    -74.138447 40.799272
    -74.138503 40.799777
    -74.138575 40.799996
    -74.138578 40.800006
    -74.138632 40.800169
    -74.138794 40.80072
    -74.138929 40.801024
    -74.13898 40.80114
    -74.139024 40.801253
    -74.139254 40.801646
    -74.139455 40.802138
    -74.139624 40.802733
    -74.139825 40.803147
    -74.13992 40.803561
    -74.139984 40.803923
    -74.140015 40.80444
    -74.139882 40.805282
    -74.139887 40.805284
    -74.139967 40.805313
    -74.13994 40.805472
    -74.139936 40.805505
    -74.139923 40.80555
    -74.139842 40.805729
    -74.139418 40.806398
    -74.139019 40.807032
    -74.138997 40.807067
    -74.138965 40.807117
    -74.13892 40.807188
    -74.138787 40.8074
    -74.138777 40.807723
    -74.138774 40.807867
    -74.138727 40.809449
    -74.138696 40.810952
    -74.138695 40.811011
    -74.138679 40.811083
    -74.138642 40.811253
    -74.138588 40.811495
    -74.138394 40.812373
    -74.138201 40.813251
    -74.137705 40.815449
    -74.137692 40.815506
    -74.137604 40.815895
    -74.137516 40.816284
    -74.137287 40.8173
    -74.136487 40.8182
    -74.135187 40.8186
    -74.135073 40.81863
    -74.134959 40.81866
    -74.134949 40.818663
    -74.134011 40.818911
    -74.133063 40.819162
    -74.132978 40.819184
    -74.13161 40.819545
    -74.131002 40.819706
    -74.130395 40.819866
    -74.130278 40.819897
    -74.130154 40.81993
    -74.130031 40.819962
    -74.129804 40.820021
    -74.129762 40.820032
    -74.12844 40.820374
    -74.127075 40.820726
    -74.126809 40.820794
    -74.126787 40.8208
    -74.126716 40.820828
    -74.126708 40.820831
    -74.126265 40.821005
    -74.125071 40.821706
    -74.124996 40.821762
    -74.124447 40.822169
    -74.12431 40.822375
    -74.124187 40.8226
    -74.124176 40.822629
    -74.124072 40.822892
    -74.124034 40.822989
    -74.12401 40.823046
    -74.123986 40.823102
    -74.122931 40.825592
    -74.122606 40.826343
    -74.12134 40.830219
    -74.121312 40.830305
    -74.1212 40.830652
    -74.121087 40.831
    -74.121187 40.8326
    -74.121853 40.834098
    -74.121904 40.834207
    -74.122018 40.834451
    -74.122787 40.836199
    -74.122959 40.836544
    -74.123326 40.837278
    -74.123987 40.838599
    -74.124051 40.839433
    -74.124061 40.83956
    -74.124074 40.83973
    -74.124077 40.839768
    -74.124087 40.839899
    -74.123952 40.840102
    -74.123912 40.840162
    -74.123816 40.840306
    -74.123629 40.840586
    -74.123442 40.840866
    -74.123227 40.841189
    -74.123047 40.841458
    -74.122985 40.84155
    -74.12298 40.841558
    -74.122378 40.842592
    -74.122362 40.842619
    -74.12199 40.843258
    -74.121902 40.843848
    -74.121765 40.844758
    -74.121628 40.84567
    -74.121551 40.846189
    -74.121404 40.847184
    -74.121387 40.847299
    -74.121295 40.847445
    -74.121062 40.847818
    -74.120982 40.847945
    -74.120888 40.848124
    -74.120793 40.848303
    -74.120717 40.848446
    -74.12065 40.848571
    -74.120262 40.849294
    -74.119984 40.849899
    -74.11988 40.850124
    -74.119777 40.850349
    -74.119595 40.850745
    -74.119291 40.851674
    -74.119304 40.851803
    -74.119462 40.85335
    -74.119487 40.853599
    -74.119576 40.853956
    -74.119579 40.85397
    -74.119636 40.854195
    -74.119655 40.854276
    -74.119657 40.854285
    -74.119684 40.854392
    -74.120069 40.855067
    -74.119861 40.856321
    -74.119412 40.857804
    -74.118826 40.859327
    -74.118716 40.859381
    -74.118389 40.859441
    -74.118085 40.859497
    -74.118068 40.8595
    -74.118061 40.859502
    -74.118012 40.859511
    -74.11794 40.859524
    -74.117249 40.859652
    -74.116413 40.859806
    -74.116011 40.85988
    -74.116 40.859878
    -74.115992 40.859877
    -74.115964 40.859874
    -74.115782 40.859848
    -74.115586 40.85982
    -74.115209 40.859766
    -74.114856 40.859716
    -74.114502 40.859665
    -74.11399 40.859592
    -74.113916 40.859581
    -74.113782 40.859478
    -74.113446 40.85922
    -74.113216 40.859044
    -74.112987 40.858867
    -74.112849 40.85876
    -74.112735 40.858673
    -74.11271 40.858654
    -74.112615 40.858581
    -74.112584 40.858422
    -74.112577 40.85839
    -74.112315 40.857081
    -74.112306 40.857064
    -74.112268 40.856987
    -74.111726 40.855903
    -74.111715 40.855881
    -74.111046 40.855466
    -74.110163 40.85527
    -74.10995 40.855316
    -74.109517 40.855408
    -74.109451 40.855423
    -74.10944 40.855425
    -74.109164 40.855574
    -74.108996 40.855699
    -74.108629 40.855973
    -74.107907 40.856702
    -74.107836 40.856759
    -74.107408 40.857101
    -74.107286 40.857199
    -74.106838 40.859082
    -74.106786 40.859299
    -74.106839 40.859901
    -74.106839 40.859909
    -74.106839 40.859914
    -74.106839 40.859919
    -74.106839 40.859925
    -74.10684 40.85993
    -74.107006 40.861766
    -74.107029 40.862032
    -74.107046 40.862233
    -74.107086 40.862699
    -74.107167 40.86282
    -74.107248 40.862942
    -74.107338 40.863077
    -74.107385 40.863148
    -74.107415 40.863192
    -74.10743 40.863215
    -74.107686 40.863599
    -74.110024 40.864719
    -74.110083 40.864749
    -74.110191 40.864804
    -74.110986 40.865499
    -74.111663 40.867271
    -74.111678 40.867309
    -74.112215 40.868715
    -74.112265 40.868845
    -74.112282 40.86889
    -74.113061 40.869671
    -74.113093 40.869703
    -74.113097 40.869707
    -74.113215 40.869826
    -74.11326 40.869872
    -74.113886 40.870499
    -74.114167 40.871621
    -74.114208 40.871786
    -74.114302 40.872162
    -74.114587 40.873299
    -74.114787 40.874099
    -74.11487 40.874182
    -74.114875 40.874187
    -74.11517 40.874482
    -74.11547 40.874782
    -74.115487 40.874799
    -74.115832 40.875099
    -74.116367 40.875564
    -74.11778 40.876791
    -74.117804 40.876812
    -74.117931 40.876922
    -74.118198 40.877153
    -74.11829 40.877233
    -74.118331 40.877269
    -74.118492 40.87741
    -74.118664 40.877502
    -74.11888 40.877618
    -74.118917 40.877637
    -74.119021 40.877751
    -74.119237 40.877987
    -74.119317 40.878075
    -74.1194 40.878157
    -74.119478 40.878235
    -74.119917 40.87917
    -74.120252 40.879739
    -74.120268 40.879766
    -74.120287 40.879799
    -74.120297 40.879828
    -74.120487 40.880399
    -74.121293 40.880839
    -74.121587 40.880999
    -74.122508 40.881478
    -74.123409 40.881946
    -74.12431 40.882415
    -74.1244 40.882462
    -74.124587 40.882559
    -74.126352 40.883476
    -74.126577 40.883594
    -74.126587 40.883599
    -74.126597 40.883606
    -74.129102 40.885275
    -74.130187 40.885999
    -74.130187 40.886376
    -74.130187 40.886899
    -74.130089 40.887633
    -74.129986 40.888408
    -74.129969 40.888533
    -74.129962 40.888586
    -74.129961 40.888596
    -74.129823 40.889637
    -74.129812 40.889719
    -74.129809 40.889738
    -74.129802 40.889783
    -74.1298 40.8898
    -74.129797 40.889824
    -74.129796 40.889832
    -74.129792 40.889863
    -74.129787 40.889899
    -74.129778 40.889942
    -74.12972 40.890223
    -74.129435 40.891617
    -74.12915 40.893011
    -74.12907 40.893395
    -74.129011 40.893682
    -74.128991 40.893779
    -74.128987 40.893799
    -74.129023 40.89384
    -74.129058 40.893881
    -74.129233 40.894081
    -74.129257 40.894108
    -74.129268 40.894121
    -74.129312 40.894183
    -74.129358 40.894236
    -74.129415 40.894293
    -74.129444 40.894323
    -74.130782 40.895276
    -74.13102 40.895405
    -74.131138 40.89557
    -74.131256 40.895736
    -74.131744 40.896424
    -74.131799 40.896501
    -74.132564 40.897575
    -74.132973 40.898149
    -74.133383 40.898725
    -74.133446 40.898814
    -74.133789 40.899295
    -74.133667 40.900872
    -74.13363 40.901348
    -74.133598 40.901758
    -74.133593 40.901823
    -74.133587 40.901898
    -74.133552 40.901949
    -74.133455 40.902104
    -74.133445 40.902118
    -74.133398 40.902181
    -74.133387 40.902198
    -74.133387 40.902247
    -74.133387 40.902363
    -74.133387 40.902398
    -74.133348 40.902465
    -74.133332 40.902492
    -74.133307 40.902535
    -74.133185 40.902742
    -74.133182 40.902747
    -74.133178 40.902754
    -74.133131 40.902834
    -74.132938 40.903162
    -74.132409 40.90406
    -74.132387 40.904098
    -74.132331 40.904413
    -74.132256 40.904842
    -74.132136 40.905522
    -74.13194 40.906631
    -74.131833 40.907235
    -74.131804 40.907401
    -74.131787 40.907498
    -74.132186 40.908813
    -74.132222 40.908932
    -74.132241 40.908995
    -74.132296 40.909177
    -74.132374 40.909433
    -74.132451 40.909689
    -74.13259 40.910149
    -74.132787 40.910798
    -74.13284 40.910905
    -74.133287 40.911798
    -74.133287 40.912399
    -74.133287 40.912454
    -74.133287 40.913098
    -74.132175 40.915137
    -74.132131 40.915218
    -74.132087 40.915298
    -74.13199 40.915446
    -74.131227 40.916614
    -74.130367 40.91793
    -74.130305 40.918024
    -74.130288 40.91805
    -74.130243 40.918119
    -74.130188 40.918197
    -74.130141 40.918311
    -74.129725 40.919325
    -74.129651 40.919703
    -74.12958 40.920071
    -74.13005 40.921048
    -74.131534 40.922078
    -74.131657 40.922106
    -74.131926 40.922168
    -74.132003 40.922186
    -74.133751 40.922738
    -74.133903 40.922786
    -74.134286 40.922796
    -74.134512 40.922802
    -74.136134 40.922846
    -74.136219 40.922848
    -74.137603 40.922886
    -74.138296 40.922942
    -74.138813 40.923141
    -74.138852 40.923158
    -74.139225 40.923323
    -74.139515 40.923499
    -74.139812 40.923817
    -74.139978 40.923995
    -74.139991 40.924009
    -74.140037 40.924059
    -74.140042 40.924064
    -74.140055 40.924078
    -74.140059 40.924082
    -74.140067 40.92409
    -74.140079 40.924103
    -74.140093 40.924119
    -74.140111 40.924138
    -74.14016 40.924191
    -74.140188 40.924221
    -74.141287 40.925398
    -74.141423 40.92573
    -74.141601 40.926162
    -74.141683 40.92636
    -74.141987 40.927098
    -74.142098 40.92804
    -74.142187 40.928798
    -74.1422 40.92899
    -74.142229 40.929422
    -74.142232 40.929453
    -74.142259 40.929757
    -74.14193 40.930316
    -74.140768 40.931389
    -74.140095 40.932168
    -74.14009 40.932176
    -74.139947 40.932427
    -74.139846 40.932773
    -74.139803 40.932852
    -74.139767 40.932913
    -74.139559 40.933264
    -74.139489 40.933433
    -74.139465 40.933537
    -74.139368 40.933955
    -74.139361 40.933983
    -74.139368 40.934
    -74.139394 40.934065
    -74.139487 40.934298
    -74.140287 40.935698
    -74.140503 40.936003
    -74.140598 40.936137
    -74.140692 40.936271
    -74.140757 40.936362
    -74.141057 40.936788
    -74.141358 40.937213
    -74.141414 40.937291
    -74.141492 40.937403
    -74.141571 40.937514
    -74.141632 40.937599
    -74.141737 40.937747
    -74.141841 40.937895
    -74.141956 40.938057
    -74.14207 40.938219
    -74.142152 40.938334
    -74.142233 40.938449
    -74.14246 40.93877
    -74.142628 40.939008
    -74.142686 40.93909
    -74.142798 40.939249
    -74.142911 40.939408
    -74.142922 40.939423
    -74.142929 40.939432
    -74.142937 40.939444
    -74.142973 40.939496
    -74.143187 40.939798
    -74.143687 40.940398
    -74.143705 40.940407
    -74.143893 40.940507
    -74.143908 40.940515
    -74.144057 40.940594
    -74.144128 40.940631
    -74.144422 40.940787
    -74.145387 40.941298
    -74.146086 40.941379
    -74.146613 40.941439
    -74.14668 40.941447
    -74.147972 40.941581
    -74.148059 40.94159
    -74.148076 40.941664
    -74.148083 40.941697
    -74.148092 40.941737
    -74.148146 40.94198
    -74.148149 40.941998
    -74.148163 40.942074
    -74.148169 40.942136
    -74.148171 40.942153
    -74.148158 40.942339
    -74.147979 40.943201
    -74.147952 40.943349
    -74.147951 40.943356
    -74.147949 40.943366
    -74.147938 40.943423
    -74.147937 40.943429
    -74.147911 40.943566
    -74.1478 40.944041
    -74.147666 40.944612
    -74.147621 40.944767
    -74.147618 40.944776
    -74.147617 40.944781
    -74.147589 40.94488
    -74.147325 40.94571
    -74.147321 40.945722
    -74.146514 40.948183
    -74.146486 40.948264
    -74.146439 40.948401
    -74.146429 40.948441
    -74.146412 40.948509
    -74.146306 40.948914
    -74.146293 40.948961
    -74.146282 40.949002
    -74.146155 40.949458
    -74.146153 40.949468
    -74.146104 40.949668
    -74.145962 40.950247
    -74.14573 40.95136
    -74.145691 40.951547
    -74.145594 40.951897
    -74.145589 40.951914
    -74.145527 40.952139
    -74.145381 40.95267
    -74.145337 40.952828
    -74.145153 40.953489
    -74.145147 40.95351
    -74.144961 40.954167
    -74.144919 40.954319
    -74.144912 40.954344
    -74.144775 40.954837
    -74.144663 40.955241
    -74.144659 40.955255
    -74.144433 40.956038
    -74.144429 40.956053
    -74.144341 40.956354
    -74.144209 40.956727
    -74.144207 40.956732
    -74.144135 40.956901
    -74.143983 40.957261
    -74.14398 40.957268
    -74.143939 40.957364
    -74.143845 40.957629
    -74.143842 40.957638
    -74.143779 40.957816
    -74.143775 40.957826
    -74.143571 40.958397
    -74.143559 40.95843
    -74.143528 40.958518
    -74.143422 40.958819
    -74.143417 40.958832
    -74.143318 40.959096
    -74.143235 40.959317
    -74.143068 40.959788
    -74.143066 40.959794
    -74.142725 40.960692
    -74.142722 40.960699
    -74.14265 40.960891
    -74.142385 40.961597
    -74.142298 40.961828
    -74.142119 40.9623
    -74.14205 40.962483
    -74.141707 40.963384
    -74.141628 40.963594
    -74.141575 40.96379
    -74.141445 40.964326
    -74.141431 40.964385
    -74.141422 40.964423
    -74.141356 40.964698
    -74.141302 40.964934
    -74.141247 40.965172
    -74.141209 40.965447
    -74.141174 40.965758
    -74.141168 40.965786
    -74.141166 40.965798
    -74.141083 40.966243
    -74.141072 40.966301
    -74.141065 40.966314
    -74.141048 40.966348
    -74.141094 40.966374
    -74.144429 40.968307
    -74.144511 40.968356
    -74.144838 40.968548
    -74.146538 40.969667
    -74.146587 40.969697
    -74.146837 40.969842
    -74.147218 40.970063
    -74.147261 40.970088
    -74.147987 40.970507
    -74.148072 40.970556
    -74.148494 40.970801
    -74.148626 40.970876
    -74.148871 40.971014
    -74.14905 40.971115
    -74.149072 40.971128
    -74.149088 40.971137
    -74.149173 40.971185
    -74.149784 40.971567
    -74.149846 40.971601
    -74.149951 40.971658
    -74.150212 40.971801
    -74.151143 40.97231
    -74.151401 40.972452
    -74.152814 40.973294
    -74.155691 40.97501
    -74.156345 40.975404
    -74.156605 40.975554
    -74.159778 40.97738
    -74.159947 40.977485
    -74.160119 40.977592
    -74.16091 40.978084
    -74.160934 40.978099
    -74.16094 40.978103
    -74.161022 40.978154
    -74.161116 40.978212
    -74.161141 40.978227
    -74.16229 40.978935
    -74.162304 40.978944
    -74.162983 40.979361
    -74.163009 40.979377
    -74.163016 40.979381
    -74.163051 40.979403
    -74.163058 40.979407
    -74.163211 40.979501
    -74.163424 40.979614
    -74.163432 40.979618
    -74.163711 40.979767
    -74.164356 40.980111
    -74.1646 40.980241
    -74.165273 40.980636
    -74.165284 40.980643
    -74.166049 40.981136
    -74.166198 40.981232
    -74.168419 40.98273
    -74.168547 40.982825
    -74.168748 40.982962
    -74.168893 40.983044
    -74.16894 40.983071
    -74.169002 40.983106
    -74.169415 40.983357
    -74.169549 40.983442
    -74.169606 40.983478
    -74.169673 40.98352
    -74.169721 40.98355
    -74.170089 40.983787
    -74.17021 40.983865
    -74.170462 40.981714
    -74.170464 40.9817
    -74.170988 40.976997
    -74.177055 40.977376
    -74.181301 40.977782
    -74.181319 40.977784
    -74.184576 40.978079
    -74.18524 40.978129
    -74.185281 40.978132
    -74.185308 40.978134
    -74.185318 40.978135
    -74.185325 40.978136
    -74.185406 40.978142
    -74.185619 40.978158
    -74.185745 40.978167
    -74.186287 40.978208
    -74.187369 40.978301
    -74.191377 40.978652
    -74.191487 40.978662
    -74.191546 40.978666
    -74.191724 40.97868
    -74.191735 40.97868
    -74.191746 40.978681
    -74.191754 40.978682
    -74.191821 40.978687
    -74.191835 40.978688
    -74.191843 40.978688
    -74.19185 40.978689
    -74.193547 40.978815
    -74.193615 40.97882
    -74.193636 40.978822
    -74.194463 40.978883
    -74.195272 40.978951
    -74.195441 40.978965
    -74.195472 40.978967
    -74.195564 40.978975
    -74.195571 40.978976
    -74.195744 40.97899
    -74.197349 40.9791
    -74.198078 40.97915
    -74.198285 40.979159
    -74.198373 40.979166
    -74.198688 40.979193
    -74.198882 40.979168
    -74.198904 40.979165
    -74.198997 40.979158
    -74.199134 40.979161
    -74.200294 40.979249
    -74.20083 40.97929
    -74.203645 40.979512
    -74.203653 40.979513
    -74.20386 40.979537
    -74.204124 40.979558
    -74.204138 40.979559
    -74.204702 40.979603
    -74.20473 40.979605
    -74.205515 40.979666
    -74.207239 40.9798
    -74.207248 40.979801
    -74.208171 40.979874
    -74.211732 40.980156
    -74.211891 40.980174
    -74.221808 40.981306
    -74.222008 40.981329
    -74.22202 40.98133
    -74.222027 40.981331
    -74.222041 40.981333
    -74.224595 40.981591
    -74.224604 40.981592
    -74.224981 40.98163
    -74.228826 40.983362
    -74.228964 40.983425
    -74.230288 40.984031
    -74.230479 40.984118
    -74.231084 40.984394
    -74.231412 40.984543
    -74.231731 40.984688
    -74.233909 40.985678
    -74.240477 40.988666
    -74.24847 40.992303
    -74.248481 40.992308
    -74.248557 40.992342
    -74.252158 40.997163
    -74.259323 41.006131
    -74.261537 41.008902
    -74.26158 41.008956
    -74.262838 41.010529
    -74.264076 41.012079
    -74.264188 41.012164
    -74.264233 41.012198
    -74.265662 41.013278
    -74.265819 41.013397
    -74.265831 41.013406
    -74.265907 41.013462
    -74.265995 41.013528
    -74.266661 41.014024
    -74.266671 41.014031
    -74.266676 41.014035
    -74.266682 41.01404
    -74.266713 41.014063
    -74.266746 41.014087
    -74.266811 41.014134
    -74.266864 41.014172
    -74.266876 41.01418
    -74.266949 41.014233
    -74.266968 41.014247
    -74.266999 41.014269
    -74.267088 41.014334
    -74.267192 41.014409
    -74.267862 41.014894
    -74.268709 41.015508
    -74.268786 41.015564
    -74.268864 41.015621
    -74.269157 41.015833
    -74.269279 41.015929
    -74.269315 41.015957
    -74.269337 41.015974
    -74.26979 41.01632
    -74.272484 41.018312
    -74.271141 41.020914
    -74.270521 41.022131
    -74.26977 41.023608
    -74.269709 41.023728
    -74.26969 41.023766
    -74.269653 41.023839
    -74.26963 41.023884
    -74.269622 41.0239
    -74.269611 41.02392
    -74.269594 41.023954
    -74.269491 41.024156
    -74.263949 41.035037
    -74.263938 41.035058
    -74.26382 41.035291
    -74.263715 41.035497
    -74.263586 41.035749
    -74.263535 41.03585
    -74.26353 41.035859
    -74.263512 41.035897
    -74.263507 41.035907
    -74.26337 41.036157
    -74.263072 41.036703
    -74.262767 41.03729
    -74.262648 41.037519
    -74.262463 41.037876
    -74.262425 41.03795
    -74.262298 41.038196
    -74.261147 41.040413
    -74.261095 41.040525
    -74.261067 41.040584
    -74.260979 41.040772
    -74.255419 41.05151
    -74.25541 41.051527
    -74.255378 41.051584
    -74.254555 41.05304
    -74.253562 41.054894
    -74.253441 41.055253
    -74.253398 41.055334
    -74.252928 41.056221
    -74.252461 41.057101
    -74.252207 41.057579
    -74.251893 41.05817
    -74.251263 41.059357
    -74.250964 41.059921
    -74.250595 41.060676
    -74.250592 41.060682
    -74.24964 41.062615
    -74.249591 41.062699
    -74.248939 41.06382
END
END
