55001 Adams County
1
    -89.598035 44.068506
    -89.598005 44.062021
    -89.598042 44.054849
    -89.598044 44.054827
    -89.59806 44.044146
    -89.598061 44.043979
    -89.598055 44.032609
    -89.598056 44.032422
    -89.598072 44.025767
    -89.598044 44.02212
    -89.598043 44.022106
    -89.598008 44.012051
    -89.598054 44.011195
    -89.597991 44.004067
    -89.597992 44.003998
    -89.597989 43.999972
    -89.597962 43.996638
    -89.597929 43.987032
    -89.59795 43.982142
    -89.59795 43.9821
    -89.597971 43.980506
    -89.59799 43.9791
    -89.59804 43.97755
    -89.598082 43.975728
    -89.59809 43.97541
    -89.59807 43.97461
    -89.59808 43.97432
    -89.59812 43.97414
    -89.59794 43.97404
    -89.59792 43.97393
    -89.59792 43.973914
    -89.59792 43.97302
    -89.597917 43.972913
    -89.59791 43.97258
    -89.597904 43.97213
    -89.597886 43.97078
    -89.59788 43.97033
    -89.59788 43.970229
    -89.59788 43.969927
    -89.59788 43.969827
    -89.597882 43.968473
    -89.597889 43.96441
    -89.597892 43.963057
    -89.597893 43.962517
    -89.597828 43.95934
    -89.597726 43.954347
    -89.597666 43.948189
    -89.597631 43.944472
    -89.597609 43.943665
    -89.597565 43.94195
    -89.597546 43.941245
    -89.597525 43.940439
    -89.597582 43.938667
    -89.597583 43.937952
    -89.59757 43.93791
    -89.59757 43.93671
    -89.59759 43.9342
    -89.5976 43.93288
    -89.597596 43.932027
    -89.59759 43.93049
    -89.5976 43.92893
    -89.59759 43.92702
    -89.597561 43.925511
    -89.59756 43.92541
    -89.59754 43.92334
    -89.59755 43.92147
    -89.597538 43.920651
    -89.59752 43.91936
    -89.59748 43.91755
    -89.59748 43.91705
    -89.59746 43.91613
    -89.5975 43.91393
    -89.59749 43.91286
    -89.597485 43.912588
    -89.59746 43.91103
    -89.59745 43.9099
    -89.597448 43.90969
    -89.597442 43.90906
    -89.59744 43.90885
    -89.597436 43.908188
    -89.597424 43.906202
    -89.59742 43.90554
    -89.59742 43.905514
    -89.59742 43.905436
    -89.59742 43.90541
    -89.597416 43.904972
    -89.59741 43.90423
    -89.59741 43.903658
    -89.59741 43.90322
    -89.59739 43.90119
    -89.5974 43.90105
    -89.59739 43.90071
    -89.597389 43.90045
    -89.597371 43.898102
    -89.597369 43.8978
    -89.597379 43.89671
    -89.59735 43.89438
    -89.59736 43.89284
    -89.597371 43.891753
    -89.59738 43.8909
    -89.59735 43.88956
    -89.59734 43.88802
    -89.59731 43.88681
    -89.597315 43.886514
    -89.59732 43.8862
    -89.597315 43.88584
    -89.59731 43.88548
    -89.59731 43.884905
    -89.59731 43.88433
    -89.597303 43.883876
    -89.5973 43.88364
    -89.59729 43.88295
    -89.597295 43.8821
    -89.5973 43.88125
    -89.5973 43.880916
    -89.5973 43.879914
    -89.5973 43.87958
    -89.597315 43.878876
    -89.59733 43.87818
    -89.59733 43.876764
    -89.59733 43.87606
    -89.59733 43.875356
    -89.59733 43.87464
    -89.59736 43.87336
    -89.597359 43.873245
    -89.597353 43.872542
    -89.59735 43.87221
    -89.597352 43.871809
    -89.597365 43.869612
    -89.59737 43.86888
    -89.597355 43.868775
    -89.59734 43.86867
    -89.59734 43.86853
    -89.59734 43.868469
    -89.59734 43.86839
    -89.59735 43.86824
    -89.59736 43.86809
    -89.597345 43.867455
    -89.597339 43.867232
    -89.59733 43.86682
    -89.597338 43.866708
    -89.597362 43.866372
    -89.59737 43.86626
    -89.597375 43.866165
    -89.597394 43.865883
    -89.5974 43.86579
    -89.597354 43.865615
    -89.597338 43.865552
    -89.597209 43.865093
    -89.597161 43.86492
    -89.597163 43.864313
    -89.597171 43.862495
    -89.597175 43.861889
    -89.597176 43.861803
    -89.597179 43.861548
    -89.597181 43.861463
    -89.597212 43.861372
    -89.597307 43.8611
    -89.59734 43.86101
    -89.59738 43.86072
    -89.59741 43.85986
    -89.59742 43.8594
    -89.597478 43.858225
    -89.59748 43.8582
    -89.59754 43.85667
    -89.59759 43.85566
    -89.59767 43.85384
    -89.59767 43.8528
    -89.5977 43.85196
    -89.59779 43.85021
    -89.597801 43.849865
    -89.59784 43.84872
    -89.59792 43.84735
    -89.59794 43.84708
    -89.597909 43.84414
    -89.597816 43.83532
    -89.597786 43.832381
    -89.59779 43.830938
    -89.597804 43.826612
    -89.59781 43.82517
    -89.597845 43.823716
    -89.597954 43.819356
    -89.59796 43.81912
    -89.597984 43.817903
    -89.59802 43.81609
    -89.59806 43.81452
    -89.59811 43.81119
    -89.59816 43.81029
    -89.598363 43.806483
    -89.598362 43.80641
    -89.598366 43.803487
    -89.598367 43.80304
    -89.598395 43.800686
    -89.59835 43.79545
    -89.59836 43.795345
    -89.59837 43.79524
    -89.598379 43.794858
    -89.598405 43.793865
    -89.598424 43.793082
    -89.59844 43.79249
    -89.59844 43.79205
    -89.59844 43.79161
    -89.598445 43.790994
    -89.59845 43.790378
    -89.598454 43.790056
    -89.598458 43.789898
    -89.598467 43.789457
    -89.598472 43.789187
    -89.598489 43.78838
    -89.598495 43.788111
    -89.598496 43.788027
    -89.598497 43.788021
    -89.598499 43.787775
    -89.5985 43.787692
    -89.598523 43.786395
    -89.598594 43.782506
    -89.598619 43.78121
    -89.598677 43.778313
    -89.598852 43.769623
    -89.598911 43.766727
    -89.598955 43.764424
    -89.599087 43.757517
    -89.599131 43.755234
    -89.59913 43.755215
    -89.599071 43.751937
    -89.599036 43.749989
    -89.59898 43.742104
    -89.598958 43.738827
    -89.598974 43.737221
    -89.599024 43.732406
    -89.599041 43.730801
    -89.599051 43.729866
    -89.599084 43.727062
    -89.599095 43.726147
    -89.599096 43.726128
    -89.599113 43.725394
    -89.599166 43.723194
    -89.599184 43.722461
    -89.599173 43.722358
    -89.599168 43.722305
    -89.599176 43.721569
    -89.599177 43.721559
    -89.599181 43.720966
    -89.599184 43.72057
    -89.599194 43.718893
    -89.5992 43.718002
    -89.599204 43.717819
    -89.599218 43.717272
    -89.599223 43.71709
    -89.59923 43.715966
    -89.599253 43.712597
    -89.599261 43.711474
    -89.599263 43.711046
    -89.599273 43.709765
    -89.599277 43.709338
    -89.59928 43.708776
    -89.599293 43.707093
    -89.599298 43.706532
    -89.599344 43.702383
    -89.599483 43.689937
    -89.59953 43.685789
    -89.599528 43.685657
    -89.599523 43.685262
    -89.599522 43.685131
    -89.599516 43.684688
    -89.59951 43.68416
    -89.59951 43.68338
    -89.59951 43.683362
    -89.59952 43.68292
    -89.599555 43.682191
    -89.599662 43.680005
    -89.599699 43.679277
    -89.599694 43.678196
    -89.599679 43.674953
    -89.599674 43.673872
    -89.599671 43.673569
    -89.599664 43.67266
    -89.599662 43.672357
    -89.599661 43.672087
    -89.599658 43.671278
    -89.599658 43.671009
    -89.599658 43.670999
    -89.599658 43.670971
    -89.599658 43.670962
    -89.599652 43.669986
    -89.599634 43.667058
    -89.599629 43.666082
    -89.599628 43.665959
    -89.599625 43.66559
    -89.599625 43.665468
    -89.599623 43.66513
    -89.599617 43.664119
    -89.599616 43.663782
    -89.59961 43.663237
    -89.599594 43.661602
    -89.599589 43.661058
    -89.59958 43.660333
    -89.599568 43.659247
    -89.599555 43.65816
    -89.599547 43.657436
    -89.599533 43.656168
    -89.599514 43.654268
    -89.599493 43.652366
    -89.59948 43.651099
    -89.599492 43.650839
    -89.599527 43.650059
    -89.59954 43.6498
    -89.599544 43.649754
    -89.599546 43.648462
    -89.599543 43.648438
    -89.599498 43.648174
    -89.599442 43.646149
    -89.599545 43.644514
    -89.59955 43.64389
    -89.599558 43.643703
    -89.599985 43.642596
    -89.600392 43.642596
    -89.614101 43.642548
    -89.61567 43.642542
    -89.615842 43.642541
    -89.616045 43.642537
    -89.620779 43.642531
    -89.622316 43.642529
    -89.622422 43.642529
    -89.625123 43.642596
    -89.649701 43.642637
    -89.659453 43.642647
    -89.659905 43.642648
    -89.660954 43.642836
    -89.661083 43.642859
    -89.665725 43.642935
    -89.665826 43.642937
    -89.666814 43.642957
    -89.666889 43.64296
    -89.668262 43.643016
    -89.668342 43.643019
    -89.668344 43.643019
    -89.668623 43.643044
    -89.669808 43.643028
    -89.670821 43.643029
    -89.670856 43.643029
    -89.67099 43.643029
    -89.671122 43.643013
    -89.671536 43.643018
    -89.672473 43.643029
    -89.673862 43.643046
    -89.673913 43.643047
    -89.674072 43.643024
    -89.674278 43.643031
    -89.674364 43.643032
    -89.675933 43.643042
    -89.675975 43.643037
    -89.676237 43.643043
    -89.676517 43.643051
    -89.676718 43.643048
    -89.679674 43.643065
    -89.689682 43.643131
    -89.697 43.643142
    -89.697297 43.643142
    -89.697302 43.643142
    -89.699176 43.643154
    -89.699748 43.643158
    -89.706114 43.643149
    -89.706843 43.643155
    -89.708125 43.643163
    -89.708598 43.643167
    -89.708627 43.643167
    -89.716076 43.643167
    -89.718733 43.643154
    -89.722886 43.643
    -89.727625 43.642845
    -89.72805 43.642831
    -89.728093 43.64283
    -89.731814 43.642721
    -89.739129 43.642502
    -89.747328 43.642263
    -89.747452 43.642259
    -89.748867 43.642177
    -89.749008 43.642142
    -89.749209 43.642093
    -89.749344 43.642058
    -89.749458 43.642061
    -89.749818 43.642073
    -89.750127 43.642082
    -89.750427 43.642073
    -89.753385 43.641974
    -89.754392 43.64194
    -89.757542 43.641835
    -89.759396 43.641766
    -89.763579 43.641605
    -89.763897 43.641592
    -89.769933 43.641353
    -89.771637 43.641285
    -89.772158 43.641265
    -89.772487 43.641252
    -89.772802 43.64124
    -89.773063 43.641228
    -89.773994 43.641191
    -89.774479 43.641172
    -89.777254 43.641063
    -89.777899 43.641037
    -89.778123 43.641029
    -89.778252 43.64103
    -89.778616 43.641031
    -89.779024 43.641032
    -89.784191 43.641046
    -89.784677 43.641051
    -89.785546 43.641052
    -89.785809 43.641049
    -89.786271 43.641362
    -89.786952 43.641571
    -89.787788 43.64173
    -89.788372 43.642053
    -89.788894 43.642562
    -89.789695 43.643576
    -89.790166 43.644451
    -89.790182 43.64448
    -89.790189 43.645222
    -89.789838 43.646314
    -89.789551 43.646632
    -89.789201 43.64702
    -89.789071 43.647164
    -89.788071 43.648272
    -89.787977 43.648752
    -89.787796 43.649124
    -89.78766 43.649267
    -89.787441 43.649483
    -89.786906 43.649803
    -89.785867 43.650168
    -89.785521 43.650511
    -89.785426 43.650694
    -89.785449 43.651197
    -89.785451 43.651244
    -89.785457 43.65138
    -89.785583 43.651745
    -89.785741 43.651951
    -89.785782 43.652088
    -89.785803 43.652157
    -89.786085 43.652711
    -89.786338 43.653208
    -89.786716 43.653803
    -89.786774 43.6541
    -89.78681 43.654283
    -89.786729 43.654651
    -89.786715 43.654717
    -89.786526 43.655037
    -89.786557 43.6557
    -89.786809 43.656477
    -89.786966 43.65666
    -89.787029 43.657026
    -89.787186 43.657208
    -89.787218 43.657414
    -89.787344 43.657643
    -89.787438 43.657894
    -89.787501 43.65794
    -89.787532 43.658214
    -89.787752 43.658831
    -89.787847 43.659037
    -89.787941 43.659449
    -89.788067 43.659723
    -89.788224 43.660546
    -89.788192 43.662214
    -89.788179 43.6623
    -89.788129 43.662626
    -89.788134 43.662812
    -89.788136 43.662864
    -89.788191 43.664751
    -89.788149 43.664911
    -89.788028 43.665367
    -89.788035 43.666093
    -89.788166 43.666937
    -89.788682 43.667664
    -89.789465 43.668372
    -89.790517 43.669237
    -89.791643 43.669916
    -89.792903 43.67065
    -89.794116 43.671271
    -89.795178 43.671605
    -89.796002 43.671723
    -89.798216 43.671994
    -89.800009 43.672245
    -89.80164 43.673159
    -89.803558 43.67403
    -89.805259 43.675096
    -89.805384 43.675188
    -89.806151 43.675753
    -89.806615 43.676095
    -89.808026 43.677116
    -89.809021 43.677861
    -89.810061 43.67867
    -89.810864 43.679296
    -89.811854 43.681194
    -89.81286 43.68289
    -89.813432 43.684059
    -89.814114 43.685187
    -89.815016 43.686231
    -89.816097 43.68751
    -89.816937 43.688504
    -89.81725 43.688904
    -89.817329 43.689004
    -89.817367 43.689053
    -89.817376 43.689065
    -89.817387 43.689079
    -89.81753 43.689261
    -89.818575 43.690595
    -89.819897 43.692021
    -89.820623 43.693551
    -89.821579 43.694989
    -89.82174 43.69519
    -89.822724 43.696418
    -89.823516 43.697495
    -89.824233 43.698663
    -89.824746 43.700131
    -89.825273 43.70168
    -89.825307 43.701805
    -89.825723 43.703311
    -89.82599 43.704243
    -89.826172 43.704877
    -89.826833 43.706464
    -89.827566 43.707833
    -89.827843 43.708132
    -89.827973 43.708291
    -89.828263 43.708646
    -89.828597 43.708963
    -89.829334 43.709663
    -89.829375 43.709702
    -89.83009 43.710694
    -89.830105 43.710724
    -89.8302 43.710916
    -89.830454 43.711426
    -89.830518 43.711554
    -89.830564 43.711646
    -89.830568 43.711654
    -89.830689 43.71291
    -89.830712 43.713149
    -89.830748 43.713522
    -89.830791 43.713954
    -89.830816 43.714204
    -89.830827 43.714312
    -89.830833 43.714377
    -89.831013 43.716186
    -89.831358 43.716706
    -89.831571 43.717026
    -89.831669 43.717174
    -89.831751 43.717297
    -89.83225 43.717857
    -89.832617 43.718269
    -89.83276 43.71843
    -89.832916 43.718604
    -89.833097 43.718763
    -89.833926 43.719493
    -89.834324 43.720101
    -89.834574 43.720482
    -89.835126 43.721324
    -89.836115 43.722697
    -89.836346 43.723023
    -89.83642 43.723128
    -89.836455 43.723178
    -89.836562 43.723329
    -89.836761 43.723611
    -89.837334 43.724422
    -89.837486 43.724893
    -89.837514 43.72498
    -89.837528 43.725024
    -89.837534 43.725042
    -89.83755 43.725093
    -89.837793 43.725845
    -89.837811 43.7259
    -89.837817 43.725919
    -89.837817 43.725921
    -89.837819 43.725925
    -89.837821 43.725931
    -89.837828 43.725955
    -89.837832 43.725966
    -89.837835 43.725975
    -89.837847 43.726013
    -89.837855 43.726039
    -89.837858 43.726047
    -89.837891 43.72615
    -89.837898 43.726173
    -89.837902 43.726186
    -89.837909 43.726207
    -89.837913 43.726218
    -89.837914 43.726223
    -89.837917 43.726231
    -89.837919 43.726236
    -89.837921 43.726242
    -89.837924 43.72625
    -89.837954 43.726344
    -89.837984 43.726437
    -89.838086 43.726945
    -89.838088 43.726957
    -89.83809 43.726967
    -89.838091 43.726972
    -89.838093 43.726979
    -89.838095 43.726991
    -89.838102 43.727026
    -89.838104 43.727034
    -89.838105 43.72704
    -89.838108 43.727058
    -89.838112 43.727075
    -89.838113 43.72708
    -89.838169 43.727359
    -89.838227 43.727647
    -89.838338 43.728205
    -89.838581 43.728913
    -89.838698 43.729256
    -89.838781 43.729497
    -89.839085 43.730293
    -89.839185 43.730554
    -89.839363 43.731021
    -89.839512 43.731379
    -89.839521 43.731401
    -89.839584 43.731552
    -89.839717 43.731871
    -89.840941 43.733725
    -89.841689 43.735263
    -89.841893 43.735678
    -89.842087 43.736072
    -89.842133 43.736591
    -89.842318 43.738672
    -89.842565 43.741091
    -89.842767 43.743066
    -89.842887 43.744245
    -89.842891 43.744284
    -89.842929 43.74466
    -89.843043 43.745764
    -89.843087 43.746199
    -89.843102 43.746341
    -89.843148 43.746783
    -89.843213 43.747421
    -89.843475 43.749975
    -89.843588 43.753239
    -89.843693 43.756248
    -89.843887 43.756959
    -89.844087 43.757692
    -89.846505 43.759491
    -89.84775 43.761124
    -89.849461 43.76252
    -89.849706 43.76272
    -89.849755 43.762889
    -89.849757 43.762897
    -89.849771 43.762945
    -89.849826 43.763133
    -89.849828 43.763139
    -89.850111 43.764115
    -89.850511 43.766669
    -89.850577 43.767089
    -89.851575 43.768595
    -89.851648 43.768705
    -89.851698 43.76878
    -89.852158 43.769473
    -89.853058 43.769831
    -89.85431 43.770329
    -89.856373 43.771491
    -89.85669 43.771669
    -89.858576 43.773538
    -89.858588 43.773557
    -89.859249 43.774618
    -89.86001 43.775839
    -89.860482 43.776596
    -89.860559 43.77672
    -89.860621 43.776819
    -89.860632 43.776837
    -89.860641 43.776851
    -89.860645 43.776857
    -89.86081 43.777122
    -89.861104 43.777593
    -89.862119 43.77966
    -89.862253 43.779933
    -89.863434 43.780429
    -89.864221 43.780938
    -89.864425 43.78107
    -89.86448 43.781191
    -89.864775 43.781838
    -89.864999 43.782329
    -89.8652 43.782685
    -89.865478 43.783177
    -89.866435 43.783874
    -89.866966 43.784137
    -89.867879 43.784589
    -89.869259 43.785216
    -89.869419 43.785297
    -89.869518 43.785348
    -89.871012 43.78611
    -89.872024 43.786838
    -89.872187 43.787009
    -89.872233 43.787057
    -89.872781 43.787632
    -89.873912 43.788619
    -89.874206 43.788747
    -89.875125 43.789146
    -89.875708 43.789484
    -89.876326 43.789913
    -89.877032 43.790375
    -89.877832 43.790637
    -89.878856 43.790838
    -89.879518 43.790905
    -89.880263 43.791166
    -89.881566 43.791662
    -89.882308 43.791996
    -89.883132 43.792597
    -89.883711 43.793227
    -89.884338 43.79372
    -89.885557 43.79444
    -89.886206 43.79495
    -89.886617 43.795302
    -89.88681 43.795467
    -89.887579 43.796051
    -89.887919 43.79654
    -89.888309 43.797182
    -89.888351 43.797239
    -89.888756 43.797794
    -89.88948 43.798385
    -89.889967 43.798733
    -89.890542 43.799143
    -89.891029 43.799521
    -89.891841 43.800154
    -89.892597 43.800786
    -89.893092 43.80127
    -89.893467 43.801702
    -89.893724 43.801997
    -89.894407 43.802483
    -89.894979 43.802983
    -89.895493 43.803555
    -89.895934 43.804021
    -89.896467 43.804714
    -89.896801 43.80538
    -89.896846 43.805504
    -89.897047 43.806061
    -89.897199 43.806575
    -89.897258 43.806773
    -89.897731 43.808013
    -89.898023 43.808985
    -89.898471 43.809783
    -89.898612 43.810033
    -89.898756 43.810227
    -89.89924 43.810881
    -89.899535 43.811113
    -89.89989 43.811391
    -89.901114 43.812312
    -89.90231 43.813443
    -89.903493 43.814283
    -89.904258 43.814625
    -89.909959 43.815848
    -89.911039 43.81638
    -89.91137 43.816804
    -89.911753 43.817334
    -89.912705 43.817751
    -89.913192 43.818251
    -89.913231 43.818291
    -89.914079 43.818844
    -89.914875 43.819654
    -89.915365 43.820134
    -89.915435 43.820203
    -89.915857 43.820902
    -89.916383 43.821845
    -89.916698 43.822817
    -89.916682 43.823743
    -89.916682 43.823751
    -89.916532 43.824692
    -89.916235 43.825743
    -89.916086 43.826305
    -89.916295 43.827114
    -89.916668 43.828369
    -89.917406 43.829251
    -89.917845 43.830152
    -89.918456 43.830838
    -89.919025 43.831854
    -89.919157 43.832296
    -89.919388 43.833069
    -89.919361 43.833624
    -89.920586 43.835294
    -89.921425 43.836429
    -89.921779 43.836908
    -89.923119 43.838459
    -89.923838 43.83926
    -89.924988 43.840454
    -89.92564 43.84127
    -89.92703 43.842234
    -89.928498 43.842828
    -89.930133 43.843376
    -89.930938 43.843648
    -89.93168 43.843899
    -89.932914 43.844514
    -89.933684 43.84509
    -89.934138 43.845483
    -89.935068 43.845876
    -89.935672 43.846441
    -89.936576 43.846995
    -89.9372 43.847462
    -89.937422 43.847628
    -89.938161 43.848139
    -89.938731 43.848766
    -89.939127 43.849201
    -89.939673 43.850055
    -89.939678 43.850063
    -89.940147 43.850699
    -89.940681 43.851037
    -89.941073 43.851296
    -89.94142 43.851524
    -89.943037 43.851951
    -89.944784 43.852452
    -89.946454 43.852969
    -89.94712 43.853301
    -89.948369 43.854174
    -89.948938 43.854811
    -89.950401 43.85559
    -89.951845 43.856256
    -89.953008 43.857047
    -89.953549 43.857474
    -89.954134 43.857958
    -89.954788 43.858355
    -89.955984 43.858758
    -89.956966 43.859262
    -89.957131 43.859347
    -89.958101 43.859902
    -89.958913 43.860566
    -89.959341 43.861097
    -89.959429 43.861526
    -89.95947 43.861726
    -89.959487 43.861808
    -89.95985 43.862321
    -89.960293 43.862706
    -89.960836 43.863077
    -89.960947 43.863187
    -89.961067 43.863305
    -89.9612 43.863437
    -89.961401 43.863636
    -89.962389 43.864615
    -89.962567 43.864956
    -89.962715 43.865587
    -89.962598 43.8666
    -89.962134 43.86769
    -89.9615 43.868543
    -89.961096 43.869496
    -89.960787 43.870636
    -89.960863 43.872216
    -89.960731 43.873351
    -89.960243 43.874971
    -89.959895 43.875441
    -89.959636 43.876169
    -89.959678 43.876292
    -89.959817 43.876704
    -89.961605 43.878365
    -89.965325 43.882026
    -89.967487 43.887641
    -89.97183 43.893552
    -89.974558 43.896349
    -89.974985 43.899273
    -89.975079 43.899912
    -89.977747 43.903497
    -89.979051 43.905612
    -89.979592 43.906489
    -89.980274 43.907596
    -89.981684 43.911206
    -89.98085 43.914696
    -89.977226 43.917365
    -89.976451 43.917936
    -89.9704 43.920687
    -89.968419 43.921948
    -89.966318 43.922175
    -89.964488 43.920724
    -89.961905 43.91908
    -89.96084 43.918402
    -89.956501 43.918024
    -89.952386 43.920149
    -89.951429 43.922653
    -89.952644 43.926696
    -89.955141 43.929118
    -89.957388 43.931688
    -89.957972 43.933762
    -89.957746 43.935425
    -89.956157 43.936903
    -89.95357 43.938274
    -89.951847 43.942295
    -89.9521 43.948358
    -89.95278 43.950187
    -89.953493 43.952106
    -89.955066 43.956139
    -89.956816 43.959257
    -89.957567 43.960497
    -89.959353 43.963445
    -89.961465 43.966333
    -89.962063 43.967151
    -89.962412 43.967987
    -89.962409 43.968712
    -89.961691 43.969787
    -89.960379 43.972194
    -89.960095 43.972715
    -89.959831 43.976739
    -89.960991 43.980192
    -89.961857 43.981648
    -89.962474 43.982685
    -89.963972 43.983815
    -89.963994 43.983832
    -89.966559 43.985361
    -89.967539 43.986007
    -89.967658 43.986428
    -89.967472 43.986643
    -89.967021 43.986788
    -89.966681 43.986951
    -89.966284 43.987153
    -89.966039 43.987429
    -89.966026 43.987438
    -89.965892 43.987531
    -89.965674 43.987682
    -89.964973 43.988604
    -89.965315 43.989963
    -89.965884 43.991214
    -89.966978 43.992443
    -89.968139 43.993632
    -89.968949 43.994074
    -89.970826 43.994566
    -89.972896 43.994982
    -89.974685 43.995442
    -89.975344 43.995727
    -89.976871 43.996359
    -89.978142 43.997027
    -89.979381 43.997605
    -89.97942 43.997611
    -89.985008 43.999967
    -89.985794 44.000335
    -89.987208 44.00099
    -89.988421 44.001573
    -89.989935 44.002171
    -89.992267 44.002992
    -89.993494 44.003403
    -89.994263 44.00366
    -89.996258 44.004143
    -89.997688 44.004477
    -89.998734 44.004721
    -89.99944 44.004936
    -90.000128 44.005208
    -90.001731 44.005566
    -90.001805 44.005592
    -90.002029 44.005671
    -90.002404 44.005804
    -90.002939 44.005994
    -90.003722 44.006271
    -90.005189 44.006927
    -90.006089 44.007509
    -90.006587 44.00805
    -90.006807 44.008558
    -90.006972 44.009107
    -90.007046 44.009743
    -90.006999 44.010053
    -90.006997 44.010065
    -90.006996 44.010073
    -90.006908 44.010654
    -90.006568 44.011637
    -90.006242 44.012297
    -90.006203 44.012347
    -90.006182 44.012375
    -90.006176 44.012382
    -90.006169 44.012392
    -90.006165 44.012397
    -90.00613 44.012442
    -90.005569 44.013166
    -90.004841 44.013834
    -90.004069 44.014405
    -90.003781 44.014562
    -90.002582 44.015216
    -90.001283 44.015977
    -90.001177 44.016039
    -90.00062 44.016366
    -90.000128 44.016654
    -89.999396 44.017224
    -89.998896 44.017766
    -89.998724 44.017994
    -89.998704 44.01802
    -89.99842 44.018397
    -89.998117 44.019014
    -89.998012 44.019229
    -89.997851 44.02018
    -89.997971 44.021227
    -89.998202 44.022257
    -89.998622 44.023102
    -89.999333 44.023872
    -89.999713 44.024163
    -89.999743 44.024186
    -90.000128 44.024481
    -90.000304 44.024602
    -90.000519 44.024809
    -90.000825 44.025103
    -90.001323 44.025676
    -90.001698 44.026386
    -90.001773 44.026537
    -90.002073 44.027137
    -90.002387 44.027569
    -90.002472 44.027686
    -90.003068 44.028807
    -90.003235 44.029357
    -90.003462 44.030105
    -90.003724 44.031266
    -90.003973 44.032499
    -90.004402 44.033629
    -90.004743 44.034492
    -90.005475 44.035194
    -90.005645 44.035314
    -90.006275 44.03576
    -90.006503 44.035855
    -90.006517 44.035861
    -90.006537 44.03587
    -90.006544 44.035873
    -90.006556 44.035878
    -90.006564 44.035881
    -90.006645 44.035915
    -90.007031 44.036076
    -90.008366 44.036594
    -90.009046 44.036831
    -90.009112 44.036854
    -90.009901 44.037403
    -90.0115 44.038518
    -90.012677 44.039488
    -90.012797 44.039574
    -90.014218 44.040596
    -90.014554 44.040837
    -90.015258 44.041395
    -90.015441 44.04154
    -90.015665 44.041718
    -90.016109 44.042049
    -90.016531 44.042372
    -90.016874 44.042929
    -90.017014 44.04331
    -90.017358 44.044244
    -90.01792 44.045543
    -90.01812 44.045939
    -90.018218 44.046132
    -90.018516 44.046704
    -90.018768 44.047511
    -90.018765 44.047938
    -90.018765 44.047996
    -90.018765 44.04805
    -90.018765 44.048252
    -90.018539 44.049135
    -90.018526 44.049187
    -90.018444 44.04975
    -90.018392 44.050106
    -90.018375 44.050227
    -90.018248 44.051242
    -90.018242 44.05233
    -90.018517 44.05308
    -90.018539 44.053122
    -90.018646 44.053338
    -90.018771 44.053588
    -90.019092 44.054129
    -90.019501 44.054742
    -90.020144 44.05555
    -90.020491 44.056141
    -90.020542 44.056227
    -90.020718 44.056735
    -90.020738 44.056975
    -90.020748 44.057102
    -90.02076 44.057235
    -90.020768 44.057414
    -90.020736 44.057622
    -90.020454 44.058194
    -90.020361 44.05835
    -90.020038 44.058894
    -90.019543 44.059684
    -90.019499 44.059986
    -90.019271 44.060634
    -90.019256 44.061303
    -90.019406 44.061617
    -90.019642 44.06211
    -90.020627 44.063667
    -90.021437 44.064628
    -90.021914 44.06504
    -90.022781 44.065614
    -90.023948 44.066438
    -90.025149 44.06731
    -90.025825 44.068085
    -90.025898 44.068278
    -90.026067 44.068723
    -90.026064 44.069488
    -90.02598 44.070568
    -90.025762 44.071809
    -90.025587 44.073405
    -90.025488 44.075509
    -90.025571 44.076871
    -90.025766 44.07804
    -90.026106 44.079129
    -90.026468 44.080379
    -90.026762 44.081733
    -90.027157 44.083241
    -90.027695 44.084854
    -90.02829 44.0865
    -90.028552 44.087685
    -90.028759 44.088708
    -90.028833 44.08949
    -90.028807 44.090232
    -90.028681 44.090973
    -90.028263 44.091923
    -90.027689 44.092978
    -90.026824 44.094081
    -90.026139 44.094878
    -90.025232 44.095658
    -90.02448 44.096342
    -90.023683 44.097316
    -90.02293 44.098322
    -90.022591 44.099273
    -90.022152 44.099925
    -90.021659 44.100472
    -90.02074 44.101075
    -90.019901 44.101541
    -90.01866 44.102006
    -90.017632 44.102238
    -90.016282 44.102212
    -90.0152 44.101944
    -90.01315 44.101408
    -90.011989 44.101164
    -90.011231 44.101026
    -90.010639 44.101081
    -90.009969 44.101265
    -90.008682 44.101835
    -90.00755 44.102727
    -90.006967 44.103274
    -90.006708 44.103669
    -90.006494 44.104136
    -90.00638 44.104547
    -90.006378 44.10495
    -90.006487 44.10541
    -90.006785 44.105982
    -90.007417 44.106894
    -90.007992 44.107758
    -90.008782 44.108517
    -90.009814 44.109607
    -90.010801 44.110923
    -90.011475 44.112109
    -90.011961 44.113214
    -90.012333 44.114666
    -90.012539 44.115835
    -90.01252 44.117229
    -90.012458 44.118487
    -90.012061 44.119679
    -90.011263 44.120596
    -90.010502 44.121119
    -90.009372 44.121568
    -90.008187 44.121775
    -90.007115 44.121789
    -90.005731 44.121787
    -90.003743 44.121904
    -90.001506 44.122448
    -90.000128 44.122953
    -89.999784 44.12306
    -89.998603 44.124088
    -89.997638 44.124965
    -89.996805 44.125736
    -89.995962 44.126663
    -89.995561 44.126937
    -89.995206 44.127179
    -89.993626 44.127625
    -89.992668 44.127755
    -89.991843 44.127523
    -89.991073 44.127131
    -89.990023 44.12632
    -89.989408 44.125629
    -89.989117 44.125268
    -89.989072 44.124965
    -89.988832 44.124428
    -89.988334 44.123801
    -89.987757 44.123079
    -89.986935 44.122566
    -89.986148 44.122183
    -89.984552 44.121609
    -89.983371 44.121371
    -89.982397 44.121175
    -89.981242 44.121075
    -89.980794 44.121046
    -89.980256 44.121144
    -89.979407 44.121446
    -89.978021 44.12208
    -89.97694 44.122931
    -89.976105 44.123732
    -89.975618 44.124564
    -89.975492 44.124966
    -89.975327 44.125503
    -89.975429 44.126082
    -89.975597 44.126459
    -89.975832 44.12682
    -89.976123 44.127037
    -89.977304 44.127721
    -89.977964 44.128104
    -89.97879 44.128408
    -89.97976 44.128648
    -89.98054 44.128678
    -89.98318 44.128754
    -89.98473 44.129081
    -89.985667 44.129474
    -89.98627 44.129939
    -89.986774 44.130622
    -89.986943 44.131274
    -89.986934 44.131853
    -89.986691 44.132674
    -89.986381 44.133077
    -89.986014 44.133278
    -89.985357 44.133368
    -89.984399 44.133418
    -89.980175 44.133064
    -89.978927 44.133034
    -89.977657 44.1331
    -89.976889 44.133279
    -89.975899 44.13361
    -89.97511 44.134424
    -89.974701 44.135342
    -89.974032 44.138786
    -89.97384 44.141458
    -89.973737 44.144089
    -89.973471 44.144765
    -89.972806 44.145732
    -89.971996 44.146843
    -89.971575 44.147697
    -89.971544 44.148453
    -89.971736 44.149257
    -89.972152 44.15031
    -89.972244 44.1513
    -89.972125 44.15241
    -89.971838 44.153328
    -89.971295 44.154512
    -89.971008 44.155268
    -89.970844 44.156331
    -89.970971 44.157835
    -89.971269 44.160567
    -89.971316 44.160996
    -89.971669 44.163473
    -89.971975 44.165162
    -89.971809 44.165605
    -89.971354 44.166258
    -89.97071 44.166846
    -89.96973 44.16737
    -89.969129 44.167661
    -89.968305 44.16788
    -89.967335 44.16793
    -89.965897 44.167884
    -89.964213 44.167524
    -89.960787 44.166388
    -89.958799 44.16524
    -89.957125 44.164615
    -89.955742 44.16428
    -89.953991 44.164089
    -89.951595 44.163996
    -89.950179 44.164063
    -89.947839 44.164364
    -89.94648 44.164632
    -89.94551 44.164786
    -89.944584 44.164755
    -89.943848 44.164636
    -89.941461 44.164092
    -89.94059 44.16362
    -89.939507 44.162897
    -89.93868 44.16219
    -89.937696 44.160912
    -89.937591 44.16022
    -89.937515 44.159714
    -89.937343 44.157936
    -89.93715 44.156681
    -89.936791 44.15574
    -89.936253 44.154647
    -89.935248 44.153554
    -89.934667 44.153129
    -89.933451 44.152527
    -89.93277 44.15227
    -89.931366 44.152184
    -89.929115 44.152307
    -89.928123 44.152623
    -89.927166 44.153267
    -89.926466 44.154025
    -89.925367 44.15526
    -89.925077 44.155587
    -89.924422 44.156787
    -89.923556 44.158461
    -89.922524 44.160522
    -89.922193 44.161931
    -89.922018 44.16346
    -89.92223 44.168061
    -89.922365 44.168817
    -89.922881 44.170233
    -89.923632 44.17187
    -89.923778 44.172187
    -89.924327 44.173264
    -89.925177 44.174365
    -89.925423 44.175008
    -89.925515 44.175869
    -89.925049 44.176835
    -89.923358 44.178495
    -89.922589 44.178914
    -89.921564 44.179141
    -89.920583 44.179102
    -89.919427 44.178845
    -89.918965 44.178742
    -89.917001 44.178173
    -89.913933 44.177123
    -89.911635 44.176554
    -89.909059 44.176259
    -89.908897 44.176261
    -89.907141 44.176286
    -89.905993 44.176561
    -89.905135 44.177044
    -89.9041 44.177802
    -89.903344 44.178696
    -89.902732 44.179605
    -89.902044 44.181207
    -89.901323 44.183332
    -89.901103 44.184805
    -89.90115 44.185971
    -89.901409 44.187065
    -89.902148 44.188665
    -89.903076 44.190088
    -89.903981 44.1909
    -89.904997 44.191446
    -89.906147 44.191871
    -89.906939 44.192079
    -89.907954 44.192158
    -89.911322 44.192002
    -89.912002 44.191912
    -89.912649 44.191719
    -89.915691 44.190988
    -89.915915 44.190934
    -89.918747 44.190552
    -89.920364 44.190566
    -89.921658 44.190652
    -89.923108 44.190892
    -89.924079 44.191068
    -89.924626 44.191373
    -89.924805 44.191533
    -89.925263 44.192015
    -89.925822 44.192715
    -89.926014 44.193398
    -89.92616 44.194154
    -89.926206 44.194758
    -89.926174 44.195216
    -89.925886 44.195844
    -89.925608 44.196199
    -89.925252 44.196537
    -89.924762 44.196892
    -89.923636 44.197432
    -89.922689 44.197739
    -89.921351 44.198071
    -89.920125 44.198225
    -89.918731 44.198251
    -89.917336 44.198204
    -89.914323 44.197793
    -89.914301 44.19779
    -89.912182 44.197639
    -89.911078 44.197673
    -89.909996 44.197788
    -89.908558 44.198063
    -89.9078 44.198458
    -89.907177 44.198934
    -89.906432 44.200069
    -89.906066 44.201276
    -89.905924 44.202539
    -89.906182 44.203407
    -89.906776 44.204935
    -89.907805 44.206092
    -89.908565 44.206655
    -89.909458 44.207056
    -89.910452 44.207352
    -89.911322 44.207609
    -89.912487 44.20787
    -89.912572 44.207889
    -89.914068 44.208153
    -89.915251 44.208296
    -89.916523 44.208399
    -89.917784 44.208566
    -89.919793 44.209079
    -89.92101 44.20956
    -89.922205 44.210299
    -89.92339 44.211118
    -89.924217 44.211937
    -89.924922 44.212853
    -89.92527 44.213585
    -89.925518 44.214566
    -89.925397 44.215419
    -89.925064 44.216224
    -89.924754 44.216973
    -89.923485 44.218246
    -89.922549 44.218738
    -89.920854 44.219367
    -89.919449 44.219659
    -89.918322 44.219789
    -89.916983 44.219807
    -89.915712 44.219848
    -89.914685 44.21981
    -89.913982 44.219666
    -89.912631 44.219289
    -89.911013 44.219194
    -89.909373 44.219309
    -89.908413 44.219487
    -89.908008 44.219754
    -89.907667 44.219979
    -89.907166 44.22072
    -89.906959 44.221362
    -89.906889 44.221581
    -89.906846 44.222241
    -89.907014 44.222755
    -89.907429 44.223374
    -89.908077 44.22413
    -89.909611 44.225316
    -89.909868 44.22561
    -89.909956 44.225753
    -89.910101 44.226058
    -89.910102 44.226121
    -89.910102 44.226179
    -89.910076 44.226256
    -89.910024 44.226412
    -89.909891 44.22663
    -89.90939 44.227242
    -89.90935 44.227276
    -89.909327 44.227295
    -89.909162 44.227435
    -89.909084 44.227502
    -89.908974 44.227596
    -89.908827 44.22772
    -89.908565 44.227943
    -89.907896 44.228285
    -89.907859 44.228304
    -89.907756 44.228369
    -89.907729 44.228386
    -89.90696 44.22883
    -89.906191 44.229128
    -89.905745 44.229282
    -89.905243 44.22933
    -89.904584 44.229307
    -89.904082 44.229179
    -89.903456 44.22897
    -89.90302 44.228713
    -89.901689 44.22742
    -89.90143 44.227323
    -89.900952 44.227235
    -89.900803 44.227232
    -89.900733 44.22723
    -89.899992 44.227212
    -89.899278 44.227165
    -89.898385 44.227206
    -89.897683 44.227372
    -89.897637 44.227383
    -89.897588 44.227407
    -89.897528 44.227436
    -89.897003 44.22769
    -89.895932 44.228206
    -89.895364 44.228674
    -89.894955 44.229247
    -89.894807 44.229455
    -89.894641 44.230131
    -89.894676 44.230822
    -89.895281 44.231811
    -89.895851 44.23247
    -89.896119 44.232712
    -89.89641 44.232859
    -89.896834 44.233073
    -89.899213 44.233963
    -89.899861 44.2343
    -89.900164 44.234629
    -89.900365 44.234847
    -89.900743 44.235195
    -89.90108 44.235506
    -89.901372 44.235949
    -89.901763 44.236543
    -89.902458 44.23791
    -89.903287 44.239607
    -89.903536 44.241151
    -89.903651 44.242768
    -89.903236 44.244144
    -89.903197 44.244273
    -89.902836 44.245905
    -89.902699 44.246526
    -89.902657 44.247797
    -89.902565 44.24947
    -89.90102 44.249445
    -89.900915 44.249443
    -89.899463 44.249421
    -89.899347 44.249417
    -89.899139 44.249414
    -89.898803 44.249408
    -89.898411 44.249403
    -89.896029 44.249367
    -89.895707 44.249365
    -89.894784 44.249358
    -89.894778 44.249358
    -89.892102 44.24934
    -89.891798 44.249339
    -89.891641 44.249338
    -89.891301 44.249338
    -89.891088 44.249338
    -89.890455 44.249357
    -89.889761 44.24939
    -89.888977 44.249399
    -89.888099 44.249403
    -89.887557 44.249412
    -89.878463 44.249313
    -89.876511 44.249324
    -89.875503 44.249331
    -89.875208 44.249322
    -89.875191 44.249325
    -89.875142 44.249334
    -89.875126 44.249338
    -89.873996 44.249358
    -89.870607 44.249422
    -89.869478 44.249443
    -89.86934 44.249445
    -89.868929 44.249453
    -89.868793 44.249456
    -89.868717 44.249458
    -89.8682 44.249473
    -89.866774 44.249448
    -89.863213 44.24945
    -89.862605 44.249443
    -89.860784 44.249424
    -89.860177 44.249418
    -89.858714 44.249402
    -89.857319 44.249385
    -89.848526 44.249317
    -89.848524 44.249317
    -89.848491 44.249317
    -89.844251 44.249281
    -89.843625 44.249276
    -89.843595 44.249275
    -89.843562 44.249275
    -89.838273 44.24932
    -89.837715 44.2493
    -89.830911 44.249191
    -89.830691 44.249188
    -89.829478 44.249119
    -89.823753 44.249074
    -89.82113 44.249054
    -89.820998 44.249053
    -89.818776 44.249027
    -89.818736 44.249027
    -89.814459 44.248982
    -89.808607 44.24892
    -89.80562 44.24889
    -89.805258 44.248884
    -89.804906 44.248878
    -89.798706 44.248775
    -89.797279 44.248761
    -89.795541 44.248744
    -89.795456 44.248743
    -89.795144 44.248738
    -89.785448 44.248612
    -89.785254 44.248609
    -89.785181 44.248608
    -89.778307 44.248493
    -89.777459 44.248466
    -89.775786 44.248433
    -89.775611 44.24843
    -89.77515 44.248422
    -89.771754 44.248365
    -89.765265 44.248262
    -89.765264 44.248262
    -89.764769 44.248256
    -89.758271 44.248178
    -89.758087 44.248176
    -89.755848 44.248139
    -89.755427 44.248132
    -89.754724 44.248121
    -89.750123 44.248052
    -89.750116 44.248051
    -89.750114 44.248051
    -89.747982 44.24802
    -89.745643 44.248012
    -89.745274 44.248011
    -89.74508 44.24801
    -89.744112 44.247992
    -89.743617 44.247982
    -89.737923 44.247877
    -89.737703 44.247875
    -89.735528 44.247858
    -89.735062 44.247854
    -89.735034 44.247853
    -89.728908 44.247745
    -89.727601 44.247722
    -89.7276 44.247695
    -89.726466 44.247736
    -89.726235 44.247943
    -89.725914 44.247856
    -89.725587 44.247785
    -89.725254 44.247729
    -89.724915 44.247691
    -89.724746 44.247678
    -89.724743 44.247679
    -89.724716 44.247678
    -89.717066 44.247557
    -89.715737 44.247536
    -89.708985 44.24743
    -89.7089 44.247429
    -89.708793 44.247428
    -89.707007 44.247404
    -89.706759 44.247401
    -89.706626 44.247399
    -89.698496 44.247254
    -89.698369 44.247252
    -89.690786 44.247148
    -89.678309 44.246953
    -89.678171 44.246951
    -89.67811 44.24695
    -89.673226 44.246876
    -89.668295 44.246801
    -89.667981 44.246796
    -89.658249 44.246654
    -89.65815 44.246652
    -89.649 44.246494
    -89.647126 44.246446
    -89.64654 44.246421
    -89.642818 44.246261
    -89.642729 44.246259
    -89.625164 44.245924
    -89.606277 44.2458
    -89.599685 44.245741
    -89.59798 44.245725
    -89.597972 44.245324
    -89.597929 44.242679
    -89.597928 44.242609
    -89.597926 44.242539
    -89.59776 44.23349
    -89.597602 44.228427
    -89.597473 44.22161
    -89.597398 44.215059
    -89.597418 44.21493
    -89.597482 44.214544
    -89.597504 44.214414
    -89.597507 44.214395
    -89.597505 44.214339
    -89.597498 44.214107
    -89.597497 44.214031
    -89.597467 44.213861
    -89.59738 44.213354
    -89.597351 44.213186
    -89.597425 44.209694
    -89.597356 44.203112
    -89.597197 44.199499
    -89.597297 44.196804
    -89.597162 44.195926
    -89.597291 44.192857
    -89.597315 44.192308
    -89.597316 44.192292
    -89.597331 44.188675
    -89.597367 44.185128
    -89.597368 44.185057
    -89.597371 44.184179
    -89.597438 44.177786
    -89.59747 44.176973
    -89.597516 44.17602
    -89.597505 44.175505
    -89.597565 44.170549
    -89.597557 44.16912
    -89.597639 44.163379
    -89.597677 44.16127
    -89.59768 44.161095
    -89.597699 44.156073
    -89.597819 44.144569
    -89.597818 44.141094
    -89.597818 44.140987
    -89.597802 44.137358
    -89.59781 44.131208
    -89.597792 44.126476
    -89.597822 44.126003
    -89.597824 44.12461
    -89.597824 44.124603
    -89.597841 44.12284
    -89.597966 44.118172
    -89.598028 44.111983
    -89.59811 44.104782
    -89.598027 44.100366
    -89.598041 44.098607
    -89.598044 44.097448
    -89.598093 44.095442
    -89.598092 44.095431
    -89.598117 44.094009
    -89.598117 44.093947
    -89.598117 44.093922
    -89.598044 44.083001
    -89.598035 44.069149
    -89.598034 44.069141
    -89.598036 44.068513
    -89.598035 44.068506
END
END
