55025 Dane County
1
    -89.838774 42.94506
    -89.83884 42.949938
    -89.838889 42.953503
    -89.838919 42.955705
    -89.838996 42.961393
    -89.83906 42.966079
    -89.839094 42.968576
    -89.839127 42.970962
    -89.839172 42.974314
    -89.839203 42.976617
    -89.839212 42.977292
    -89.839208 42.977363
    -89.839048 42.980266
    -89.838818 42.984432
    -89.83858 42.988757
    -89.838575 42.998886
    -89.838576 42.998989
    -89.838583 42.999997
    -89.838474 43.006748
    -89.83845 43.008236
    -89.838419 43.010194
    -89.838418 43.010258
    -89.838416 43.010401
    -89.838313 43.016793
    -89.838312 43.017112
    -89.838299 43.02155
    -89.838294 43.02449
    -89.838281 43.029511
    -89.838261 43.031937
    -89.838231 43.070682
    -89.838228 43.074701
    -89.838212 43.081862
    -89.838209 43.083205
    -89.838197 43.088474
    -89.83817 43.089122
    -89.838169 43.089357
    -89.838111 43.104155
    -89.83803 43.1106
    -89.838056 43.118239
    -89.838078 43.124264
    -89.838071 43.124453
    -89.838046 43.124993
    -89.838034 43.127629
    -89.838031 43.127934
    -89.838032 43.127996
    -89.838032 43.128059
    -89.83802 43.131082
    -89.837995 43.137273
    -89.837988 43.13896
    -89.837987 43.140457
    -89.837982 43.151255
    -89.837981 43.155145
    -89.837978 43.162059
    -89.837978 43.163437
    -89.837977 43.165788
    -89.837977 43.16588
    -89.837977 43.166755
    -89.83795 43.166806
    -89.837945 43.166824
    -89.837924 43.166894
    -89.837911 43.167
    -89.837912 43.167071
    -89.837913 43.167126
    -89.837904 43.167534
    -89.83791 43.167896
    -89.837916 43.168076
    -89.837949 43.169075
    -89.838003 43.171055
    -89.838025 43.173113
    -89.838022 43.173563
    -89.838028 43.173993
    -89.838028 43.174993
    -89.838016 43.17525
    -89.838009 43.175311
    -89.838025 43.17558
    -89.83802 43.175655
    -89.838018 43.176393
    -89.83801 43.17658
    -89.838008 43.176616
    -89.837992 43.177101
    -89.837993 43.177314
    -89.837981 43.177561
    -89.837982 43.178015
    -89.837968 43.178589
    -89.837981 43.179518
    -89.837988 43.179676
    -89.83801 43.180591
    -89.838006 43.180691
    -89.838026 43.180835
    -89.838046 43.180926
    -89.838076 43.181014
    -89.838109 43.181081
    -89.838116 43.188524
    -89.838112 43.188716
    -89.838083 43.19475
    -89.838086 43.194883
    -89.838145 43.19861
    -89.838143 43.201138
    -89.838143 43.201354
    -89.83814 43.202847
    -89.838149 43.202961
    -89.838181 43.203368
    -89.838152 43.205048
    -89.838135 43.206057
    -89.834855 43.208265
    -89.833635 43.209087
    -89.832512 43.209683
    -89.832228 43.209834
    -89.831815 43.210054
    -89.831435 43.210255
    -89.831065 43.210362
    -89.830455 43.210538
    -89.829577 43.211028
    -89.828813 43.211751
    -89.828514 43.212294
    -89.828732 43.212629
    -89.828803 43.212739
    -89.828827 43.212973
    -89.828768 43.213172
    -89.828656 43.21351
    -89.826078 43.216825
    -89.825146 43.217646
    -89.823551 43.21931
    -89.820835 43.222236
    -89.820808 43.222265
    -89.820675 43.222409
    -89.817927 43.224491
    -89.817771 43.224608
    -89.817576 43.224757
    -89.817374 43.22491
    -89.817094 43.225122
    -89.816807 43.22534
    -89.816542 43.22554
    -89.815324 43.226462
    -89.814869 43.226582
    -89.81477 43.226608
    -89.814059 43.227219
    -89.813681 43.227669
    -89.813647 43.22829
    -89.81364 43.228411
    -89.813569 43.228667
    -89.81336 43.22942
    -89.81303 43.230605
    -89.812124 43.233866
    -89.812044 43.234152
    -89.811685 43.234616
    -89.811289 43.235128
    -89.810717 43.235782
    -89.810713 43.235787
    -89.81014 43.236442
    -89.808785 43.237443
    -89.808774 43.237449
    -89.808168 43.237782
    -89.808161 43.237786
    -89.808155 43.237789
    -89.807327 43.238244
    -89.806413 43.238464
    -89.805014 43.238807
    -89.802298 43.23915
    -89.80229 43.239151
    -89.801112 43.239203
    -89.801007 43.239208
    -89.800958 43.23921
    -89.80095 43.23921
    -89.800906 43.239212
    -89.800341 43.239236
    -89.800132 43.239246
    -89.798713 43.239218
    -89.797624 43.239197
    -89.796032 43.239167
    -89.794235 43.239133
    -89.793328 43.239024
    -89.79129 43.238685
    -89.791268 43.238681
    -89.790996 43.238635
    -89.790491 43.238601
    -89.790443 43.238598
    -89.790127 43.238581
    -89.789662 43.238555
    -89.78687 43.238401
    -89.786846 43.238401
    -89.784871 43.238384
    -89.784691 43.238383
    -89.784091 43.2385
    -89.784 43.238508
    -89.781389 43.238737
    -89.780956 43.238775
    -89.780395 43.238824
    -89.779966 43.238862
    -89.779603 43.238899
    -89.779548 43.238905
    -89.779392 43.238919
    -89.77937 43.238921
    -89.779362 43.238922
    -89.779355 43.238923
    -89.779332 43.238925
    -89.779307 43.238927
    -89.777435 43.239097
    -89.776536 43.239179
    -89.775317 43.23929
    -89.773461 43.239458
    -89.772886 43.239576
    -89.772087 43.239968
    -89.77141 43.240433
    -89.770985 43.240808
    -89.770817 43.240957
    -89.770797 43.240975
    -89.77078 43.24099
    -89.770775 43.240994
    -89.770731 43.241033
    -89.770668 43.241148
    -89.770487 43.241254
    -89.770452 43.241274
    -89.76973 43.241696
    -89.769355 43.241696
    -89.769198 43.241879
    -89.769091 43.24193
    -89.767697 43.242587
    -89.767311 43.242748
    -89.767041 43.242861
    -89.766781 43.243061
    -89.766699 43.243122
    -89.766617 43.243184
    -89.766352 43.243386
    -89.766133 43.243615
    -89.765945 43.244163
    -89.764694 43.245557
    -89.76413 43.246357
    -89.763098 43.247477
    -89.76266 43.247797
    -89.761596 43.248345
    -89.760064 43.24887
    -89.75947 43.248915
    -89.758344 43.248755
    -89.758324 43.248748
    -89.7565 43.248114
    -89.755624 43.247702
    -89.755592 43.247695
    -89.755121 43.247595
    -89.755084 43.247587
    -89.755043 43.247578
    -89.754124 43.247382
    -89.752811 43.247221
    -89.75225 43.247209
    -89.752184 43.247208
    -89.752106 43.247224
    -89.751117 43.247423
    -89.751062 43.247441
    -89.750919 43.247487
    -89.75067 43.247567
    -89.750656 43.247574
    -89.750135 43.247849
    -89.750128 43.247852
    -89.750025 43.247898
    -89.750015 43.247903
    -89.750008 43.247906
    -89.749832 43.247985
    -89.749507 43.248243
    -89.748955 43.248751
    -89.748318 43.249377
    -89.747878 43.250051
    -89.746735 43.251522
    -89.746557 43.251682
    -89.745813 43.25235
    -89.744865 43.253022
    -89.74383 43.253755
    -89.740425 43.254688
    -89.737774 43.255376
    -89.734942 43.256557
    -89.733833 43.257215
    -89.733826 43.257219
    -89.733818 43.257224
    -89.733732 43.257275
    -89.733588 43.25736
    -89.733496 43.257414
    -89.733392 43.257475
    -89.732464 43.258025
    -89.732395 43.258066
    -89.73046 43.259672
    -89.729546 43.260757
    -89.729525 43.260782
    -89.729519 43.260789
    -89.729514 43.260795
    -89.729509 43.260801
    -89.729202 43.261166
    -89.727702 43.263357
    -89.727346 43.26412
    -89.726945 43.264605
    -89.726933 43.264619
    -89.726918 43.264637
    -89.72678 43.264805
    -89.726739 43.264841
    -89.726662 43.264909
    -89.726632 43.264935
    -89.726617 43.264948
    -89.725833 43.265303
    -89.725539 43.265436
    -89.723887 43.266042
    -89.723865 43.266051
    -89.723215 43.266322
    -89.722682 43.266698
    -89.721221 43.268363
    -89.721134 43.268462
    -89.719826 43.269973
    -89.719812 43.269989
    -89.719803 43.269999
    -89.719274 43.270613
    -89.718488 43.271496
    -89.718261 43.271751
    -89.717464 43.27252
    -89.717379 43.272602
    -89.717372 43.272612
    -89.716766 43.273479
    -89.716727 43.273535
    -89.716722 43.273541
    -89.716718 43.273547
    -89.716714 43.273553
    -89.716707 43.273563
    -89.716269 43.274189
    -89.715499 43.275619
    -89.715384 43.275832
    -89.715308 43.275974
    -89.715204 43.276173
    -89.715186 43.276207
    -89.715166 43.276245
    -89.715152 43.276271
    -89.715122 43.276328
    -89.715101 43.276368
    -89.715097 43.276375
    -89.715094 43.276381
    -89.715089 43.276392
    -89.7146 43.277332
    -89.714578 43.277378
    -89.713962 43.278664
    -89.713958 43.278684
    -89.713639 43.280417
    -89.713441 43.281927
    -89.713429 43.282027
    -89.713711 43.283165
    -89.713879 43.283827
    -89.715028 43.285987
    -89.71619 43.288065
    -89.718232 43.29102
    -89.720295 43.292928
    -89.719319 43.292956
    -89.718993 43.292962
    -89.718895 43.292964
    -89.718821 43.292965
    -89.716684 43.293005
    -89.716471 43.29301
    -89.716378 43.293012
    -89.715639 43.293028
    -89.715501 43.293031
    -89.713779 43.293044
    -89.713771 43.293044
    -89.713054 43.29305
    -89.711565 43.293052
    -89.709724 43.293055
    -89.709636 43.293055
    -89.694328 43.293078
    -89.676547 43.293185
    -89.66507 43.293019
    -89.665055 43.293019
    -89.662831 43.292986
    -89.660607 43.292954
    -89.660573 43.292954
    -89.659547 43.292939
    -89.659345 43.292936
    -89.659245 43.293016
    -89.659219 43.293027
    -89.659163 43.293051
    -89.659039 43.293105
    -89.658916 43.293133
    -89.658893 43.293138
    -89.658856 43.293145
    -89.658845 43.293148
    -89.658653 43.293156
    -89.658364 43.293158
    -89.658042 43.293153
    -89.656826 43.293153
    -89.655944 43.293157
    -89.655849 43.293155
    -89.655842 43.293155
    -89.655834 43.293155
    -89.655825 43.293155
    -89.655818 43.293155
    -89.655809 43.293155
    -89.655797 43.293155
    -89.655779 43.293155
    -89.655654 43.293154
    -89.655525 43.293155
    -89.655504 43.293155
    -89.655491 43.293155
    -89.655477 43.293155
    -89.65547 43.293155
    -89.655462 43.293155
    -89.655393 43.293157
    -89.655136 43.293154
    -89.654065 43.293155
    -89.653506 43.293164
    -89.653466 43.293164
    -89.652818 43.293168
    -89.651539 43.293161
    -89.650854 43.293155
    -89.65059 43.293157
    -89.649527 43.293153
    -89.649481 43.293153
    -89.648162 43.293153
    -89.647921 43.293148
    -89.647914 43.293148
    -89.647904 43.293148
    -89.64789 43.293148
    -89.64788 43.293148
    -89.647866 43.293148
    -89.647846 43.293148
    -89.647608 43.293145
    -89.647528 43.293147
    -89.64752 43.293147
    -89.64751 43.293147
    -89.6475 43.293147
    -89.647484 43.293147
    -89.647294 43.293149
    -89.646016 43.293151
    -89.645829 43.293153
    -89.644893 43.293153
    -89.64405 43.293153
    -89.643437 43.293149
    -89.64323 43.293153
    -89.64306 43.29315
    -89.642028 43.293151
    -89.641887 43.293149
    -89.64187 43.293149
    -89.641857 43.293149
    -89.641846 43.293149
    -89.641837 43.293149
    -89.64183 43.293149
    -89.641819 43.293149
    -89.64181 43.293149
    -89.641803 43.293149
    -89.641795 43.293149
    -89.641787 43.293149
    -89.64178 43.293149
    -89.641773 43.293149
    -89.641731 43.293146
    -89.641068 43.293149
    -89.640984 43.293164
    -89.640895 43.293174
    -89.640878 43.293177
    -89.64075 43.293195
    -89.640728 43.293184
    -89.640589 43.293115
    -89.640548 43.293094
    -89.640522 43.293067
    -89.6405 43.293044
    -89.640479 43.293017
    -89.640465 43.293
    -89.640313 43.293004
    -89.640262 43.293006
    -89.635674 43.293139
    -89.635664 43.293139
    -89.635657 43.293139
    -89.635649 43.29314
    -89.635593 43.29314
    -89.6341 43.29315
    -89.63408 43.29315
    -89.633896 43.293152
    -89.633849 43.293153
    -89.633547 43.293155
    -89.633531 43.293155
    -89.633414 43.293156
    -89.633098 43.293158
    -89.633085 43.293158
    -89.632782 43.29316
    -89.631894 43.293167
    -89.630712 43.293176
    -89.630602 43.293177
    -89.630594 43.293177
    -89.630551 43.293175
    -89.630511 43.293173
    -89.630502 43.293172
    -89.630124 43.293155
    -89.625121 43.293169
    -89.621044 43.293131
    -89.620505 43.293132
    -89.620494 43.293132
    -89.619689 43.293135
    -89.615704 43.293148
    -89.615582 43.293148
    -89.615044 43.29315
    -89.614966 43.29315
    -89.609645 43.293167
    -89.608404 43.293157
    -89.607733 43.29316
    -89.607723 43.29316
    -89.607047 43.293162
    -89.606674 43.293163
    -89.600857 43.293184
    -89.581712 43.293256
    -89.581658 43.293257
    -89.581647 43.293257
    -89.581285 43.293259
    -89.566232 43.293383
    -89.566222 43.293383
    -89.56498 43.293387
    -89.548594 43.293442
    -89.548334 43.293443
    -89.547808 43.293445
    -89.547477 43.293446
    -89.547401 43.293446
    -89.547362 43.293446
    -89.543057 43.29346
    -89.542964 43.293461
    -89.542932 43.293461
    -89.542915 43.293461
    -89.54179 43.293465
    -89.540875 43.293468
    -89.540618 43.293469
    -89.540581 43.293469
    -89.540569 43.293469
    -89.540557 43.29347
    -89.540536 43.29347
    -89.540484 43.29347
    -89.54044 43.29347
    -89.540428 43.29347
    -89.540299 43.29347
    -89.522492 43.29361
    -89.521878 43.293724
    -89.521849 43.293729
    -89.521774 43.293742
    -89.521472 43.293734
    -89.521086 43.293724
    -89.519824 43.293724
    -89.519131 43.293719
    -89.518998 43.293718
    -89.518985 43.293718
    -89.51709 43.293711
    -89.516267 43.293732
    -89.514502 43.293724
    -89.513922 43.293725
    -89.513842 43.293726
    -89.513833 43.293726
    -89.513659 43.293728
    -89.513651 43.293728
    -89.513634 43.293729
    -89.513619 43.293729
    -89.513597 43.293729
    -89.512835 43.293738
    -89.512738 43.29374
    -89.512312 43.293749
    -89.510187 43.29376
    -89.509149 43.293772
    -89.5087 43.293784
    -89.508524 43.293782
    -89.508118 43.293785
    -89.508036 43.293786
    -89.50798 43.293787
    -89.507976 43.293787
    -89.507882 43.293788
    -89.507065 43.293802
    -89.504733 43.293833
    -89.502098 43.293867
    -89.500647 43.293876
    -89.500262 43.293884
    -89.500122 43.293887
    -89.500142 43.293861
    -89.498587 43.293904
    -89.498519 43.293904
    -89.498509 43.293904
    -89.498393 43.293903
    -89.488527 43.293856
    -89.488382 43.293855
    -89.488362 43.293857
    -89.487079 43.29399
    -89.486801 43.294019
    -89.486715 43.294028
    -89.485788 43.29404
    -89.483141 43.294077
    -89.483077 43.294075
    -89.483002 43.294073
    -89.482922 43.294071
    -89.482469 43.29408
    -89.482062 43.294083
    -89.482053 43.294084
    -89.482044 43.294084
    -89.481754 43.294093
    -89.481641 43.294094
    -89.48163 43.294094
    -89.479469 43.294102
    -89.477761 43.294113
    -89.476135 43.294114
    -89.475642 43.294119
    -89.473704 43.294126
    -89.473582 43.294131
    -89.473035 43.294124
    -89.473026 43.294124
    -89.473016 43.294124
    -89.472999 43.294124
    -89.472972 43.294124
    -89.472929 43.294124
    -89.472865 43.294124
    -89.472777 43.294124
    -89.472726 43.294124
    -89.472719 43.294124
    -89.472712 43.294125
    -89.472697 43.294125
    -89.47267 43.294125
    -89.47221 43.294127
    -89.472052 43.294124
    -89.471082 43.294131
    -89.471071 43.294131
    -89.471061 43.294131
    -89.471041 43.294131
    -89.471003 43.294131
    -89.470278 43.294135
    -89.468864 43.294134
    -89.468852 43.294134
    -89.468693 43.294134
    -89.468525 43.294137
    -89.468518 43.294137
    -89.468508 43.294137
    -89.468497 43.294137
    -89.468488 43.294137
    -89.468481 43.294137
    -89.468474 43.294138
    -89.468073 43.294144
    -89.466844 43.294152
    -89.466614 43.29415
    -89.466591 43.29415
    -89.464834 43.294147
    -89.464745 43.294147
    -89.464697 43.294147
    -89.464667 43.294147
    -89.464647 43.294147
    -89.464632 43.294147
    -89.464621 43.294147
    -89.464612 43.294147
    -89.464605 43.294147
    -89.464594 43.294147
    -89.464586 43.294147
    -89.464578 43.294147
    -89.46457 43.294147
    -89.464563 43.294147
    -89.464545 43.294146
    -89.463815 43.294144
    -89.463522 43.294148
    -89.463505 43.294148
    -89.463496 43.294148
    -89.463489 43.294149
    -89.46345 43.294149
    -89.463415 43.294149
    -89.463381 43.294149
    -89.463349 43.294149
    -89.46332 43.294149
    -89.463293 43.294149
    -89.463269 43.294149
    -89.463248 43.294149
    -89.46323 43.294149
    -89.463215 43.294149
    -89.463202 43.294149
    -89.463191 43.294149
    -89.463182 43.294149
    -89.463175 43.294149
    -89.463164 43.294149
    -89.463074 43.29415
    -89.462984 43.294151
    -89.462933 43.294151
    -89.462898 43.294151
    -89.462578 43.294154
    -89.462488 43.294155
    -89.46246 43.294155
    -89.462453 43.294156
    -89.46244 43.294156
    -89.462431 43.294156
    -89.462328 43.294157
    -89.462301 43.294157
    -89.462152 43.294157
    -89.459936 43.294163
    -89.456434 43.294162
    -89.452345 43.294167
    -89.452332 43.294167
    -89.451521 43.29416
    -89.451447 43.294161
    -89.451357 43.294162
    -89.451338 43.294162
    -89.451331 43.294162
    -89.450654 43.294168
    -89.450639 43.294168
    -89.450632 43.294169
    -89.450623 43.294169
    -89.450595 43.294169
    -89.450227 43.294172
    -89.447083 43.294187
    -89.446352 43.294184
    -89.446108 43.294183
    -89.445939 43.294184
    -89.444924 43.29419
    -89.443528 43.294183
    -89.443031 43.294165
    -89.442987 43.294161
    -89.442372 43.294126
    -89.432173 43.294117
    -89.430826 43.294116
    -89.42243 43.294108
    -89.417832 43.294103
    -89.41751 43.294111
    -89.4175 43.294111
    -89.41749 43.294111
    -89.415472 43.294158
    -89.415435 43.294159
    -89.415273 43.294157
    -89.415105 43.294154
    -89.414981 43.294152
    -89.414535 43.294147
    -89.414515 43.294147
    -89.414505 43.294147
    -89.414494 43.294146
    -89.411874 43.29413
    -89.411836 43.29413
    -89.409941 43.294118
    -89.409901 43.294118
    -89.409862 43.294118
    -89.408967 43.294112
    -89.408496 43.294108
    -89.408031 43.294104
    -89.406794 43.294095
    -89.406784 43.294095
    -89.406774 43.294094
    -89.406755 43.294094
    -89.406724 43.294094
    -89.405993 43.294089
    -89.404555 43.29408
    -89.404385 43.294079
    -89.404373 43.294079
    -89.404352 43.294079
    -89.403801 43.294076
    -89.403312 43.294084
    -89.402642 43.294069
    -89.402632 43.294069
    -89.402432 43.294062
    -89.402125 43.294055
    -89.401689 43.294046
    -89.401274 43.294051
    -89.401266 43.294051
    -89.400959 43.294055
    -89.397987 43.294046
    -89.396389 43.294045
    -89.395045 43.294056
    -89.392724 43.294034
    -89.391986 43.294027
    -89.391015 43.294028
    -89.387083 43.294041
    -89.387053 43.294041
    -89.387042 43.294041
    -89.387032 43.294041
    -89.386925 43.294042
    -89.385062 43.294039
    -89.385053 43.294039
    -89.385042 43.294039
    -89.385021 43.294039
    -89.384982 43.294039
    -89.384908 43.294039
    -89.384141 43.294038
    -89.384129 43.294038
    -89.384036 43.294038
    -89.383019 43.294033
    -89.382925 43.294035
    -89.381786 43.294048
    -89.38042 43.294035
    -89.379746 43.294035
    -89.379526 43.294035
    -89.379411 43.294035
    -89.379094 43.294035
    -89.379033 43.294035
    -89.379016 43.294035
    -89.37652 43.294037
    -89.376495 43.294037
    -89.375901 43.294037
    -89.374556 43.294033
    -89.373376 43.294038
    -89.373239 43.294037
    -89.373209 43.294037
    -89.372393 43.294033
    -89.372367 43.294033
    -89.372299 43.294033
    -89.371979 43.294031
    -89.371032 43.294033
    -89.371003 43.294033
    -89.370791 43.294034
    -89.369109 43.294038
    -89.369033 43.294038
    -89.369006 43.294038
    -89.368984 43.294038
    -89.368945 43.294038
    -89.368873 43.294038
    -89.368866 43.294039
    -89.368854 43.294039
    -89.368834 43.294039
    -89.368805 43.294039
    -89.368773 43.294039
    -89.367678 43.294047
    -89.366981 43.294047
    -89.36685 43.294047
    -89.366819 43.294047
    -89.366808 43.294047
    -89.363815 43.294046
    -89.363804 43.294046
    -89.363689 43.294046
    -89.363668 43.294046
    -89.363644 43.294046
    -89.363637 43.294046
    -89.36363 43.294045
    -89.363617 43.294045
    -89.363159 43.294036
    -89.363152 43.291911
    -89.363152 43.291898
    -89.363152 43.291839
    -89.363153 43.291683
    -89.363153 43.291667
    -89.363153 43.29166
    -89.363153 43.291654
    -89.363156 43.291378
    -89.363156 43.288799
    -89.363138 43.287113
    -89.363138 43.287097
    -89.363138 43.287075
    -89.363138 43.287054
    -89.363137 43.287045
    -89.363137 43.28704
    -89.363137 43.287028
    -89.363137 43.28699
    -89.363137 43.286974
    -89.363137 43.286967
    -89.363135 43.286771
    -89.363134 43.286481
    -89.363134 43.286466
    -89.363134 43.286452
    -89.363131 43.285594
    -89.363125 43.28521
    -89.363121 43.284719
    -89.36312 43.284602
    -89.36312 43.284515
    -89.363102 43.283094
    -89.3631 43.283018
    -89.3631 43.283013
    -89.3631 43.283004
    -89.3631 43.282989
    -89.363099 43.282981
    -89.363099 43.282975
    -89.363099 43.282966
    -89.363092 43.282737
    -89.363089 43.282212
    -89.363085 43.281426
    -89.363085 43.281392
    -89.363085 43.28132
    -89.363085 43.281305
    -89.363084 43.28127
    -89.363081 43.281164
    -89.36239 43.281161
    -89.362381 43.281161
    -89.36237 43.281161
    -89.362346 43.281161
    -89.362292 43.281161
    -89.362159 43.281161
    -89.354325 43.281197
    -89.353576 43.281201
    -89.353558 43.281201
    -89.353546 43.281201
    -89.353537 43.281201
    -89.35353 43.281201
    -89.353521 43.281201
    -89.353513 43.281201
    -89.353505 43.281201
    -89.353498 43.281199
    -89.353487 43.281201
    -89.35348 43.281201
    -89.353458 43.281203
    -89.353425 43.281207
    -89.353374 43.281212
    -89.353366 43.281213
    -89.353283 43.281222
    -89.353252 43.281225
    -89.352726 43.281228
    -89.351615 43.281215
    -89.349566 43.281202
    -89.348921 43.281194
    -89.348436 43.281191
    -89.345862 43.28118
    -89.345126 43.281169
    -89.344809 43.281167
    -89.344491 43.281174
    -89.344139 43.281164
    -89.343252 43.281159
    -89.341902 43.281143
    -89.341819 43.281142
    -89.341616 43.281141
    -89.340834 43.281136
    -89.3406 43.281136
    -89.340588 43.281136
    -89.340303 43.281137
    -89.339743 43.281128
    -89.337093 43.281101
    -89.336174 43.281101
    -89.335337 43.281085
    -89.335077 43.281083
    -89.33456 43.281084
    -89.334466 43.281084
    -89.334439 43.281084
    -89.332681 43.281065
    -89.331747 43.281044
    -89.330488 43.281027
    -89.328308 43.281008
    -89.326155 43.280981
    -89.32518 43.280959
    -89.3247 43.28096
    -89.324681 43.280959
    -89.324364 43.28095
    -89.324265 43.280949
    -89.323737 43.280949
    -89.322666 43.280938
    -89.32239 43.280935
    -89.321217 43.280927
    -89.319952 43.280909
    -89.319913 43.280909
    -89.319906 43.280908
    -89.319899 43.280908
    -89.319888 43.280908
    -89.319875 43.280908
    -89.318547 43.280895
    -89.318058 43.28089
    -89.318048 43.28089
    -89.317855 43.280888
    -89.316753 43.280886
    -89.316292 43.280877
    -89.315122 43.280881
    -89.314924 43.280889
    -89.314619 43.280887
    -89.314359 43.280893
    -89.314133 43.280887
    -89.313831 43.280884
    -89.313809 43.280884
    -89.313781 43.280884
    -89.313748 43.280883
    -89.313741 43.280883
    -89.313734 43.280883
    -89.313721 43.280883
    -89.313655 43.280882
    -89.313427 43.280882
    -89.3134 43.280882
    -89.31339 43.280882
    -89.312789 43.280883
    -89.312668 43.280879
    -89.312652 43.280879
    -89.311806 43.280872
    -89.311681 43.280876
    -89.311674 43.280876
    -89.311667 43.280876
    -89.311659 43.280876
    -89.311651 43.280876
    -89.31164 43.280876
    -89.311633 43.280876
    -89.311625 43.280876
    -89.311614 43.280876
    -89.311601 43.280876
    -89.311584 43.280876
    -89.311379 43.280879
    -89.31108 43.280874
    -89.311058 43.280873
    -89.311051 43.280873
    -89.311042 43.280873
    -89.310961 43.280872
    -89.310909 43.280872
    -89.310891 43.280872
    -89.310879 43.280872
    -89.310555 43.280874
    -89.307985 43.280853
    -89.307293 43.280855
    -89.307099 43.280852
    -89.305456 43.280849
    -89.305334 43.280844
    -89.305322 43.280843
    -89.305262 43.280841
    -89.305172 43.28084
    -89.305032 43.280834
    -89.304907 43.280832
    -89.28523 43.281288
    -89.285161 43.281289
    -89.28515 43.281289
    -89.270376 43.281567
    -89.270359 43.281567
    -89.255342 43.281858
    -89.255328 43.281858
    -89.254478 43.281877
    -89.250114 43.281975
    -89.245406 43.282115
    -89.245303 43.282118
    -89.245249 43.282119
    -89.245206 43.282119
    -89.244511 43.282125
    -89.244465 43.282125
    -89.24445 43.282125
    -89.244324 43.282126
    -89.244282 43.282126
    -89.243669 43.282132
    -89.241499 43.282154
    -89.241403 43.282154
    -89.236226 43.282181
    -89.2316 43.282328
    -89.231586 43.282328
    -89.231446 43.282327
    -89.231439 43.282327
    -89.231431 43.282327
    -89.231411 43.282327
    -89.231345 43.282327
    -89.229592 43.28234
    -89.22958 43.28234
    -89.229571 43.28234
    -89.229564 43.28234
    -89.229054 43.282349
    -89.229045 43.282349
    -89.228973 43.28235
    -89.228491 43.282352
    -89.228473 43.282352
    -89.228432 43.282352
    -89.226472 43.282376
    -89.22615 43.28238
    -89.226125 43.28238
    -89.226116 43.28238
    -89.226109 43.282381
    -89.226087 43.282381
    -89.226076 43.282381
    -89.224777 43.282397
    -89.224385 43.282399
    -89.224341 43.282399
    -89.224313 43.282399
    -89.223033 43.282404
    -89.222046 43.282416
    -89.221527 43.282422
    -89.220641 43.282425
    -89.220069 43.282434
    -89.219765 43.282435
    -89.218751 43.28245
    -89.215656 43.282475
    -89.212737 43.282504
    -89.212118 43.282506
    -89.211839 43.282503
    -89.211709 43.282501
    -89.211634 43.282492
    -89.211532 43.28248
    -89.211396 43.282449
    -89.211233 43.282399
    -89.211189 43.282379
    -89.211173 43.282379
    -89.21067 43.282381
    -89.209749 43.282386
    -89.209701 43.282388
    -89.207598 43.282474
    -89.20619 43.282532
    -89.205983 43.282532
    -89.204985 43.282536
    -89.203956 43.28254
    -89.202158 43.282549
    -89.202137 43.282549
    -89.202126 43.28255
    -89.202116 43.28255
    -89.202084 43.28255
    -89.202048 43.28255
    -89.201813 43.282551
    -89.201728 43.282551
    -89.201688 43.282551
    -89.201088 43.282554
    -89.200758 43.282555
    -89.200674 43.282555
    -89.200648 43.282555
    -89.199609 43.282557
    -89.199191 43.282564
    -89.197476 43.282579
    -89.197303 43.282577
    -89.195322 43.282592
    -89.195277 43.282592
    -89.195269 43.282593
    -89.195261 43.282593
    -89.195247 43.282593
    -89.195228 43.282593
    -89.193733 43.282604
    -89.193082 43.282603
    -89.191722 43.28261
    -89.191575 43.282612
    -89.191258 43.282616
    -89.189672 43.282618
    -89.189652 43.282618
    -89.189595 43.282618
    -89.188094 43.28262
    -89.188074 43.28262
    -89.187594 43.282621
    -89.18733 43.282617
    -89.18712 43.282602
    -89.187079 43.282599
    -89.187066 43.282598
    -89.187051 43.282597
    -89.187044 43.282596
    -89.187029 43.282595
    -89.187009 43.282594
    -89.18682 43.282585
    -89.186803 43.282584
    -89.186601 43.282574
    -89.18554 43.282567
    -89.182968 43.282582
    -89.181996 43.282575
    -89.181971 43.282575
    -89.180913 43.282569
    -89.180905 43.282569
    -89.180895 43.282569
    -89.180888 43.282569
    -89.180878 43.282569
    -89.180865 43.282569
    -89.180847 43.282569
    -89.180823 43.282569
    -89.180791 43.282569
    -89.180747 43.282569
    -89.180684 43.282569
    -89.180591 43.282569
    -89.176735 43.282576
    -89.176726 43.282576
    -89.176714 43.282576
    -89.176698 43.282576
    -89.176677 43.282576
    -89.17665 43.282576
    -89.176616 43.282576
    -89.176573 43.282576
    -89.176519 43.282576
    -89.176489 43.282576
    -89.176472 43.282576
    -89.176463 43.282577
    -89.176454 43.282577
    -89.175271 43.282586
    -89.174861 43.282585
    -89.174771 43.282583
    -89.174709 43.282581
    -89.174691 43.282578
    -89.174651 43.282572
    -89.174644 43.282571
    -89.174635 43.28257
    -89.174612 43.282567
    -89.174577 43.282562
    -89.174556 43.282558
    -89.174499 43.282545
    -89.174462 43.282537
    -89.174451 43.282533
    -89.174427 43.282533
    -89.174167 43.28253
    -89.168365 43.282464
    -89.168136 43.282464
    -89.166941 43.282463
    -89.166914 43.282541
    -89.166869 43.282599
    -89.16686 43.28261
    -89.166758 43.282646
    -89.166592 43.282662
    -89.166556 43.282662
    -89.163929 43.28264
    -89.162036 43.28264
    -89.161278 43.28265
    -89.159319 43.282695
    -89.159307 43.282695
    -89.1593 43.282695
    -89.159292 43.282696
    -89.159272 43.282696
    -89.159258 43.282696
    -89.159248 43.282696
    -89.159196 43.282697
    -89.15883 43.282699
    -89.158761 43.282699
    -89.158724 43.282699
    -89.157721 43.282704
    -89.156837 43.282698
    -89.156829 43.282698
    -89.156521 43.282696
    -89.153928 43.2827
    -89.152738 43.282689
    -89.151845 43.282688
    -89.151597 43.282684
    -89.151369 43.28268
    -89.151279 43.28268
    -89.150407 43.282678
    -89.150385 43.282678
    -89.148797 43.282674
    -89.148788 43.282674
    -89.147531 43.282671
    -89.147309 43.282672
    -89.147294 43.282672
    -89.147285 43.282672
    -89.147206 43.282673
    -89.147148 43.282674
    -89.146293 43.28267
    -89.146038 43.282667
    -89.144719 43.282655
    -89.143668 43.282643
    -89.143657 43.282643
    -89.143635 43.282643
    -89.140193 43.282603
    -89.139814 43.282596
    -89.139794 43.282596
    -89.139778 43.282595
    -89.13977 43.282595
    -89.139755 43.282595
    -89.138455 43.28257
    -89.137722 43.282566
    -89.137206 43.282556
    -89.135975 43.282545
    -89.135943 43.282545
    -89.135934 43.282545
    -89.135717 43.282543
    -89.133961 43.282532
    -89.133601 43.28253
    -89.129736 43.282506
    -89.128964 43.282494
    -89.128234 43.282486
    -89.128212 43.282486
    -89.128199 43.282486
    -89.128192 43.282486
    -89.128184 43.282485
    -89.127998 43.282485
    -89.127907 43.282485
    -89.127853 43.282485
    -89.127818 43.282485
    -89.127793 43.282485
    -89.127774 43.282485
    -89.127759 43.282485
    -89.127747 43.282485
    -89.127738 43.282485
    -89.12773 43.282485
    -89.127717 43.282485
    -89.127708 43.282485
    -89.127698 43.282485
    -89.127691 43.282485
    -89.127683 43.282485
    -89.127676 43.282485
    -89.127669 43.282485
    -89.127658 43.282486
    -89.127619 43.28249
    -89.127477 43.282494
    -89.127398 43.282489
    -89.127391 43.282489
    -89.127381 43.282489
    -89.127309 43.282486
    -89.127257 43.282484
    -89.127239 43.282485
    -89.127161 43.282488
    -89.127052 43.282484
    -89.126912 43.282475
    -89.126856 43.282478
    -89.126781 43.282474
    -89.126543 43.282479
    -89.12646 43.282475
    -89.126206 43.282484
    -89.126115 43.282484
    -89.125952 43.282484
    -89.125932 43.282489
    -89.125925 43.282489
    -89.125918 43.282489
    -89.12591 43.282489
    -89.125903 43.282489
    -89.125894 43.282489
    -89.125886 43.282489
    -89.125877 43.282489
    -89.125866 43.282489
    -89.125859 43.282489
    -89.125851 43.282489
    -89.125842 43.282489
    -89.125832 43.282489
    -89.125821 43.282489
    -89.125778 43.28249
    -89.124942 43.28249
    -89.124934 43.28249
    -89.124927 43.28249
    -89.124824 43.282487
    -89.12413 43.282488
    -89.124047 43.282493
    -89.124038 43.282494
    -89.12403 43.282494
    -89.124018 43.282494
    -89.124011 43.282494
    -89.124001 43.282494
    -89.123715 43.282491
    -89.123586 43.282496
    -89.123577 43.282496
    -89.12357 43.282496
    -89.123563 43.282496
    -89.123553 43.282496
    -89.123543 43.282496
    -89.123529 43.282496
    -89.12344 43.282495
    -89.123387 43.282496
    -89.123378 43.282496
    -89.123369 43.282497
    -89.123346 43.282497
    -89.123317 43.282497
    -89.123283 43.282497
    -89.123244 43.282497
    -89.123201 43.282497
    -89.123157 43.282497
    -89.121642 43.282506
    -89.121436 43.282504
    -89.121189 43.282509
    -89.120792 43.282504
    -89.120541 43.282507
    -89.120457 43.282504
    -89.120448 43.282503
    -89.120441 43.282504
    -89.120431 43.282504
    -89.120422 43.282504
    -89.120407 43.282504
    -89.120385 43.282504
    -89.120352 43.282504
    -89.120305 43.282504
    -89.120031 43.282505
    -89.12 43.282504
    -89.119992 43.282504
    -89.119983 43.282504
    -89.119974 43.282504
    -89.119967 43.282504
    -89.119959 43.282504
    -89.119952 43.282504
    -89.119945 43.282504
    -89.119938 43.282504
    -89.119931 43.282504
    -89.11992 43.2825
    -89.119815 43.282503
    -89.119733 43.2825
    -89.119707 43.282504
    -89.1197 43.282504
    -89.119693 43.282504
    -89.119686 43.282504
    -89.119679 43.282504
    -89.119672 43.282504
    -89.119665 43.282504
    -89.119658 43.282504
    -89.119651 43.282504
    -89.119644 43.282504
    -89.119637 43.282504
    -89.11963 43.282504
    -89.119623 43.282504
    -89.119616 43.282504
    -89.119609 43.282504
    -89.119602 43.282504
    -89.119578 43.282504
    -89.119486 43.282504
    -89.119413 43.282504
    -89.118931 43.282503
    -89.118875 43.282502
    -89.118859 43.282502
    -89.118842 43.282502
    -89.118833 43.282501
    -89.118824 43.282501
    -89.118642 43.282496
    -89.118481 43.282493
    -89.118296 43.282499
    -89.11814 43.282497
    -89.118133 43.282499
    -89.118126 43.282499
    -89.118119 43.282499
    -89.118112 43.282499
    -89.118102 43.282499
    -89.118095 43.282499
    -89.118085 43.282499
    -89.118072 43.282499
    -89.11801 43.2825
    -89.117716 43.282498
    -89.117547 43.282501
    -89.117396 43.282496
    -89.117389 43.282496
    -89.117381 43.282496
    -89.117373 43.282496
    -89.117364 43.282496
    -89.117355 43.282496
    -89.117346 43.282496
    -89.117337 43.282496
    -89.11733 43.282496
    -89.117322 43.282496
    -89.117314 43.282496
    -89.117308 43.282493
    -89.11666 43.282493
    -89.116481 43.282486
    -89.115294 43.28248
    -89.11505 43.282486
    -89.114802 43.282486
    -89.114468 43.282486
    -89.113964 43.282482
    -89.113845 43.282488
    -89.113356 43.282487
    -89.112917 43.282499
    -89.11255 43.282504
    -89.112418 43.2825
    -89.112252 43.282502
    -89.111891 43.282518
    -89.111182 43.282529
    -89.110692 43.282543
    -89.110422 43.282543
    -89.110145 43.28255
    -89.109699 43.282555
    -89.109521 43.282563
    -89.108869 43.282576
    -89.107998 43.282595
    -89.107793 43.282603
    -89.107648 43.282602
    -89.107389 43.282613
    -89.107278 43.282613
    -89.107063 43.282621
    -89.10683 43.282622
    -89.106508 43.282636
    -89.106122 43.282642
    -89.105995 43.282648
    -89.105766 43.282637
    -89.105707 43.282622
    -89.105638 43.28261
    -89.105618 43.282606
    -89.105518 43.282575
    -89.105413 43.282524
    -89.105341 43.282469
    -89.10532 43.282469
    -89.105313 43.282469
    -89.105146 43.282472
    -89.104998 43.282475
    -89.104972 43.282476
    -89.096445 43.282656
    -89.093521 43.28269
    -89.089479 43.282736
    -89.089468 43.282737
    -89.089457 43.282737
    -89.089435 43.282737
    -89.088889 43.282743
    -89.088867 43.282743
    -89.08781 43.282756
    -89.08666 43.282773
    -89.086638 43.282773
    -89.086235 43.282779
    -89.086216 43.282779
    -89.086142 43.282781
    -89.086106 43.282782
    -89.086084 43.282782
    -89.08595 43.282784
    -89.082054 43.282843
    -89.082047 43.282843
    -89.081697 43.282848
    -89.081439 43.282852
    -89.07998 43.282875
    -89.072908 43.282984
    -89.068938 43.283039
    -89.06241 43.283127
    -89.060011 43.28316
    -89.049081 43.283271
    -89.048259 43.28328
    -89.039535 43.283332
    -89.039396 43.283435
    -89.03911 43.283644
    -89.039097 43.283654
    -89.039092 43.283658
    -89.038905 43.283658
    -89.038328 43.283671
    -89.036252 43.283738
    -89.035429 43.283769
    -89.03384 43.283815
    -89.031708 43.283895
    -89.031488 43.283906
    -89.031017 43.283921
    -89.030899 43.283926
    -89.03089 43.283926
    -89.030539 43.283941
    -89.030532 43.283942
    -89.030524 43.283942
    -89.030494 43.283943
    -89.030462 43.283944
    -89.030452 43.283944
    -89.029682 43.283975
    -89.029145 43.283989
    -89.029131 43.283989
    -89.015333 43.28461
    -89.015301 43.284611
    -89.015274 43.284612
    -89.015206 43.284615
    -89.015169 43.284617
    -89.01501 43.284624
    -89.014793 43.284634
    -89.014577 43.284644
    -89.013959 43.284672
    -89.011574 43.28478
    -89.009139 43.28483
    -89.009138 43.284717
    -89.009138 43.284703
    -89.009131 43.283622
    -89.009137 43.282907
    -89.009138 43.282763
    -89.009138 43.282738
    -89.009126 43.281291
    -89.009125 43.28117
    -89.00912 43.279139
    -89.00912 43.279019
    -89.009113 43.277672
    -89.009102 43.276815
    -89.009106 43.275963
    -89.009102 43.27346
    -89.009083 43.272578
    -89.009088 43.271715
    -89.009086 43.271598
    -89.009086 43.27159
    -89.009065 43.270385
    -89.009065 43.270356
    -89.009066 43.269939
    -89.00907 43.268845
    -89.009074 43.267491
    -89.009071 43.266703
    -89.009071 43.26668
    -89.009068 43.266536
    -89.009055 43.265838
    -89.009047 43.265
    -89.009044 43.264832
    -89.009044 43.264801
    -89.009032 43.264076
    -89.009019 43.263244
    -89.009018 43.263067
    -89.009018 43.263007
    -89.009017 43.262776
    -89.009006 43.262258
    -89.008967 43.261818
    -89.008967 43.261812
    -89.008935 43.261071
    -89.008909 43.258967
    -89.008905 43.258822
    -89.008893 43.258361
    -89.008892 43.258232
    -89.00889 43.257726
    -89.00889 43.257678
    -89.008889 43.257492
    -89.008889 43.257469
    -89.008878 43.256655
    -89.008856 43.255845
    -89.008856 43.255838
    -89.008831 43.255009
    -89.008817 43.253634
    -89.008804 43.252315
    -89.008804 43.252295
    -89.00879 43.250838
    -89.008788 43.250672
    -89.008786 43.250464
    -89.008781 43.249998
    -89.008778 43.249677
    -89.008776 43.248598
    -89.008754 43.246512
    -89.00875 43.244397
    -89.008741 43.243049
    -89.008729 43.241346
    -89.008729 43.24128
    -89.008734 43.240206
    -89.008731 43.239081
    -89.008732 43.238693
    -89.008733 43.238147
    -89.008735 43.237224
    -89.008736 43.237012
    -89.008743 43.236728
    -89.008745 43.236668
    -89.008759 43.236112
    -89.00876 43.236089
    -89.008781 43.23488
    -89.008782 43.233825
    -89.008776 43.232664
    -89.008784 43.231782
    -89.008763 43.229689
    -89.00877 43.228694
    -89.008759 43.226827
    -89.008759 43.226781
    -89.008758 43.226583
    -89.008746 43.22535
    -89.008752 43.225214
    -89.008765 43.225146
    -89.008792 43.225087
    -89.008814 43.225053
    -89.008828 43.225031
    -89.008815 43.224985
    -89.00878 43.224859
    -89.008762 43.224737
    -89.008757 43.224656
    -89.008752 43.223906
    -89.008759 43.223043
    -89.00876 43.222974
    -89.00876 43.222953
    -89.008752 43.222372
    -89.008759 43.22186
    -89.008754 43.221355
    -89.008761 43.220852
    -89.008757 43.219822
    -89.008762 43.218301
    -89.008741 43.216264
    -89.008741 43.215239
    -89.008742 43.215123
    -89.008743 43.215006
    -89.008759 43.212641
    -89.008758 43.212576
    -89.008758 43.212557
    -89.008752 43.212506
    -89.00873 43.21245
    -89.008735 43.21243
    -89.008737 43.212419
    -89.008751 43.212379
    -89.00877 43.212337
    -89.008798 43.212297
    -89.008844 43.212246
    -89.008832 43.211229
    -89.008786 43.207164
    -89.008788 43.206576
    -89.008875 43.200729
    -89.008912 43.198278
    -89.008914 43.198148
    -89.008915 43.198094
    -89.008916 43.198023
    -89.008916 43.198018
    -89.008916 43.198001
    -89.008918 43.197861
    -89.008918 43.197837
    -89.008919 43.197805
    -89.00892 43.197733
    -89.00892 43.197721
    -89.008984 43.193542
    -89.008991 43.193085
    -89.008991 43.193067
    -89.008992 43.193062
    -89.008992 43.193057
    -89.008992 43.19305
    -89.008993 43.192991
    -89.008994 43.192912
    -89.008999 43.192593
    -89.009008 43.191979
    -89.009032 43.190395
    -89.009058 43.188654
    -89.009061 43.188428
    -89.009188 43.18583
    -89.009315 43.183232
    -89.009459 43.180269
    -89.009459 43.180263
    -89.009459 43.180251
    -89.009459 43.180211
    -89.009461 43.180127
    -89.009476 43.179626
    -89.009482 43.179416
    -89.009497 43.17889
    -89.009521 43.178085
    -89.009524 43.177996
    -89.009526 43.177923
    -89.009617 43.175274
    -89.00962 43.175198
    -89.00962 43.175192
    -89.009621 43.175181
    -89.009621 43.175176
    -89.009816 43.170437
    -89.009854 43.168717
    -89.010069 43.158598
    -89.010399 43.148429
    -89.010578 43.142906
    -89.010911 43.136068
    -89.011445 43.125185
    -89.011461 43.124852
    -89.011661 43.119843
    -89.011672 43.119612
    -89.011991 43.112969
    -89.012056 43.111696
    -89.012071 43.1114
    -89.012071 43.111316
    -89.012071 43.111295
    -89.01207 43.110895
    -89.01207 43.110884
    -89.01207 43.110659
    -89.01207 43.11065
    -89.012069 43.110615
    -89.012065 43.110515
    -89.012065 43.11051
    -89.012029 43.109526
    -89.011938 43.107045
    -89.011919 43.106553
    -89.011919 43.106543
    -89.011919 43.106536
    -89.011876 43.105357
    -89.011876 43.105351
    -89.011864 43.10502
    -89.011656 43.099048
    -89.011653 43.098962
    -89.011632 43.098352
    -89.01148 43.0918
    -89.011457 43.090799
    -89.011451 43.090526
    -89.011439 43.090015
    -89.011443 43.089869
    -89.011452 43.089553
    -89.011454 43.089469
    -89.011429 43.087479
    -89.011418 43.086549
    -89.011417 43.086452
    -89.011411 43.086199
    -89.011353 43.083704
    -89.011353 43.083699
    -89.011353 43.083693
    -89.011353 43.083688
    -89.011352 43.083681
    -89.01134 43.083152
    -89.011341 43.083031
    -89.011341 43.083026
    -89.011341 43.083007
    -89.011344 43.082068
    -89.011357 43.081829
    -89.011355 43.081721
    -89.011355 43.0817
    -89.011307 43.074957
    -89.011307 43.074929
    -89.011303 43.074386
    -89.011303 43.074235
    -89.011303 43.074222
    -89.011299 43.072484
    -89.011299 43.072436
    -89.011299 43.072375
    -89.011299 43.072299
    -89.011299 43.072207
    -89.011299 43.072098
    -89.011299 43.071974
    -89.011299 43.071839
    -89.011299 43.071805
    -89.011299 43.071787
    -89.011299 43.071774
    -89.011298 43.071769
    -89.011298 43.071699
    -89.011295 43.070807
    -89.011288 43.070249
    -89.011286 43.070097
    -89.011285 43.070012
    -89.011285 43.070007
    -89.011285 43.069992
    -89.011276 43.069183
    -89.011271 43.068756
    -89.011271 43.068646
    -89.011271 43.068627
    -89.01127 43.068354
    -89.01127 43.068333
    -89.011269 43.068015
    -89.011269 43.067974
    -89.011247 43.067839
    -89.011255 43.067769
    -89.011213 43.067277
    -89.011201 43.067081
    -89.0112 43.06707
    -89.011028 43.064268
    -89.011028 43.064223
    -89.011028 43.064198
    -89.011029 43.064085
    -89.011032 43.063189
    -89.011032 43.063172
    -89.011032 43.063166
    -89.011033 43.063154
    -89.011033 43.06312
    -89.011033 43.063057
    -89.011033 43.062929
    -89.011033 43.06281
    -89.011033 43.062704
    -89.011034 43.062244
    -89.011036 43.059744
    -89.011036 43.059258
    -89.011036 43.058928
    -89.011037 43.057284
    -89.011046 43.057273
    -89.011073 43.057242
    -89.011106 43.057186
    -89.011109 43.05718
    -89.011146 43.057118
    -89.011149 43.057112
    -89.011152 43.057106
    -89.011186 43.057047
    -89.011239 43.056872
    -89.011272 43.056687
    -89.011308 43.056078
    -89.011345 43.054922
    -89.011347 43.054844
    -89.011356 43.054576
    -89.011358 43.054501
    -89.011376 43.053995
    -89.011377 43.053985
    -89.011377 43.05398
    -89.011377 43.053973
    -89.011378 43.053946
    -89.011423 43.052671
    -89.01145 43.05172
    -89.01145 43.051713
    -89.01145 43.051703
    -89.011484 43.050494
    -89.011514 43.04943
    -89.011527 43.048598
    -89.011528 43.048551
    -89.011544 43.047688
    -89.011545 43.047607
    -89.011557 43.04696
    -89.011557 43.04695
    -89.011565 43.046542
    -89.011566 43.046484
    -89.011574 43.04607
    -89.011575 43.04606
    -89.011575 43.046055
    -89.011575 43.046042
    -89.011581 43.045716
    -89.011587 43.045377
    -89.011584 43.044759
    -89.011584 43.044753
    -89.011584 43.044701
    -89.011584 43.044671
    -89.011583 43.044468
    -89.011585 43.044396
    -89.011591 43.044207
    -89.011671 43.041722
    -89.011828 43.038107
    -89.011828 43.038097
    -89.01183 43.038041
    -89.011968 43.034299
    -89.011969 43.034278
    -89.011969 43.034271
    -89.011969 43.034261
    -89.01197 43.034239
    -89.011973 43.034168
    -89.011998 43.033505
    -89.011998 43.033493
    -89.011999 43.033463
    -89.011999 43.033451
    -89.012 43.033444
    -89.012 43.033435
    -89.012099 43.030786
    -89.012104 43.030671
    -89.01214 43.029776
    -89.012144 43.02967
    -89.01211 43.028579
    -89.012097 43.028171
    -89.012148 43.023398
    -89.01225 43.019054
    -89.012314 43.016331
    -89.012332 43.015579
    -89.012341 43.015195
    -89.012345 43.01502
    -89.012346 43.014982
    -89.012358 43.01449
    -89.012382 43.013481
    -89.012385 43.013359
    -89.012399 43.012779
    -89.012403 43.012561
    -89.012409 43.012317
    -89.012415 43.012101
    -89.012415 43.012095
    -89.012415 43.012087
    -89.012423 43.011744
    -89.012441 43.011481
    -89.012472 43.011052
    -89.012527 43.01029
    -89.012542 43.009084
    -89.012542 43.009075
    -89.012545 43.008828
    -89.012545 43.008816
    -89.012548 43.008705
    -89.012548 43.008697
    -89.012548 43.008555
    -89.012546 43.008211
    -89.012541 43.007454
    -89.012541 43.007408
    -89.012541 43.007396
    -89.012541 43.007384
    -89.01254 43.007379
    -89.01254 43.00735
    -89.01254 43.00732
    -89.012529 43.005623
    -89.012529 43.005612
    -89.012536 43.005077
    -89.012541 43.00466
    -89.012552 43.0037
    -89.012552 43.003685
    -89.012554 43.003661
    -89.012555 43.003656
    -89.012648 43.002748
    -89.01265 43.002727
    -89.012603 43.002245
    -89.012603 43.002243
    -89.012575 43.001965
    -89.012574 43.001951
    -89.012459 43.000001
    -89.012493 42.997643
    -89.012517 42.996007
    -89.01252 42.99586
    -89.012523 42.995645
    -89.012527 42.995439
    -89.012556 42.993512
    -89.012557 42.993423
    -89.012611 42.989892
    -89.012643 42.987772
    -89.012672 42.98587
    -89.012682 42.985198
    -89.012683 42.985138
    -89.012684 42.985071
    -89.012684 42.985059
    -89.012684 42.985033
    -89.012685 42.984973
    -89.0127 42.983968
    -89.012736 42.981504
    -89.012773 42.979039
    -89.012834 42.975121
    -89.012841 42.974681
    -89.012842 42.974591
    -89.012845 42.974412
    -89.012845 42.974406
    -89.012845 42.974396
    -89.012846 42.974391
    -89.012846 42.974371
    -89.012846 42.974362
    -89.012848 42.974255
    -89.012942 42.968234
    -89.012943 42.968197
    -89.012997 42.964335
    -89.01321 42.950301
    -89.01321 42.950217
    -89.01321 42.950202
    -89.013209 42.949949
    -89.013209 42.949943
    -89.013192 42.942652
    -89.013192 42.942573
    -89.013184 42.93862
    -89.013184 42.9385
    -89.013184 42.938291
    -89.013183 42.937908
    -89.013178 42.935354
    -89.013178 42.935332
    -89.013169 42.928166
    -89.013169 42.928115
    -89.013152 42.923777
    -89.013152 42.923757
    -89.013142 42.920134
    -89.013142 42.919635
    -89.01313 42.914411
    -89.01313 42.914392
    -89.01313 42.914387
    -89.013129 42.914382
    -89.013129 42.914372
    -89.013129 42.914336
    -89.013129 42.914286
    -89.013129 42.914235
    -89.013129 42.914197
    -89.013129 42.914175
    -89.013129 42.914156
    -89.013119 42.910044
    -89.013119 42.909953
    -89.013119 42.909938
    -89.013119 42.909921
    -89.013119 42.909889
    -89.013119 42.909842
    -89.013119 42.909791
    -89.013119 42.909752
    -89.013119 42.90974
    -89.013118 42.909735
    -89.013118 42.909729
    -89.013118 42.909708
    -89.013117 42.909135
    -89.013117 42.909098
    -89.013117 42.908892
    -89.013111 42.906104
    -89.013171 42.90602
    -89.013216 42.905957
    -89.013229 42.905845
    -89.013253 42.905642
    -89.013271 42.905488
    -89.013271 42.90548
    -89.013272 42.90533
    -89.013272 42.9053
    -89.013291 42.902769
    -89.013291 42.902733
    -89.013291 42.902723
    -89.013291 42.902716
    -89.013292 42.902708
    -89.013292 42.902684
    -89.013292 42.902661
    -89.013293 42.902514
    -89.013325 42.898187
    -89.013322 42.896816
    -89.013322 42.896751
    -89.013322 42.896705
    -89.013322 42.89667
    -89.013322 42.896642
    -89.013322 42.89662
    -89.013322 42.896602
    -89.013322 42.896587
    -89.013322 42.896574
    -89.013322 42.896563
    -89.013322 42.896553
    -89.013322 42.896544
    -89.013322 42.896537
    -89.013322 42.89653
    -89.013322 42.896524
    -89.013322 42.896519
    -89.013322 42.89651
    -89.013322 42.896502
    -89.013322 42.896496
    -89.013322 42.89649
    -89.013322 42.896483
    -89.013322 42.896477
    -89.013322 42.896471
    -89.013322 42.896466
    -89.013322 42.896461
    -89.013322 42.896456
    -89.013322 42.896451
    -89.013321 42.896386
    -89.013321 42.896376
    -89.013317 42.894621
    -89.013317 42.894536
    -89.013317 42.894471
    -89.013317 42.89442
    -89.013317 42.894378
    -89.013317 42.894344
    -89.013317 42.894315
    -89.013317 42.894291
    -89.013317 42.89427
    -89.013317 42.894252
    -89.013317 42.894236
    -89.013317 42.894222
    -89.013317 42.89421
    -89.013317 42.894199
    -89.013317 42.894189
    -89.013317 42.89418
    -89.013317 42.894172
    -89.013317 42.894165
    -89.013317 42.894158
    -89.013317 42.894152
    -89.013317 42.894146
    -89.013317 42.894141
    -89.013317 42.894136
    -89.013317 42.894127
    -89.013317 42.894119
    -89.013317 42.894113
    -89.013317 42.894107
    -89.013317 42.8941
    -89.013317 42.894094
    -89.013317 42.894088
    -89.013317 42.894083
    -89.013317 42.894078
    -89.013317 42.894073
    -89.013317 42.894068
    -89.013315 42.893881
    -89.013313 42.893012
    -89.013308 42.890825
    -89.013307 42.890508
    -89.013307 42.890501
    -89.013307 42.890404
    -89.013307 42.890367
    -89.013307 42.890329
    -89.013307 42.890269
    -89.0133 42.888045
    -89.013299 42.887868
    -89.013299 42.887845
    -89.013299 42.88783
    -89.013299 42.887809
    -89.013287 42.883879
    -89.013276 42.882016
    -89.013276 42.881973
    -89.013274 42.881554
    -89.013235 42.874342
    -89.013234 42.874166
    -89.013232 42.873808
    -89.013233 42.87364
    -89.013233 42.873624
    -89.013233 42.873535
    -89.013251 42.872887
    -89.013245 42.87282
    -89.013164 42.871858
    -89.01316 42.871817
    -89.013179 42.87036
    -89.013464 42.849166
    -89.013464 42.849145
    -89.013489 42.847347
    -89.020158 42.847394
    -89.020951 42.847399
    -89.031918 42.847474
    -89.031978 42.847475
    -89.032238 42.847478
    -89.03275 42.847481
    -89.041334 42.84754
    -89.046422 42.847576
    -89.047935 42.847568
    -89.050551 42.847555
    -89.050929 42.847553
    -89.052192 42.847547
    -89.052412 42.847546
    -89.052607 42.847543
    -89.053147 42.847532
    -89.053429 42.847531
    -89.054358 42.847527
    -89.055536 42.84752
    -89.05564 42.847519
    -89.055778 42.847519
    -89.056135 42.84752
    -89.056606 42.847499
    -89.057717 42.847502
    -89.057878 42.847494
    -89.058275 42.847519
    -89.059582 42.847513
    -89.064595 42.847493
    -89.067724 42.84748
    -89.077577 42.847442
    -89.078863 42.847437
    -89.083334 42.847422
    -89.083777 42.847419
    -89.084371 42.847412
    -89.084473 42.847408
    -89.087001 42.84738
    -89.08731 42.847382
    -89.087429 42.847377
    -89.087977 42.847373
    -89.088694 42.847383
    -89.089556 42.847378
    -89.091106 42.84738
    -89.09167 42.847379
    -89.091975 42.847377
    -89.092534 42.847373
    -89.095777 42.84735
    -89.096871 42.847335
    -89.097832 42.847327
    -89.098651 42.847315
    -89.098694 42.847322
    -89.098773 42.847334
    -89.098927 42.847334
    -89.101898 42.847326
    -89.102574 42.847321
    -89.102778 42.847312
    -89.102854 42.847309
    -89.102862 42.847309
    -89.103198 42.847295
    -89.10331 42.84729
    -89.105766 42.847259
    -89.106915 42.847251
    -89.107246 42.847245
    -89.107374 42.847256
    -89.107445 42.847284
    -89.107459 42.8473
    -89.107604 42.847306
    -89.107693 42.847306
    -89.107778 42.847306
    -89.112366 42.847293
    -89.112453 42.847293
    -89.112699 42.847294
    -89.12244 42.84711
    -89.125112 42.847028
    -89.131978 42.847064
    -89.133004 42.847051
    -89.134072 42.847018
    -89.134591 42.847016
    -89.137202 42.846954
    -89.137396 42.846954
    -89.137466 42.846989
    -89.137552 42.847031
    -89.146837 42.846698
    -89.147919 42.846659
    -89.148086 42.846664
    -89.148178 42.846667
    -89.148436 42.846675
    -89.148601 42.846686
    -89.161935 42.84668
    -89.168282 42.846595
    -89.168558 42.846592
    -89.168635 42.846591
    -89.17031 42.846568
    -89.170406 42.846567
    -89.171531 42.846551
    -89.17154 42.846528
    -89.171577 42.846485
    -89.171627 42.846466
    -89.171839 42.846459
    -89.172138 42.846448
    -89.172243 42.846452
    -89.172396 42.846451
    -89.172994 42.846448
    -89.173077 42.84644
    -89.173746 42.846438
    -89.174268 42.84643
    -89.175072 42.846419
    -89.175495 42.846417
    -89.175829 42.846419
    -89.176108 42.84642
    -89.176829 42.84642
    -89.177055 42.846414
    -89.177475 42.846403
    -89.17944 42.846388
    -89.181617 42.846385
    -89.181736 42.846385
    -89.183861 42.846363
    -89.184336 42.846367
    -89.184506 42.846362
    -89.186351 42.846356
    -89.186465 42.846353
    -89.186867 42.846345
    -89.187968 42.846333
    -89.188212 42.846338
    -89.189053 42.84633
    -89.189854 42.846317
    -89.190917 42.846314
    -89.191108 42.846318
    -89.191286 42.846317
    -89.19148 42.846315
    -89.191516 42.846315
    -89.191626 42.846318
    -89.192938 42.846317
    -89.193129 42.846309
    -89.193286 42.846314
    -89.193725 42.84631
    -89.194479 42.846312
    -89.194818 42.846311
    -89.197061 42.846304
    -89.197988 42.846306
    -89.200879 42.846296
    -89.20126 42.846299
    -89.203109 42.846296
    -89.203328 42.846296
    -89.204034 42.846295
    -89.205231 42.846292
    -89.205314 42.846295
    -89.205413 42.846292
    -89.209389 42.84628
    -89.210699 42.846266
    -89.211437 42.846264
    -89.213144 42.846237
    -89.215598 42.846233
    -89.216469 42.846214
    -89.217449 42.846208
    -89.218319 42.846197
    -89.219852 42.846185
    -89.221045 42.846189
    -89.221076 42.846189
    -89.221177 42.84619
    -89.221236 42.84619
    -89.221872 42.846182
    -89.22284 42.846173
    -89.224037 42.846165
    -89.224695 42.846165
    -89.22612 42.846148
    -89.226316 42.846146
    -89.229976 42.846124
    -89.231211 42.846112
    -89.23488 42.846077
    -89.236059 42.846064
    -89.23774 42.846045
    -89.240634 42.846019
    -89.240803 42.846006
    -89.240905 42.845998
    -89.24156 42.846001
    -89.242887 42.846006
    -89.243901 42.846013
    -89.244919 42.846012
    -89.246085 42.846004
    -89.246516 42.845988
    -89.247204 42.845974
    -89.24801 42.845965
    -89.249798 42.845924
    -89.250032 42.845919
    -89.250276 42.845913
    -89.254747 42.846026
    -89.254856 42.846028
    -89.254959 42.846029
    -89.269849 42.845849
    -89.269863 42.845849
    -89.27005 42.845849
    -89.270596 42.845847
    -89.270925 42.845842
    -89.27201 42.845848
    -89.272371 42.845843
    -89.272461 42.845847
    -89.273214 42.84585
    -89.274052 42.845845
    -89.274423 42.845853
    -89.274685 42.845853
    -89.27503 42.845853
    -89.275144 42.845849
    -89.275473 42.845853
    -89.275737 42.845853
    -89.276656 42.845853
    -89.277043 42.84585
    -89.277295 42.845853
    -89.277388 42.845856
    -89.277532 42.845853
    -89.278226 42.845848
    -89.278591 42.845851
    -89.279685 42.84585
    -89.279746 42.845846
    -89.280061 42.845847
    -89.280395 42.84584
    -89.281132 42.845851
    -89.281317 42.845851
    -89.281448 42.845843
    -89.281696 42.845847
    -89.28211 42.845844
    -89.282535 42.845849
    -89.282558 42.845849
    -89.282976 42.845852
    -89.283465 42.845848
    -89.285097 42.845839
    -89.286127 42.845829
    -89.286968 42.845827
    -89.287372 42.845835
    -89.287749 42.845837
    -89.288613 42.845831
    -89.288724 42.845832
    -89.289414 42.845837
    -89.289551 42.845838
    -89.289968 42.845844
    -89.290396 42.845838
    -89.290605 42.845838
    -89.290868 42.845843
    -89.291626 42.845838
    -89.291851 42.845833
    -89.292056 42.845837
    -89.293224 42.845831
    -89.294586 42.845838
    -89.294615 42.845838
    -89.294787 42.845834
    -89.294984 42.845838
    -89.295054 42.845838
    -89.295705 42.845838
    -89.295976 42.845842
    -89.296341 42.845838
    -89.296845 42.845838
    -89.29715 42.845845
    -89.297877 42.845849
    -89.29815 42.845846
    -89.29894 42.845849
    -89.299538 42.845843
    -89.299708 42.845846
    -89.3006 42.845839
    -89.300764 42.845841
    -89.301135 42.845834
    -89.301223 42.845834
    -89.301456 42.845833
    -89.301735 42.845832
    -89.302176 42.845831
    -89.302476 42.845834
    -89.302679 42.84583
    -89.302891 42.84583
    -89.303953 42.845836
    -89.304195 42.845831
    -89.310116 42.845782
    -89.311631 42.845769
    -89.311705 42.845768
    -89.319751 42.845731
    -89.320227 42.845728
    -89.320703 42.845727
    -89.329692 42.845685
    -89.329767 42.845685
    -89.337541 42.845648
    -89.349728 42.845402
    -89.353456 42.845327
    -89.363019 42.845141
    -89.363464 42.845125
    -89.363832 42.845111
    -89.363839 42.845111
    -89.366842 42.844995
    -89.367049 42.844999
    -89.367148 42.845001
    -89.369019 42.845036
    -89.369127 42.845046
    -89.36913 42.845049
    -89.369138 42.845056
    -89.369138 42.845501
    -89.369138 42.846041
    -89.369134 42.846649
    -89.369134 42.846652
    -89.369122 42.84848
    -89.369106 42.849452
    -89.369112 42.849536
    -89.369103 42.849775
    -89.369103 42.849776
    -89.369103 42.849777
    -89.369098 42.849929
    -89.369097 42.849929
    -89.369097 42.849985
    -89.369096 42.850098
    -89.369098 42.85017
    -89.369098 42.850207
    -89.369099 42.850236
    -89.369092 42.850373
    -89.369089 42.850548
    -89.369088 42.850611
    -89.369081 42.850702
    -89.369082 42.850813
    -89.369082 42.850837
    -89.369085 42.851514
    -89.369081 42.851997
    -89.369082 42.852078
    -89.369083 42.85208
    -89.369084 42.852083
    -89.369093 42.85229
    -89.369101 42.852797
    -89.369091 42.853226
    -89.369092 42.854076
    -89.369084 42.854228
    -89.369079 42.854305
    -89.369077 42.854692
    -89.369077 42.854694
    -89.36908 42.85489
    -89.369082 42.855045
    -89.369067 42.855755
    -89.369069 42.856471
    -89.371928 42.856454
    -89.372299 42.856447
    -89.372745 42.856441
    -89.373128 42.856433
    -89.373154 42.856432
    -89.37337 42.856428
    -89.374098 42.856417
    -89.374341 42.856414
    -89.374486 42.856411
    -89.374921 42.856404
    -89.375067 42.856402
    -89.375118 42.856402
    -89.376733 42.856389
    -89.377652 42.856381
    -89.381734 42.856349
    -89.38339 42.856336
    -89.383413 42.856336
    -89.388604 42.856244
    -89.391121 42.856248
    -89.39802 42.856272
    -89.408597 42.856309
    -89.410313 42.85633
    -89.410477 42.856302
    -89.410729 42.856315
    -89.410999 42.8563
    -89.411133 42.856327
    -89.41185 42.856325
    -89.413362 42.856318
    -89.415004 42.856309
    -89.416447 42.856308
    -89.418208 42.856296
    -89.41958 42.856294
    -89.421186 42.856284
    -89.425184 42.856274
    -89.428949 42.856262
    -89.42895 42.856262
    -89.428951 42.856262
    -89.430028 42.856263
    -89.43003 42.856264
    -89.430032 42.856265
    -89.431502 42.85627
    -89.432847 42.856274
    -89.434178 42.856285
    -89.436819 42.856286
    -89.43719 42.856285
    -89.437191 42.856285
    -89.437192 42.856285
    -89.437282 42.856285
    -89.437283 42.856285
    -89.437284 42.856285
    -89.437776 42.856292
    -89.438979 42.856312
    -89.438983 42.856312
    -89.439028 42.856313
    -89.440778 42.856303
    -89.441439 42.856304
    -89.44209 42.856297
    -89.443053 42.856289
    -89.443355 42.856281
    -89.443357 42.856281
    -89.443359 42.856281
    -89.443614 42.856275
    -89.444396 42.856225
    -89.444965 42.856204
    -89.445783 42.856203
    -89.446872 42.856222
    -89.44744 42.856246
    -89.447942 42.856276
    -89.447945 42.856277
    -89.447948 42.856278
    -89.448177 42.856295
    -89.451205 42.856308
    -89.452189 42.856304
    -89.452199 42.856304
    -89.453422 42.856305
    -89.454562 42.856301
    -89.454649 42.856301
    -89.455713 42.85629
    -89.455713 42.856289
    -89.455713 42.856288
    -89.455713 42.856287
    -89.455713 42.856286
    -89.45607 42.856286
    -89.456874 42.856289
    -89.456875 42.85629
    -89.456876 42.856291
    -89.458132 42.856299
    -89.458133 42.8563
    -89.458134 42.856301
    -89.459036 42.856309
    -89.459037 42.85631
    -89.459038 42.856311
    -89.460186 42.856331
    -89.462104 42.856354
    -89.462833 42.856363
    -89.463943 42.856363
    -89.463944 42.856364
    -89.463945 42.856365
    -89.466183 42.856383
    -89.466886 42.856384
    -89.467159 42.856384
    -89.472256 42.856326
    -89.472836 42.856334
    -89.47349 42.856358
    -89.4761 42.856426
    -89.476101 42.856427
    -89.476102 42.856428
    -89.476722 42.856441
    -89.476747 42.856439
    -89.476781 42.856418
    -89.480548 42.856368
    -89.485743 42.856378
    -89.485838 42.856378
    -89.486123 42.856378
    -89.486218 42.856379
    -89.487598 42.856382
    -89.487682 42.856381
    -89.500126 42.856501
    -89.503761 42.856555
    -89.50394 42.856556
    -89.507404 42.856569
    -89.507418 42.85657
    -89.515033 42.856599
    -89.515266 42.856599
    -89.515356 42.8566
    -89.515438 42.8566
    -89.522723 42.856611
    -89.523437 42.856619
    -89.523449 42.85662
    -89.523447 42.856691
    -89.523575 42.856651
    -89.523797 42.856614
    -89.523799 42.856614
    -89.5238 42.856614
    -89.523801 42.856614
    -89.523832 42.856624
    -89.523939 42.856646
    -89.524095 42.856663
    -89.524633 42.856668
    -89.524634 42.856669
    -89.524635 42.85667
    -89.525108 42.856672
    -89.525116 42.856672
    -89.525491 42.856673
    -89.525521 42.856674
    -89.526192 42.85667
    -89.527229 42.856665
    -89.527235 42.856664
    -89.527426 42.856664
    -89.528463 42.856659
    -89.52861 42.856658
    -89.528786 42.856658
    -89.528905 42.856657
    -89.529509 42.856657
    -89.529969 42.856661
    -89.530028 42.856669
    -89.53011 42.856691
    -89.530183 42.856728
    -89.531418 42.856634
    -89.532652 42.856642
    -89.532751 42.856643
    -89.534004 42.856658
    -89.534657 42.856659
    -89.536479 42.856673
    -89.536536 42.856674
    -89.536551 42.856668
    -89.536552 42.856667
    -89.536552 42.856666
    -89.536552 42.856665
    -89.536552 42.856664
    -89.536575 42.85666
    -89.536795 42.856654
    -89.537885 42.856652
    -89.538249 42.856647
    -89.53836 42.856646
    -89.542645 42.856701
    -89.54274 42.856701
    -89.543025 42.856704
    -89.54312 42.856705
    -89.544576 42.856719
    -89.548008 42.85675
    -89.548076 42.856751
    -89.548735 42.856758
    -89.561002 42.856903
    -89.570626 42.857015
    -89.575477 42.857073
    -89.577568 42.857098
    -89.577609 42.857098
    -89.581424 42.857126
    -89.58697 42.857168
    -89.587283 42.857169
    -89.596786 42.857239
    -89.598965 42.857256
    -89.599788 42.857262
    -89.599866 42.857262
    -89.600354 42.857267
    -89.602374 42.857281
    -89.608713 42.857329
    -89.615448 42.857379
    -89.619607 42.857409
    -89.61969 42.857411
    -89.621181 42.857423
    -89.621236 42.857423
    -89.621614 42.85741
    -89.621649 42.857406
    -89.622354 42.857383
    -89.622946 42.857365
    -89.622988 42.857367
    -89.62363 42.857403
    -89.624678 42.857463
    -89.624793 42.857463
    -89.625121 42.857451
    -89.627196 42.857451
    -89.639069 42.857454
    -89.64725 42.857456
    -89.655748 42.857459
    -89.656235 42.857458
    -89.656543 42.857458
    -89.65781 42.857459
    -89.657951 42.857459
    -89.667328 42.857467
    -89.669458 42.857468
    -89.6695 42.857467
    -89.670927 42.857465
    -89.6711 42.857465
    -89.680397 42.857472
    -89.680463 42.857473
    -89.682181 42.857473
    -89.690485 42.857478
    -89.698675 42.857481
    -89.698846 42.857481
    -89.699627 42.857481
    -89.71599 42.857487
    -89.720218 42.857489
    -89.720757 42.857489
    -89.721006 42.857489
    -89.724783 42.857491
    -89.727458 42.857492
    -89.747954 42.8575
    -89.74802 42.857499
    -89.750119 42.8575
    -89.75259 42.857481
    -89.762401 42.857401
    -89.762844 42.857399
    -89.763493 42.857397
    -89.763751 42.857396
    -89.778587 42.857334
    -89.784914 42.857306
    -89.786409 42.8573
    -89.790555 42.857308
    -89.790608 42.857309
    -89.791212 42.857308
    -89.80499 42.857332
    -89.80712 42.857262
    -89.807299 42.857303
    -89.80773 42.857315
    -89.809261 42.857322
    -89.809806 42.857326
    -89.810038 42.857287
    -89.810051 42.857287
    -89.81139 42.857348
    -89.828432 42.857381
    -89.828474 42.85738
    -89.837722 42.857399
    -89.838167 42.857397
    -89.838086 42.864965
    -89.838011 42.872028
    -89.83801 42.872152
    -89.837989 42.872431
    -89.838043 42.872899
    -89.838025 42.873902
    -89.838004 42.874717
    -89.837843 42.876479
    -89.83795 42.88434
    -89.838009 42.888661
    -89.83811 42.896062
    -89.838176 42.900948
    -89.838273 42.908105
    -89.838291 42.908322
    -89.838306 42.908505
    -89.838341 42.911761
    -89.83838 42.915325
    -89.838418 42.918797
    -89.838425 42.919315
    -89.838485 42.923717
    -89.838488 42.923921
    -89.838488 42.923962
    -89.838512 42.925705
    -89.838691 42.938911
    -89.838726 42.941488
    -89.838774 42.94506
END
END
