55035 Eau Claire County
1
    -91.442459 44.85736
    -91.441458 44.85736
    -91.438458 44.85736
    -91.437458 44.85736
    -91.43739 44.85736
    -91.430998 44.857291
    -91.430531 44.857286
    -91.430457 44.857286
    -91.429886 44.857311
    -91.429832 44.857277
    -91.429706 44.857294
    -91.429537 44.857363
    -91.429527 44.857368
    -91.427666 44.857368
    -91.427457 44.857349
    -91.427452 44.857349
    -91.427326 44.857323
    -91.426956 44.857246
    -91.425648 44.857164
    -91.417222 44.857116
    -91.40667 44.857221
    -91.406411 44.857218
    -91.406409 44.857222
    -91.406357 44.857239
    -91.406082 44.857262
    -91.405663 44.857265
    -91.4026 44.857262
    -91.402344 44.857262
    -91.39949 44.857281
    -91.399101 44.857288
    -91.394005 44.857262
    -91.393692 44.85725
    -91.3881 44.857212
    -91.387726 44.857224
    -91.387596 44.857224
    -91.387459 44.857231
    -91.381429 44.857206
    -91.377587 44.857189
    -91.376556 44.857185
    -91.37542 44.857208
    -91.375167 44.857218
    -91.375166 44.857218
    -91.375165 44.857218
    -91.374619 44.857239
    -91.373886 44.857262
    -91.372856 44.857288
    -91.369781 44.857338
    -91.369354 44.857357
    -91.362991 44.857357
    -91.362305 44.857349
    -91.360428 44.857304
    -91.3573 44.857273
    -91.355566 44.857263
    -91.35521 44.857261
    -91.354576 44.857258
    -91.352295 44.85725
    -91.351754 44.857247
    -91.346962 44.85722
    -91.345146 44.857201
    -91.341812 44.857189
    -91.338646 44.857185
    -91.337646 44.85717
    -91.336174 44.857136
    -91.334976 44.857147
    -91.331818 44.857143
    -91.330704 44.857128
    -91.326805 44.857101
    -91.315231 44.857105
    -91.311249 44.857101
    -91.306351 44.857109
    -91.303453 44.857102
    -91.295807 44.857082
    -91.291847 44.857079
    -91.286025 44.857075
    -91.284196 44.857002
    -91.284136 44.857003
    -91.267043 44.856979
    -91.251445 44.85695
    -91.250152 44.856949
    -91.246726 44.856906
    -91.242746 44.85691
    -91.230808 44.856924
    -91.226829 44.85693
    -91.226785 44.856929
    -91.226657 44.856928
    -91.226614 44.856928
    -91.224952 44.856939
    -91.224913 44.856938
    -91.218521 44.856983
    -91.217903 44.856953
    -91.21595 44.856979
    -91.214233 44.856968
    -91.212158 44.856937
    -91.209534 44.85693
    -91.208797 44.856936
    -91.206268 44.856955
    -91.200928 44.856964
    -91.194695 44.856937
    -91.193092 44.856949
    -91.185997 44.856915
    -91.182487 44.856915
    -91.180984 44.856922
    -91.179862 44.856925
    -91.176109 44.856934
    -91.176015 44.856935
    -91.175857 44.856935
    -91.175857 44.856936
    -91.16571 44.857001
    -91.165504 44.857002
    -91.164261 44.856968
    -91.159538 44.857044
    -91.158174 44.857044
    -91.157845 44.857044
    -91.156799 44.857063
    -91.155525 44.857059
    -91.152199 44.857018
    -91.149048 44.856926
    -91.14576 44.856941
    -91.141765 44.856914
    -91.140829 44.856907
    -91.128289 44.857014
    -91.125516 44.857046
    -91.119858 44.857043
    -91.111588 44.857044
    -91.110848 44.857047
    -91.105122 44.857071
    -91.099809 44.857154
    -91.099808 44.857154
    -91.099805 44.857154
    -91.0998 44.857155
    -91.097832 44.857136
    -91.096497 44.857143
    -91.094566 44.857143
    -91.0849 44.857166
    -91.084625 44.85717
    -91.082703 44.85714
    -91.078827 44.857101
    -91.074646 44.857105
    -91.074627 44.857105
    -91.074626 44.857105
    -91.074556 44.857106
    -91.072081 44.857129
    -91.071808 44.857132
    -91.067154 44.857155
    -91.064612 44.857174
    -91.064611 44.857174
    -91.06115 44.857201
    -91.055113 44.857228
    -91.055113 44.857229
    -91.054892 44.857229
    -91.054892 44.85723
    -91.054854 44.857231
    -91.054756 44.857231
    -91.054581 44.857243
    -91.050494 44.857201
    -91.050275 44.857199
    -91.048345 44.857204
    -91.042555 44.857223
    -91.040626 44.857229
    -91.039333 44.857233
    -91.034126 44.857249
    -91.023866 44.857277
    -91.011424 44.857313
    -91.011394 44.857313
    -91.0107 44.857315
    -91.00453 44.857333
    -91.003963 44.857337
    -91.003952 44.857334
    -90.998947 44.857342
    -90.995674 44.857334
    -90.993195 44.857368
    -90.990176 44.857382
    -90.990175 44.857383
    -90.983292 44.857418
    -90.979537 44.857481
    -90.969031 44.857448
    -90.967795 44.857444
    -90.96409 44.857433
    -90.962855 44.85743
    -90.960717 44.857423
    -90.954304 44.857404
    -90.952167 44.857398
    -90.950247 44.857391
    -90.944488 44.857373
    -90.942569 44.857367
    -90.941109 44.857362
    -90.936729 44.857349
    -90.93538 44.857345
    -90.93527 44.857345
    -90.935174 44.857345
    -90.922247 44.857309
    -90.922067 44.835649
    -90.922008 44.828415
    -90.921979 44.824764
    -90.921978 44.824634
    -90.921976 44.824491
    -90.921977 44.824425
    -90.921876 44.814487
    -90.921874 44.814278
    -90.921873 44.814218
    -90.921773 44.79912
    -90.921517 44.771262
    -90.92153 44.770305
    -90.921497 44.766363
    -90.921441 44.759433
    -90.921437 44.759042
    -90.921364 44.749954
    -90.921735 44.741474
    -90.921736 44.7414
    -90.921755 44.733527
    -90.92179 44.719795
    -90.92179 44.719689
    -90.921791 44.719585
    -90.92179 44.719518
    -90.92179 44.719456
    -90.921789 44.719451
    -90.921732 44.71245
    -90.921749 44.712083
    -90.921754 44.711742
    -90.92175 44.711461
    -90.921759 44.710723
    -90.921748 44.710435
    -90.921745 44.709991
    -90.921763 44.709287
    -90.921748 44.708822
    -90.921771 44.708204
    -90.921768 44.706874
    -90.921779 44.706442
    -90.921761 44.705528
    -90.921775 44.705067
    -90.921771 44.70454
    -90.921782 44.704067
    -90.921781 44.702963
    -90.921796 44.702609
    -90.921805 44.702132
    -90.921806 44.701623
    -90.921792 44.700739
    -90.921814 44.699757
    -90.921792 44.698394
    -90.921803 44.697897
    -90.921807 44.696365
    -90.921804 44.695955
    -90.921808 44.695574
    -90.921823 44.695373
    -90.921816 44.69513
    -90.921792 44.692205
    -90.921406 44.683449
    -90.92149 44.683289
    -90.921577 44.683143
    -90.921687 44.682904
    -90.921718 44.682826
    -90.921719 44.682825
    -90.921719 44.682823
    -90.921731 44.682797
    -90.921742 44.682671
    -90.921737 44.682334
    -90.921752 44.681615
    -90.921739 44.681307
    -90.921734 44.680753
    -90.921745 44.678492
    -90.921745 44.678408
    -90.92174 44.677618
    -90.921748 44.676408
    -90.92174 44.676225
    -90.921742 44.676058
    -90.92175 44.675928
    -90.921746 44.67574
    -90.92175 44.675601
    -90.921734 44.675386
    -90.921741 44.675201
    -90.921728 44.675028
    -90.921715 44.674198
    -90.921712 44.673652
    -90.921676 44.67264
    -90.921682 44.672437
    -90.921681 44.672082
    -90.921667 44.671688
    -90.921667 44.671345
    -90.921645 44.67019
    -90.92166 44.669079
    -90.92186 44.66626
    -90.921901 44.624961
    -90.922155 44.623211
    -90.922168 44.623121
    -90.922172 44.620656
    -90.922185 44.61299
    -90.92219 44.610435
    -90.922252 44.609428
    -90.922151 44.60905
    -90.922127 44.607509
    -90.922127 44.607427
    -90.922127 44.607327
    -90.922129 44.607308
    -90.922133 44.607184
    -90.922136 44.607103
    -90.922136 44.60708
    -90.922139 44.607015
    -90.92214 44.606993
    -90.922184 44.603819
    -90.92235 44.596293
    -90.9251 44.596332
    -90.931671 44.596467
    -90.93236 44.596479
    -90.942503 44.596579
    -90.94268 44.596582
    -90.944679 44.596592
    -90.946164 44.596602
    -90.949518 44.596605
    -90.950679 44.596606
    -90.952679 44.59661
    -90.952774 44.596609
    -90.953064 44.596613
    -90.953163 44.596617
    -90.953342 44.596614
    -90.954539 44.596616
    -90.95867 44.596625
    -90.960048 44.596628
    -90.96061 44.596632
    -90.962296 44.596644
    -90.962771 44.596648
    -90.962858 44.596649
    -90.963044 44.596651
    -90.963675 44.596638
    -90.966125 44.59659
    -90.966762 44.596578
    -90.966943 44.596577
    -90.967054 44.596577
    -90.96815 44.596564
    -90.971775 44.596527
    -90.972986 44.596516
    -90.97497 44.596539
    -90.975743 44.596549
    -90.980928 44.596534
    -90.98239 44.59653
    -90.982916 44.596515
    -90.983094 44.596509
    -90.983631 44.596493
    -90.983799 44.596489
    -90.98381 44.596489
    -90.985757 44.596476
    -90.987676 44.596465
    -90.990775 44.596447
    -90.991366 44.596462
    -90.9916 44.596496
    -90.991839 44.596533
    -90.992352 44.596619
    -90.993197 44.596611
    -90.993328 44.596611
    -90.99354 44.596611
    -90.994861 44.596613
    -90.998827 44.596619
    -91.000149 44.596622
    -91.000176 44.596622
    -91.00026 44.596622
    -91.000288 44.596622
    -91.000909 44.596622
    -91.002772 44.596624
    -91.003393 44.596625
    -91.004575 44.596625
    -91.008124 44.596628
    -91.009307 44.59663
    -91.009927 44.59662
    -91.01179 44.596591
    -91.012412 44.596582
    -91.012956 44.596582
    -91.014597 44.596589
    -91.014633 44.596589
    -91.015139 44.596588
    -91.017748 44.596551
    -91.025574 44.596441
    -91.026595 44.596426
    -91.028182 44.596498
    -91.028481 44.596511
    -91.031267 44.596543
    -91.034036 44.596576
    -91.034913 44.596547
    -91.040523 44.596587
    -91.042168 44.596599
    -91.043609 44.596609
    -91.044211 44.596614
    -91.04661 44.596532
    -91.047438 44.596505
    -91.055616 44.596467
    -91.057362 44.596459
    -91.058619 44.596453
    -91.059704 44.596447
    -91.062961 44.596433
    -91.064047 44.596428
    -91.064059 44.596429
    -91.064257 44.596428
    -91.064392 44.596428
    -91.072576 44.596448
    -91.072702 44.596447
    -91.074164 44.59644
    -91.077555 44.596427
    -91.084393 44.596399
    -91.095717 44.596314
    -91.097827 44.596298
    -91.100893 44.59626
    -91.104515 44.596216
    -91.10464 44.596215
    -91.110419 44.596216
    -91.114632 44.596343
    -91.115656 44.596331
    -91.118728 44.596297
    -91.119749 44.596286
    -91.119753 44.596286
    -91.119816 44.596285
    -91.120937 44.596364
    -91.123894 44.596574
    -91.124488 44.596616
    -91.125154 44.596663
    -91.125674 44.596666
    -91.126733 44.596671
    -91.12991 44.596686
    -91.130969 44.596692
    -91.133337 44.596703
    -91.140441 44.596737
    -91.14281 44.596749
    -91.143259 44.596759
    -91.144606 44.596791
    -91.145055 44.596803
    -91.145095 44.596803
    -91.146385 44.596831
    -91.146454 44.596831
    -91.14901 44.59687
    -91.150654 44.596888
    -91.152054 44.596904
    -91.154011 44.596921
    -91.154766 44.596933
    -91.157041 44.596971
    -91.162048 44.596998
    -91.162905 44.596995
    -91.165619 44.596987
    -91.166117 44.596985
    -91.167144 44.596982
    -91.167611 44.596982
    -91.16811 44.596983
    -91.16819 44.596983
    -91.168431 44.596983
    -91.168512 44.596983
    -91.170889 44.596986
    -91.173946 44.597011
    -91.175112 44.597007
    -91.17575 44.597026
    -91.185182 44.596989
    -91.186365 44.59699
    -91.189913 44.596994
    -91.191097 44.596996
    -91.193494 44.596999
    -91.200686 44.59701
    -91.203084 44.597014
    -91.203146 44.597014
    -91.203334 44.597014
    -91.203397 44.597014
    -91.206091 44.597018
    -91.214175 44.59703
    -91.21687 44.597034
    -91.217067 44.597034
    -91.21766 44.597034
    -91.217858 44.597035
    -91.217923 44.597035
    -91.218119 44.597035
    -91.218185 44.597036
    -91.218278 44.597036
    -91.218559 44.597036
    -91.218653 44.597037
    -91.220237 44.597039
    -91.224989 44.597046
    -91.226574 44.597049
    -91.22808 44.597051
    -91.232598 44.597058
    -91.234104 44.597061
    -91.236364 44.597064
    -91.243144 44.597073
    -91.245375 44.597077
    -91.245405 44.597077
    -91.245642 44.597074
    -91.246353 44.597069
    -91.246591 44.597067
    -91.250157 44.597045
    -91.250265 44.597043
    -91.257022 44.59695
    -91.261286 44.5969
    -91.264961 44.596858
    -91.26684 44.596836
    -91.266893 44.596836
    -91.272166 44.596847
    -91.272477 44.596843
    -91.274357 44.596819
    -91.276267 44.596795
    -91.277102 44.596785
    -91.282 44.596797
    -91.283536 44.596802
    -91.283912 44.596802
    -91.284474 44.596801
    -91.286163 44.596799
    -91.286623 44.596799
    -91.286726 44.596796
    -91.287851 44.596772
    -91.291227 44.596701
    -91.292353 44.596678
    -91.293207 44.59666
    -91.295769 44.596607
    -91.296624 44.59659
    -91.297515 44.596571
    -91.300191 44.596517
    -91.300212 44.596517
    -91.301083 44.596499
    -91.30388 44.596441
    -91.306916 44.596379
    -91.312275 44.59631
    -91.315074 44.596275
    -91.3152 44.596273
    -91.316872 44.596252
    -91.327036 44.596156
    -91.33237 44.596116
    -91.332417 44.596119
    -91.333328 44.59609
    -91.333588 44.596088
    -91.336335 44.596071
    -91.337155 44.59608
    -91.338322 44.59606
    -91.341824 44.596004
    -91.342992 44.595985
    -91.348214 44.59596
    -91.348266 44.595976
    -91.348421 44.595982
    -91.350846 44.595949
    -91.350943 44.595953
    -91.351245 44.595962
    -91.351564 44.595966
    -91.356939 44.595923
    -91.356967 44.595922
    -91.357055 44.595921
    -91.357084 44.595921
    -91.357367 44.595918
    -91.358219 44.595912
    -91.358503 44.59591
    -91.3586 44.595908
    -91.358892 44.595906
    -91.35899 44.595906
    -91.372416 44.595892
    -91.372468 44.59587
    -91.372613 44.595854
    -91.37377 44.595862
    -91.375143 44.595871
    -91.376293 44.595878
    -91.376369 44.595862
    -91.376445 44.595818
    -91.376466 44.595773
    -91.377698 44.595785
    -91.381396 44.595824
    -91.382629 44.595837
    -91.383271 44.595865
    -91.3852 44.595951
    -91.385843 44.59598
    -91.386579 44.595972
    -91.386839 44.59597
    -91.388787 44.595964
    -91.389524 44.595963
    -91.390025 44.595961
    -91.39153 44.595957
    -91.392032 44.595956
    -91.392127 44.595956
    -91.392266 44.595954
    -91.392969 44.595946
    -91.393204 44.595944
    -91.393827 44.595937
    -91.394436 44.595931
    -91.395698 44.595939
    -91.396322 44.595944
    -91.396603 44.595945
    -91.397324 44.595951
    -91.397447 44.595951
    -91.397729 44.595951
    -91.397781 44.59595
    -91.397938 44.59595
    -91.397991 44.59595
    -91.399405 44.595949
    -91.399912 44.595948
    -91.401731 44.595957
    -91.40245 44.59596
    -91.404893 44.595953
    -91.405146 44.595967
    -91.405415 44.596014
    -91.405855 44.596014
    -91.407175 44.596014
    -91.407615 44.596014
    -91.407959 44.596014
    -91.408991 44.596014
    -91.409335 44.596014
    -91.409692 44.596006
    -91.410762 44.595982
    -91.41112 44.595974
    -91.411265 44.595973
    -91.4117 44.595971
    -91.411846 44.595971
    -91.412023 44.595971
    -91.412556 44.595974
    -91.412734 44.595975
    -91.413984 44.595983
    -91.417734 44.596008
    -91.418985 44.596017
    -91.419178 44.596017
    -91.419757 44.59602
    -91.41995 44.596021
    -91.419956 44.596021
    -91.419974 44.596021
    -91.41998 44.596021
    -91.421653 44.596029
    -91.426672 44.596053
    -91.428346 44.596062
    -91.429691 44.596068
    -91.433728 44.596089
    -91.435074 44.596096
    -91.435142 44.596096
    -91.435348 44.596096
    -91.435417 44.596097
    -91.436112 44.596098
    -91.438201 44.596101
    -91.438897 44.596103
    -91.439639 44.596114
    -91.441061 44.596136
    -91.441867 44.596136
    -91.44261 44.596136
    -91.443695 44.596136
    -91.444449 44.596137
    -91.446952 44.596129
    -91.447411 44.596128
    -91.447631 44.596153
    -91.44779 44.596209
    -91.447899 44.596292
    -91.447967 44.596366
    -91.449834 44.596334
    -91.455435 44.596238
    -91.457303 44.596207
    -91.45751 44.596205
    -91.45813 44.596202
    -91.458338 44.596202
    -91.460227 44.596193
    -91.465894 44.596168
    -91.467784 44.59616
    -91.468759 44.596155
    -91.471687 44.596142
    -91.472663 44.596138
    -91.474754 44.596134
    -91.48103 44.596124
    -91.483123 44.596122
    -91.499648 44.596171
    -91.505535 44.596287
    -91.508122 44.596296
    -91.508371 44.596288
    -91.508518 44.596283
    -91.508958 44.596313
    -91.517946 44.596155
    -91.520176 44.596163
    -91.52687 44.596188
    -91.529101 44.596197
    -91.542077 44.596246
    -91.542145 44.596248
    -91.543273 44.596298
    -91.543273 44.596297
    -91.543303 44.596281
    -91.543785 44.596282
    -91.546305 44.596251
    -91.555073 44.596339
    -91.555724 44.596345
    -91.556458 44.596343
    -91.55666 44.596348
    -91.557721 44.596356
    -91.558302 44.59637
    -91.558317 44.596393
    -91.55844 44.596395
    -91.573375 44.596417
    -91.589642 44.596478
    -91.593436 44.596492
    -91.593437 44.596492
    -91.593546 44.596493
    -91.593547 44.596493
    -91.593624 44.596493
    -91.594 44.596495
    -91.594017 44.596487
    -91.594045 44.596477
    -91.594046 44.596476
    -91.595422 44.596466
    -91.595453 44.596466
    -91.600243 44.596435
    -91.600859 44.596433
    -91.60098 44.596432
    -91.625159 44.596601
    -91.631286 44.596612
    -91.632074 44.596614
    -91.632337 44.596614
    -91.650248 44.596649
    -91.650263 44.60192
    -91.650308 44.617733
    -91.650321 44.621916
    -91.650324 44.623005
    -91.650341 44.62322
    -91.650474 44.624963
    -91.650473 44.624995
    -91.650457 44.630984
    -91.650453 44.632981
    -91.650447 44.635114
    -91.650431 44.641517
    -91.650426 44.643651
    -91.650424 44.644363
    -91.650419 44.646499
    -91.650418 44.647212
    -91.650336 44.665449
    -91.650337 44.665543
    -91.650328 44.665636
    -91.650327 44.666127
    -91.650379 44.669101
    -91.650397 44.669198
    -91.650402 44.669376
    -91.650389 44.669675
    -91.650351 44.670819
    -91.650347 44.672466
    -91.650347 44.672825
    -91.650355 44.673853
    -91.650338 44.6758
    -91.650323 44.678369
    -91.650327 44.680342
    -91.650329 44.680841
    -91.650344 44.683323
    -91.650361 44.683633
    -91.650346 44.685078
    -91.650303 44.689416
    -91.65029 44.690862
    -91.650283 44.691585
    -91.650261 44.693756
    -91.650255 44.69448
    -91.650239 44.695362
    -91.650238 44.695375
    -91.650244 44.695377
    -91.65022 44.698064
    -91.650217 44.698796
    -91.65021 44.700992
    -91.650209 44.701725
    -91.650202 44.703877
    -91.650202 44.70416
    -91.650183 44.710332
    -91.650177 44.712485
    -91.650169 44.713929
    -91.650148 44.71826
    -91.650141 44.719705
    -91.650146 44.721953
    -91.650163 44.728699
    -91.650169 44.730948
    -91.65017 44.731017
    -91.65017 44.731026
    -91.65017 44.731078
    -91.650171 44.73114
    -91.650172 44.731345
    -91.650178 44.73196
    -91.65018 44.732165
    -91.650185 44.733999
    -91.6502 44.739503
    -91.650205 44.741338
    -91.650176 44.742743
    -91.650093 44.746961
    -91.650066 44.748367
    -91.650057 44.748397
    -91.650049 44.74843
    -91.650046 44.748471
    -91.650046 44.748492
    -91.650046 44.748524
    -91.650046 44.749078
    -91.650048 44.750741
    -91.650049 44.751296
    -91.65005 44.752036
    -91.650053 44.754256
    -91.650054 44.754996
    -91.650053 44.755745
    -91.64999 44.758189
    -91.650009 44.75935
    -91.649876 44.770216
    -91.649867 44.779791
    -91.649864 44.780114
    -91.649861 44.780438
    -91.64986 44.780465
    -91.64986 44.780523
    -91.649859 44.780598
    -91.649854 44.781149
    -91.649748 44.784936
    -91.649723 44.785268
    -91.649735 44.787608
    -91.649746 44.789504
    -91.649746 44.789811
    -91.649747 44.790304
    -91.649744 44.790734
    -91.649742 44.791042
    -91.649739 44.791367
    -91.649735 44.791996
    -91.649735 44.792344
    -91.649735 44.79267
    -91.649736 44.793504
    -91.649735 44.793573
    -91.649701 44.796268
    -91.6497 44.796285
    -91.649674 44.797189
    -91.649687 44.799368
    -91.649692 44.80034
    -91.649718 44.804572
    -91.649775 44.8084
    -91.64979 44.809794
    -91.649809 44.811488
    -91.649861 44.812838
    -91.649922 44.812926
    -91.649942 44.813139
    -91.650003 44.81378
    -91.650024 44.813994
    -91.650036 44.814408
    -91.650073 44.81565
    -91.650086 44.816064
    -91.650092 44.816302
    -91.650112 44.817018
    -91.650119 44.817257
    -91.650127 44.817504
    -91.650135 44.817751
    -91.650135 44.817761
    -91.650147 44.818147
    -91.65016 44.818543
    -91.650164 44.81867
    -91.650176 44.819054
    -91.650181 44.819182
    -91.650124 44.819419
    -91.649955 44.820132
    -91.649919 44.820285
    -91.649899 44.82037
    -91.649899 44.820415
    -91.649902 44.820553
    -91.649903 44.820599
    -91.649893 44.820692
    -91.64989 44.820791
    -91.649879 44.821282
    -91.649881 44.82137
    -91.649887 44.821563
    -91.649887 44.821575
    -91.649888 44.821611
    -91.649889 44.821624
    -91.649896 44.821863
    -91.649917 44.82258
    -91.649924 44.82282
    -91.649927 44.822956
    -91.64993 44.823038
    -91.649942 44.823113
    -91.650011 44.823211
    -91.650057 44.823251
    -91.650109 44.823296
    -91.650211 44.823387
    -91.650213 44.823738
    -91.650221 44.824792
    -91.650224 44.825144
    -91.650231 44.826091
    -91.650231 44.826115
    -91.650232 44.82616
    -91.650232 44.826212
    -91.650232 44.826236
    -91.650232 44.826317
    -91.650233 44.826337
    -91.650244 44.827647
    -91.650245 44.827791
    -91.650247 44.828223
    -91.650249 44.828367
    -91.650261 44.82989
    -91.650298 44.834459
    -91.650311 44.835983
    -91.650368 44.842882
    -91.650426 44.848297
    -91.650429 44.84853
    -91.65044 44.849545
    -91.650443 44.84987
    -91.650446 44.850134
    -91.650449 44.850381
    -91.650453 44.850707
    -91.650472 44.852465
    -91.650475 44.852753
    -91.650478 44.85301
    -91.650481 44.853491
    -91.650485 44.85421
    -91.650485 44.854232
    -91.650491 44.85595
    -91.650455 44.855951
    -91.6495 44.855969
    -91.649346 44.855972
    -91.649022 44.855975
    -91.648666 44.855977
    -91.646538 44.855995
    -91.645836 44.856056
    -91.64509 44.856069
    -91.645089 44.856069
    -91.645088 44.856069
    -91.638624 44.856179
    -91.638615 44.856179
    -91.638008 44.85619
    -91.633751 44.856224
    -91.630363 44.856274
    -91.628311 44.856304
    -91.627983 44.856304
    -91.627754 44.856304
    -91.627155 44.856312
    -91.627033 44.856314
    -91.62542 44.856337
    -91.625409 44.856337
    -91.625408 44.856337
    -91.625071 44.856341
    -91.62507 44.856342
    -91.621049 44.856397
    -91.621041 44.856398
    -91.620161 44.856411
    -91.620144 44.856411
    -91.62014 44.856411
    -91.613655 44.856453
    -91.610737 44.85648
    -91.610737 44.856481
    -91.610736 44.856481
    -91.61073 44.856482
    -91.609383 44.856495
    -91.607903 44.856514
    -91.605354 44.856537
    -91.602867 44.856567
    -91.599022 44.856606
    -91.594131 44.856647
    -91.591476 44.856682
    -91.589584 44.856697
    -91.58886 44.856712
    -91.58622 44.856735
    -91.582086 44.856777
    -91.577591 44.856823
    -91.569206 44.856918
    -91.569008 44.856911
    -91.565331 44.856937
    -91.561138 44.856961
    -91.557419 44.856983
    -91.553673 44.857021
    -91.553474 44.857044
    -91.549301 44.857067
    -91.549016 44.857079
    -91.548958 44.857082
    -91.546927 44.85709
    -91.545097 44.857098
    -91.538932 44.85718
    -91.53656 44.857212
    -91.534485 44.857258
    -91.5334 44.857279
    -91.530792 44.85733
    -91.528803 44.857356
    -91.528686 44.857356
    -91.528686 44.857357
    -91.528684 44.857358
    -91.528419 44.857361
    -91.528362 44.85736
    -91.528362 44.857347
    -91.5282 44.857348
    -91.527334 44.857358
    -91.527109 44.857361
    -91.525241 44.857358
    -91.523848 44.857356
    -91.523512 44.857356
    -91.517461 44.857361
    -91.517017 44.857359
    -91.516896 44.857359
    -91.516535 44.857359
    -91.516415 44.857359
    -91.516082 44.857359
    -91.515083 44.857359
    -91.514751 44.85736
    -91.514315 44.857341
    -91.51301 44.857284
    -91.512666 44.85727
    -91.512575 44.857268
    -91.512331 44.857261
    -91.512254 44.85726
    -91.511603 44.857332
    -91.511361 44.85736
    -91.510827 44.85736
    -91.509225 44.85736
    -91.508692 44.85736
    -91.507705 44.85736
    -91.504747 44.85736
    -91.503761 44.85736
    -91.501461 44.85736
    -91.501341 44.85736
    -91.500041 44.85736
    -91.494715 44.85736
    -91.492522 44.85736
    -91.48826 44.85726
    -91.48706 44.85726
    -91.4868 44.85726
    -91.48602 44.85726
    -91.48576 44.85726
    -91.48548 44.85726
    -91.48464 44.85726
    -91.48436 44.85726
    -91.48406 44.85726
    -91.48316 44.85726
    -91.48286 44.85726
    -91.48268 44.85726
    -91.48214 44.85726
    -91.48196 44.85726
    -91.48076 44.85726
    -91.478119 44.857299
    -91.475548 44.857298
    -91.474296 44.857297
    -91.474042 44.857296
    -91.473283 44.857296
    -91.47303 44.857296
    -91.472774 44.857295
    -91.472006 44.857295
    -91.471751 44.857295
    -91.471185 44.857295
    -91.469489 44.857295
    -91.468924 44.857296
    -91.468756 44.857288
    -91.468254 44.857267
    -91.468087 44.85726
    -91.467728 44.85726
    -91.466651 44.85726
    -91.466292 44.85726
    -91.466151 44.85726
    -91.465731 44.85726
    -91.465591 44.85726
    -91.46548 44.85726
    -91.46515 44.857261
    -91.46504 44.857262
    -91.464975 44.857261
    -91.464781 44.857261
    -91.464717 44.857261
    -91.464669 44.857261
    -91.464528 44.857261
    -91.464481 44.857261
    -91.464415 44.85726
    -91.464217 44.85726
    -91.464152 44.85726
    -91.463785 44.85726
    -91.462685 44.85726
    -91.462472 44.85726
    -91.462319 44.85726
    -91.462035 44.85726
    -91.461182 44.85726
    -91.460899 44.85726
    -91.46076 44.85726
    -91.460269 44.857265
    -91.458379 44.857285
    -91.45775 44.857293
    -91.457597 44.857336
    -91.45743 44.857354
    -91.457082 44.857377
    -91.457042 44.85738
    -91.455058 44.857378
    -91.454384 44.857378
    -91.454015 44.857378
    -91.452908 44.857378
    -91.452539 44.857378
    -91.452262 44.857377
    -91.451434 44.857377
    -91.451158 44.857377
    -91.450644 44.857377
    -91.449102 44.857377
    -91.448589 44.857377
    -91.448223 44.857373
    -91.447127 44.857363
    -91.446762 44.85736
    -91.445901 44.85736
    -91.443319 44.85736
    -91.442459 44.85736
END
END
