25011 Franklin County
1
    -72.700959 42.45291
    -72.700958 42.45293
    -72.709203 42.451928
    -72.710839 42.451756
    -72.710855 42.451754
    -72.722918 42.450282
    -72.724641 42.450072
    -72.727767 42.449676
    -72.731846 42.449159
    -72.732697 42.449051
    -72.739514 42.448231
    -72.748384 42.447165
    -72.748681 42.447129
    -72.748839 42.44711
    -72.749536 42.446957
    -72.750106 42.446887
    -72.750392 42.446852
    -72.757715 42.44596
    -72.75771 42.446013
    -72.757124 42.452397
    -72.76596 42.451638
    -72.76513 42.455837
    -72.759056 42.456471
    -72.758302 42.460939
    -72.76431 42.460079
    -72.763746 42.46361
    -72.763909 42.463641
    -72.77165 42.465129
    -72.771733 42.465145
    -72.773545 42.465494
    -72.773261 42.466799
    -72.783926 42.468671
    -72.783967 42.468678
    -72.809834 42.47322
    -72.8099 42.473232
    -72.820355 42.475068
    -72.820373 42.475071
    -72.820402 42.475076
    -72.826619 42.476168
    -72.826854 42.476209
    -72.83147 42.47702
    -72.831475 42.476392
    -72.838804 42.477783
    -72.839084 42.477836
    -72.840959 42.478192
    -72.846022 42.479153
    -72.846053 42.479159
    -72.847274 42.479391
    -72.848237 42.479574
    -72.848447 42.479614
    -72.848455 42.479616
    -72.855644 42.48098
    -72.855799 42.48101
    -72.86002 42.481879
    -72.860236 42.481923
    -72.871157 42.484173
    -72.871166 42.484211
    -72.871368 42.485386
    -72.873426 42.49724
    -72.873696 42.498805
    -72.87372 42.498831
    -72.873703 42.498845
    -72.874047 42.500835
    -72.874099 42.501179
    -72.874152 42.501446
    -72.875155 42.507249
    -72.875132 42.507364
    -72.874774 42.508686
    -72.873524 42.513307
    -72.873481 42.513465
    -72.873012 42.515199
    -72.872795 42.516003
    -72.87032 42.52515
    -72.875461 42.525897
    -72.875766 42.527386
    -72.876658 42.531733
    -72.876712 42.534412
    -72.876712 42.534453
    -72.876849 42.541197
    -72.876948 42.541213
    -72.876947 42.541152
    -72.885413 42.542401
    -72.886072 42.542498
    -72.887827 42.542757
    -72.888154 42.542806
    -72.888773 42.542897
    -72.888831 42.542906
    -72.888992 42.54293
    -72.889439 42.542996
    -72.889644 42.543026
    -72.892012 42.543376
    -72.904785 42.545263
    -72.905031 42.545299
    -72.907241 42.545626
    -72.907544 42.545671
    -72.907616 42.545682
    -72.907626 42.545683
    -72.907633 42.545684
    -72.907702 42.545694
    -72.914547 42.546705
    -72.914576 42.54671
    -72.915116 42.546798
    -72.915158 42.546805
    -72.915167 42.546807
    -72.915174 42.546808
    -72.915782 42.546909
    -72.91813 42.547257
    -72.918464 42.547307
    -72.922668 42.547931
    -72.922731 42.54794
    -72.929042 42.548876
    -72.94143 42.550761
    -72.941861 42.550827
    -72.942259 42.550888
    -72.942482 42.550922
    -72.942664 42.55095
    -72.942858 42.55098
    -72.943235 42.551037
    -72.944032 42.551158
    -72.94416 42.551178
    -72.953393 42.552584
    -72.953536 42.552606
    -72.954094 42.552691
    -72.954211 42.552709
    -72.954261 42.552716
    -72.954359 42.552731
    -72.954647 42.552775
    -72.96285 42.554024
    -72.96309 42.55406
    -72.965023 42.554355
    -72.975379 42.555933
    -72.973753 42.561684
    -72.968906 42.578943
    -72.968856 42.579126
    -72.966234 42.588325
    -72.965929 42.589407
    -72.965073 42.592446
    -72.965028 42.592606
    -72.965019 42.592638
    -72.962389 42.601979
    -72.959625 42.611512
    -72.959587 42.611644
    -72.959156 42.613133
    -72.959088 42.613366
    -72.958963 42.613797
    -72.958885 42.614065
    -72.955691 42.625084
    -72.954979 42.627411
    -72.954599 42.628654
    -72.951039 42.641006
    -72.951041 42.641034
    -72.951094 42.641343
    -72.951108 42.641426
    -72.951088 42.64155
    -72.951106 42.641615
    -72.952806 42.650759
    -72.952816 42.650812
    -72.952826 42.650866
    -72.952948 42.650875
    -72.953189 42.6509
    -72.953308 42.650925
    -72.953478 42.650973
    -72.953644 42.651033
    -72.9538 42.651103
    -72.953897 42.651158
    -72.953984 42.651223
    -72.954057 42.651295
    -72.954145 42.651413
    -72.954212 42.65154
    -72.954275 42.651713
    -72.954423 42.652244
    -72.954448 42.652323
    -72.954451 42.652332
    -72.954482 42.652419
    -72.954518 42.652504
    -72.954603 42.652672
    -72.954629 42.652713
    -72.954688 42.652805
    -72.954707 42.652835
    -72.954758 42.652906
    -72.954973 42.653206
    -72.954993 42.653234
    -72.955041 42.653309
    -72.955097 42.653397
    -72.955142 42.653479
    -72.955304 42.653774
    -72.955417 42.654008
    -72.955428 42.65403
    -72.955492 42.654193
    -72.955496 42.654203
    -72.955512 42.654259
    -72.955547 42.654378
    -72.955563 42.654459
    -72.955566 42.654473
    -72.955573 42.654513
    -72.955576 42.654528
    -72.955589 42.654599
    -72.955605 42.654725
    -72.955622 42.654867
    -72.955645 42.655205
    -72.955647 42.655228
    -72.955657 42.655674
    -72.95566 42.655816
    -72.955661 42.655935
    -72.955662 42.656131
    -72.955612 42.656718
    -72.955612 42.656928
    -72.955612 42.65694
    -72.955624 42.656983
    -72.955652 42.657023
    -72.955721 42.657102
    -72.955743 42.657144
    -72.95576 42.657322
    -72.955771 42.657682
    -72.955766 42.657879
    -72.95576 42.658134
    -72.955742 42.658404
    -72.955709 42.658582
    -72.955687 42.658666
    -72.955662 42.658742
    -72.955503 42.659251
    -72.955314 42.659854
    -72.954625 42.66203
    -72.954529 42.662332
    -72.95455 42.662533
    -72.954565 42.662681
    -72.954568 42.662877
    -72.954572 42.663173
    -72.954577 42.663469
    -72.954583 42.663825
    -72.954585 42.663851
    -72.954631 42.664368
    -72.954632 42.664433
    -72.954638 42.664876
    -72.95464 42.665044
    -72.954707 42.665216
    -72.954832 42.665471
    -72.954975 42.66572
    -72.955034 42.665799
    -72.955111 42.665869
    -72.955331 42.666025
    -72.955477 42.666108
    -72.955942 42.666322
    -72.957048 42.666799
    -72.957167 42.666817
    -72.957221 42.666825
    -72.957286 42.666835
    -72.958581 42.667031
    -72.960886 42.667328
    -72.961432 42.667196
    -72.96172 42.667126
    -72.961989 42.666994
    -72.962003 42.666987
    -72.962063 42.666958
    -72.962338 42.666824
    -72.96259 42.666376
    -72.962591 42.666374
    -72.96276 42.666074
    -72.962929 42.665774
    -72.963 42.665601
    -72.963042 42.66547
    -72.963112 42.665158
    -72.963161 42.664982
    -72.963198 42.664897
    -72.963251 42.664815
    -72.963378 42.66466
    -72.963485 42.664549
    -72.963568 42.664484
    -72.96371 42.664399
    -72.963861 42.66432
    -72.964018 42.66425
    -72.964182 42.664193
    -72.964354 42.664146
    -72.964531 42.664108
    -72.964711 42.664079
    -72.965012 42.664045
    -72.965376 42.664015
    -72.965924 42.663988
    -72.966229 42.663983
    -72.966847 42.664001
    -72.967311 42.664111
    -72.967603 42.664176
    -72.96784 42.664214
    -72.96802 42.664228
    -72.968142 42.664229
    -72.968326 42.664224
    -72.968693 42.664194
    -72.968993 42.664159
    -72.96983 42.664031
    -72.970238 42.663936
    -72.970464 42.66387
    -72.970967 42.663707
    -72.97135 42.663568
    -72.97156 42.663477
    -72.972218 42.663148
    -72.972412 42.66304
    -72.972636 42.662887
    -72.972845 42.662722
    -72.973037 42.662547
    -72.973172 42.662397
    -72.973443 42.662043
    -72.973574 42.661892
    -72.973762 42.661715
    -72.973964 42.661546
    -72.974179 42.661385
    -72.974404 42.661234
    -72.974599 42.661124
    -72.974805 42.661026
    -72.975017 42.660938
    -72.975134 42.66091
    -72.975256 42.660897
    -72.975377 42.660895
    -72.975686 42.660918
    -72.975977 42.661017
    -72.976139 42.661079
    -72.976293 42.661152
    -72.976597 42.661306
    -72.97674 42.661391
    -72.976872 42.661483
    -72.977076 42.66165
    -72.977351 42.66189
    -72.978345 42.662804
    -72.978624 42.663042
    -72.978958 42.663305
    -72.979436 42.663652
    -72.980648 42.664476
    -72.980879 42.664625
    -72.981074 42.664733
    -72.981383 42.664875
    -72.981704 42.665006
    -72.982142 42.665168
    -72.982474 42.665279
    -72.982703 42.665343
    -72.983054 42.665422
    -72.98329 42.665465
    -72.983712 42.665518
    -72.983888 42.665553
    -72.984237 42.665635
    -72.984582 42.665727
    -72.98492 42.665829
    -72.985196 42.665926
    -72.985571 42.666076
    -72.985764 42.666187
    -72.985927 42.666248
    -72.986378 42.666387
    -72.986498 42.666428
    -72.986599 42.666463
    -72.986915 42.666598
    -72.987663 42.666952
    -72.987686 42.666963
    -72.988591 42.667317
    -72.988921 42.667583
    -72.990361 42.668744
    -72.992171 42.670254
    -72.992178 42.67026
    -72.992184 42.670265
    -72.992222 42.670296
    -72.992246 42.670316
    -72.992539 42.67056
    -72.992561 42.670578
    -72.99332 42.671212
    -72.99439 42.672073
    -72.994428 42.672104
    -72.994612 42.672277
    -72.99505 42.672712
    -72.995469 42.673154
    -72.995635 42.673342
    -72.99566 42.673383
    -72.995679 42.673426
    -72.995704 42.673516
    -72.995723 42.673653
    -72.995727 42.673749
    -72.99572 42.673794
    -72.995711 42.673818
    -72.995632 42.673876
    -72.99527 42.674159
    -72.995212 42.674204
    -72.995092 42.674275
    -72.995036 42.674308
    -72.995035 42.674309
    -72.994959 42.674354
    -72.994926 42.674374
    -72.994566 42.674367
    -72.994252 42.674361
    -72.993907 42.674321
    -72.993238 42.674311
    -72.99283 42.67429
    -72.992276 42.674262
    -72.991932 42.674244
    -72.99107 42.674198
    -72.991042 42.674197
    -72.991033 42.674197
    -72.9907 42.674154
    -72.990335 42.674124
    -72.99009 42.67412
    -72.989908 42.67413
    -72.989609 42.674169
    -72.989251 42.674233
    -72.988842 42.674323
    -72.988788 42.674342
    -72.988738 42.67437
    -72.988648 42.674432
    -72.988527 42.674535
    -72.988461 42.674609
    -72.988442 42.674653
    -72.988425 42.674833
    -72.988422 42.675013
    -72.988456 42.675328
    -72.988501 42.675597
    -72.98856 42.675817
    -72.988616 42.675945
    -72.988714 42.676112
    -72.988799 42.676231
    -72.988894 42.676292
    -72.98893 42.676327
    -72.988979 42.676455
    -72.9891 42.676899
    -72.989149 42.677029
    -72.989232 42.677197
    -72.989639 42.677903
    -72.989741 42.67812
    -72.989772 42.678219
    -72.989777 42.678265
    -72.989771 42.678307
    -72.989753 42.678344
    -72.98968 42.678401
    -72.989579 42.678449
    -72.989399 42.678508
    -72.989103 42.678587
    -72.988696 42.67866
    -72.988686 42.678661
    -72.988513 42.678701
    -72.986947 42.678967
    -72.984877 42.679185
    -72.982607 42.679229
    -72.980824 42.679046
    -72.976937 42.679026
    -72.976475 42.679079
    -72.976175 42.679113
    -72.97607 42.67923
    -72.97604 42.679267
    -72.976022 42.679313
    -72.975996 42.679356
    -72.975955 42.679388
    -72.975807 42.679469
    -72.975717 42.679529
    -72.975679 42.679564
    -72.975611 42.67964
    -72.975556 42.679721
    -72.975493 42.679848
    -72.975451 42.67998
    -72.975431 42.680114
    -72.975431 42.680249
    -72.975446 42.680385
    -72.975474 42.680518
    -72.975535 42.680693
    -72.975676 42.68099
    -72.975795 42.681197
    -72.975984 42.68148
    -72.976467 42.682159
    -72.976772 42.6826
    -72.976974 42.682926
    -72.977036 42.683053
    -72.977115 42.683272
    -72.977185 42.683538
    -72.977206 42.683671
    -72.977216 42.684032
    -72.977217 42.68412
    -72.977218 42.684221
    -72.977226 42.684264
    -72.977243 42.684305
    -72.977281 42.684339
    -72.977392 42.684392
    -72.977428 42.684422
    -72.97741 42.684461
    -72.97737 42.684503
    -72.977545 42.685549
    -72.977564 42.685661
    -72.976023 42.686362
    -72.975932 42.686486
    -72.975753 42.686729
    -72.975442 42.687153
    -72.97517 42.687706
    -72.974833 42.688243
    -72.974705 42.68866
    -72.974154 42.688771
    -72.973603 42.688881
    -72.973241 42.688953
    -72.972514 42.688974
    -72.972509 42.688974
    -72.971303 42.689008
    -72.971216 42.68899
    -72.969178 42.688562
    -72.966631 42.688049
    -72.965246 42.68765
    -72.964724 42.687651
    -72.964722 42.687651
    -72.964167 42.687652
    -72.963975 42.687653
    -72.963936 42.687653
    -72.963911 42.687653
    -72.963896 42.687653
    -72.963888 42.687654
    -72.963881 42.687654
    -72.963789 42.687654
    -72.963716 42.687654
    -72.963668 42.687654
    -72.96364 42.687654
    -72.963625 42.687654
    -72.963617 42.687654
    -72.963609 42.687654
    -72.963516 42.687654
    -72.963421 42.687654
    -72.963156 42.687655
    -72.962074 42.687887
    -72.96193 42.687955
    -72.961892 42.687973
    -72.960855 42.688464
    -72.960076 42.688954
    -72.96006 42.688964
    -72.96005 42.68897
    -72.960023 42.688987
    -72.959607 42.689249
    -72.959346 42.689409
    -72.959084 42.689569
    -72.958386 42.690003
    -72.958165 42.690035
    -72.957945 42.690067
    -72.957794 42.690089
    -72.957784 42.690091
    -72.957404 42.690147
    -72.957162 42.690137
    -72.956723 42.690119
    -72.956704 42.690118
    -72.956694 42.690117
    -72.956685 42.690117
    -72.956665 42.690116
    -72.956639 42.690115
    -72.956154 42.690095
    -72.954608 42.690106
    -72.954531 42.690157
    -72.953659 42.690741
    -72.952737 42.691698
    -72.952034 42.692574
    -72.951955 42.692673
    -72.951641 42.693661
    -72.951504 42.694094
    -72.951496 42.694182
    -72.951466 42.694495
    -72.951463 42.694524
    -72.951483 42.694644
    -72.951495 42.694711
    -72.9515 42.694743
    -72.951503 42.694764
    -72.951576 42.695198
    -72.951582 42.695233
    -72.951628 42.695507
    -72.951693 42.695613
    -72.951708 42.695638
    -72.95196 42.696045
    -72.952445 42.696541
    -72.952936 42.697057
    -72.952943 42.697064
    -72.95295 42.697071
    -72.952954 42.697076
    -72.953024 42.697149
    -72.953516 42.697758
    -72.953524 42.697769
    -72.95382 42.698157
    -72.953845 42.698301
    -72.953848 42.698317
    -72.95382 42.698422
    -72.953777 42.698586
    -72.953666 42.698715
    -72.953497 42.698905
    -72.952805 42.699422
    -72.952002 42.700149
    -72.951533 42.700581
    -72.951472 42.700609
    -72.951389 42.700648
    -72.950959 42.700823
    -72.950751 42.700916
    -72.950604 42.700995
    -72.950423 42.701116
    -72.950129 42.701346
    -72.950052 42.701416
    -72.949808 42.701675
    -72.949678 42.701828
    -72.949599 42.701949
    -72.94936 42.702364
    -72.949095 42.702868
    -72.948907 42.703249
    -72.948822 42.703465
    -72.948785 42.703597
    -72.948763 42.703731
    -72.948753 42.703913
    -72.948758 42.704092
    -72.948769 42.704137
    -72.948786 42.704181
    -72.948838 42.704263
    -72.948933 42.704377
    -72.949108 42.704563
    -72.949215 42.704665
    -72.949295 42.704741
    -72.949335 42.704773
    -72.949431 42.704848
    -72.949443 42.704857
    -72.949512 42.704912
    -72.94963 42.705005
    -72.949742 42.705103
    -72.94984 42.705096
    -72.949887 42.705093
    -72.950753 42.705025
    -72.951666 42.704953
    -72.952393 42.704895
    -72.952806 42.704861
    -72.953318 42.704825
    -72.953471 42.704809
    -72.953777 42.704784
    -72.953919 42.704774
    -72.954069 42.704761
    -72.954236 42.704748
    -72.954542 42.704723
    -72.954988 42.704687
    -72.955857 42.704618
    -72.956874 42.704535
    -72.957033 42.704524
    -72.959243 42.704348
    -72.963568 42.703994
    -72.965707 42.703832
    -72.966535 42.703767
    -72.966952 42.703732
    -72.967435 42.703694
    -72.967746 42.703669
    -72.968631 42.703598
    -72.969962 42.703492
    -72.971111 42.7034
    -72.972275 42.703307
    -72.972738 42.70327
    -72.977148 42.702918
    -72.977866 42.702865
    -72.97957 42.702725
    -72.980857 42.702622
    -72.981546 42.702567
    -72.982054 42.702527
    -72.983206 42.702435
    -72.983299 42.702428
    -72.985763 42.702231
    -72.987277 42.702106
    -72.987479 42.702094
    -72.988704 42.701996
    -72.988808 42.701988
    -72.988894 42.701981
    -72.98907 42.701967
    -72.989259 42.701952
    -72.990412 42.701859
    -72.990454 42.701856
    -72.990538 42.701846
    -72.990771 42.701831
    -72.991972 42.701735
    -72.991992 42.701733
    -72.992063 42.701726
    -72.992221 42.701715
    -72.993595 42.701606
    -72.993615 42.701604
    -72.993681 42.701598
    -72.993786 42.701587
    -72.995177 42.701479
    -72.995237 42.701473
    -72.995316 42.701468
    -72.99676 42.701353
    -72.996782 42.701351
    -72.996839 42.701348
    -72.996907 42.701341
    -72.997878 42.701264
    -72.998241 42.701283
    -72.998261 42.701284
    -72.998375 42.701289
    -72.998693 42.701307
    -72.999859 42.701372
    -72.999956 42.701376
    -73.000167 42.701389
    -73.001377 42.701456
    -73.001902 42.701485
    -73.003015 42.701546
    -73.003054 42.701548
    -73.003178 42.701552
    -73.003509 42.701574
    -73.006034 42.701713
    -73.006171 42.701721
    -73.006312 42.701722
    -73.006801 42.701756
    -73.008865 42.70187
    -73.009028 42.701879
    -73.009394 42.701899
    -73.010341 42.701952
    -73.011055 42.701991
    -73.012918 42.702094
    -73.013371 42.702126
    -73.013848 42.702146
    -73.01446 42.702179
    -73.01556 42.702239
    -73.015804 42.702259
    -73.015819 42.702261
    -73.020549 42.702514
    -73.020963 42.702538
    -73.022953 42.702648
    -73.023493 42.702678
    -73.023709 42.70269
    -73.023361 42.721895
    -73.023343 42.723063
    -73.023268 42.726985
    -73.023264 42.727286
    -73.023258 42.727579
    -73.023092 42.737811
    -73.023008 42.739273
    -73.022987 42.73964
    -73.022903 42.741133
    -73.019568 42.741075
    -73.018645 42.741059
    -73.010823 42.74085
    -73.010662 42.74084
    -73.009451 42.740814
    -73.006044 42.740725
    -72.999386 42.740592
    -72.998962 42.740584
    -72.979548 42.740219
    -72.967193 42.740006
    -72.962979 42.739933
    -72.948354 42.739647
    -72.94798 42.739639
    -72.930258 42.739293
    -72.930084 42.73929
    -72.928624 42.739261
    -72.928298 42.739254
    -72.927162 42.739232
    -72.926828 42.739226
    -72.926703 42.739224
    -72.926088 42.739212
    -72.925472 42.7392
    -72.924977 42.73919
    -72.923563 42.739164
    -72.916954 42.739021
    -72.916584 42.739013
    -72.897653 42.738604
    -72.891767 42.738463
    -72.88279 42.738264
    -72.877336 42.738145
    -72.874541 42.738084
    -72.870342 42.737989
    -72.870088 42.737983
    -72.867159 42.737915
    -72.864319 42.737838
    -72.864214 42.737836
    -72.858123 42.737697
    -72.857657 42.737689
    -72.854874 42.737645
    -72.854422 42.737635
    -72.837483 42.73724
    -72.816355 42.736749
    -72.810641 42.736616
    -72.81042 42.736611
    -72.809113 42.736581
    -72.791079 42.736024
    -72.791013 42.736022
    -72.790443 42.736043
    -72.78603 42.735929
    -72.779276 42.735768
    -72.768068 42.73547
    -72.762248 42.735316
    -72.758888 42.735228
    -72.749538 42.734981
    -72.723506 42.734199
    -72.723405 42.734196
    -72.723321 42.734193
    -72.723263 42.73419
    -72.721365 42.734101
    -72.721319 42.734099
    -72.72014 42.734069
    -72.719778 42.73406
    -72.719363 42.73405
    -72.713045 42.733886
    -72.701357 42.733582
    -72.692664 42.733356
    -72.686667 42.7332
    -72.686203 42.733188
    -72.686173 42.733187
    -72.685949 42.733182
    -72.685297 42.733165
    -72.682977 42.733106
    -72.676454 42.732937
    -72.676127 42.732929
    -72.67599 42.732925
    -72.675911 42.732923
    -72.675832 42.732921
    -72.674577 42.732889
    -72.661669 42.732554
    -72.661152 42.732541
    -72.658341 42.732468
    -72.643088 42.732073
    -72.624535 42.731634
    -72.623376 42.731584
    -72.616493 42.731289
    -72.616352 42.731286
    -72.613491 42.731227
    -72.61326 42.731222
    -72.612441 42.731205
    -72.60656 42.731085
    -72.604187 42.731037
    -72.603573 42.731024
    -72.602297 42.730998
    -72.601565 42.730983
    -72.598656 42.730924
    -72.598638 42.730924
    -72.598496 42.730918
    -72.59203 42.730681
    -72.591759 42.730674
    -72.590563 42.730641
    -72.575862 42.730254
    -72.573333 42.730188
    -72.573131 42.730185
    -72.570932 42.730148
    -72.570448 42.730133
    -72.570265 42.730128
    -72.569962 42.730119
    -72.569954 42.730119
    -72.565997 42.729996
    -72.565867 42.729992
    -72.529334 42.728905
    -72.516774 42.728531
    -72.499533 42.728053
    -72.492225 42.727841
    -72.483299 42.727582
    -72.464955 42.727051
    -72.464574 42.72704
    -72.463172 42.726996
    -72.462932 42.726988
    -72.462703 42.726981
    -72.462264 42.726967
    -72.462157 42.726964
    -72.462021 42.72696
    -72.461937 42.726957
    -72.458436 42.72685
    -72.458193 42.726841
    -72.45771 42.726824
    -72.457226 42.726807
    -72.455945 42.726762
    -72.455775 42.726759
    -72.451256 42.72668
    -72.450754 42.726665
    -72.446048 42.726514
    -72.44276 42.72641
    -72.442644 42.726406
    -72.439688 42.726312
    -72.439424 42.726308
    -72.437778 42.726282
    -72.429114 42.725997
    -72.422112 42.725767
    -72.412015 42.725435
    -72.403231 42.725167
    -72.401054 42.7251
    -72.399387 42.725086
    -72.398881 42.725054
    -72.398677 42.725042
    -72.398473 42.725029
    -72.398271 42.725017
    -72.398162 42.725014
    -72.396725 42.724974
    -72.390644 42.724806
    -72.378605 42.724423
    -72.378539 42.724421
    -72.37453 42.724292
    -72.373633 42.724239
    -72.372987 42.724222
    -72.362608 42.723919
    -72.355752 42.72369
    -72.346354 42.723416
    -72.326147 42.722813
    -72.320293 42.722644
    -72.304872 42.722205
    -72.30483 42.722204
    -72.293634 42.721884
    -72.292142 42.721805
    -72.291999 42.721798
    -72.285996 42.721626
    -72.282981 42.721549
    -72.28061 42.711428
    -72.277758 42.69923
    -72.27739 42.697688
    -72.272688 42.67762
    -72.271995 42.674659
    -72.271912 42.674304
    -72.265434 42.674832
    -72.258383 42.675409
    -72.257525 42.668979
    -72.2574 42.668036
    -72.257387 42.667955
    -72.257329 42.667962
    -72.257325 42.66794
    -72.257201 42.667951
    -72.24878 42.668747
    -72.243495 42.669248
    -72.243087 42.667012
    -72.242109 42.661642
    -72.22948 42.662666
    -72.226352 42.646726
    -72.225797 42.643899
    -72.225771 42.643764
    -72.225387 42.641806
    -72.224839 42.638981
    -72.229048 42.638325
    -72.229047 42.63832
    -72.228974 42.638052
    -72.22892 42.637983
    -72.228873 42.637901
    -72.228827 42.637796
    -72.228613 42.637469
    -72.228547 42.637344
    -72.228515 42.637259
    -72.22849 42.637125
    -72.22848 42.636716
    -72.228467 42.636628
    -72.228441 42.636542
    -72.228391 42.636461
    -72.228212 42.636253
    -72.22799 42.635984
    -72.227883 42.635875
    -72.22775 42.635784
    -72.227614 42.635673
    -72.227478 42.635562
    -72.227362 42.635478
    -72.227192 42.635298
    -72.226998 42.635158
    -72.226851 42.635024
    -72.226611 42.634852
    -72.226479 42.634741
    -72.226378 42.634635
    -72.226301 42.634497
    -72.226255 42.634362
    -72.226254 42.634204
    -72.226269 42.6341
    -72.226254 42.63393
    -72.226231 42.633789
    -72.226192 42.633694
    -72.22613 42.633598
    -72.225974 42.633447
    -72.225946 42.633408
    -72.225931 42.633368
    -72.225936 42.633283
    -72.225965 42.633153
    -72.226053 42.632919
    -72.226131 42.632711
    -72.226165 42.632578
    -72.226183 42.632439
    -72.226179 42.632348
    -72.226152 42.632264
    -72.226122 42.632225
    -72.225933 42.63209
    -72.225897 42.632055
    -72.225878 42.632019
    -72.225879 42.63198
    -72.225897 42.631939
    -72.226028 42.631771
    -72.22605 42.631729
    -72.226057 42.631688
    -72.226041 42.631647
    -72.225936 42.631522
    -72.225866 42.631434
    -72.22575 42.631315
    -72.225688 42.631237
    -72.22561 42.631054
    -72.225595 42.630779
    -72.225556 42.630688
    -72.225517 42.630566
    -72.22547 42.630389
    -72.225463 42.630263
    -72.225486 42.630115
    -72.225532 42.630031
    -72.225633 42.629889
    -72.225756 42.62978
    -72.225895 42.62967
    -72.226097 42.629482
    -72.226212 42.629364
    -72.226251 42.629323
    -72.226383 42.629178
    -72.226506 42.628992
    -72.226584 42.628858
    -72.226646 42.628734
    -72.226676 42.62864
    -72.226692 42.628533
    -72.226793 42.628274
    -72.226831 42.628144
    -72.226823 42.628
    -72.226792 42.627837
    -72.226784 42.627729
    -72.226768 42.627621
    -72.226761 42.627517
    -72.226776 42.627355
    -72.2268 42.627247
    -72.2269 42.627066
    -72.227047 42.626889
    -72.22724 42.626745
    -72.227496 42.626607
    -72.227635 42.626538
    -72.22782 42.626453
    -72.227975 42.626371
    -72.228262 42.626207
    -72.22861 42.62604
    -72.228803 42.625995
    -72.22895 42.625971
    -72.229353 42.626044
    -72.229608 42.626086
    -72.229886 42.626075
    -72.230273 42.625994
    -72.230622 42.625913
    -72.23097 42.625818
    -72.23124 42.625711
    -72.231442 42.625554
    -72.231573 42.625427
    -72.231628 42.625302
    -72.231647 42.62519
    -72.231652 42.625159
    -72.231664 42.625086
    -72.231666 42.625005
    -72.231624 42.624899
    -72.231499 42.624705
    -72.231498 42.624602
    -72.231559 42.624477
    -72.231558 42.624306
    -72.23148 42.62418
    -72.231278 42.624043
    -72.231045 42.623987
    -72.230921 42.623885
    -72.230858 42.623737
    -72.230749 42.623668
    -72.230626 42.62368
    -72.23041 42.623806
    -72.229419 42.623809
    -72.229264 42.623776
    -72.229171 42.623685
    -72.229215 42.623216
    -72.229193 42.623127
    -72.229201 42.623084
    -72.229535 42.622502
    -72.229639 42.62234
    -72.229671 42.622302
    -72.229792 42.622198
    -72.229822 42.62216
    -72.229844 42.622117
    -72.229861 42.62207
    -72.229868 42.622023
    -72.229862 42.62198
    -72.229839 42.621943
    -72.229798 42.621909
    -72.229746 42.621878
    -72.22969 42.621855
    -72.229578 42.621824
    -72.229219 42.621763
    -72.229104 42.621733
    -72.228939 42.621673
    -72.228723 42.621585
    -72.228614 42.621548
    -72.228558 42.621533
    -72.228498 42.621523
    -72.228434 42.621522
    -72.228371 42.62153
    -72.228315 42.621548
    -72.228219 42.6216
    -72.227951 42.621791
    -72.227855 42.621843
    -72.2278 42.62186
    -72.227737 42.621866
    -72.227672 42.621863
    -72.227611 42.621854
    -72.227557 42.621837
    -72.22751 42.621803
    -72.22748 42.621762
    -72.227464 42.621673
    -72.227468 42.621581
    -72.227478 42.621535
    -72.227496 42.621493
    -72.227521 42.621454
    -72.227589 42.621379
    -72.227702 42.621269
    -72.227734 42.621231
    -72.227782 42.621148
    -72.227815 42.621061
    -72.227834 42.620972
    -72.227847 42.620791
    -72.227852 42.620383
    -72.227873 42.620206
    -72.227883 42.620163
    -72.227912 42.620125
    -72.228004 42.620059
    -72.228044 42.620023
    -72.228066 42.619983
    -72.228103 42.619852
    -72.22817 42.619447
    -72.228206 42.619315
    -72.228267 42.619188
    -72.228386 42.61898
    -72.228421 42.618894
    -72.228444 42.618804
    -72.228453 42.618714
    -72.228444 42.618625
    -72.228418 42.618536
    -72.228373 42.61845
    -72.228344 42.618411
    -72.228309 42.618375
    -72.228124 42.618255
    -72.228084 42.618221
    -72.228025 42.618143
    -72.227984 42.618056
    -72.227962 42.617968
    -72.227956 42.617879
    -72.227965 42.617742
    -72.227992 42.617608
    -72.228095 42.617344
    -72.228117 42.617257
    -72.228117 42.61717
    -72.228091 42.617084
    -72.227979 42.61687
    -72.227948 42.616783
    -72.22794 42.616739
    -72.22794 42.616648
    -72.227953 42.616558
    -72.22803 42.616382
    -72.228039 42.616339
    -72.228034 42.616297
    -72.228018 42.616255
    -72.227968 42.616173
    -72.227876 42.616052
    -72.22783 42.615968
    -72.227823 42.615941
    -72.227822 42.615935
    -72.227819 42.615924
    -72.227817 42.615878
    -72.227832 42.615788
    -72.22787 42.615702
    -72.227897 42.615661
    -72.228071 42.615476
    -72.228263 42.6153
    -72.228344 42.615234
    -72.228389 42.615204
    -72.228598 42.615109
    -72.228642 42.615078
    -72.228755 42.614973
    -72.228898 42.614825
    -72.228978 42.614758
    -72.22924 42.614565
    -72.229426 42.614447
    -72.229573 42.61437
    -72.229679 42.614326
    -72.229861 42.614275
    -72.229985 42.614257
    -72.230044 42.614254
    -72.2301 42.614256
    -72.230152 42.614265
    -72.230199 42.61429
    -72.230243 42.614325
    -72.230318 42.614408
    -72.230348 42.614448
    -72.230368 42.614493
    -72.230394 42.614591
    -72.230411 42.614634
    -72.230439 42.614667
    -72.230483 42.614687
    -72.230542 42.614699
    -72.23061 42.614703
    -72.230679 42.614698
    -72.230742 42.614685
    -72.230793 42.614664
    -72.230884 42.614611
    -72.231012 42.614513
    -72.231129 42.614402
    -72.231233 42.614289
    -72.231261 42.614249
    -72.231282 42.614207
    -72.231348 42.614028
    -72.231372 42.613988
    -72.231405 42.613954
    -72.23145 42.613925
    -72.231505 42.613903
    -72.231627 42.613873
    -72.231809 42.613846
    -72.231935 42.613838
    -72.231996 42.61384
    -72.232055 42.613847
    -72.232165 42.613877
    -72.232321 42.613946
    -72.232525 42.614053
    -72.23263 42.614099
    -72.232741 42.614133
    -72.232858 42.614156
    -72.233102 42.614184
    -72.233345 42.614202
    -72.233468 42.614203
    -72.233589 42.614195
    -72.233706 42.614169
    -72.233822 42.614138
    -72.23388 42.614127
    -72.23394 42.614123
    -72.234062 42.614129
    -72.234242 42.614157
    -72.234413 42.614218
    -72.234469 42.614229
    -72.234523 42.614223
    -72.23463 42.614171
    -72.234688 42.614158
    -72.23505 42.614124
    -72.235477 42.614103
    -72.235599 42.614102
    -72.23584 42.614139
    -72.235899 42.614139
    -72.236018 42.614123
    -72.236312 42.614058
    -72.236432 42.61404
    -72.236552 42.614033
    -72.236887 42.614035
    -72.237236 42.61404
    -72.237375 42.614073
    -72.237593 42.614222
    -72.237718 42.614472
    -72.237904 42.614575
    -72.238075 42.614585
    -72.23826 42.614505
    -72.238305 42.614479
    -72.238815 42.614183
    -72.239017 42.614023
    -72.239053 42.613994
    -72.239102 42.613955
    -72.239384 42.613678
    -72.239477 42.613621
    -72.240048 42.613459
    -72.240141 42.61347
    -72.240545 42.613812
    -72.240887 42.613936
    -72.241212 42.613992
    -72.24163 42.614002
    -72.242109 42.613932
    -72.242202 42.613898
    -72.242494 42.613668
    -72.242693 42.613299
    -72.246988 42.61278
    -72.247797 42.612671
    -72.251622 42.612158
    -72.251773 42.612139
    -72.251662 42.612025
    -72.251884 42.611995
    -72.251847 42.61194
    -72.254713 42.611633
    -72.253642 42.606878
    -72.253557 42.606502
    -72.253527 42.606368
    -72.253497 42.606233
    -72.253239 42.605284
    -72.254186 42.605274
    -72.256329 42.605122
    -72.256428 42.60492
    -72.25666 42.604709
    -72.256861 42.604434
    -72.257132 42.60424
    -72.257519 42.60412
    -72.257805 42.604006
    -72.258122 42.603903
    -72.258493 42.603817
    -72.25881 42.60372
    -72.25888 42.603554
    -72.258942 42.603377
    -72.259004 42.603154
    -72.259004 42.602966
    -72.259058 42.602754
    -72.259127 42.602519
    -72.259243 42.602251
    -72.259437 42.60201
    -72.259622 42.601851
    -72.259648 42.601804
    -72.259785 42.601554
    -72.259885 42.601347
    -72.260025 42.601171
    -72.260042 42.601133
    -72.260196 42.60111
    -72.260568 42.600859
    -72.262146 42.600357
    -72.262321 42.6003
    -72.262438 42.60034
    -72.265447 42.600957
    -72.265546 42.600948
    -72.265833 42.600922
    -72.267064 42.600813
    -72.265681 42.594811
    -72.263263 42.58431
    -72.263061 42.583433
    -72.262375 42.580458
    -72.262336 42.580287
    -72.262028 42.578951
    -72.261349 42.575994
    -72.261321 42.575868
    -72.261753 42.575842
    -72.262018 42.575826
    -72.26213 42.575819
    -72.262741 42.575797
    -72.26305 42.575797
    -72.26323 42.575812
    -72.263346 42.57583
    -72.263459 42.57586
    -72.263622 42.575923
    -72.263777 42.576
    -72.263969 42.576111
    -72.264096 42.576209
    -72.264246 42.576352
    -72.264375 42.576505
    -72.264486 42.576666
    -72.264528 42.576751
    -72.264596 42.576927
    -72.264618 42.576968
    -72.264679 42.577044
    -72.264792 42.57715
    -72.264923 42.577247
    -72.265064 42.577335
    -72.265162 42.577385
    -72.265269 42.577429
    -72.26544 42.577481
    -72.265616 42.577521
    -72.265796 42.577541
    -72.26604 42.577558
    -72.26616 42.577573
    -72.266218 42.577585
    -72.266341 42.577632
    -72.266438 42.577669
    -72.266495 42.577681
    -72.26651 42.577681
    -72.266615 42.577687
    -72.266797 42.577682
    -72.267017 42.577668
    -72.267166 42.577659
    -72.267259 42.577661
    -72.267347 42.577663
    -72.267406 42.57767
    -72.267521 42.5777
    -72.267692 42.577756
    -72.267808 42.57778
    -72.26805 42.577794
    -72.268357 42.577796
    -72.268662 42.577783
    -72.268842 42.577768
    -72.268961 42.57774
    -72.269072 42.577701
    -72.269173 42.577652
    -72.269264 42.577592
    -72.269344 42.577522
    -72.269443 42.577409
    -72.269555 42.577248
    -72.269652 42.577083
    -72.269706 42.576954
    -72.269769 42.576779
    -72.269833 42.576653
    -72.269891 42.576572
    -72.269964 42.5765
    -72.270138 42.576374
    -72.270279 42.576286
    -72.270427 42.576206
    -72.270586 42.576141
    -72.2707 42.576107
    -72.270878 42.57607
    -72.270996 42.576056
    -72.271058 42.576056
    -72.27118 42.576074
    -72.271355 42.576121
    -72.271467 42.576162
    -72.271516 42.576189
    -72.271557 42.57622
    -72.271664 42.576327
    -72.271764 42.576441
    -72.271883 42.576601
    -72.272011 42.576805
    -72.272024 42.576849
    -72.272027 42.576941
    -72.272005 42.577076
    -72.271876 42.577562
    -72.271856 42.577696
    -72.271855 42.577832
    -72.271878 42.578011
    -72.2719 42.578101
    -72.271931 42.578188
    -72.272042 42.578398
    -72.272147 42.578561
    -72.272239 42.578677
    -72.272381 42.578827
    -72.272504 42.578928
    -72.272597 42.578985
    -72.272749 42.579057
    -72.272965 42.579142
    -72.273248 42.579232
    -72.273477 42.579294
    -72.273595 42.579314
    -72.273719 42.579318
    -72.273902 42.579307
    -72.273964 42.579298
    -72.274025 42.579282
    -72.274079 42.57926
    -72.274121 42.579231
    -72.274154 42.579195
    -72.274205 42.579111
    -72.274249 42.578978
    -72.274273 42.578844
    -72.274287 42.578663
    -72.274285 42.578391
    -72.27427 42.578256
    -72.274249 42.578169
    -72.274232 42.578126
    -72.27418 42.578044
    -72.274085 42.577926
    -72.274035 42.577844
    -72.274019 42.577801
    -72.274017 42.577788
    -72.274069 42.57768
    -72.274151 42.577507
    -72.274378 42.577103
    -72.274549 42.576798
    -72.274599 42.57671
    -72.274628 42.576658
    -72.275098 42.57658
    -72.27552 42.576615
    -72.275613 42.576643
    -72.275963 42.576748
    -72.276108 42.576793
    -72.276149 42.576806
    -72.27644 42.576842
    -72.276452 42.57685
    -72.276456 42.576681
    -72.276478 42.575988
    -72.276527 42.574544
    -72.276532 42.57437
    -72.276552 42.573761
    -72.276559 42.573478
    -72.276568 42.573235
    -72.27662 42.571612
    -72.276638 42.571137
    -72.276654 42.570635
    -72.27666 42.570438
    -72.276458 42.569817
    -72.276428 42.569726
    -72.276375 42.569563
    -72.276344 42.56947
    -72.276213 42.569067
    -72.276157 42.568896
    -72.275961 42.568289
    -72.275598 42.567172
    -72.275391 42.566538
    -72.275308 42.566275
    -72.275189 42.566205
    -72.275134 42.566172
    -72.275162 42.566095
    -72.275172 42.566041
    -72.275178 42.565931
    -72.275173 42.56587
    -72.274764 42.564605
    -72.274353 42.563344
    -72.274256 42.563049
    -72.274111 42.562605
    -72.2741 42.562568
    -72.274023 42.562331
    -72.2739 42.561953
    -72.273734 42.561442
    -72.27359 42.560999
    -72.273128 42.55815
    -72.273063 42.557916
    -72.272966 42.557413
    -72.272944 42.557298
    -72.272297 42.553932
    -72.271555 42.547888
    -72.271478 42.547261
    -72.271469 42.54723
    -72.271431 42.547095
    -72.271383 42.546929
    -72.271207 42.54633
    -72.271053 42.545365
    -72.271028 42.545231
    -72.270962 42.544824
    -72.270748 42.543507
    -72.270595 42.542566
    -72.27058 42.542473
    -72.270336 42.540968
    -72.269482 42.535713
    -72.269221 42.533409
    -72.26922 42.533403
    -72.262947 42.528412
    -72.262882 42.52836
    -72.262876 42.528356
    -72.262869 42.52835
    -72.262837 42.528324
    -72.262225 42.527818
    -72.261553 42.527263
    -72.253316 42.52046
    -72.249527 42.517331
    -72.244952 42.513552
    -72.249513 42.509989
    -72.250595 42.509182
    -72.25168 42.508375
    -72.255624 42.505439
    -72.258924 42.502983
    -72.262819 42.500084
    -72.270609 42.494677
    -72.272171 42.493538
    -72.279723 42.488025
    -72.279934 42.487875
    -72.291424 42.479495
    -72.283408 42.441196
    -72.283478 42.44107
    -72.283695 42.440812
    -72.285036 42.439963
    -72.286419 42.43945
    -72.286535 42.439141
    -72.287218 42.438674
    -72.287538 42.438315
    -72.287484 42.438072
    -72.287274 42.43776
    -72.287209 42.43755
    -72.287357 42.437358
    -72.287473 42.437165
    -72.287665 42.437107
    -72.288069 42.437303
    -72.288237 42.437371
    -72.288892 42.437333
    -72.289591 42.437311
    -72.290345 42.4375
    -72.29065 42.437452
    -72.290834 42.437201
    -72.290746 42.436999
    -72.29004 42.43655
    -72.290032 42.436332
    -72.289932 42.436222
    -72.28974 42.436213
    -72.289424 42.436219
    -72.289177 42.436092
    -72.289203 42.435874
    -72.288902 42.435579
    -72.288903 42.435486
    -72.289086 42.435269
    -72.289608 42.43502
    -72.289928 42.434669
    -72.290045 42.434267
    -72.290063 42.433739
    -72.290078 42.433386
    -72.290228 42.433152
    -72.290408 42.433136
    -72.290689 42.433247
    -72.290932 42.433676
    -72.291153 42.43403
    -72.29157 42.434091
    -72.291921 42.434009
    -72.292127 42.433759
    -72.292038 42.433649
    -72.291734 42.43358
    -72.291398 42.433394
    -72.29129 42.432965
    -72.291309 42.432369
    -72.291551 42.431892
    -72.292062 42.431584
    -72.291931 42.431265
    -72.292286 42.430805
    -72.292065 42.430426
    -72.291967 42.430149
    -72.292139 42.429864
    -72.292853 42.429617
    -72.293348 42.42967
    -72.293606 42.429797
    -72.293934 42.429748
    -72.294321 42.429398
    -72.294711 42.42888
    -72.295438 42.428456
    -72.295701 42.42818
    -72.296148 42.42757
    -72.296578 42.427438
    -72.296908 42.427197
    -72.297417 42.427074
    -72.297768 42.42695
    -72.297848 42.426824
    -72.297725 42.426714
    -72.29722 42.426535
    -72.297278 42.42641
    -72.298195 42.42613
    -72.298839 42.426032
    -72.299145 42.425875
    -72.299499 42.425482
    -72.30003 42.425393
    -72.300323 42.425487
    -72.300437 42.425378
    -72.300274 42.424815
    -72.300277 42.424597
    -72.300368 42.424471
    -72.301228 42.424291
    -72.301475 42.424318
    -72.301634 42.424226
    -72.301815 42.424177
    -72.30213 42.424238
    -72.302185 42.424372
    -72.302297 42.424448
    -72.302433 42.424399
    -72.302468 42.424307
    -72.302473 42.423895
    -72.302283 42.42376
    -72.301461 42.42363
    -72.301304 42.423503
    -72.301297 42.423142
    -72.301142 42.422956
    -72.300933 42.422477
    -72.300858 42.422132
    -72.300962 42.421932
    -72.301121 42.421857
    -72.301527 42.421826
    -72.301596 42.421725
    -72.301328 42.42148
    -72.301726 42.421256
    -72.301728 42.421046
    -72.30183 42.420971
    -72.302146 42.420948
    -72.302217 42.420713
    -72.302051 42.420452
    -72.302109 42.42031
    -72.302346 42.420244
    -72.302639 42.420313
    -72.302934 42.420138
    -72.303407 42.420224
    -72.303781 42.420075
    -72.304073 42.420144
    -72.304186 42.420128
    -72.304515 42.419945
    -72.304639 42.419929
    -72.304807 42.420022
    -72.304839 42.420182
    -72.30496 42.420434
    -72.305141 42.420427
    -72.305277 42.420335
    -72.305304 42.419958
    -72.30552 42.419867
    -72.30579 42.41986
    -72.306103 42.420138
    -72.306284 42.420114
    -72.306719 42.419546
    -72.306658 42.418992
    -72.306248 42.41836
    -72.30605 42.417889
    -72.306097 42.417738
    -72.306868 42.417373
    -72.307062 42.417198
    -72.306863 42.416836
    -72.306586 42.41644
    -72.306587 42.416322
    -72.30695 42.416131
    -72.308001 42.415986
    -72.308058 42.415927
    -72.308014 42.415835
    -72.307399 42.415395
    -72.307382 42.414891
    -72.307554 42.414632
    -72.307679 42.414574
    -72.308074 42.414543
    -72.308445 42.414662
    -72.308648 42.414621
    -72.308923 42.41427
    -72.308733 42.413086
    -72.308725 42.412826
    -72.309492 42.411814
    -72.309416 42.411596
    -72.309292 42.411561
    -72.308976 42.41161
    -72.308705 42.411667
    -72.308605 42.411532
    -72.308663 42.411348
    -72.309267 42.410814
    -72.309494 42.410723
    -72.309932 42.410826
    -72.310181 42.41076
    -72.31034 42.410635
    -72.310344 42.410325
    -72.310446 42.40931
    -72.310538 42.409193
    -72.310893 42.408716
    -72.31085 42.408481
    -72.310705 42.408371
    -72.310378 42.408411
    -72.310094 42.408561
    -72.30998 42.408628
    -72.309982 42.408527
    -72.310475 42.407774
    -72.310972 42.407735
    -72.311425 42.407569
    -72.311699 42.407235
    -72.31196 42.407069
    -72.312277 42.407012
    -72.312673 42.406888
    -72.312879 42.406604
    -72.313097 42.406236
    -72.31321 42.406236
    -72.313478 42.406506
    -72.313601 42.406524
    -72.313715 42.406449
    -72.313732 42.405963
    -72.313599 42.405736
    -72.313142 42.40533
    -72.313098 42.405196
    -72.313407 42.404786
    -72.313353 42.404635
    -72.312949 42.404448
    -72.312974 42.404188
    -72.312685 42.40391
    -72.312624 42.403288
    -72.31275 42.403096
    -72.313133 42.403165
    -72.313348 42.403074
    -72.313349 42.402998
    -72.313206 42.402687
    -72.313342 42.402595
    -72.313412 42.402403
    -72.313346 42.402243
    -72.313272 42.401865
    -72.313081 42.401755
    -72.312971 42.401595
    -72.313061 42.401562
    -72.313252 42.401655
    -72.313733 42.40196
    -72.313982 42.401911
    -72.314097 42.401651
    -72.314055 42.401382
    -72.313765 42.401129
    -72.313364 42.400682
    -72.313332 42.400556
    -72.313571 42.400364
    -72.313619 42.400087
    -72.313632 42.39992
    -72.314117 42.399905
    -72.314176 42.399671
    -72.314056 42.399393
    -72.314013 42.399217
    -72.31415 42.399016
    -72.314398 42.398992
    -72.314973 42.399004
    -72.315189 42.398837
    -72.314991 42.398483
    -72.314489 42.398019
    -72.314558 42.397902
    -72.314739 42.397836
    -72.31474 42.39776
    -72.314414 42.397666
    -72.314145 42.397505
    -72.314034 42.397328
    -72.314041 42.396774
    -72.313794 42.396664
    -72.313649 42.396512
    -72.313594 42.396419
    -72.313675 42.396269
    -72.314352 42.396138
    -72.31475 42.395897
    -72.315282 42.395682
    -72.315498 42.39549
    -72.315477 42.39538
    -72.315433 42.395288
    -72.314857 42.395411
    -72.31452 42.3953
    -72.314568 42.395006
    -72.314774 42.394739
    -72.315124 42.394699
    -72.315561 42.394919
    -72.315742 42.394887
    -72.31597 42.394712
    -72.315994 42.394544
    -72.315446 42.394163
    -72.314821 42.393623
    -72.314092 42.393292
    -72.31369 42.392937
    -72.31357 42.392617
    -72.313674 42.392366
    -72.314139 42.392142
    -72.314514 42.391901
    -72.314609 42.391473
    -72.314342 42.391178
    -72.313939 42.390924
    -72.313171 42.391021
    -72.31289 42.39096
    -72.31267 42.390489
    -72.312753 42.390179
    -72.312721 42.389986
    -72.312432 42.38969
    -72.312477 42.389632
    -72.312703 42.389574
    -72.312983 42.389769
    -72.313148 42.390139
    -72.313564 42.390209
    -72.313723 42.390075
    -72.313618 42.389479
    -72.313126 42.389065
    -72.312736 42.388685
    -72.311905 42.388404
    -72.310742 42.387684
    -72.310236 42.38753
    -72.310058 42.387361
    -72.31007 42.387269
    -72.310228 42.387228
    -72.310668 42.38723
    -72.311009 42.387014
    -72.311416 42.38689
    -72.310798 42.386702
    -72.310507 42.386508
    -72.310407 42.386364
    -72.310543 42.386298
    -72.310757 42.386358
    -72.311329 42.386621
    -72.311734 42.386615
    -72.311669 42.386388
    -72.310931 42.385922
    -72.310933 42.385746
    -72.311454 42.385497
    -72.311876 42.385138
    -72.312321 42.384646
    -72.312254 42.384545
    -72.311905 42.384526
    -72.311863 42.384307
    -72.312421 42.383748
    -72.312754 42.383213
    -72.313049 42.383072
    -72.313308 42.383123
    -72.31343 42.3833
    -72.313509 42.383276
    -72.313825 42.383185
    -72.313996 42.383026
    -72.313975 42.382909
    -72.313344 42.382863
    -72.312987 42.38261
    -72.313158 42.382418
    -72.313103 42.382275
    -72.313138 42.382174
    -72.313591 42.382042
    -72.314254 42.382172
    -72.31439 42.382089
    -72.314462 42.381703
    -72.314263 42.381391
    -72.313716 42.38096
    -72.313661 42.380792
    -72.313799 42.380549
    -72.313858 42.380348
    -72.313692 42.380112
    -72.31328 42.37964
    -72.313258 42.379565
    -72.313642 42.379499
    -72.313689 42.379382
    -72.313344 42.378944
    -72.313202 42.378633
    -72.312954 42.378631
    -72.31268 42.378882
    -72.312488 42.378897
    -72.312403 42.378477
    -72.312495 42.378302
    -72.313528 42.377711
    -72.313724 42.377293
    -72.313436 42.37688
    -72.312525 42.376707
    -72.312066 42.376453
    -72.312239 42.376135
    -72.312397 42.376052
    -72.31276 42.375861
    -72.312944 42.375526
    -72.312623 42.37509
    -72.312395 42.374588
    -72.312646 42.374405
    -72.312232 42.374176
    -72.312607 42.374053
    -72.313085 42.373838
    -72.3131 42.373603
    -72.312738 42.373634
    -72.31233 42.373706
    -72.311989 42.373796
    -72.311621 42.373524
    -72.311155 42.372933
    -72.311073 42.372412
    -72.311303 42.372162
    -72.311629 42.372274
    -72.311802 42.372023
    -72.31159 42.371854
    -72.311751 42.371704
    -72.314354 42.371415
    -72.314481 42.371248
    -72.314407 42.370937
    -72.31432 42.370709
    -72.314685 42.370494
    -72.31496 42.370253
    -72.315056 42.369909
    -72.315338 42.369912
    -72.315631 42.369956
    -72.315602 42.369687
    -72.315337 42.369257
    -72.314831 42.369119
    -72.314434 42.369191
    -72.314161 42.36934
    -72.31387 42.369144
    -72.313252 42.368913
    -72.31299 42.368332
    -72.31292 42.367785
    -72.312768 42.367407
    -72.312398 42.367219
    -72.312288 42.367042
    -72.312149 42.366537
    -72.311908 42.366057
    -72.311572 42.365844
    -72.311008 42.365789
    -72.310753 42.365485
    -72.310802 42.365208
    -72.31065 42.364863
    -72.31035 42.364533
    -72.310367 42.364173
    -72.310634 42.363738
    -72.311375 42.363291
    -72.312229 42.362887
    -72.312662 42.362655
    -72.31285 42.362136
    -72.312664 42.361791
    -72.312398 42.361453
    -72.312014 42.360736
    -72.311987 42.360266
    -72.312117 42.359948
    -72.312086 42.359721
    -72.311955 42.359477
    -72.311678 42.359097
    -72.311447 42.358726
    -72.311473 42.358491
    -72.311636 42.358182
    -72.311966 42.358033
    -72.312102 42.358034
    -72.312447 42.358339
    -72.312532 42.358701
    -72.312801 42.358795
    -72.313106 42.358781
    -72.313463 42.358406
    -72.313713 42.357577
    -72.313636 42.356729
    -72.312992 42.355969
    -72.313065 42.35565
    -72.313579 42.35531
    -72.313794 42.354531
    -72.313225 42.354124
    -72.312587 42.353716
    -72.31255 42.353212
    -72.312182 42.352907
    -72.312036 42.352167
    -72.312481 42.35113
    -72.313153 42.350069
    -72.314153 42.348928
    -72.314412 42.347536
    -72.314276 42.34615
    -72.314081 42.344873
    -72.314126 42.344219
    -72.314548 42.343895
    -72.314599 42.343526
    -72.314841 42.343217
    -72.314812 42.342202
    -72.314606 42.340934
    -72.31472 42.340171
    -72.314782 42.339777
    -72.314933 42.339543
    -72.315172 42.339402
    -72.315647 42.339389
    -72.316411 42.339647
    -72.316859 42.339844
    -72.317494 42.339689
    -72.318134 42.339199
    -72.319331 42.337732
    -72.31994 42.337074
    -72.320048 42.336663
    -72.320289 42.336455
    -72.32094 42.335965
    -72.321969 42.335151
    -72.322704 42.334376
    -72.323061 42.333884
    -72.32317 42.333415
    -72.323075 42.332977
    -72.322673 42.332706
    -72.322386 42.332284
    -72.322463 42.331688
    -72.322584 42.331169
    -72.323084 42.330972
    -72.32401 42.330962
    -72.324643 42.330892
    -72.324985 42.330676
    -72.325334 42.330066
    -72.325536 42.329413
    -72.325711 42.329062
    -72.326079 42.328628
    -72.32612 42.328142
    -72.325698 42.327652
    -72.325218 42.327304
    -72.324952 42.327025
    -72.324741 42.326805
    -72.324632 42.326527
    -72.32458 42.326216
    -72.324754 42.325957
    -72.3252 42.325558
    -72.325599 42.325326
    -72.325884 42.325177
    -72.32611 42.325154
    -72.326336 42.325131
    -72.326448 42.32519
    -72.326487 42.325602
    -72.326499 42.326231
    -72.326909 42.326738
    -72.327394 42.326792
    -72.328032 42.326395
    -72.328336 42.325768
    -72.328267 42.325104
    -72.327782 42.324328
    -72.3274 42.323477
    -72.327225 42.32241
    -72.327351 42.32153
    -72.327161 42.320697
    -72.327344 42.3198
    -72.327783 42.319174
    -72.328127 42.318791
    -72.328469 42.318559
    -72.328843 42.318503
    -72.328914 42.318999
    -72.328884 42.319477
    -72.329502 42.319717
    -72.330857 42.319669
    -72.33233 42.319328
    -72.333193 42.319024
    -72.333572 42.318557
    -72.33377 42.318164
    -72.334338 42.317917
    -72.334805 42.317652
    -72.334699 42.317231
    -72.334682 42.316879
    -72.334858 42.316419
    -72.335157 42.316085
    -72.334928 42.315563
    -72.335001 42.315228
    -72.336019 42.315043
    -72.336925 42.314848
    -72.337936 42.314462
    -72.339112 42.314303
    -72.34016 42.314462
    -72.341041 42.314444
    -72.341594 42.314457
    -72.341989 42.314435
    -72.342399 42.314169
    -72.342552 42.31381
    -72.343026 42.313075
    -72.343375 42.312339
    -72.343597 42.311887
    -72.343917 42.311588
    -72.344475 42.311281
    -72.344577 42.311249
    -72.345201 42.311035
    -72.345663 42.310376
    -72.346316 42.309751
    -72.34762 42.309325
    -72.348402 42.309113
    -72.348943 42.309209
    -72.34939 42.309498
    -72.34989 42.310022
    -72.350326 42.310278
    -72.350958 42.310316
    -72.351458 42.310068
    -72.351463 42.309741
    -72.351176 42.309344
    -72.350977 42.309032
    -72.3508 42.308796
    -72.350338 42.308759
    -72.349864 42.308746
    -72.349618 42.308585
    -72.349668 42.308283
    -72.350146 42.308027
    -72.351107 42.307875
    -72.351965 42.307873
    -72.3526 42.307676
    -72.352774 42.307392
    -72.352429 42.307071
    -72.351955 42.307042
    -72.351738 42.307217
    -72.351238 42.307439
    -72.350855 42.307394
    -72.350197 42.306877
    -72.34979 42.306169
    -72.349555 42.305286
    -72.349894 42.304516
    -72.350373 42.304168
    -72.350749 42.303961
    -72.351089 42.303871
    -72.351495 42.303899
    -72.35166 42.304144
    -72.351745 42.304489
    -72.351691 42.305068
    -72.351605 42.30557
    -72.3516 42.305915
    -72.351754 42.306193
    -72.351966 42.306354
    -72.352316 42.306289
    -72.352985 42.306127
    -72.35362 42.305913
    -72.354017 42.305765
    -72.354852 42.305075
    -72.355291 42.304365
    -72.355683 42.303797
    -72.355869 42.303463
    -72.355942 42.303401
    -72.356086 42.30328
    -72.356403 42.303224
    -72.356583 42.303275
    -72.35677 42.303587
    -72.356978 42.304034
    -72.357313 42.304263
    -72.357333 42.304473
    -72.357149 42.304698
    -72.35727 42.304884
    -72.357572 42.305037
    -72.357785 42.30514
    -72.357782 42.305391
    -72.357823 42.305643
    -72.358069 42.305805
    -72.358398 42.305698
    -72.358579 42.305674
    -72.358814 42.305802
    -72.358889 42.306046
    -72.358964 42.306332
    -72.359195 42.306753
    -72.359576 42.306949
    -72.359685 42.307152
    -72.359852 42.307346
    -72.360324 42.30745
    -72.360558 42.307662
    -72.360489 42.307762
    -72.360196 42.307735
    -72.360303 42.30813
    -72.360535 42.308476
    -72.360409 42.308609
    -72.359731 42.308654
    -72.359167 42.308625
    -72.358895 42.308698
    -72.358632 42.308898
    -72.358674 42.309125
    -72.358921 42.309219
    -72.358761 42.309352
    -72.35905 42.309673
    -72.359013 42.309849
    -72.358461 42.309795
    -72.358489 42.310181
    -72.358036 42.310287
    -72.357472 42.31024
    -72.357321 42.310508
    -72.357262 42.310709
    -72.357068 42.31085
    -72.356683 42.310939
    -72.356411 42.311013
    -72.356431 42.311181
    -72.356803 42.311192
    -72.357006 42.311227
    -72.356715 42.311804
    -72.356371 42.312162
    -72.356614 42.312525
    -72.35687 42.312779
    -72.356887 42.313131
    -72.356285 42.31337
    -72.356077 42.313696
    -72.356148 42.314242
    -72.355975 42.314501
    -72.355409 42.314614
    -72.354921 42.31477
    -72.354631 42.315305
    -72.354467 42.31569
    -72.354608 42.316035
    -72.354989 42.316239
    -72.355073 42.316702
    -72.354842 42.317027
    -72.354599 42.317403
    -72.354876 42.317783
    -72.354917 42.318018
    -72.355254 42.318138
    -72.354887 42.31853
    -72.354532 42.318871
    -72.354664 42.319124
    -72.355004 42.319034
    -72.355295 42.319196
    -72.354995 42.319605
    -72.354726 42.319511
    -72.354063 42.320059
    -72.353569 42.320601
    -72.353328 42.320885
    -72.353009 42.321067
    -72.353051 42.321285
    -72.353308 42.321455
    -72.353336 42.321816
    -72.353819 42.321971
    -72.353896 42.322148
    -72.35343 42.322363
    -72.353742 42.322617
    -72.353703 42.322978
    -72.353586 42.323195
    -72.353661 42.323464
    -72.354236 42.323561
    -72.354346 42.323763
    -72.354162 42.323997
    -72.353513 42.324336
    -72.353185 42.324358
    -72.352973 42.324181
    -72.352801 42.324389
    -72.352492 42.32463
    -72.351869 42.32481
    -72.351518 42.324858
    -72.351314 42.324906
    -72.351345 42.325066
    -72.351605 42.325043
    -72.351819 42.325095
    -72.351827 42.325322
    -72.351734 42.325514
    -72.352104 42.325668
    -72.352578 42.325697
    -72.352744 42.325933
    -72.352808 42.326152
    -72.353054 42.326305
    -72.35303 42.326397
    -72.352805 42.326387
    -72.352511 42.326401
    -72.352385 42.326509
    -72.352415 42.326745
    -72.35248 42.32693
    -72.35251 42.327232
    -72.352766 42.327452
    -72.353081 42.32753
    -72.353306 42.327582
    -72.353463 42.327668
    -72.353414 42.327885
    -72.35322 42.32806
    -72.352798 42.328309
    -72.352388 42.328557
    -72.352194 42.32869
    -72.352395 42.328868
    -72.352745 42.328854
    -72.35298 42.329007
    -72.35266 42.329256
    -72.352588 42.329558
    -72.352416 42.329724
    -72.352319 42.329405
    -72.352104 42.329428
    -72.351964 42.329738
    -72.351582 42.329567
    -72.351291 42.329455
    -72.351053 42.329496
    -72.351106 42.329748
    -72.35153 42.33002
    -72.351628 42.330306
    -72.351747 42.330626
    -72.35207 42.330939
    -72.352563 42.331203
    -72.352693 42.331573
    -72.352697 42.332043
    -72.352393 42.332737
    -72.352005 42.332969
    -72.352172 42.333189
    -72.352077 42.33344
    -72.351798 42.333219
    -72.351648 42.333479
    -72.351241 42.333475
    -72.351113 42.333735
    -72.351357 42.334064
    -72.351468 42.33414
    -72.351422 42.334224
    -72.350913 42.334253
    -72.350833 42.33432
    -72.350866 42.334404
    -72.351159 42.334474
    -72.351157 42.334549
    -72.350884 42.334732
    -72.35097 42.334976
    -72.350966 42.335253
    -72.351202 42.335347
    -72.351418 42.335206
    -72.351619 42.335392
    -72.351785 42.335603
    -72.351648 42.335745
    -72.351567 42.33587
    -72.351789 42.336107
    -72.352125 42.33626
    -72.35224 42.336169
    -72.352129 42.336017
    -72.352212 42.335774
    -72.352963 42.336149
    -72.353016 42.336367
    -72.352989 42.336669
    -72.353256 42.336889
    -72.353232 42.337015
    -72.352893 42.337054
    -72.352742 42.337271
    -72.353339 42.337393
    -72.353529 42.337554
    -72.353481 42.337739
    -72.352948 42.337877
    -72.352853 42.338162
    -72.353234 42.338349
    -72.353672 42.338563
    -72.353419 42.338846
    -72.353561 42.339166
    -72.353935 42.339093
    -72.354227 42.339196
    -72.354223 42.339473
    -72.354049 42.339749
    -72.353988 42.340068
    -72.354292 42.340137
    -72.35443 42.339953
    -72.354634 42.339921
    -72.354982 42.340058
    -72.35509 42.340353
    -72.355325 42.340603
    -72.355396 42.340678
    -72.355424 42.340708
    -72.35524 42.3409
    -72.355541 42.341154
    -72.355548 42.341431
    -72.355364 42.34169
    -72.355417 42.341992
    -72.355821 42.342146
    -72.356112 42.34235
    -72.35586 42.342566
    -72.355597 42.342757
    -72.355261 42.342595
    -72.355041 42.342879
    -72.35526 42.343376
    -72.355605 42.343723
    -72.355969 42.343549
    -72.35629 42.343233
    -72.356482 42.343285
    -72.356454 42.343637
    -72.356643 42.343848
    -72.357059 42.343927
    -72.357347 42.34434
    -72.357684 42.34446
    -72.357871 42.344756
    -72.358791 42.345191
    -72.359226 42.34553
    -72.359412 42.345959
    -72.359284 42.346235
    -72.359024 42.346191
    -72.358859 42.345947
    -72.358679 42.345845
    -72.358587 42.345978
    -72.358551 42.346137
    -72.358548 42.346339
    -72.358714 42.346533
    -72.358846 42.346761
    -72.358923 42.346946
    -72.358997 42.347265
    -72.358802 42.34744
    -72.358348 42.347638
    -72.358096 42.347854
    -72.35806 42.348005
    -72.358238 42.348158
    -72.358611 42.348161
    -72.358856 42.348364
    -72.358909 42.348633
    -72.358895 42.348826
    -72.358758 42.348925
    -72.358556 42.34879
    -72.35815 42.348803
    -72.358102 42.348929
    -72.358178 42.349139
    -72.358254 42.349392
    -72.35841 42.349494
    -72.358715 42.349488
    -72.359056 42.349373
    -72.359304 42.3494
    -72.359472 42.349485
    -72.359436 42.349644
    -72.359309 42.349836
    -72.359012 42.350044
    -72.358799 42.349908
    -72.358529 42.349839
    -72.35829 42.350013
    -72.357993 42.35017
    -72.357563 42.350242
    -72.357191 42.35024
    -72.356794 42.350295
    -72.356522 42.350402
    -72.356429 42.350569
    -72.356583 42.350797
    -72.356909 42.350926
    -72.357167 42.35107
    -72.357369 42.351173
    -72.357367 42.351265
    -72.35705 42.35133
    -72.356757 42.351302
    -72.356627 42.351637
    -72.356986 42.351799
    -72.357369 42.351903
    -72.357626 42.352089
    -72.357856 42.352553
    -72.357873 42.352939
    -72.357869 42.353182
    -72.357599 42.353096
    -72.357314 42.353312
    -72.357276 42.353564
    -72.357307 42.353749
    -72.357542 42.353944
    -72.357267 42.354177
    -72.357241 42.354395
    -72.357465 42.354522
    -72.357656 42.354599
    -72.357754 42.354877
    -72.358171 42.354914
    -72.358281 42.355124
    -72.358582 42.355353
    -72.358748 42.355606
    -72.358667 42.355757
    -72.358606 42.356067
    -72.358816 42.356354
    -72.358935 42.356682
    -72.358614 42.35699
    -72.358248 42.357323
    -72.358053 42.35749
    -72.357959 42.357757
    -72.358079 42.358044
    -72.357985 42.358261
    -72.357745 42.358452
    -72.357483 42.358627
    -72.357219 42.35886
    -72.357305 42.359171
    -72.357245 42.359431
    -72.357174 42.359615
    -72.357295 42.359859
    -72.357572 42.360197
    -72.357803 42.360652
    -72.35775 42.361138
    -72.357901 42.361593
    -72.358099 42.361964
    -72.358389 42.362251
    -72.358261 42.362443
    -72.357941 42.362709
    -72.358295 42.363224
    -72.35873 42.363563
    -72.359135 42.363709
    -72.359142 42.363986
    -72.359163 42.364112
    -72.359002 42.36427
    -72.358942 42.364513
    -72.358689 42.364847
    -72.358517 42.365022
    -72.358358 42.365021
    -72.358009 42.364942
    -72.357637 42.364914
    -72.357284 42.365063
    -72.357044 42.365262
    -72.35698 42.365749
    -72.356695 42.365973
    -72.356443 42.366156
    -72.356282 42.366398
    -72.356392 42.366558
    -72.356931 42.366814
    -72.35736 42.366784
    -72.357992 42.366864
    -72.358543 42.367053
    -72.358898 42.367492
    -72.359354 42.367966
    -72.359879 42.368356
    -72.360328 42.368561
    -72.36053 42.368663
    -72.360674 42.368832
    -72.360625 42.369075
    -72.360564 42.36941
    -72.360694 42.369789
    -72.361062 42.370094
    -72.360845 42.370269
    -72.360505 42.370308
    -72.360468 42.370493
    -72.360681 42.370603
    -72.360598 42.370871
    -72.360786 42.37115
    -72.361272 42.371153
    -72.361371 42.371314
    -72.361255 42.371548
    -72.361513 42.371625
    -72.361986 42.371755
    -72.36276 42.372172
    -72.363235 42.372864
    -72.36359 42.373311
    -72.363843 42.373775
    -72.363714 42.374118
    -72.363583 42.374537
    -72.364123 42.37509
    -72.364336 42.375186
    -72.364074 42.375412
    -72.363857 42.375679
    -72.364001 42.375881
    -72.364383 42.376043
    -72.364211 42.37631
    -72.363998 42.37625
    -72.363749 42.376342
    -72.363643 42.376761
    -72.364073 42.377602
    -72.363887 42.378164
    -72.363873 42.378415
    -72.364187 42.378585
    -72.36423 42.37877
    -72.364467 42.378746
    -72.364637 42.378579
    -72.364438 42.378225
    -72.364485 42.378083
    -72.364723 42.377916
    -72.365098 42.377708
    -72.365672 42.377778
    -72.366163 42.378208
    -72.366525 42.379091
    -72.366592 42.380216
    -72.366688 42.380754
    -72.366559 42.381198
    -72.366002 42.381632
    -72.365269 42.381746
    -72.364855 42.381458
    -72.364256 42.381598
    -72.363736 42.381747
    -72.363712 42.381898
    -72.36515 42.382291
    -72.365664 42.382671
    -72.36612 42.383261
    -72.367022 42.384264
    -72.367129 42.384869
    -72.366968 42.385145
    -72.365532 42.3856
    -72.363977 42.386549
    -72.36376 42.386816
    -72.364133 42.387792
    -72.364378 42.388045
    -72.365255 42.388276
    -72.365782 42.388522
    -72.366037 42.388968
    -72.365947 42.389966
    -72.365696 42.390259
    -72.365568 42.390627
    -72.365735 42.390813
    -72.366769 42.39107
    -72.366857 42.391347
    -72.366606 42.391631
    -72.366569 42.391858
    -72.366648 42.391925
    -72.367233 42.391945
    -72.367693 42.392157
    -72.367858 42.392586
    -72.367901 42.392804
    -72.367394 42.392751
    -72.367224 42.39286
    -72.367232 42.393153
    -72.367507 42.393742
    -72.367807 42.394155
    -72.367502 42.394271
    -72.367138 42.394521
    -72.367543 42.394674
    -72.367573 42.39501
    -72.368222 42.395408
    -72.368531 42.396013
    -72.368877 42.396351
    -72.368785 42.39651
    -72.368458 42.39655
    -72.368352 42.396953
    -72.367897 42.397328
    -72.368092 42.398159
    -72.368554 42.398161
    -72.36898 42.39839
    -72.368977 42.39865
    -72.368767 42.399295
    -72.368787 42.399497
    -72.369334 42.400079
    -72.369409 42.400406
    -72.368599 42.401267
    -72.368651 42.401754
    -72.368374 42.402307
    -72.367615 42.402706
    -72.366869 42.402811
    -72.366643 42.402928
    -72.366605 42.40328
    -72.367596 42.404493
    -72.367639 42.404687
    -72.367861 42.404998
    -72.367756 42.405283
    -72.367922 42.405603
    -72.368214 42.40573
    -72.368605 42.406009
    -72.368692 42.406295
    -72.368894 42.40643
    -72.369071 42.406775
    -72.369397 42.406827
    -72.369473 42.407146
    -72.369773 42.407551
    -72.370096 42.40793
    -72.370275 42.408057
    -72.370884 42.408043
    -72.371319 42.408414
    -72.371519 42.408692
    -72.371152 42.409328
    -72.370767 42.409436
    -72.370528 42.409695
    -72.37011 42.409793
    -72.369917 42.409918
    -72.369856 42.410279
    -72.370413 42.41097
    -72.370873 42.411174
    -72.371207 42.411586
    -72.37169 42.411715
    -72.371947 42.411959
    -72.372284 42.412095
    -72.372631 42.412374
    -72.372775 42.412551
    -72.373008 42.412913
    -72.373345 42.41304
    -72.37359 42.413319
    -72.373631 42.413722
    -72.37348 42.414099
    -72.372455 42.415092
    -72.372076 42.415712
    -72.372173 42.416191
    -72.372585 42.416637
    -72.373382 42.416985
    -72.374227 42.417082
    -72.374328 42.417124
    -72.374303 42.417309
    -72.374087 42.417509
    -72.374086 42.41761
    -72.374286 42.417905
    -72.374528 42.418137
    -72.375281 42.418819
    -72.375568 42.419195
    -72.375618 42.419589
    -72.375443 42.420027
    -72.375448 42.42043
    -72.374857 42.420477
    -72.375022 42.420819
    -72.375471 42.420764
    -72.377355 42.420534
    -72.377921 42.420466
    -72.378499 42.420396
    -72.378608 42.420377
    -72.385555 42.419532
    -72.399288 42.417845
    -72.403907 42.417283
    -72.412593 42.416222
    -72.415363 42.41587
    -72.417105 42.415662
    -72.420236 42.415271
    -72.43508 42.413449
    -72.43509 42.413447
    -72.436642 42.413257
    -72.442886 42.412491
    -72.44297 42.412475
    -72.451816 42.411391
    -72.452256 42.41134
    -72.453872 42.411142
    -72.455872 42.410896
    -72.459508 42.410447
    -72.464358 42.409848
    -72.464656 42.409819
    -72.464874 42.409791
    -72.46559 42.409703
    -72.466734 42.409561
    -72.467012 42.409528
    -72.467668 42.409448
    -72.468371 42.409361
    -72.481099 42.407798
    -72.483188 42.407542
    -72.483221 42.407538
    -72.483224 42.407538
    -72.483786 42.40747
    -72.484048 42.408613
    -72.485892 42.416544
    -72.485899 42.416576
    -72.487047 42.421519
    -72.487547 42.423672
    -72.487583 42.423815
    -72.487766 42.42454
    -72.48779 42.424638
    -72.487815 42.424736
    -72.487995 42.425448
    -72.488036 42.425621
    -72.488699 42.428455
    -72.488726 42.428569
    -72.488789 42.428841
    -72.488817 42.428959
    -72.489315 42.431086
    -72.489603 42.432314
    -72.489931 42.433715
    -72.489891 42.433816
    -72.490509 42.433732
    -72.490539 42.433728
    -72.491855 42.43355
    -72.493253 42.433366
    -72.499513 42.432524
    -72.509327 42.431377
    -72.511341 42.431148
    -72.515974 42.430602
    -72.516368 42.430554
    -72.516488 42.430539
    -72.519437 42.430196
    -72.52973 42.428997
    -72.53023 42.428938
    -72.530879 42.428863
    -72.530968 42.428853
    -72.531168 42.428827
    -72.537828 42.427964
    -72.540492 42.427629
    -72.544199 42.42715
    -72.54421 42.427081
    -72.548535 42.426546
    -72.555216 42.425719
    -72.555279 42.425711
    -72.560324 42.425086
    -72.560735 42.425035
    -72.564591 42.424557
    -72.567541 42.424193
    -72.56802 42.424138
    -72.571168 42.42377
    -72.571908 42.423681
    -72.57583 42.423193
    -72.575926 42.423181
    -72.577698 42.422949
    -72.578187 42.422885
    -72.57841 42.422856
    -72.578743 42.422811
    -72.57875 42.42281
    -72.579287 42.422742
    -72.57957 42.422705
    -72.579807 42.422674
    -72.581074 42.422508
    -72.581106 42.422504
    -72.581328 42.422476
    -72.582767 42.422714
    -72.582958 42.422746
    -72.583073 42.422765
    -72.583109 42.422771
    -72.583123 42.422773
    -72.58313 42.422774
    -72.583216 42.422788
    -72.583554 42.422844
    -72.584641 42.423024
    -72.584957 42.423077
    -72.585554 42.423176
    -72.589639 42.42229
    -72.589698 42.422277
    -72.591554 42.421874
    -72.597051 42.420682
    -72.598328 42.420405
    -72.598982 42.420263
    -72.599953 42.420052
    -72.604497 42.419067
    -72.604513 42.419064
    -72.605025 42.418952
    -72.606969 42.418531
    -72.610985 42.417661
    -72.611157 42.417624
    -72.617527 42.416244
    -72.6177 42.416206
    -72.617874 42.416169
    -72.619926 42.415724
    -72.620303 42.415642
    -72.621779 42.415322
    -72.621959 42.415283
    -72.62244 42.41518
    -72.624373 42.415079
    -72.624401 42.415077
    -72.624502 42.415071
    -72.624521 42.41507
    -72.624529 42.41507
    -72.624543 42.415069
    -72.624679 42.415061
    -72.625013 42.41504
    -72.6255 42.415009
    -72.626062 42.414974
    -72.626137 42.414969
    -72.62619 42.414966
    -72.626433 42.414951
    -72.629042 42.414868
    -72.629025 42.414404
    -72.629014 42.414323
    -72.629146 42.414308
    -72.629206 42.414301
    -72.630441 42.414159
    -72.634699 42.413667
    -72.634812 42.413654
    -72.644716 42.412515
    -72.660454 42.410704
    -72.660829 42.410661
    -72.667784 42.409861
    -72.667841 42.409854
    -72.668385 42.409792
    -72.668546 42.409774
    -72.668706 42.409755
    -72.668962 42.409726
    -72.669089 42.409712
    -72.669193 42.409658
    -72.669213 42.409656
    -72.669657 42.409644
    -72.671448 42.409432
    -72.676187 42.40887
    -72.676712 42.408808
    -72.685233 42.407798
    -72.685814 42.407729
    -72.693939 42.406767
    -72.693966 42.406764
    -72.699054 42.406162
    -72.699156 42.40615
    -72.704345 42.405536
    -72.704188 42.407511
    -72.702377 42.430358
    -72.702333 42.431052
    -72.702327 42.431153
    -72.702242 42.432493
    -72.700959 42.45291
END
END
