04003 Cochise County
1
    -109.300386 31.333943
    -109.300695 31.333956
    -109.300944 31.333948
    -109.302852 31.333838
    -109.305212 31.333846
    -109.30725 31.333853
    -109.307628 31.333853
    -109.309428 31.333855
    -109.312544 31.333858
    -109.316771 31.333858
    -109.318002 31.333858
    -109.32304 31.333883
    -109.327768 31.333893
    -109.32933 31.333913
    -109.331762 31.333943
    -109.336823 31.333998
    -109.340103 31.334013
    -109.340975 31.334017
    -109.345412 31.333988
    -109.349989 31.334003
    -109.355056 31.333948
    -109.359913 31.333948
    -109.368128 31.333938
    -109.3742 31.334022
    -109.374518 31.334027
    -109.375627 31.334042
    -109.376309 31.334028
    -109.37813 31.33399
    -109.379201 31.333968
    -109.381858 31.33394
    -109.383417 31.333923
    -109.389125 31.333883
    -109.394752 31.333893
    -109.395047 31.333895
    -109.400378 31.333928
    -109.409771 31.333938
    -109.4178 31.333943
    -109.418523 31.333943
    -109.420945 31.333969
    -109.426937 31.334032
    -109.433768 31.334066
    -109.437024 31.334082
    -109.444569 31.334072
    -109.451053 31.334062
    -109.457288 31.334041
    -109.462634 31.334044
    -109.467408 31.333974
    -109.47693 31.334047
    -109.485733 31.333987
    -109.485822 31.333987
    -109.487226 31.333993
    -109.49045 31.334042
    -109.49449 31.334125
    -109.500621 31.333911
    -109.510804 31.333921
    -109.51159 31.33392
    -109.52691 31.333938
    -109.528701 31.333933
    -109.530963 31.333933
    -109.536946 31.333948
    -109.54114 31.333962
    -109.545684 31.333958
    -109.551419 31.333963
    -109.55969 31.333972
    -109.560185 31.333973
    -109.56057 31.333983
    -109.561366 31.334004
    -109.562556 31.334006
    -109.566371 31.334019
    -109.566859 31.334013
    -109.568664 31.334017
    -109.573005 31.334021
    -109.579356 31.334029
    -109.625619 31.33408
    -109.629791 31.334025
    -109.647168 31.333987
    -109.664787 31.33395
    -109.679477 31.333948
    -109.717523 31.333913
    -109.724409 31.333928
    -109.72982 31.333963
    -109.743808 31.333915
    -109.747767 31.333935
    -109.750705 31.333949
    -109.78289 31.333979
    -109.790824 31.333992
    -109.792725 31.333987
    -109.793018 31.333987
    -109.804106 31.334027
    -109.808643 31.334044
    -109.829858 31.334057
    -109.834081 31.334054
    -109.852978 31.334061
    -109.875628 31.33405
    -109.917024 31.333785
    -109.918396 31.333776
    -109.934549 31.333673
    -109.939411 31.333642
    -109.953666 31.333551
    -109.957582 31.333518
    -109.962078 31.333509
    -109.97582 31.333409
    -109.987834 31.333332
    -109.99063 31.333314
    -110.000613 31.333145
    -110.003089 31.333166
    -110.004937 31.333178
    -110.01631 31.333233
    -110.093177 31.333689
    -110.125632 31.333897
    -110.135571 31.333942
    -110.140512 31.333965
    -110.150724 31.333854
    -110.160225 31.333751
    -110.199027 31.333622
    -110.205033 31.333632
    -110.205101 31.333632
    -110.215185 31.333649
    -110.250633 31.333358
    -110.274201 31.333271
    -110.319737 31.333109
    -110.375635 31.332896
    -110.383537 31.33289
    -110.386608 31.332887
    -110.423361 31.332857
    -110.438589 31.332845
    -110.460172 31.332827
    -110.460173 31.333342
    -110.460173 31.333566
    -110.460172 31.335501
    -110.460171 31.344202
    -110.46017 31.353781
    -110.46017 31.354526
    -110.460169 31.362607
    -110.460169 31.364478
    -110.460169 31.364549
    -110.460169 31.369509
    -110.460169 31.374573
    -110.460169 31.374687
    -110.459866 31.375101
    -110.459896 31.383202
    -110.459898 31.387616
    -110.459904 31.399877
    -110.459905 31.40382
    -110.459909 31.409938
    -110.459914 31.422179
    -110.459917 31.425022
    -110.45992 31.42809
    -110.459927 31.441102
    -110.459928 31.442741
    -110.459932 31.448884
    -110.459938 31.459712
    -110.45994 31.463314
    -110.459939 31.463558
    -110.459945 31.46698
    -110.459945 31.467159
    -110.459945 31.467361
    -110.459944 31.469035
    -110.459962 31.469705
    -110.460664 31.469698
    -110.460917 31.469699
    -110.460892 31.472666
    -110.460891 31.472734
    -110.460889 31.472831
    -110.460889 31.473158
    -110.46089 31.473764
    -110.460889 31.474039
    -110.460867 31.477569
    -110.460841 31.481003
    -110.4608 31.486947
    -110.460751 31.493959
    -110.460796 31.499981
    -110.460789 31.503515
    -110.460785 31.507804
    -110.460779 31.511549
    -110.46077 31.517234
    -110.46077 31.517322
    -110.460758 31.523797
    -110.460757 31.524278
    -110.460738 31.534352
    -110.460727 31.547129
    -110.460719 31.555913
    -110.460672 31.569095
    -110.46067 31.569536
    -110.46066 31.585106
    -110.460653 31.593252
    -110.460636 31.600943
    -110.460629 31.604619
    -110.460615 31.612141
    -110.460564 31.614037
    -110.459404 31.614022
    -110.452247 31.613936
    -110.452055 31.625092
    -110.452051 31.626269
    -110.452036 31.629945
    -110.452035 31.630246
    -110.452035 31.630337
    -110.452029 31.630566
    -110.45197 31.633306
    -110.451981 31.63587
    -110.451982 31.636026
    -110.451982 31.636129
    -110.451982 31.636207
    -110.451982 31.636339
    -110.451982 31.637098
    -110.451982 31.63717
    -110.451985 31.640755
    -110.451977 31.645159
    -110.45197 31.64886
    -110.451945 31.661457
    -110.451929 31.67012
    -110.451928 31.670498
    -110.451857 31.676135
    -110.451774 31.682655
    -110.45172 31.686642
    -110.451838 31.68825
    -110.451854 31.688453
    -110.451801 31.691889
    -110.451801 31.693173
    -110.452016 31.702323
    -110.451986 31.706479
    -110.451983 31.70691
    -110.451955 31.710773
    -110.451954 31.710973
    -110.451952 31.711241
    -110.451952 31.711326
    -110.451927 31.714892
    -110.451725 31.730663
    -110.451736 31.731267
    -110.451922 31.740776
    -110.451966 31.743035
    -110.451996 31.744567
    -110.452066 31.748145
    -110.452317 31.749993
    -110.452315 31.759981
    -110.452315 31.760026
    -110.452315 31.760163
    -110.452315 31.760209
    -110.452314 31.762361
    -110.452311 31.768821
    -110.452311 31.770974
    -110.45231 31.77159
    -110.452309 31.773441
    -110.452309 31.774058
    -110.452308 31.77494
    -110.452308 31.777589
    -110.452308 31.778472
    -110.452307 31.778789
    -110.452307 31.779742
    -110.452307 31.78006
    -110.452306 31.780687
    -110.452306 31.782569
    -110.452306 31.783197
    -110.452305 31.783651
    -110.452305 31.785013
    -110.452305 31.785468
    -110.452304 31.791204
    -110.452302 31.794687
    -110.452302 31.794828
    -110.452301 31.797282
    -110.4523 31.79738
    -110.4523 31.800282
    -110.452299 31.80033
    -110.452297 31.803288
    -110.452299 31.80329
    -110.452298 31.803462
    -110.452296 31.806095
    -110.452296 31.806098
    -110.452296 31.808725
    -110.452296 31.808727
    -110.452295 31.811047
    -110.452295 31.81139
    -110.452295 31.812011
    -110.452295 31.812012
    -110.452294 31.818105
    -110.451154 31.818091
    -110.451139 31.819582
    -110.451118 31.821483
    -110.451119 31.821542
    -110.451118 31.821598
    -110.451075 31.826029
    -110.451075 31.82603
    -110.450992 31.834729
    -110.450991 31.83473
    -110.450975 31.836318
    -110.450976 31.836319
    -110.450975 31.836495
    -110.450957 31.838388
    -110.450946 31.839427
    -110.450916 31.842545
    -110.450907 31.843585
    -110.450828 31.851818
    -110.450803 31.8544
    -110.450802 31.854469
    -110.450792 31.855982
    -110.450791 31.856047
    -110.450774 31.858425
    -110.450774 31.85845
    -110.450773 31.858483
    -110.450773 31.858508
    -110.450688 31.870088
    -110.450687 31.870112
    -110.450652 31.87509
    -110.450669 31.878246
    -110.450675 31.879324
    -110.450675 31.879399
    -110.450674 31.879473
    -110.4507 31.884521
    -110.450702 31.884522
    -110.450731 31.890543
    -110.450731 31.890549
    -110.450768 31.897644
    -110.450769 31.89765
    -110.450788 31.900671
    -110.450808 31.904656
    -110.45081 31.905113
    -110.450814 31.906013
    -110.450829 31.908713
    -110.450834 31.909613
    -110.450838 31.910488
    -110.450852 31.913116
    -110.450857 31.913992
    -110.45086 31.914517
    -110.450869 31.916091
    -110.450873 31.916617
    -110.450886 31.919215
    -110.45089 31.919886
    -110.450892 31.919887
    -110.450915 31.924436
    -110.450915 31.924438
    -110.450924 31.926134
    -110.450925 31.926135
    -110.450964 31.933359
    -110.450964 31.933362
    -110.450967 31.934044
    -110.45097 31.934498
    -110.45097 31.934502
    -110.450977 31.9359
    -110.450984 31.937298
    -110.450985 31.937298
    -110.450996 31.939186
    -110.450999 31.940127
    -110.451006 31.941058
    -110.451012 31.942101
    -110.451019 31.943415
    -110.451019 31.943417
    -110.451019 31.943848
    -110.451018 31.94385
    -110.451024 31.944707
    -110.451039 31.947144
    -110.451042 31.947671
    -110.451045 31.94859
    -110.451045 31.948591
    -110.451056 31.951173
    -110.451059 31.95129
    -110.451067 31.952623
    -110.451075 31.953891
    -110.45108 31.954682
    -110.451119 31.961689
    -110.45112 31.96183
    -110.45112 31.961967
    -110.451126 31.963156
    -110.451128 31.96351
    -110.451129 31.963822
    -110.45113 31.963826
    -110.451137 31.963827
    -110.451137 31.964065
    -110.451137 31.964819
    -110.451159 31.969094
    -110.45116 31.969096
    -110.451185 31.969575
    -110.45118 31.969888
    -110.451166 31.970803
    -110.451186 31.973581
    -110.451192 31.973583
    -110.4512 31.977323
    -110.4512 31.97743
    -110.451243 31.986605
    -110.451246 31.987192
    -110.451245 31.987273
    -110.451249 31.987691
    -110.45125 31.987859
    -110.451251 31.988034
    -110.451274 31.989204
    -110.451274 31.989264
    -110.451279 31.989852
    -110.45128 31.989953
    -110.451281 31.990031
    -110.451282 31.990135
    -110.451281 31.990196
    -110.451308 31.992502
    -110.4514 32.000082
    -110.451425 32.001421
    -110.451457 32.00322
    -110.45146 32.003338
    -110.451449 32.012844
    -110.451451 32.012942
    -110.451447 32.014285
    -110.451445 32.016649
    -110.451444 32.016696
    -110.451444 32.016747
    -110.45144 32.02086
    -110.451441 32.0209
    -110.451438 32.022509
    -110.451438 32.022511
    -110.451432 32.027338
    -110.451419 32.038398
    -110.45142 32.038578
    -110.451419 32.038578
    -110.451422 32.04235
    -110.451427 32.04395
    -110.451436 32.044902
    -110.451452 32.046647
    -110.451464 32.047977
    -110.451464 32.048001
    -110.451464 32.048071
    -110.451465 32.048097
    -110.451475 32.049346
    -110.45141 32.049725
    -110.451412 32.049894
    -110.451451 32.051805
    -110.451484 32.055503
    -110.451515 32.058871
    -110.451515 32.058876
    -110.451578 32.065274
    -110.451501 32.072187
    -110.451496 32.073226
    -110.451496 32.073228
    -110.451493 32.07463
    -110.451492 32.074783
    -110.451489 32.074854
    -110.451489 32.074887
    -110.45148 32.076899
    -110.45148 32.076969
    -110.45148 32.077063
    -110.451479 32.077165
    -110.45148 32.0772
    -110.451477 32.07726
    -110.451412 32.079718
    -110.450355 32.079762
    -110.449711 32.079783
    -110.449596 32.084649
    -110.449193 32.098682
    -110.449177 32.099258
    -110.449178 32.099329
    -110.448896 32.10945
    -110.448612 32.119757
    -110.448613 32.119811
    -110.448497 32.125038
    -110.448089 32.137591
    -110.447681 32.150118
    -110.447768 32.159145
    -110.44776 32.159219
    -110.447763 32.159793
    -110.447775 32.15984
    -110.447775 32.15991
    -110.447643 32.163269
    -110.447643 32.163271
    -110.447585 32.164789
    -110.447586 32.164941
    -110.447501 32.17645
    -110.4475 32.17645
    -110.447468 32.180902
    -110.447468 32.180943
    -110.447408 32.188698
    -110.447408 32.188703
    -110.447375 32.193504
    -110.447368 32.198417
    -110.447368 32.198418
    -110.447367 32.200562
    -110.447363 32.20407
    -110.447322 32.211372
    -110.447422 32.216292
    -110.447422 32.216293
    -110.447464 32.218441
    -110.447468 32.218637
    -110.447468 32.218657
    -110.447471 32.218782
    -110.447463 32.22305
    -110.447463 32.223051
    -110.447459 32.226338
    -110.447633 32.231344
    -110.447635 32.231346
    -110.447639 32.231463
    -110.447648 32.234757
    -110.447648 32.234775
    -110.447648 32.234834
    -110.447648 32.234854
    -110.447649 32.234906
    -110.447659 32.238805
    -110.44767 32.24292
    -110.44767 32.242924
    -110.447669 32.243442
    -110.44767 32.243445
    -110.44769 32.250073
    -110.447752 32.252162
    -110.447754 32.252216
    -110.447773 32.253805
    -110.451016 32.253799
    -110.451013 32.25695
    -110.451012 32.256951
    -110.451009 32.259096
    -110.451003 32.265532
    -110.451001 32.267679
    -110.451005 32.268545
    -110.451005 32.2686
    -110.451 32.269014
    -110.450987 32.282439
    -110.450986 32.28244
    -110.450982 32.287519
    -110.450951 32.319553
    -110.450951 32.319554
    -110.450939 32.330879
    -110.450935 32.33097
    -110.450932 32.337555
    -110.450929 32.340909
    -110.450961 32.34369
    -110.450964 32.343967
    -110.450965 32.344042
    -110.450969 32.344301
    -110.450992 32.345744
    -110.450993 32.345745
    -110.45115 32.355448
    -110.451283 32.363625
    -110.451284 32.363628
    -110.451452 32.374007
    -110.451452 32.374009
    -110.451469 32.375072
    -110.451504 32.377024
    -110.451628 32.383803
    -110.451629 32.383832
    -110.451631 32.384117
    -110.451639 32.386394
    -110.451639 32.387023
    -110.451642 32.388909
    -110.451643 32.389539
    -110.451643 32.389853
    -110.451644 32.390797
    -110.451645 32.39109
    -110.451645 32.391112
    -110.451646 32.391708
    -110.451653 32.398119
    -110.451653 32.39813
    -110.451655 32.404329
    -110.451629 32.410939
    -110.451621 32.41339
    -110.45162 32.413391
    -110.451603 32.418221
    -110.451603 32.41825
    -110.451569 32.421551
    -110.451557 32.422627
    -110.451522 32.425857
    -110.451511 32.426936
    -110.451503 32.427354
    -110.444846 32.427484
    -110.444521 32.427484
    -110.441264 32.427493
    -110.432575 32.427508
    -110.422871 32.427472
    -110.418615 32.42722
    -110.375638 32.427571
    -110.364422 32.427593
    -110.360668 32.427591
    -110.355848 32.427591
    -110.349072 32.427652
    -110.349061 32.426505
    -110.338261 32.426501
    -110.33142 32.426499
    -110.325584 32.426496
    -110.283434 32.426481
    -110.275079 32.426479
    -110.269085 32.426478
    -110.268969 32.426478
    -110.267055 32.426475
    -110.266365 32.426484
    -110.259644 32.426577
    -110.258955 32.426586
    -110.25498 32.42664
    -110.251164 32.426693
    -110.250636 32.426699
    -110.246333 32.426926
    -110.245556 32.426924
    -110.243946 32.426921
    -110.236794 32.426864
    -110.232849 32.426833
    -110.223052 32.426755
    -110.21957 32.426727
    -110.208308 32.426657
    -110.199455 32.426588
    -110.190674 32.426519
    -110.187815 32.426498
    -110.179868 32.426443
    -110.179275 32.426439
    -110.179009 32.426437
    -110.174659 32.426406
    -110.170441 32.426378
    -110.158763 32.426509
    -110.158466 32.426517
    -110.155401 32.4266
    -110.155296 32.426603
    -110.15519 32.426606
    -110.155096 32.426608
    -110.155002 32.426611
    -110.147114 32.426811
    -110.140546 32.426814
    -110.128675 32.426814
    -110.125773 32.426817
    -110.118525 32.426876
    -110.116423 32.426885
    -110.108877 32.426915
    -110.095969 32.426966
    -110.087366 32.427007
    -110.08649 32.427011
    -110.083036 32.427025
    -110.076352 32.427053
    -110.074302 32.427059
    -110.061566 32.427112
    -110.045787 32.427092
    -110.0457 32.427093
    -110.045185 32.427103
    -110.03685 32.427263
    -110.036333 32.427273
    -110.030417 32.427249
    -110.025724 32.42728
    -110.020584 32.427314
    -110.011858 32.427284
    -110.00559 32.427262
    -110.005396 32.427261
    -110.000629 32.427239
    -109.994953 32.427162
    -109.994798 32.42716
    -109.987261 32.427083
    -109.986926 32.427079
    -109.986709 32.427077
    -109.985989 32.427069
    -109.985471 32.427064
    -109.98336 32.427042
    -109.982666 32.427062
    -109.977897 32.427196
    -109.976497 32.427215
    -109.976474 32.427215
    -109.976282 32.427218
    -109.974266 32.427245
    -109.972873 32.427256
    -109.969938 32.427286
    -109.969326 32.427292
    -109.968356 32.427301
    -109.963975 32.427332
    -109.96339 32.42734
    -109.96168 32.427352
    -109.961413 32.427346
    -109.961234 32.42736
    -109.961142 32.427367
    -109.961059 32.427374
    -109.960948 32.427373
    -109.960758 32.427356
    -109.960565 32.427328
    -109.960559 32.427327
    -109.960363 32.427311
    -109.960153 32.427309
    -109.959356 32.427315
    -109.954556 32.427323
    -109.952648 32.427338
    -109.952044 32.427346
    -109.950118 32.427346
    -109.9499 32.427346
    -109.94977 32.427346
    -109.948581 32.427346
    -109.948543 32.427346
    -109.947164 32.427363
    -109.945479 32.42736
    -109.944316 32.427366
    -109.94375 32.427369
    -109.940863 32.427377
    -109.933476 32.427377
    -109.929233 32.42736
    -109.928615 32.427369
    -109.928108 32.427394
    -109.92774 32.427419
    -109.927555 32.427444
    -109.927385 32.427478
    -109.927246 32.427476
    -109.898065 32.42716
    -109.891482 32.42709
    -109.874791 32.427172
    -109.865546 32.427216
    -109.861409 32.427236
    -109.858693 32.427252
    -109.85808 32.427255
    -109.854743 32.427272
    -109.851279 32.427267
    -109.849701 32.427265
    -109.849626 32.427265
    -109.849481 32.427265
    -109.846927 32.427263
    -109.840178 32.427256
    -109.835768 32.427253
    -109.835269 32.427253
    -109.835015 32.427253
    -109.8339 32.427252
    -109.83295 32.427251
    -109.830787 32.427249
    -109.830455 32.427249
    -109.829652 32.427248
    -109.826675 32.427245
    -109.825211 32.427242
    -109.817792 32.427239
    -109.816646 32.427238
    -109.812929 32.427235
    -109.807399 32.42723
    -109.798643 32.427219
    -109.78949 32.427207
    -109.788053 32.427205
    -109.787701 32.427206
    -109.787397 32.427206
    -109.787332 32.427206
    -109.787268 32.427206
    -109.787064 32.427206
    -109.78686 32.427206
    -109.78682 32.427206
    -109.779366 32.427202
    -109.77135 32.427187
    -109.764163 32.427174
    -109.75891 32.427175
    -109.757838 32.427176
    -109.757672 32.427173
    -109.757594 32.427172
    -109.750803 32.427058
    -109.750726 32.427059
    -109.750624 32.427056
    -109.750625 32.427169
    -109.747311 32.427264
    -109.74347 32.427375
    -109.742045 32.427416
    -109.741529 32.427431
    -109.741331 32.427436
    -109.740225 32.427469
    -109.740125 32.427169
    -109.736639 32.427157
    -109.728452 32.427128
    -109.725238 32.427117
    -109.722472 32.427107
    -109.709988 32.427062
    -109.703861 32.427042
    -109.702386 32.427037
    -109.696454 32.427016
    -109.68281 32.426969
    -109.681916 32.426965
    -109.681831 32.426965
    -109.681461 32.426963
    -109.68108 32.426963
    -109.674537 32.42694
    -109.67364 32.426937
    -109.672111 32.426932
    -109.671777 32.426931
    -109.671065 32.426929
    -109.670395 32.426929
    -109.669019 32.426921
    -109.663185 32.426902
    -109.657951 32.426884
    -109.649643 32.426854
    -109.64726 32.426845
    -109.636682 32.426809
    -109.634262 32.4268
    -109.633717 32.426799
    -109.633155 32.426797
    -109.627151 32.426775
    -109.625623 32.426771
    -109.608147 32.426834
    -109.601281 32.426859
    -109.600339 32.426862
    -109.587228 32.426909
    -109.570023 32.426971
    -109.566507 32.426982
    -109.563698 32.426994
    -109.562877 32.426997
    -109.561302 32.427002
    -109.559151 32.42701
    -109.558876 32.427011
    -109.545695 32.427059
    -109.531769 32.427109
    -109.528504 32.42712
    -109.524361 32.427134
    -109.524171 32.427135
    -109.524047 32.427135
    -109.523634 32.427138
    -109.519235 32.427155
    -109.51182 32.42718
    -109.508562 32.427193
    -109.506418 32.4272
    -109.506186 32.427202
    -109.500622 32.427222
    -109.496643 32.427207
    -109.491882 32.427188
    -109.491563 32.427187
    -109.48427 32.427159
    -109.466076 32.427084
    -109.465873 32.427084
    -109.465457 32.427082
    -109.463121 32.427073
    -109.458981 32.427073
    -109.458588 32.427073
    -109.45776 32.427073
    -109.456785 32.427073
    -109.452152 32.427073
    -109.451759 32.427073
    -109.44622 32.427073
    -109.43558 32.427447
    -109.43202 32.427573
    -109.429415 32.427525
    -109.41562 32.427273
    -109.414609 32.427255
    -109.40217 32.427028
    -109.398519 32.426972
    -109.381553 32.426678
    -109.381319 32.426674
    -109.379801 32.426647
    -109.37562 32.426574
    -109.373244 32.426541
    -109.3731 32.426539
    -109.373017 32.426538
    -109.365754 32.42645
    -109.363838 32.426429
    -109.363748 32.426425
    -109.359419 32.426228
    -109.355798 32.426235
    -109.355658 32.42624
    -109.354838 32.426253
    -109.353837 32.426256
    -109.35373 32.426254
    -109.353223 32.426253
    -109.352521 32.426254
    -109.351937 32.426254
    -109.351257 32.426268
    -109.35118 32.426276
    -109.351101 32.426277
    -109.350821 32.426281
    -109.350658 32.426277
    -109.350594 32.426276
    -109.349186 32.426246
    -109.347175 32.426217
    -109.346682 32.426215
    -109.346463 32.426212
    -109.344206 32.426187
    -109.343493 32.426178
    -109.342236 32.426161
    -109.341247 32.426148
    -109.336275 32.426085
    -109.331212 32.426023
    -109.330064 32.426009
    -109.282317 32.425417
    -109.278924 32.425375
    -109.266196 32.425217
    -109.261169 32.425154
    -109.250611 32.425022
    -109.240337 32.424781
    -109.227815 32.424475
    -109.227215 32.426475
    -109.224478 32.426468
    -109.222202 32.426462
    -109.222032 32.426462
    -109.22028 32.426457
    -109.216866 32.426447
    -109.213221 32.426438
    -109.163135 32.426305
    -109.163109 32.426305
    -109.154494 32.426282
    -109.154417 32.426282
    -109.138303 32.426237
    -109.126587 32.426205
    -109.125614 32.426206
    -109.120438 32.426192
    -109.114313 32.426175
    -109.113987 32.426177
    -109.105447 32.426208
    -109.057793 32.426347
    -109.057231 32.426349
    -109.05456 32.426354
    -109.053747 32.426355
    -109.047612 32.426377
    -109.047617 32.422541
    -109.04762 32.42024
    -109.047629 32.414093
    -109.047629 32.413987
    -109.047643 32.407431
    -109.047652 32.402867
    -109.047665 32.40223
    -109.047667 32.402119
    -109.047665 32.402042
    -109.047666 32.40123
    -109.047668 32.399228
    -109.047669 32.397745
    -109.04767 32.397101
    -109.047675 32.391337
    -109.047676 32.391078
    -109.047685 32.38891
    -109.047687 32.388123
    -109.047713 32.375909
    -109.047768 32.350657
    -109.04777 32.348467
    -109.047773 32.345187
    -109.047779 32.342291
    -109.047773 32.341803
    -109.047774 32.341414
    -109.047797 32.333118
    -109.047833 32.319626
    -109.047833 32.319546
    -109.047856 32.307228
    -109.047856 32.307121
    -109.047858 32.30634
    -109.04786 32.305169
    -109.047859 32.305073
    -109.047857 32.304705
    -109.04786 32.302318
    -109.047868 32.298257
    -109.047872 32.296337
    -109.047874 32.295527
    -109.047874 32.295116
    -109.047878 32.292825
    -109.047884 32.289503
    -109.047896 32.282896
    -109.047912 32.279429
    -109.047913 32.279248
    -109.047946 32.262898
    -109.047946 32.262811
    -109.047942 32.262397
    -109.047956 32.253199
    -109.047963 32.250076
    -109.047967 32.248008
    -109.047976 32.243682
    -109.047989 32.237704
    -109.047997 32.234079
    -109.048002 32.231792
    -109.048008 32.228752
    -109.048007 32.227959
    -109.048008 32.227552
    -109.048008 32.227432
    -109.048009 32.227255
    -109.048009 32.227162
    -109.048009 32.226756
    -109.048011 32.225797
    -109.048024 32.220888
    -109.048025 32.220474
    -109.048031 32.218077
    -109.048039 32.216564
    -109.048052 32.213988
    -109.048039 32.210937
    -109.048039 32.21087
    -109.048052 32.203491
    -109.048042 32.1987
    -109.048067 32.196266
    -109.04807 32.196025
    -109.048071 32.195458
    -109.048078 32.191574
    -109.048084 32.188774
    -109.048084 32.188606
    -109.048085 32.188353
    -109.048088 32.187025
    -109.048095 32.183389
    -109.048108 32.177101
    -109.048116 32.17329
    -109.048119 32.171683
    -109.048128 32.167456
    -109.048135 32.163978
    -109.048141 32.160977
    -109.048141 32.160975
    -109.048142 32.160736
    -109.048153 32.155389
    -109.048162 32.150951
    -109.048173 32.145697
    -109.048173 32.145556
    -109.048174 32.145088
    -109.048177 32.143725
    -109.048182 32.141233
    -109.048197 32.133457
    -109.048202 32.130854
    -109.04821 32.126889
    -109.048214 32.125084
    -109.048214 32.124955
    -109.048217 32.123675
    -109.048224 32.120216
    -109.048229 32.117792
    -109.048232 32.115814
    -109.048234 32.115209
    -109.048241 32.111593
    -109.048245 32.109533
    -109.048246 32.109312
    -109.048251 32.106637
    -109.048257 32.103904
    -109.048266 32.099254
    -109.048272 32.096338
    -109.048275 32.094479
    -109.04828 32.092272
    -109.048285 32.089442
    -109.048286 32.089114
    -109.048293 32.085365
    -109.048295 32.084361
    -109.048296 32.084093
    -109.0483 32.081826
    -109.048301 32.081307
    -109.04832 32.072156
    -109.048323 32.070887
    -109.048477 32.054729
    -109.048517 32.050607
    -109.048526 32.049661
    -109.048731 32.028174
    -109.048719 32.02686
    -109.048597 32.013636
    -109.048596 32.012399
    -109.048584 32.006251
    -109.048578 32.003397
    -109.048577 32.00265
    -109.048465 32.000089
    -109.048472 31.995782
    -109.048473 31.995501
    -109.048511 31.97894
    -109.048512 31.978329
    -109.04852 31.974153
    -109.048527 31.971654
    -109.048539 31.966012
    -109.048542 31.964698
    -109.048543 31.964125
    -109.048554 31.959291
    -109.048594 31.941461
    -109.048608 31.935012
    -109.048618 31.930459
    -109.048618 31.930272
    -109.048639 31.920913
    -109.048673 31.905325
    -109.048688 31.898204
    -109.048688 31.89815
    -109.04869 31.897706
    -109.048694 31.895472
    -109.0487 31.892744
    -109.048708 31.88954
    -109.048717 31.885312
    -109.048725 31.881974
    -109.048727 31.881215
    -109.048738 31.876905
    -109.048741 31.875798
    -109.048816 31.872283
    -109.049045 31.870932
    -109.049048 31.870689
    -109.049056 31.869226
    -109.049066 31.867287
    -109.049087 31.863374
    -109.049093 31.862276
    -109.049095 31.861382
    -109.049099 31.859569
    -109.049107 31.856404
    -109.049107 31.848967
    -109.049107 31.848804
    -109.049107 31.845327
    -109.049111 31.843714
    -109.049115 31.841679
    -109.049118 31.840248
    -109.049114 31.837916
    -109.049116 31.836649
    -109.049119 31.834348
    -109.049122 31.83373
    -109.049125 31.833021
    -109.049124 31.832584
    -109.04912 31.83123
    -109.049118 31.830503
    -109.049118 31.830496
    -109.049123 31.829183
    -109.04913 31.827139
    -109.049133 31.826347
    -109.04913 31.825316
    -109.049131 31.825054
    -109.049131 31.82472
    -109.049133 31.823758
    -109.049139 31.822419
    -109.049157 31.818214
    -109.049157 31.818066
    -109.049164 31.813865
    -109.049164 31.813773
    -109.049168 31.81197
    -109.049169 31.811174
    -109.04917 31.810866
    -109.049162 31.810847
    -109.049173 31.804415
    -109.049176 31.802731
    -109.049177 31.802462
    -109.049185 31.79797
    -109.049185 31.797869
    -109.049186 31.797651
    -109.049186 31.797381
    -109.049298 31.796742
    -109.049298 31.79674
    -109.049255 31.790301
    -109.048988 31.76199
    -109.049022 31.750086
    -109.049011 31.731448
    -109.049011 31.731117
    -109.04899 31.721929
    -109.04899 31.721922
    -109.049003 31.718814
    -109.049022 31.713622
    -109.049037 31.707727
    -109.049038 31.707146
    -109.049047 31.704105
    -109.049061 31.701746
    -109.049079 31.698761
    -109.049106 31.694378
    -109.049123 31.69115
    -109.049125 31.69072
    -109.04913 31.687764
    -109.049133 31.685548
    -109.04917 31.681751
    -109.049171 31.681625
    -109.049203 31.67544
    -109.049214 31.673794
    -109.049208 31.670912
    -109.049207 31.670747
    -109.049203 31.669859
    -109.049173 31.65668
    -109.049143 31.646467
    -109.049132 31.642811
    -109.049126 31.64071
    -109.049115 31.636978
    -109.049113 31.636251
    -109.049111 31.636034
    -109.04911 31.635272
    -109.04912 31.634214
    -109.04915 31.625045
    -109.049155 31.623434
    -109.049155 31.623371
    -109.049208 31.610466
    -109.049208 31.610351
    -109.049218 31.605457
    -109.049237 31.602004
    -109.049239 31.601653
    -109.049297 31.592288
    -109.049301 31.591862
    -109.049306 31.59143
    -109.049345 31.5853
    -109.049414 31.574385
    -109.049354 31.557803
    -109.049336 31.552518
    -109.04933 31.55073
    -109.049311 31.544932
    -109.049396 31.540051
    -109.04953 31.532366
    -109.049534 31.532144
    -109.049671 31.524605
    -109.049712 31.52236
    -109.049726 31.519358
    -109.049745 31.515244
    -109.049747 31.514808
    -109.04978 31.50722
    -109.049795 31.503273
    -109.049811 31.500106
    -109.049811 31.499945
    -109.049816 31.499788
    -109.049813 31.499723
    -109.049812 31.499528
    -109.049843 31.499515
    -109.049901 31.496092
    -109.050012 31.489519
    -109.050078 31.485633
    -109.050173 31.480004
    -109.050172 31.479882
    -109.050164 31.479388
    -109.050101 31.475211
    -109.05004 31.471199
    -109.050019 31.465581
    -109.050019 31.465516
    -109.050006 31.460031
    -109.049995 31.455717
    -109.04996 31.448282
    -109.049934 31.437907
    -109.049942 31.436545
    -109.049981 31.429686
    -109.050046 31.418262
    -109.050049 31.412333
    -109.050049 31.412191
    -109.050052 31.396351
    -109.050051 31.395996
    -109.050051 31.395679
    -109.050051 31.394677
    -109.050116 31.37496
    -109.050052 31.373734
    -109.050045 31.37359
    -109.050047 31.352917
    -109.050047 31.350299
    -109.050054 31.349691
    -109.050057 31.349406
    -109.050067 31.347165
    -109.050067 31.34703
    -109.050055 31.342369
    -109.050048 31.342168
    -109.050046 31.342106
    -109.050045 31.339445
    -109.050045 31.336676
    -109.050044 31.332502
    -109.058696 31.332525
    -109.074551 31.332568
    -109.089183 31.332607
    -109.092065 31.332613
    -109.123171 31.33268
    -109.1256 31.332685
    -109.131518 31.332742
    -109.132181 31.332746
    -109.153443 31.332934
    -109.16579 31.333041
    -109.174105 31.333114
    -109.180944 31.333173
    -109.20136 31.333354
    -109.208252 31.333415
    -109.250622 31.333798
    -109.252988 31.333839
    -109.260033 31.333768
    -109.263053 31.333843
    -109.265682 31.333863
    -109.268677 31.333891
    -109.271744 31.333942
    -109.273898 31.333803
    -109.278499 31.333958
    -109.284761 31.333968
    -109.290273 31.333964
    -109.294393 31.333908
    -109.297214 31.333894
    -109.300386 31.333943
END
END
