49001 Beaver County
1
    -112.76335 38.148391
    -112.764327 38.148398
    -112.767882 38.148427
    -112.774697 38.148484
    -112.777281 38.148505
    -112.777777 38.14851
    -112.788434 38.148619
    -112.796791 38.148705
    -112.806935 38.148808
    -112.815838 38.148898
    -112.815952 38.1489
    -112.821893 38.148962
    -112.833047 38.149077
    -112.833651 38.149083
    -112.834987 38.149074
    -112.84081 38.14904
    -112.842751 38.149029
    -112.843204 38.149026
    -112.870389 38.149231
    -112.870428 38.149231
    -112.870821 38.14922
    -112.871192 38.149207
    -112.875781 38.149045
    -112.889005 38.148128
    -112.889197 38.148115
    -112.890938 38.148122
    -112.896607 38.148145
    -112.896739 38.148145
    -112.896857 38.148146
    -112.89867 38.148153
    -112.898673 38.148153
    -112.899538 38.148156
    -112.899868 38.148157
    -112.902131 38.148166
    -112.902998 38.14817
    -112.903184 38.148171
    -112.906417 38.148183
    -112.907594 38.148188
    -112.911509 38.148204
    -112.916676 38.148224
    -112.920096 38.148238
    -112.920461 38.148239
    -112.925179 38.148244
    -112.930574 38.14825
    -112.936195 38.148256
    -112.940431 38.14826
    -112.945515 38.148266
    -112.945778 38.148266
    -112.954038 38.14829
    -112.959175 38.148305
    -112.959347 38.148306
    -112.959828 38.148308
    -112.960061 38.148308
    -112.972484 38.148345
    -112.972723 38.148346
    -112.980146 38.148368
    -112.980474 38.148369
    -112.986207 38.148389
    -112.986355 38.148389
    -112.987938 38.148394
    -112.988103 38.148395
    -112.994995 38.148416
    -113.000786 38.148433
    -113.001854 38.148172
    -113.007965 38.148182
    -113.00799 38.148183
    -113.012506 38.14819
    -113.012541 38.14819
    -113.022053 38.148208
    -113.022211 38.148208
    -113.023982 38.148211
    -113.029294 38.148221
    -113.030979 38.148225
    -113.031066 38.148225
    -113.036978 38.148236
    -113.037047 38.148236
    -113.039679 38.148241
    -113.040245 38.148242
    -113.041939 38.148245
    -113.051804 38.148263
    -113.05645 38.148278
    -113.057014 38.148278
    -113.058136 38.148283
    -113.058278 38.148283
    -113.061161 38.148289
    -113.061359 38.14829
    -113.061586 38.14829
    -113.061655 38.14829
    -113.061668 38.14829
    -113.06171 38.14829
    -113.061724 38.14829
    -113.06362 38.148293
    -113.069311 38.148305
    -113.071139 38.148309
    -113.071208 38.148309
    -113.080394 38.148327
    -113.080557 38.148327
    -113.08261 38.148331
    -113.082685 38.148332
    -113.086609 38.148339
    -113.08701 38.148341
    -113.089783 38.148347
    -113.098423 38.148364
    -113.108361 38.148383
    -113.10847 38.148382
    -113.12579 38.148244
    -113.140269 38.148438
    -113.140383 38.148438
    -113.140662 38.148438
    -113.14091 38.148438
    -113.140975 38.148439
    -113.141103 38.14844
    -113.143059 38.148459
    -113.143165 38.14846
    -113.145791 38.148466
    -113.149088 38.148474
    -113.159827 38.148499
    -113.159903 38.1485
    -113.159995 38.148499
    -113.163856 38.148507
    -113.166188 38.148513
    -113.171581 38.148528
    -113.185601 38.148561
    -113.186511 38.148563
    -113.192055 38.148576
    -113.207199 38.148612
    -113.207298 38.148612
    -113.222196 38.148648
    -113.227748 38.148662
    -113.235355 38.14868
    -113.240618 38.148691
    -113.242241 38.148696
    -113.25079 38.148716
    -113.255561 38.14871
    -113.256103 38.14871
    -113.260259 38.148703
    -113.27273 38.148685
    -113.276887 38.148679
    -113.277037 38.148678
    -113.277488 38.148678
    -113.277639 38.148678
    -113.277957 38.148677
    -113.278915 38.148676
    -113.279234 38.148676
    -113.282293 38.148671
    -113.285195 38.148667
    -113.29147 38.148667
    -113.29453 38.148667
    -113.295622 38.148667
    -113.297993 38.148667
    -113.299455 38.148667
    -113.30003 38.148667
    -113.304019 38.148667
    -113.308384 38.148666
    -113.311782 38.148666
    -113.311848 38.148666
    -113.312924 38.148666
    -113.323202 38.148665
    -113.325095 38.148682
    -113.32565 38.148686
    -113.326925 38.148698
    -113.342686 38.148824
    -113.342698 38.148823
    -113.34276 38.148824
    -113.342761 38.148824
    -113.342842 38.148825
    -113.342909 38.148825
    -113.347941 38.148866
    -113.362401 38.148788
    -113.362541 38.148787
    -113.365783 38.14877
    -113.373797 38.148727
    -113.374893 38.14872
    -113.375798 38.148716
    -113.378184 38.148721
    -113.379282 38.148724
    -113.379397 38.148724
    -113.383246 38.148732
    -113.395139 38.148759
    -113.396871 38.148763
    -113.398198 38.148766
    -113.399104 38.148764
    -113.399358 38.148764
    -113.401457 38.148751
    -113.40261 38.148745
    -113.408517 38.148709
    -113.410871 38.148696
    -113.411036 38.148695
    -113.41206 38.148689
    -113.415628 38.148669
    -113.416199 38.148666
    -113.416818 38.148666
    -113.417708 38.148666
    -113.420378 38.148666
    -113.421268 38.148666
    -113.42324 38.148665
    -113.429156 38.148665
    -113.431129 38.148665
    -113.431282 38.148665
    -113.431744 38.148665
    -113.431898 38.148665
    -113.434523 38.148665
    -113.44554 38.148665
    -113.450944 38.148665
    -113.451239 38.148665
    -113.453199 38.148665
    -113.464226 38.148665
    -113.46516 38.148665
    -113.46531 38.148665
    -113.471336 38.148665
    -113.471528 38.148665
    -113.4716 38.148665
    -113.478666 38.148677
    -113.500801 38.148715
    -113.501793 38.148717
    -113.501944 38.148717
    -113.530489 38.148765
    -113.54749 38.148799
    -113.547689 38.148799
    -113.550803 38.148805
    -113.551107 38.148805
    -113.551839 38.148806
    -113.558512 38.148819
    -113.5588 38.14882
    -113.563184 38.148829
    -113.563521 38.14883
    -113.564901 38.148833
    -113.564962 38.148833
    -113.56522 38.148834
    -113.56546 38.148834
    -113.568152 38.148838
    -113.568158 38.148839
    -113.571452 38.148846
    -113.571669 38.148847
    -113.571954 38.148847
    -113.580198 38.148864
    -113.587455 38.148837
    -113.587693 38.148836
    -113.608215 38.148803
    -113.613611 38.148791
    -113.625802 38.148764
    -113.629799 38.148764
    -113.635196 38.148765
    -113.645379 38.148766
    -113.64568 38.148766
    -113.646783 38.148766
    -113.648396 38.148765
    -113.650111 38.148765
    -113.651774 38.148764
    -113.652627 38.148764
    -113.653468 38.148763
    -113.654304 38.148763
    -113.655152 38.148762
    -113.655985 38.14876
    -113.656833 38.148758
    -113.65767 38.148756
    -113.658514 38.148754
    -113.65936 38.148796
    -113.661289 38.148785
    -113.672338 38.148721
    -113.690906 38.148676
    -113.696203 38.148663
    -113.704704 38.148672
    -113.704863 38.148672
    -113.710102 38.148679
    -113.710136 38.148678
    -113.710159 38.148676
    -113.712892 38.148635
    -113.713076 38.148634
    -113.718405 38.148671
    -113.718489 38.148672
    -113.719069 38.148682
    -113.722421 38.148688
    -113.726684 38.148697
    -113.730303 38.148663
    -113.731124 38.148667
    -113.731932 38.148671
    -113.732199 38.148672
    -113.735263 38.148688
    -113.738141 38.148701
    -113.739063 38.148707
    -113.739909 38.14871
    -113.74153 38.148717
    -113.741745 38.148718
    -113.744938 38.148735
    -113.744988 38.148734
    -113.750804 38.148763
    -113.776772 38.148736
    -113.776872 38.148736
    -113.779898 38.148732
    -113.786493 38.148726
    -113.786542 38.148725
    -113.789299 38.148723
    -113.792359 38.148721
    -113.792659 38.14872
    -113.793123 38.148719
    -113.793414 38.148719
    -113.795127 38.148717
    -113.813242 38.148699
    -113.82193 38.14869
    -113.824884 38.148687
    -113.824956 38.148687
    -113.831349 38.14868
    -113.873167 38.148664
    -113.873217 38.148663
    -113.873272 38.148663
    -113.873786 38.148663
    -113.875843 38.148661
    -113.877244 38.148645
    -113.877345 38.148644
    -113.878097 38.148635
    -113.889408 38.148507
    -113.893506 38.148461
    -113.894477 38.14847
    -113.894799 38.148473
    -113.904943 38.148568
    -113.904996 38.148569
    -113.905558 38.148574
    -113.914678 38.148661
    -113.925242 38.148545
    -113.925362 38.148544
    -113.932907 38.148461
    -113.939503 38.148461
    -113.947149 38.148461
    -113.947257 38.148461
    -113.949789 38.148461
    -113.951407 38.148461
    -113.957711 38.148489
    -113.960352 38.148501
    -113.960499 38.148502
    -113.96117 38.148505
    -113.963626 38.148516
    -113.964445 38.14852
    -113.964454 38.14852
    -113.964547 38.148519
    -113.964718 38.14852
    -113.965537 38.148529
    -113.965811 38.148533
    -113.966042 38.148534
    -113.966729 38.148537
    -113.969489 38.148551
    -113.970271 38.148556
    -113.970409 38.148557
    -113.974295 38.148577
    -113.976131 38.148586
    -113.984855 38.14863
    -113.993297 38.148672
    -113.994601 38.148679
    -113.99902 38.148701
    -113.999116 38.148701
    -114.000808 38.14871
    -114.002994 38.148692
    -114.014918 38.148599
    -114.018684 38.14857
    -114.018893 38.14857
    -114.020331 38.148571
    -114.024646 38.148575
    -114.026085 38.148577
    -114.026143 38.148577
    -114.02724 38.148578
    -114.04703 38.148597
    -114.047103 38.148597
    -114.047199 38.148597
    -114.047463 38.148598
    -114.049903 38.148601
    -114.049906 38.149277
    -114.049932 38.154386
    -114.049933 38.15451
    -114.049957 38.159405
    -114.049955 38.173985
    -114.049977 38.184703
    -114.049977 38.184796
    -114.049977 38.185419
    -114.049938 38.192155
    -114.049945 38.195074
    -114.049959 38.200737
    -114.04997 38.204951
    -114.050016 38.222425
    -114.050026 38.226391
    -114.050035 38.229258
    -114.050035 38.229308
    -114.050039 38.230988
    -114.050055 38.23695
    -114.050104 38.244301
    -114.050141 38.249916
    -114.049906 38.25537
    -114.049905 38.255396
    -114.049681 38.258939
    -114.049417 38.264849
    -114.049419 38.26566
    -114.049438 38.271709
    -114.049455 38.276126
    -114.049471 38.280957
    -114.049474 38.281774
    -114.049474 38.281797
    -114.049508 38.287211
    -114.049519 38.290039
    -114.049579 38.304717
    -114.049622 38.315453
    -114.049632 38.318609
    -114.049643 38.320105
    -114.049667 38.325981
    -114.049715 38.337035
    -114.049733 38.342454
    -114.04976 38.349099
    -114.049784 38.354748
    -114.049825 38.36469
    -114.049828 38.365621
    -114.04983 38.366299
    -114.04983 38.366326
    -114.049905 38.374989
    -114.049935 38.379611
    -114.050114 38.384773
    -114.05011 38.392821
    -114.05012 38.40356
    -114.050121 38.404562
    -114.050121 38.40473
    -114.050092 38.40475
    -114.05029 38.414917
    -114.050271 38.423153
    -114.050268 38.424355
    -114.050172 38.425855
    -114.050174 38.425923
    -114.050176 38.425972
    -114.05025 38.42797
    -114.05025 38.427995
    -114.050272 38.430984
    -114.050319 38.437901
    -114.0504 38.439242
    -114.050448 38.441121
    -114.050519 38.443899
    -114.050518 38.443923
    -114.050344 38.447111
    -114.050343 38.447124
    -114.050442 38.454665
    -114.050439 38.455721
    -114.050425 38.461848
    -114.050408 38.469902
    -114.050362 38.491354
    -114.050362 38.49155
    -114.050361 38.491992
    -114.050361 38.491993
    -114.050361 38.492504
    -114.050483 38.500362
    -114.050421 38.514048
    -114.050415 38.515304
    -114.050406 38.517114
    -114.050397 38.519882
    -114.050391 38.520637
    -114.050373 38.524605
    -114.050367 38.525893
    -114.050359 38.527466
    -114.050154 38.53385
    -114.050057 38.536873
    -114.049808 38.543893
    -114.049826 38.544162
    -114.04983 38.544207
    -114.049915 38.545564
    -114.049916 38.54616
    -114.049912 38.546546
    -114.049888 38.547001
    -114.049873 38.547107
    -114.04987 38.547128
    -114.049869 38.547264
    -114.049879 38.547428
    -114.049873 38.547499
    -114.049865 38.54756
    -114.049917 38.55049
    -114.049932 38.551268
    -114.050031 38.556141
    -114.050143 38.561666
    -114.05019 38.563951
    -114.050164 38.570451
    -114.050154 38.57292
    -114.048779 38.572923
    -114.044656 38.572932
    -114.043282 38.572936
    -114.039391 38.572945
    -114.029425 38.572968
    -114.028789 38.57297
    -114.000815 38.573035
    -113.987856 38.572919
    -113.974 38.572796
    -113.970871 38.572808
    -113.962806 38.572839
    -113.961485 38.572844
    -113.958357 38.572856
    -113.958353 38.572856
    -113.958341 38.572856
    -113.958338 38.572856
    -113.958334 38.572856
    -113.958323 38.572856
    -113.95832 38.572856
    -113.958316 38.572856
    -113.958304 38.572856
    -113.9583 38.572856
    -113.958222 38.572857
    -113.957999 38.572902
    -113.957339 38.573037
    -113.957058 38.573074
    -113.955254 38.57309
    -113.953094 38.573109
    -113.944081 38.573189
    -113.940416 38.573184
    -113.937414 38.573179
    -113.934442 38.573175
    -113.932188 38.573163
    -113.932167 38.573163
    -113.932105 38.573163
    -113.932085 38.573163
    -113.929658 38.573178
    -113.92238 38.573228
    -113.921824 38.573232
    -113.921659 38.573238
    -113.921658 38.573238
    -113.920991 38.57326
    -113.919955 38.573295
    -113.918236 38.573354
    -113.913079 38.573535
    -113.911362 38.573596
    -113.908623 38.573692
    -113.906777 38.573757
    -113.906291 38.573756
    -113.900403 38.573741
    -113.897663 38.573735
    -113.896084 38.573724
    -113.891858 38.5737
    -113.891347 38.573697
    -113.889769 38.573688
    -113.887046 38.573672
    -113.881414 38.573639
    -113.881163 38.57364
    -113.87888 38.573645
    -113.876159 38.573652
    -113.875815 38.573652
    -113.873422 38.573637
    -113.865214 38.573586
    -113.862493 38.57357
    -113.862478 38.57357
    -113.862351 38.573571
    -113.861867 38.573571
    -113.861707 38.573575
    -113.860179 38.573583
    -113.857132 38.5736
    -113.855191 38.573611
    -113.847968 38.573651
    -113.844199 38.573672
    -113.84341 38.573676
    -113.840309 38.573693
    -113.839339 38.573698
    -113.838836 38.573701
    -113.836969 38.57371
    -113.834791 38.573722
    -113.831371 38.57374
    -113.829506 38.57375
    -113.829136 38.573751
    -113.828028 38.573758
    -113.827659 38.57376
    -113.826212 38.573767
    -113.824082 38.573779
    -113.821873 38.57379
    -113.820427 38.573798
    -113.818844 38.573783
    -113.814096 38.573741
    -113.812514 38.573727
    -113.808896 38.573769
    -113.798045 38.573899
    -113.794428 38.573943
    -113.792585 38.573953
    -113.787057 38.573986
    -113.785215 38.573997
    -113.776545 38.574046
    -113.77621 38.574048
    -113.765076 38.57411
    -113.758209 38.574148
    -113.750809 38.57419
    -113.750537 38.574189
    -113.748333 38.574186
    -113.741868 38.574174
    -113.740663 38.574181
    -113.737051 38.574204
    -113.736329 38.574209
    -113.735851 38.574271
    -113.735782 38.574269
    -113.735578 38.574263
    -113.73551 38.574261
    -113.734923 38.574243
    -113.729224 38.574217
    -113.710368 38.574134
    -113.704084 38.574107
    -113.704083 38.574107
    -113.701851 38.574097
    -113.695157 38.574068
    -113.692926 38.574059
    -113.687586 38.574047
    -113.686173 38.574045
    -113.671566 38.574014
    -113.668644 38.574008
    -113.666227 38.574044
    -113.664624 38.574027
    -113.661857 38.573999
    -113.659815 38.573994
    -113.658212 38.573991
    -113.65709 38.573988
    -113.654964 38.573983
    -113.653725 38.57398
    -113.652604 38.573978
    -113.646645 38.573966
    -113.643906 38.573961
    -113.628771 38.573952
    -113.628244 38.573952
    -113.626144 38.573951
    -113.625845 38.573951
    -113.622851 38.574424
    -113.622132 38.574436
    -113.61835 38.574498
    -113.60566 38.574709
    -113.604847 38.574722
    -113.601674 38.574775
    -113.600983 38.574775
    -113.600346 38.574775
    -113.599135 38.574776
    -113.595345 38.574778
    -113.594255 38.574779
    -113.59291 38.574779
    -113.592334 38.574779
    -113.581284 38.574786
    -113.568301 38.574852
    -113.56029 38.574893
    -113.554506 38.574922
    -113.552954 38.574931
    -113.548564 38.574954
    -113.537154 38.575003
    -113.53137 38.575029
    -113.527398 38.575045
    -113.518448 38.575083
    -113.515485 38.57508
    -113.511514 38.575076
    -113.50559 38.575064
    -113.503706 38.57506
    -113.500802 38.575055
    -113.490213 38.575092
    -113.480284 38.575126
    -113.479652 38.575129
    -113.474376 38.575148
    -113.472477 38.575125
    -113.471955 38.575119
    -113.470392 38.575102
    -113.469871 38.575097
    -113.46842 38.57508
    -113.468122 38.575077
    -113.464068 38.575046
    -113.462618 38.575035
    -113.460367 38.575056
    -113.455439 38.575103
    -113.451987 38.575136
    -113.444266 38.575209
    -113.434908 38.575298
    -113.433905 38.575301
    -113.426727 38.575327
    -113.426509 38.575328
    -113.423539 38.5753
    -113.418166 38.57525
    -113.413978 38.57521
    -113.410855 38.575182
    -113.410791 38.575181
    -113.408347 38.575157
    -113.401014 38.575085
    -113.399086 38.575067
    -113.39857 38.575073
    -113.397732 38.575074
    -113.395217 38.575077
    -113.39438 38.575079
    -113.389825 38.575006
    -113.376163 38.574789
    -113.3758 38.574784
    -113.371733 38.574232
    -113.371646 38.574234
    -113.371316 38.574234
    -113.370326 38.574234
    -113.369996 38.574234
    -113.367891 38.574234
    -113.361578 38.574237
    -113.359474 38.574239
    -113.358024 38.574239
    -113.35368 38.574241
    -113.352232 38.574242
    -113.350777 38.574243
    -113.350769 38.574242
    -113.346869 38.574242
    -113.346397 38.574242
    -113.330899 38.574398
    -113.325577 38.574451
    -113.320822 38.574498
    -113.317661 38.574529
    -113.30656 38.574639
    -113.305136 38.574653
    -113.301806 38.574674
    -113.296955 38.574697
    -113.289341 38.574734
    -113.282405 38.574766
    -113.281724 38.57477
    -113.279029 38.574751
    -113.277556 38.574741
    -113.27538 38.574793
    -113.268853 38.574949
    -113.266727 38.575001
    -113.266678 38.575002
    -113.263501 38.575078
    -113.253973 38.575307
    -113.250797 38.575384
    -113.250797 38.575393
    -113.250797 38.57542
    -113.250797 38.57543
    -113.246725 38.575404
    -113.234509 38.575328
    -113.233307 38.575321
    -113.230438 38.575361
    -113.227747 38.575398
    -113.220898 38.575306
    -113.220264 38.575298
    -113.207205 38.575271
    -113.192596 38.575241
    -113.192278 38.57524
    -113.182739 38.575228
    -113.177799 38.575221
    -113.17288 38.575215
    -113.162979 38.575126
    -113.15804 38.575082
    -113.154082 38.575035
    -113.142212 38.574897
    -113.141532 38.57489
    -113.138257 38.574882
    -113.134267 38.574868
    -113.125792 38.574843
    -113.122307 38.575027
    -113.118339 38.575239
    -113.118326 38.575239
    -113.117419 38.575234
    -113.114699 38.575221
    -113.11382 38.575217
    -113.113793 38.575217
    -113.112626 38.57521
    -113.109125 38.575192
    -113.107959 38.575188
    -113.102134 38.575161
    -113.099473 38.575149
    -113.084661 38.575138
    -113.078837 38.575134
    -113.074188 38.57513
    -113.062025 38.575122
    -113.060243 38.575093
    -113.055596 38.575019
    -113.054763 38.575005
    -113.052264 38.574966
    -113.051431 38.574953
    -113.050584 38.574939
    -113.048045 38.574898
    -113.047199 38.574885
    -113.043566 38.574826
    -113.034338 38.574679
    -113.033884 38.574636
    -113.033781 38.574572
    -113.032689 38.574525
    -113.031288 38.574465
    -113.029059 38.574401
    -113.027935 38.574346
    -113.024563 38.574182
    -113.023439 38.574128
    -113.02343 38.574127
    -113.023404 38.574126
    -113.023396 38.574126
    -113.018874 38.574609
    -113.017188 38.57479
    -113.010353 38.575522
    -113.00531 38.576061
    -113.000789 38.576545
    -113.000053 38.576544
    -112.997845 38.576543
    -112.99711 38.576543
    -112.995557 38.576542
    -112.990899 38.576541
    -112.989464 38.576541
    -112.989347 38.576541
    -112.988514 38.57654
    -112.986017 38.57654
    -112.985321 38.57654
    -112.985185 38.57654
    -112.985171 38.57654
    -112.985129 38.57654
    -112.985115 38.57654
    -112.983885 38.576539
    -112.980195 38.576539
    -112.978965 38.576539
    -112.974749 38.576538
    -112.965791 38.576536
    -112.962104 38.576535
    -112.957889 38.576535
    -112.957216 38.576535
    -112.955198 38.576535
    -112.954526 38.576535
    -112.952104 38.576534
    -112.944839 38.576532
    -112.942418 38.576532
    -112.942153 38.576532
    -112.937806 38.576532
    -112.923973 38.576528
    -112.919362 38.576529
    -112.919308 38.574709
    -112.917745 38.574707
    -112.916563 38.574706
    -112.902868 38.574699
    -112.898408 38.574698
    -112.898304 38.574698
    -112.897487 38.574697
    -112.895036 38.574699
    -112.89422 38.5747
    -112.893114 38.574699
    -112.889798 38.574698
    -112.888693 38.574698
    -112.887159 38.574701
    -112.882557 38.57471
    -112.881024 38.574714
    -112.880978 38.574712
    -112.875785 38.574694
    -112.855814 38.574627
    -112.855492 38.574625
    -112.838386 38.574612
    -112.838276 38.57461
    -112.816317 38.574609
    -112.815989 38.574608
    -112.803026 38.574608
    -112.803029 38.573099
    -112.803029 38.573069
    -112.803031 38.572576
    -112.780138 38.572575
    -112.779912 38.572575
    -112.778992 38.572578
    -112.778901 38.572577
    -112.769989 38.572571
    -112.76984 38.572571
    -112.755453 38.572587
    -112.752402 38.572634
    -112.752097 38.572621
    -112.751263 38.572625
    -112.750781 38.572625
    -112.742796 38.572471
    -112.728409 38.572194
    -112.722542 38.572169
    -112.696032 38.572056
    -112.691186 38.572034
    -112.676415 38.571971
    -112.671546 38.57195
    -112.671492 38.57195
    -112.65634 38.571886
    -112.648115 38.571851
    -112.641754 38.571821
    -112.641315 38.571836
    -112.639811 38.571879
    -112.637003 38.571959
    -112.628582 38.5722
    -112.626077 38.572273
    -112.625776 38.572282
    -112.625776 38.572262
    -112.612061 38.572845
    -112.611824 38.572845
    -112.611098 38.572842
    -112.608925 38.572835
    -112.6082 38.572833
    -112.607846 38.572831
    -112.606782 38.572829
    -112.606429 38.572828
    -112.605798 38.572826
    -112.60391 38.57282
    -112.603844 38.57282
    -112.603405 38.57282
    -112.603281 38.572819
    -112.602934 38.572818
    -112.601895 38.572815
    -112.60155 38.572814
    -112.600736 38.57281
    -112.598297 38.572803
    -112.597484 38.572801
    -112.597468 38.572801
    -112.596793 38.572776
    -112.59609 38.572774
    -112.591912 38.572768
    -112.590521 38.572768
    -112.58826 38.572765
    -112.582135 38.572758
    -112.581478 38.572757
    -112.579218 38.572754
    -112.577855 38.572752
    -112.573766 38.572747
    -112.572404 38.572746
    -112.569896 38.572743
    -112.5675 38.572741
    -112.565256 38.572739
    -112.565292 38.574017
    -112.563687 38.574005
    -112.56118 38.573988
    -112.561163 38.573988
    -112.561114 38.573988
    -112.561098 38.573988
    -112.558198 38.573968
    -112.557096 38.573961
    -112.549503 38.573904
    -112.546607 38.573884
    -112.546548 38.573885
    -112.546405 38.573892
    -112.546373 38.573891
    -112.546315 38.573894
    -112.541144 38.573862
    -112.525632 38.573764
    -112.520463 38.573733
    -112.51913 38.573724
    -112.515188 38.573703
    -112.515188 38.573655
    -112.515196 38.572325
    -112.516444 38.570552
    -112.517561 38.569315
    -112.518886 38.56742
    -112.518896 38.567408
    -112.518864 38.565457
    -112.517983 38.563029
    -112.51672 38.559826
    -112.516176 38.55814
    -112.515673 38.556623
    -112.515933 38.555919
    -112.517217 38.555222
    -112.517822 38.553982
    -112.517621 38.551828
    -112.517592 38.550504
    -112.517554 38.548767
    -112.517741 38.545977
    -112.517894 38.544372
    -112.516888 38.543687
    -112.515883 38.541685
    -112.515991 38.539354
    -112.516099 38.537172
    -112.516205 38.535064
    -112.515729 38.531343
    -112.515786 38.530779
    -112.515965 38.529047
    -112.516285 38.528242
    -112.517323 38.525644
    -112.518454 38.523524
    -112.521286 38.522126
    -112.52224 38.520613
    -112.522426 38.519026
    -112.521681 38.516722
    -112.521105 38.51629
    -112.519265 38.514913
    -112.518984 38.513052
    -112.518942 38.513018
    -112.518826 38.511766
    -112.518103 38.511524
    -112.518317 38.510631
    -112.518383 38.510356
    -112.518431 38.510153
    -112.518504 38.509852
    -112.518352 38.508777
    -112.517755 38.507442
    -112.517464 38.50679
    -112.516404 38.504869
    -112.515941 38.503321
    -112.514066 38.502203
    -112.514774 38.501592
    -112.514881 38.501501
    -112.517214 38.500911
    -112.517082 38.500723
    -112.516688 38.500159
    -112.516557 38.499971
    -112.516359 38.499258
    -112.516351 38.498274
    -112.516507 38.497296
    -112.516736 38.496413
    -112.516949 38.495725
    -112.516904 38.494975
    -112.516474 38.493972
    -112.515738 38.493078
    -112.514653 38.492204
    -112.513205 38.491166
    -112.511641 38.489459
    -112.51128 38.489103
    -112.510259 38.488097
    -112.50986 38.486553
    -112.510247 38.484765
    -112.51104 38.483771
    -112.512654 38.48275
    -112.514136 38.481836
    -112.5157 38.480896
    -112.51688 38.480284
    -112.517588 38.479678
    -112.517618 38.479121
    -112.516763 38.478422
    -112.515518 38.477252
    -112.514564 38.476223
    -112.513967 38.475101
    -112.513905 38.473456
    -112.513902 38.472205
    -112.5139 38.471609
    -112.513683 38.470434
    -112.512674 38.468696
    -112.511036 38.467345
    -112.509013 38.466273
    -112.506998 38.465645
    -112.504513 38.465636
    -112.503983 38.465885
    -112.503368 38.465949
    -112.502615 38.465216
    -112.501183 38.4636
    -112.500769 38.463133
    -112.499282 38.460935
    -112.498982 38.459939
    -112.498294 38.458906
    -112.496947 38.458091
    -112.496633 38.457336
    -112.496835 38.456387
    -112.497103 38.455712
    -112.496739 38.454925
    -112.495387 38.453803
    -112.494605 38.45307
    -112.494532 38.453002
    -112.493728 38.452185
    -112.49336 38.451591
    -112.493167 38.451524
    -112.492324 38.45224
    -112.49156 38.452627
    -112.490593 38.452873
    -112.489528 38.452909
    -112.489081 38.452657
    -112.488504 38.452331
    -112.487924 38.451622
    -112.487949 38.450767
    -112.488006 38.449928
    -112.487639 38.449254
    -112.486838 38.448857
    -112.486393 38.448759
    -112.486369 38.448754
    -112.486352 38.448764
    -112.485728 38.449118
    -112.48445 38.449005
    -112.483961 38.448849
    -112.483687 38.448762
    -112.483064 38.448871
    -112.482742 38.448928
    -112.481854 38.448796
    -112.481135 38.44836
    -112.480033 38.448177
    -112.479275 38.448183
    -112.47871 38.447757
    -112.478347 38.446921
    -112.477636 38.446041
    -112.476755 38.445546
    -112.476003 38.445262
    -112.474902 38.444934
    -112.473439 38.444459
    -112.473193 38.44438
    -112.472567 38.443921
    -112.472321 38.443345
    -112.471749 38.442741
    -112.471191 38.441911
    -112.470594 38.441024
    -112.470351 38.440302
    -112.470009 38.439992
    -112.469475 38.440058
    -112.469116 38.44011
    -112.468947 38.439841
    -112.468532 38.439594
    -112.467946 38.439764
    -112.467616 38.439881
    -112.467226 38.439925
    -112.466951 38.439857
    -112.466842 38.439654
    -112.466748 38.439241
    -112.466694 38.438845
    -112.466063 38.438611
    -112.465363 38.438312
    -112.464309 38.437726
    -112.463326 38.43723
    -112.462414 38.436669
    -112.462375 38.436645
    -112.461481 38.436279
    -112.461005 38.435966
    -112.460649 38.435324
    -112.460392 38.434845
    -112.459556 38.434689
    -112.45865 38.43442
    -112.457891 38.433942
    -112.45732 38.433289
    -112.456773 38.432419
    -112.456361 38.43202
    -112.453277 38.429512
    -112.452491 38.428824
    -112.452257 38.428224
    -112.452176 38.427101
    -112.452218 38.425964
    -112.452641 38.425243
    -112.452742 38.424752
    -112.452427 38.424102
    -112.452131 38.423501
    -112.452248 38.422736
    -112.452219 38.422074
    -112.451828 38.421133
    -112.451563 38.420516
    -112.451497 38.419644
    -112.451185 38.418801
    -112.450797 38.418207
    -112.450529 38.417648
    -112.449035 38.414521
    -112.448453 38.413933
    -112.448411 38.413456
    -112.448358 38.412963
    -112.447903 38.412183
    -112.447275 38.411271
    -112.446677 38.41044
    -112.446405 38.410219
    -112.446222 38.409595
    -112.445936 38.40851
    -112.445895 38.408232
    -112.445764 38.407322
    -112.445054 38.406982
    -112.444503 38.40637
    -112.443901 38.405757
    -112.442686 38.405088
    -112.441345 38.404579
    -112.440858 38.404379
    -112.440465 38.404116
    -112.440232 38.40396
    -112.438924 38.403338
    -112.438268 38.403186
    -112.438007 38.403125
    -112.437393 38.403125
    -112.436845 38.402876
    -112.436464 38.4025
    -112.436247 38.402077
    -112.435817 38.402096
    -112.435245 38.402065
    -112.434545 38.401907
    -112.434256 38.401842
    -112.433695 38.401755
    -112.433316 38.402347
    -112.432553 38.403217
    -112.43154 38.403737
    -112.430307 38.404544
    -112.429584 38.404939
    -112.428217 38.405268
    -112.427114 38.405666
    -112.425945 38.406321
    -112.425176 38.406908
    -112.424843 38.407727
    -112.424685 38.408425
    -112.424598 38.408813
    -112.423947 38.409644
    -112.4231 38.410085
    -112.422022 38.410281
    -112.421402 38.41063
    -112.421039 38.410834
    -112.420651 38.411886
    -112.420569 38.412414
    -112.420452 38.413183
    -112.420207 38.414204
    -112.419706 38.414707
    -112.419375 38.415445
    -112.419156 38.416192
    -112.418555 38.417081
    -112.4179 38.417864
    -112.417801 38.417983
    -112.417324 38.41884
    -112.417117 38.419483
    -112.416861 38.419536
    -112.416665 38.419517
    -112.41608 38.41946
    -112.415885 38.419442
    -112.414726 38.419331
    -112.413663 38.419277
    -112.412557 38.419304
    -112.411731 38.419188
    -112.410927 38.418877
    -112.410197 38.418595
    -112.408335 38.41753
    -112.407312 38.416993
    -112.405931 38.416459
    -112.40429 38.416091
    -112.403192 38.415762
    -112.402939 38.415581
    -112.403047 38.415308
    -112.403169 38.414842
    -112.403127 38.414381
    -112.402996 38.41425
    -112.402555 38.413809
    -112.402273 38.413058
    -112.402175 38.412795
    -112.402141 38.411931
    -112.401969 38.411292
    -112.40145 38.410567
    -112.401252 38.40975
    -112.401223 38.409628
    -112.400675 38.408378
    -112.399837 38.407261
    -112.399078 38.406832
    -112.398385 38.406686
    -112.397823 38.406646
    -112.397779 38.406245
    -112.397787 38.405639
    -112.397733 38.404331
    -112.397902 38.403905
    -112.398079 38.403656
    -112.398286 38.403552
    -112.398615 38.403426
    -112.398781 38.403241
    -112.398844 38.403162
    -112.39896 38.403016
    -112.399062 38.402888
    -112.399476 38.402593
    -112.400019 38.402524
    -112.400852 38.402273
    -112.401632 38.402069
    -112.401965 38.401797
    -112.402442 38.401292
    -112.403474 38.400711
    -112.403896 38.400504
    -112.40392 38.400214
    -112.403622 38.398782
    -112.4036 38.39812
    -112.403639 38.397458
    -112.403876 38.396596
    -112.403849 38.396289
    -112.403905 38.395975
    -112.403939 38.395701
    -112.403893 38.395289
    -112.403869 38.394836
    -112.403303 38.394234
    -112.403028 38.393998
    -112.402514 38.393558
    -112.401671 38.39297
    -112.400919 38.392585
    -112.400655 38.392389
    -112.400536 38.392097
    -112.400264 38.391813
    -112.399874 38.391337
    -112.399864 38.391325
    -112.399837 38.391292
    -112.399828 38.391281
    -112.399721 38.391168
    -112.399639 38.391081
    -112.39959 38.390879
    -112.399533 38.390754
    -112.399531 38.390749
    -112.399531 38.390693
    -112.399538 38.390601
    -112.399542 38.390537
    -112.399536 38.390519
    -112.399485 38.390345
    -112.399466 38.390282
    -112.399444 38.390204
    -112.399377 38.389965
    -112.399222 38.38982
    -112.399185 38.389786
    -112.398955 38.389421
    -112.398662 38.389112
    -112.398359 38.388778
    -112.398356 38.388758
    -112.398323 38.388455
    -112.398295 38.388303
    -112.398246 38.388035
    -112.398242 38.387898
    -112.398233 38.387477
    -112.39828 38.387026
    -112.398145 38.386701
    -112.398052 38.386475
    -112.397952 38.386345
    -112.397745 38.386078
    -112.3977 38.38602
    -112.39709 38.3857
    -112.396874 38.385575
    -112.396582 38.385406
    -112.396043 38.3852
    -112.39578 38.384899
    -112.395477 38.384646
    -112.395093 38.384248
    -112.394533 38.384009
    -112.394064 38.383884
    -112.394061 38.383684
    -112.394059 38.383489
    -112.393852 38.382914
    -112.393542 38.382403
    -112.393016 38.38189
    -112.392348 38.381368
    -112.391589 38.380692
    -112.390826 38.380371
    -112.390285 38.38027
    -112.389712 38.380233
    -112.389478 38.380142
    -112.388767 38.379765
    -112.387896 38.379823
    -112.387301 38.379947
    -112.386748 38.379959
    -112.386152 38.379831
    -112.385962 38.379791
    -112.385064 38.379631
    -112.384492 38.379529
    -112.384072 38.379574
    -112.383571 38.379522
    -112.382967 38.379549
    -112.382635 38.379854
    -112.381644 38.379773
    -112.380936 38.379864
    -112.380363 38.379892
    -112.379842 38.379799
    -112.379835 38.379794
    -112.379335 38.379488
    -112.378687 38.378934
    -112.377999 38.378395
    -112.377287 38.378075
    -112.376849 38.377934
    -112.376596 38.377682
    -112.376335 38.377349
    -112.376173 38.377081
    -112.376103 38.376992
    -112.37596 38.37695
    -112.375763 38.376892
    -112.375313 38.376923
    -112.374665 38.377226
    -112.374119 38.377489
    -112.373724 38.377188
    -112.373322 38.376509
    -112.372982 38.375781
    -112.372996 38.375402
    -112.373406 38.375212
    -112.37348 38.375179
    -112.373789 38.374973
    -112.374147 38.374556
    -112.373866 38.374093
    -112.373382 38.37332
    -112.373092 38.372559
    -112.372922 38.372014
    -112.372613 38.371601
    -112.372538 38.371552
    -112.37231 38.371405
    -112.372005 38.370814
    -112.37189 38.370413
    -112.371526 38.369879
    -112.371142 38.369048
    -112.370602 38.368764
    -112.370311 38.368612
    -112.369487 38.36842
    -112.368729 38.368015
    -112.367986 38.367489
    -112.36732 38.367098
    -112.36686 38.366438
    -112.366292 38.365908
    -112.365964 38.365453
    -112.365896 38.365359
    -112.365656 38.364549
    -112.364954 38.363659
    -112.363592 38.362597
    -112.36296 38.361343
    -112.363361 38.360423
    -112.363842 38.359801
    -112.363453 38.358469
    -112.362697 38.357516
    -112.362425 38.35665
    -112.361492 38.355579
    -112.359786 38.354351
    -112.359767 38.354338
    -112.357967 38.353284
    -112.356612 38.352753
    -112.355567 38.352354
    -112.35389 38.351351
    -112.353006 38.350822
    -112.352344 38.349262
    -112.350476 38.348967
    -112.349247 38.349163
    -112.34899 38.349205
    -112.347301 38.349093
    -112.345714 38.348349
    -112.344362 38.347891
    -112.343404 38.347312
    -112.342967 38.346417
    -112.342496 38.345648
    -112.342268 38.345277
    -112.341342 38.344093
    -112.340521 38.343318
    -112.339876 38.342596
    -112.339433 38.341491
    -112.338573 38.340758
    -112.338427 38.340018
    -112.338484 38.338872
    -112.337783 38.337683
    -112.337637 38.337259
    -112.337073 38.336188
    -112.336573 38.335553
    -112.336197 38.334616
    -112.335747 38.333956
    -112.335369 38.332955
    -112.335853 38.332083
    -112.337 38.331535
    -112.338095 38.331248
    -112.338264 38.331132
    -112.338615 38.330892
    -112.339504 38.329261
    -112.340183 38.327425
    -112.34069 38.325665
    -112.34066 38.325544
    -112.340557 38.325122
    -112.340362 38.324316
    -112.340199 38.323874
    -112.34005 38.323467
    -112.340267 38.322898
    -112.340804 38.322097
    -112.340994 38.321279
    -112.341163 38.320648
    -112.341232 38.320395
    -112.341545 38.319615
    -112.341185 38.318227
    -112.340735 38.317211
    -112.34076 38.31638
    -112.341398 38.315206
    -112.34109 38.314171
    -112.340158 38.313423
    -112.339157 38.313095
    -112.339117 38.313059
    -112.338685 38.312677
    -112.338853 38.311851
    -112.339516 38.311152
    -112.340033 38.310707
    -112.341117 38.310089
    -112.341573 38.309791
    -112.341958 38.309541
    -112.34232 38.308711
    -112.343432 38.308327
    -112.344128 38.308055
    -112.344767 38.307582
    -112.345945 38.307047
    -112.345955 38.307043
    -112.346177 38.30695
    -112.346741 38.306705
    -112.347302 38.306332
    -112.347448 38.306126
    -112.347673 38.305808
    -112.348147 38.305283
    -112.34831 38.304925
    -112.348678 38.303942
    -112.348845 38.303353
    -112.349056 38.302612
    -112.349299 38.30155
    -112.349332 38.300315
    -112.348494 38.298984
    -112.347585 38.297703
    -112.347514 38.296729
    -112.347346 38.295587
    -112.347117 38.294528
    -112.346977 38.293876
    -112.347037 38.292189
    -112.347245 38.291421
    -112.34735 38.29103
    -112.347357 38.291005
    -112.347714 38.289874
    -112.347757 38.289739
    -112.347816 38.289484
    -112.348056 38.288475
    -112.348339 38.286759
    -112.34887 38.28512
    -112.349624 38.283411
    -112.349626 38.283407
    -112.350546 38.281893
    -112.351636 38.280485
    -112.352591 38.279368
    -112.353573 38.27843
    -112.355665 38.276943
    -112.35572 38.276904
    -112.356934 38.276235
    -112.358617 38.275219
    -112.360279 38.274162
    -112.361376 38.27335
    -112.361852 38.272889
    -112.362622 38.271729
    -112.36327 38.270536
    -112.363481 38.270148
    -112.364614 38.26852
    -112.365559 38.267397
    -112.366225 38.266497
    -112.366703 38.26581
    -112.366837 38.265306
    -112.366824 38.264436
    -112.367102 38.263229
    -112.367308 38.262305
    -112.367386 38.261941
    -112.367487 38.261479
    -112.367659 38.26079
    -112.368053 38.260024
    -112.368631 38.259553
    -112.369514 38.259423
    -112.370032 38.25934
    -112.370492 38.259041
    -112.370601 38.258595
    -112.370768 38.258076
    -112.370978 38.257604
    -112.371359 38.257395
    -112.371984 38.25748
    -112.372426 38.25756
    -112.373078 38.257547
    -112.373351 38.257453
    -112.373943 38.257143
    -112.374605 38.256561
    -112.374649 38.256524
    -112.375203 38.255957
    -112.375764 38.25552
    -112.376082 38.255258
    -112.376485 38.25494
    -112.376849 38.254694
    -112.3772 38.254336
    -112.37738 38.254182
    -112.377775 38.253846
    -112.377927 38.25373
    -112.378116 38.253587
    -112.378142 38.253566
    -112.378222 38.253507
    -112.378249 38.253487
    -112.378339 38.253385
    -112.378612 38.253082
    -112.37863 38.253064
    -112.378712 38.25299
    -112.379052 38.252688
    -112.379232 38.252549
    -112.379678 38.252206
    -112.380182 38.251806
    -112.380746 38.251292
    -112.380953 38.250839
    -112.380999 38.250524
    -112.381034 38.250202
    -112.381019 38.249974
    -112.38056 38.248277
    -112.380524 38.247751
    -112.380485 38.247161
    -112.380082 38.246067
    -112.380005 38.245703
    -112.379862 38.245031
    -112.37986 38.244482
    -112.379407 38.243945
    -112.378323 38.243217
    -112.377827 38.242809
    -112.376949 38.242656
    -112.376531 38.242555
    -112.375763 38.242436
    -112.375297 38.242363
    -112.375251 38.24216
    -112.375322 38.241766
    -112.375347 38.241185
    -112.375231 38.240489
    -112.374865 38.239943
    -112.374742 38.239545
    -112.374935 38.239193
    -112.374704 38.239036
    -112.374129 38.239068
    -112.373471 38.239164
    -112.373198 38.239039
    -112.372754 38.238766
    -112.37173 38.238372
    -112.371407 38.238174
    -112.371151 38.23733
    -112.37122 38.237016
    -112.371586 38.236739
    -112.371899 38.236517
    -112.372016 38.236325
    -112.371884 38.235879
    -112.371711 38.235513
    -112.371485 38.235034
    -112.370963 38.234211
    -112.370028 38.233511
    -112.369119 38.233006
    -112.368292 38.232494
    -112.367076 38.231423
    -112.366975 38.231303
    -112.366487 38.23073
    -112.366393 38.230619
    -112.365379 38.229393
    -112.364805 38.228586
    -112.364597 38.228292
    -112.364266 38.227856
    -112.364184 38.227749
    -112.364112 38.227655
    -112.363901 38.227467
    -112.363802 38.227379
    -112.363411 38.227031
    -112.363319 38.226987
    -112.362753 38.226723
    -112.36183 38.226363
    -112.361589 38.226267
    -112.361009 38.226036
    -112.36017 38.225775
    -112.360085 38.225749
    -112.358811 38.225504
    -112.358058 38.225284
    -112.357612 38.225153
    -112.357479 38.225114
    -112.357216 38.224965
    -112.356953 38.224872
    -112.356853 38.22475
    -112.357074 38.224502
    -112.357902 38.223755
    -112.359013 38.22273
    -112.359973 38.222009
    -112.360346 38.221441
    -112.360972 38.220553
    -112.361247 38.220179
    -112.361831 38.219387
    -112.362278 38.218723
    -112.362911 38.218385
    -112.363653 38.217758
    -112.364476 38.216801
    -112.364595 38.216156
    -112.36459 38.215526
    -112.364742 38.215165
    -112.365666 38.21509
    -112.366472 38.21519
    -112.367273 38.21508
    -112.368769 38.214238
    -112.36999 38.213286
    -112.370849 38.212523
    -112.371675 38.211833
    -112.372709 38.211823
    -112.373675 38.211262
    -112.375763 38.210343
    -112.376047 38.21037
    -112.376589 38.210423
    -112.377561 38.210463
    -112.378416 38.210753
    -112.379374 38.211036
    -112.380087 38.211251
    -112.381079 38.211292
    -112.381964 38.211073
    -112.382284 38.211033
    -112.382579 38.210997
    -112.383432 38.210802
    -112.384545 38.210278
    -112.385363 38.209655
    -112.386222 38.209023
    -112.386563 38.2088
    -112.386845 38.208471
    -112.387731 38.20805
    -112.38845 38.207894
    -112.388883 38.207688
    -112.38929 38.20715
    -112.390025 38.20659
    -112.39088 38.206225
    -112.392153 38.205977
    -112.393024 38.205928
    -112.394333 38.206019
    -112.39512 38.206058
    -112.395192 38.205372
    -112.395472 38.204437
    -112.396061 38.203383
    -112.396519 38.202167
    -112.397146 38.201299
    -112.397601 38.200285
    -112.39771 38.199631
    -112.397713 38.199615
    -112.397841 38.199293
    -112.398016 38.199246
    -112.398632 38.19913
    -112.399515 38.198903
    -112.400492 38.198612
    -112.400915 38.198348
    -112.40127 38.197883
    -112.401503 38.197319
    -112.401746 38.196836
    -112.401974 38.19662
    -112.402261 38.196582
    -112.402496 38.196608
    -112.403502 38.196454
    -112.4044 38.195904
    -112.405094 38.195352
    -112.405545 38.19458
    -112.405796 38.194243
    -112.406022 38.194188
    -112.407325 38.19398
    -112.408352 38.193681
    -112.408694 38.193425
    -112.409015 38.193186
    -112.409588 38.192439
    -112.409763 38.191673
    -112.40994 38.19081
    -112.410034 38.189292
    -112.410257 38.188744
    -112.410577 38.188536
    -112.41112 38.188525
    -112.412021 38.188435
    -112.412887 38.188013
    -112.41354 38.187453
    -112.414798 38.186889
    -112.415819 38.186292
    -112.41679 38.185669
    -112.417794 38.184918
    -112.41816 38.184355
    -112.418634 38.184108
    -112.419588 38.183946
    -112.420449 38.183832
    -112.421433 38.183742
    -112.422131 38.183562
    -112.422637 38.18329
    -112.424117 38.181411
    -112.424215 38.180976
    -112.424182 38.180434
    -112.42406 38.179658
    -112.423888 38.178874
    -112.423773 38.178444
    -112.423112 38.175967
    -112.423006 38.175506
    -112.422913 38.174883
    -112.422788 38.174308
    -112.422562 38.173684
    -112.422357 38.173028
    -112.422512 38.172181
    -112.422788 38.171488
    -112.422446 38.171073
    -112.422573 38.170683
    -112.422884 38.170503
    -112.423339 38.170208
    -112.423807 38.169694
    -112.425722 38.167399
    -112.426294 38.166757
    -112.427033 38.166569
    -112.427718 38.166606
    -112.428117 38.166602
    -112.42848 38.166357
    -112.428582 38.16629
    -112.429303 38.165964
    -112.42998 38.165807
    -112.430821 38.165644
    -112.431642 38.165497
    -112.432433 38.165261
    -112.433277 38.164904
    -112.433718 38.164818
    -112.433959 38.164384
    -112.434489 38.163822
    -112.434967 38.163285
    -112.434952 38.162953
    -112.434884 38.162686
    -112.434205 38.162221
    -112.433723 38.161611
    -112.433494 38.160486
    -112.433476 38.159621
    -112.432957 38.158688
    -112.432667 38.157548
    -112.432417 38.156471
    -112.432174 38.155564
    -112.432426 38.155146
    -112.432679 38.154607
    -112.433105 38.154157
    -112.433193 38.153706
    -112.433945 38.153308
    -112.434998 38.15334
    -112.436506 38.153028
    -112.437706 38.152819
    -112.438079 38.152742
    -112.438855 38.152585
    -112.439597 38.152155
    -112.440207 38.151691
    -112.44056 38.151338
    -112.441062 38.151245
    -112.442237 38.151375
    -112.443383 38.151336
    -112.443987 38.151284
    -112.44381 38.150757
    -112.443807 38.150272
    -112.443821 38.149942
    -112.451098 38.14993
    -112.462139 38.149912
    -112.467905 38.149317
    -112.471561 38.149013
    -112.472874 38.148816
    -112.473313 38.148751
    -112.47324 38.147361
    -112.478682 38.147334
    -112.482887 38.147313
    -112.49551 38.147253
    -112.499717 38.147234
    -112.499728 38.147233
    -112.499769 38.147233
    -112.499925 38.147234
    -112.499978 38.147235
    -112.500267 38.147234
    -112.500767 38.147224
    -112.503158 38.147252
    -112.504913 38.147273
    -112.512701 38.147363
    -112.515883 38.147401
    -112.515994 38.147401
    -112.516162 38.147404
    -112.51633 38.147404
    -112.516442 38.147407
    -112.516452 38.147407
    -112.516995 38.147414
    -112.519492 38.14744
    -112.528309 38.147536
    -112.528401 38.147537
    -112.528645 38.147539
    -112.5317 38.147572
    -112.556811 38.147842
    -112.557123 38.147845
    -112.571901 38.148003
    -112.572308 38.148008
    -112.573609 38.14799
    -112.585923 38.148128
    -112.587702 38.148132
    -112.588435 38.148139
    -112.588517 38.14814
    -112.588686 38.148142
    -112.588925 38.148142
    -112.592408 38.148135
    -112.599664 38.148123
    -112.604084 38.148115
    -112.607977 38.148109
    -112.609603 38.148121
    -112.610695 38.148129
    -112.611406 38.148135
    -112.611745 38.148138
    -112.614084 38.148156
    -112.614161 38.148155
    -112.614754 38.148143
    -112.616483 38.148107
    -112.623449 38.147966
    -112.625772 38.147919
    -112.685725 38.147894
    -112.685819 38.147895
    -112.686014 38.147894
    -112.692071 38.147873
    -112.698542 38.147849
    -112.700942 38.14784
    -112.715586 38.147787
    -112.715732 38.147787
    -112.717956 38.147778
    -112.724252 38.147756
    -112.724358 38.147755
    -112.724378 38.147756
    -112.724428 38.147755
    -112.724541 38.147755
    -112.724612 38.147754
    -112.725167 38.147753
    -112.725353 38.147753
    -112.72829 38.147741
    -112.737106 38.147708
    -112.740047 38.147699
    -112.740178 38.147696
    -112.74221 38.147804
    -112.747851 38.148105
    -112.748703 38.14815
    -112.750777 38.14826
    -112.750865 38.148286
    -112.757102 38.148364
    -112.758623 38.148383
    -112.758894 38.148386
    -112.76335 38.148391
END
END
