49011 Davis County
1
    -111.833637 41.036993
    -111.833779 41.036957
    -111.834429 41.036905
    -111.83524 41.036676
    -111.835466 41.036486
    -111.835519 41.036443
    -111.835734 41.036275
    -111.8361 41.036303
    -111.836205 41.036316
    -111.836554 41.036247
    -111.836828 41.036182
    -111.836984 41.035954
    -111.837096 41.035575
    -111.837152 41.035273
    -111.837287 41.035045
    -111.837881 41.033736
    -111.837981 41.033641
    -111.838421 41.033203
    -111.838657 41.032788
    -111.838842 41.032032
    -111.838785 41.031986
    -111.838846 41.031836
    -111.838871 41.031784
    -111.839237 41.031391
    -111.839509 41.03086
    -111.83946 41.030496
    -111.839145 41.030091
    -111.838715 41.029523
    -111.838459 41.028642
    -111.838347 41.028321
    -111.838278 41.027897
    -111.838275 41.027878
    -111.838197 41.027252
    -111.838185 41.027199
    -111.838166 41.027118
    -111.838158 41.0271
    -111.838053 41.02684
    -111.838045 41.026589
    -111.8377 41.026006
    -111.837459 41.025714
    -111.837344 41.025496
    -111.83735 41.025454
    -111.83738 41.025264
    -111.837505 41.024447
    -111.838107 41.023846
    -111.838306 41.023364
    -111.838137 41.022823
    -111.836924 41.021563
    -111.836496 41.021244
    -111.835797 41.020933
    -111.834844 41.020532
    -111.834732 41.020467
    -111.834496 41.020329
    -111.833506 41.020403
    -111.832302 41.020541
    -111.832089 41.020637
    -111.831756 41.020787
    -111.831189 41.02105
    -111.83105 41.02109
    -111.829915 41.020784
    -111.829445 41.020902
    -111.828787 41.020777
    -111.828217 41.020369
    -111.827848 41.020068
    -111.827447 41.019791
    -111.826867 41.019255
    -111.82633 41.018816
    -111.825917 41.018636
    -111.825525 41.01848
    -111.8252 41.018002
    -111.824889 41.017306
    -111.824486 41.016246
    -111.823773 41.015313
    -111.823021 41.014848
    -111.822516 41.014401
    -111.822328 41.014053
    -111.822084 41.013059
    -111.8217 41.012209
    -111.821207 41.011528
    -111.820796 41.011218
    -111.820617 41.011064
    -111.820772 41.010516
    -111.821068 41.009711
    -111.821667 41.008577
    -111.821916 41.008119
    -111.821794 41.007634
    -111.821003 41.006999
    -111.819978 41.006452
    -111.818958 41.006284
    -111.818278 41.006247
    -111.817648 41.006396
    -111.816377 41.005879
    -111.816133 41.00585
    -111.814539 41.005666
    -111.813676 41.005805
    -111.812189 41.005521
    -111.811799 41.005252
    -111.81134 41.005362
    -111.810408 41.005017
    -111.809109 41.004145
    -111.808088 41.003227
    -111.807222 41.002616
    -111.806034 41.001429
    -111.806444 41.000932
    -111.806652 41.000417
    -111.806687 41.000151
    -111.806668 40.999944
    -111.806738 40.999944
    -111.808068 40.999938
    -111.807554 40.998728
    -111.806258 40.997024
    -111.805778 40.996012
    -111.805522 40.995584
    -111.80493 40.994924
    -111.804362 40.994412
    -111.803762 40.993728
    -111.80281 40.993048
    -111.801711 40.992613
    -111.801628 40.992578
    -111.801627 40.992577
    -111.801041 40.991479
    -111.800585 40.991067
    -111.799937 40.990551
    -111.799313 40.990019
    -111.798753 40.989415
    -111.797849 40.988939
    -111.797064 40.988675
    -111.796336 40.988415
    -111.795472 40.987907
    -111.794896 40.987419
    -111.79432 40.986907
    -111.793152 40.985987
    -111.792616 40.985151
    -111.792542 40.984796
    -111.792469 40.984447
    -111.792113 40.983673
    -111.791649 40.982999
    -111.791369 40.982601
    -111.790569 40.982021
    -111.790305 40.981757
    -111.790065 40.981537
    -111.789881 40.981377
    -111.789401 40.980937
    -111.788785 40.980237
    -111.788393 40.979725
    -111.787897 40.978949
    -111.787577 40.978309
    -111.787498 40.97819
    -111.787271 40.977858
    -111.787097 40.977601
    -111.786744 40.977032
    -111.786722 40.977016
    -111.786705 40.977005
    -111.786686 40.976947
    -111.786678 40.976921
    -111.786641 40.976861
    -111.786426 40.97661
    -111.786129 40.976193
    -111.785673 40.975497
    -111.785425 40.975105
    -111.785273 40.974853
    -111.785177 40.974461
    -111.785185 40.974009
    -111.785217 40.973911
    -111.785321 40.973589
    -111.785273 40.973145
    -111.784993 40.972781
    -111.784665 40.972505
    -111.784423 40.972374
    -111.784377 40.972349
    -111.784097 40.972225
    -111.783969 40.972161
    -111.783705 40.971489
    -111.783521 40.971025
    -111.783281 40.970321
    -111.783105 40.969837
    -111.782993 40.969609
    -111.782761 40.969273
    -111.782473 40.969013
    -111.782233 40.968773
    -111.781625 40.968125
    -111.781201 40.967637
    -111.780489 40.966985
    -111.780281 40.966729
    -111.779537 40.965925
    -111.779113 40.965393
    -111.778385 40.964561
    -111.777905 40.963725
    -111.777321 40.962929
    -111.776776 40.962237
    -111.77588 40.961413
    -111.775096 40.960681
    -111.774896 40.960209
    -111.7748 40.959793
    -111.774936 40.959345
    -111.775216 40.958949
    -111.775736 40.958369
    -111.776296 40.958189
    -111.777128 40.958009
    -111.777896 40.958081
    -111.779177 40.958261
    -111.779881 40.958125
    -111.780697 40.957665
    -111.781233 40.957333
    -111.781761 40.957073
    -111.782049 40.956929
    -111.782633 40.956909
    -111.783697 40.957301
    -111.784657 40.957757
    -111.785905 40.958441
    -111.786769 40.958945
    -111.787529 40.959133
    -111.788777 40.959401
    -111.789697 40.959949
    -111.790416 40.96033
    -111.790505 40.960377
    -111.791329 40.960729
    -111.791658 40.960775
    -111.792369 40.960873
    -111.792803 40.960875
    -111.793209 40.960877
    -111.793905 40.960866
    -111.793905 40.960843
    -111.794505 40.960613
    -111.795529 40.960149
    -111.796457 40.959633
    -111.797065 40.959393
    -111.797913 40.959369
    -111.799185 40.959525
    -111.799993 40.959653
    -111.800753 40.959825
    -111.801905 40.959749
    -111.802497 40.959633
    -111.803257 40.959385
    -111.804521 40.958973
    -111.805625 40.958605
    -111.806273 40.958281
    -111.806681 40.958041
    -111.807169 40.957669
    -111.807809 40.957405
    -111.808457 40.957269
    -111.809265 40.957373
    -111.809825 40.957601
    -111.810601 40.957965
    -111.810985 40.958225
    -111.811625 40.958653
    -111.811969 40.958965
    -111.81245 40.959325
    -111.81269 40.959561
    -111.812946 40.959753
    -111.81333 40.959945
    -111.81361 40.960001
    -111.814018 40.959837
    -111.814338 40.959573
    -111.814826 40.958909
    -111.81507 40.958145
    -111.815186 40.957533
    -111.81489 40.956673
    -111.81445 40.955945
    -111.813953 40.955373
    -111.813409 40.954725
    -111.812785 40.953881
    -111.812225 40.953045
    -111.811913 40.952169
    -111.811665 40.951389
    -111.811545 40.950841
    -111.811457 40.950441
    -111.811057 40.949657
    -111.810497 40.949325
    -111.810009 40.949241
    -111.809153 40.949181
    -111.808281 40.949181
    -111.807617 40.949129
    -111.806777 40.948753
    -111.806553 40.948345
    -111.806361 40.947685
    -111.805777 40.947177
    -111.805585 40.946873
    -111.805545 40.946321
    -111.805569 40.945873
    -111.805233 40.945293
    -111.804649 40.944837
    -111.804129 40.944477
    -111.803961 40.944217
    -111.803881 40.943837
    -111.803969 40.943245
    -111.804081 40.942749
    -111.804209 40.942257
    -111.804249 40.941721
    -111.804185 40.941209
    -111.803865 40.940813
    -111.803609 40.940573
    -111.803313 40.940101
    -111.802801 40.939553
    -111.801977 40.938961
    -111.801617 40.938573
    -111.801361 40.938061
    -111.800873 40.937353
    -111.800097 40.936741
    -111.799505 40.936317
    -111.798585 40.935825
    -111.797921 40.935509
    -111.797417 40.935205
    -111.796825 40.934813
    -111.796305 40.934421
    -111.795849 40.933985
    -111.795505 40.933265
    -111.795417 40.932789
    -111.795441 40.932241
    -111.795233 40.931709
    -111.794257 40.930949
    -111.793433 40.930489
    -111.793199 40.930362
    -111.793169 40.930345
    -111.793049 40.930244
    -111.792824 40.930053
    -111.792513 40.929784
    -111.792468 40.929745
    -111.791804 40.928751
    -111.791752 40.928673
    -111.791553 40.928531
    -111.791167 40.928253
    -111.790815 40.927793
    -111.791028 40.927112
    -111.791088 40.926917
    -111.791376 40.926542
    -111.791776 40.926021
    -111.792208 40.925633
    -111.79264 40.925045
    -111.793104 40.924113
    -111.793184 40.923473
    -111.793128 40.922801
    -111.793056 40.922341
    -111.79264 40.921985
    -111.792568 40.921305
    -111.792704 40.920841
    -111.793079 40.920271
    -111.793548 40.91956
    -111.79392 40.918925
    -111.794004 40.918443
    -111.793767 40.917255
    -111.793672 40.916937
    -111.793576 40.916569
    -111.793477 40.915898
    -111.793472 40.915861
    -111.792848 40.915161
    -111.792216 40.914933
    -111.791432 40.915085
    -111.791174 40.915111
    -111.791072 40.915121
    -111.790768 40.915045
    -111.790096 40.914813
    -111.78928 40.914597
    -111.788336 40.914505
    -111.787416 40.914197
    -111.786952 40.913925
    -111.78588 40.913385
    -111.784724 40.913179
    -111.78356 40.913081
    -111.783259 40.913008
    -111.783049 40.912957
    -111.782816 40.912901
    -111.7826 40.912793
    -111.781936 40.912213
    -111.7817 40.911635
    -111.781592 40.911369
    -111.781488 40.910549
    -111.781472 40.909825
    -111.781495 40.909344
    -111.781488 40.909337
    -111.781482 40.909319
    -111.781454 40.90924
    -111.781445 40.909214
    -111.781232 40.908769
    -111.780747 40.908332
    -111.780675 40.908253
    -111.780497 40.908076
    -111.780288 40.907725
    -111.779896 40.907225
    -111.779312 40.906752
    -111.779152 40.906625
    -111.779024 40.906421
    -111.778688 40.905885
    -111.778528 40.905437
    -111.778521 40.905109
    -111.77852 40.905081
    -111.778668 40.904445
    -111.778611 40.904129
    -111.778568 40.903889
    -111.778312 40.903193
    -111.777952 40.902841
    -111.77763 40.902437
    -111.777544 40.902329
    -111.776688 40.901565
    -111.776064 40.901121
    -111.776024 40.900137
    -111.776408 40.898969
    -111.776776 40.89867
    -111.777168 40.898353
    -111.778456 40.897941
    -111.780064 40.897969
    -111.780632 40.897437
    -111.78076 40.896949
    -111.780869 40.896843
    -111.781696 40.896041
    -111.781448 40.895713
    -111.780706 40.895727
    -111.780392 40.895733
    -111.779096 40.896029
    -111.777792 40.896029
    -111.77704 40.895737
    -111.775535 40.895677
    -111.774591 40.895229
    -111.77412 40.894841
    -111.773384 40.89423
    -111.773311 40.894173
    -111.772522 40.893286
    -111.771775 40.892445
    -111.771391 40.891469
    -111.771247 40.890269
    -111.771223 40.889457
    -111.770759 40.889069
    -111.770223 40.888421
    -111.768551 40.888157
    -111.767359 40.888237
    -111.76658 40.888356
    -111.766091 40.888428
    -111.764503 40.888661
    -111.763087 40.888625
    -111.762391 40.888209
    -111.761767 40.887373
    -111.761671 40.886745
    -111.761679 40.885717
    -111.761783 40.885029
    -111.762311 40.884413
    -111.762975 40.883717
    -111.763381 40.883182
    -111.763439 40.883105
    -111.764759 40.879477
    -111.765079 40.878721
    -111.765415 40.878289
    -111.765807 40.877901
    -111.766279 40.877593
    -111.766679 40.877013
    -111.767119 40.876557
    -111.767743 40.875953
    -111.768199 40.875153
    -111.768143 40.874721
    -111.768183 40.873705
    -111.768439 40.873405
    -111.768295 40.872533
    -111.766799 40.872793
    -111.765455 40.873465
    -111.763775 40.873713
    -111.762047 40.873433
    -111.761556 40.873197
    -111.760807 40.872837
    -111.760486 40.872743
    -111.758999 40.872309
    -111.758087 40.872321
    -111.75803 40.872334
    -111.755895 40.872833
    -111.75447 40.872777
    -111.753438 40.872401
    -111.75287 40.872355
    -111.752166 40.872297
    -111.75151 40.871941
    -111.750766 40.871754
    -111.749654 40.871546
    -111.748381 40.871276
    -111.746993 40.871177
    -111.746701 40.871048
    -111.746173 40.870815
    -111.745391 40.870146
    -111.744772 40.869821
    -111.744228 40.869546
    -111.743984 40.868831
    -111.743432 40.867999
    -111.742034 40.866523
    -111.741114 40.865871
    -111.740504 40.865402
    -111.74034 40.864381
    -111.73988 40.863394
    -111.739403 40.86265
    -111.739093 40.861719
    -111.738959 40.861548
    -111.738575 40.861055
    -111.739479 40.860749
    -111.741021 40.860491
    -111.741062 40.860484
    -111.742447 40.860502
    -111.742629 40.860521
    -111.743719 40.860635
    -111.744766 40.860665
    -111.745999 40.860371
    -111.746288 40.860266
    -111.747019 40.859999
    -111.747572 40.859543
    -111.748039 40.858966
    -111.748207 40.858192
    -111.748312 40.857466
    -111.748617 40.856714
    -111.749176 40.855927
    -111.749662 40.85523
    -111.750099 40.854767
    -111.750766 40.854315
    -111.751038 40.854014
    -111.751298 40.853897
    -111.75219 40.853498
    -111.753238 40.853598
    -111.753942 40.853958
    -111.754789 40.854047
    -111.755046 40.854074
    -111.75595 40.853862
    -111.757126 40.853222
    -111.758238 40.852646
    -111.759198 40.852638
    -111.759974 40.85297
    -111.76003 40.852682
    -111.76039 40.852342
    -111.76131 40.851726
    -111.76271 40.850926
    -111.76459 40.85031
    -111.766943 40.849294
    -111.768719 40.84875
    -111.770103 40.848921
    -111.771231 40.849009
    -111.771535 40.848931
    -111.771828 40.848855
    -111.772423 40.848701
    -111.772983 40.848445
    -111.773529 40.848244
    -111.774191 40.848001
    -111.776055 40.846649
    -111.776624 40.84618
    -111.777855 40.845165
    -111.779407 40.844589
    -111.780743 40.844261
    -111.781815 40.844145
    -111.783647 40.844501
    -111.785319 40.845073
    -111.786111 40.845405
    -111.787071 40.845645
    -111.788359 40.845749
    -111.789255 40.845673
    -111.790535 40.845301
    -111.792127 40.844845
    -111.793367 40.844269
    -111.794951 40.843573
    -111.796471 40.842853
    -111.798047 40.841741
    -111.798983 40.840961
    -111.799847 40.840741
    -111.800863 40.840509
    -111.801791 40.839945
    -111.802143 40.839805
    -111.802719 40.839577
    -111.803695 40.838933
    -111.805184 40.838869
    -111.806352 40.839101
    -111.807538 40.839521
    -111.807584 40.839537
    -111.808653 40.839525
    -111.808952 40.839523
    -111.810294 40.839691
    -111.811104 40.84002
    -111.811437 40.840153
    -111.812631 40.840271
    -111.813608 40.839937
    -111.814496 40.839423
    -111.815053 40.83924
    -111.815344 40.839145
    -111.815768 40.839145
    -111.816088 40.839133
    -111.816675 40.839016
    -111.817032 40.838945
    -111.817223 40.838846
    -111.817664 40.838618
    -111.818361 40.838001
    -111.818673 40.837474
    -111.819113 40.836526
    -111.820729 40.835386
    -111.821833 40.83481
    -111.823537 40.834426
    -111.825665 40.83417
    -111.827441 40.834253
    -111.827775 40.834024
    -111.828408 40.83359
    -111.828416 40.833585
    -111.828928 40.833085
    -111.829301 40.832909
    -111.829899 40.832626
    -111.830104 40.832529
    -111.831928 40.832405
    -111.83368 40.831949
    -111.835032 40.831293
    -111.836272 40.831133
    -111.837464 40.831221
    -111.838568 40.831245
    -111.839736 40.831905
    -111.840553 40.832609
    -111.841713 40.832741
    -111.842457 40.832461
    -111.843945 40.832337
    -111.844123 40.832144
    -111.844289 40.831965
    -111.844873 40.831033
    -111.845669 40.830445
    -111.846713 40.830121
    -111.847777 40.830397
    -111.848593 40.830561
    -111.849105 40.830149
    -111.849504 40.829731
    -111.849521 40.829713
    -111.849534 40.829712
    -111.850465 40.829641
    -111.851289 40.829709
    -111.851937 40.829273
    -111.853001 40.829637
    -111.853465 40.829589
    -111.853487 40.82924
    -111.853513 40.828829
    -111.853905 40.828169
    -111.853957 40.828149
    -111.855089 40.827737
    -111.856017 40.827353
    -111.856939 40.826172
    -111.857177 40.825869
    -111.85762 40.825144
    -111.857913 40.824665
    -111.858793 40.825057
    -111.859089 40.82511
    -111.860073 40.825289
    -111.861089 40.825121
    -111.862569 40.824445
    -111.862713 40.824373
    -111.862977 40.824305
    -111.863201 40.824269
    -111.863457 40.824261
    -111.863713 40.824297
    -111.863969 40.824445
    -111.864293 40.82458
    -111.864785 40.824785
    -111.865641 40.824733
    -111.865969 40.824445
    -111.866067 40.824431
    -111.866098 40.824427
    -111.866401 40.824385
    -111.866721 40.824329
    -111.867145 40.824301
    -111.867729 40.824241
    -111.868161 40.824189
    -111.868441 40.824113
    -111.868857 40.823953
    -111.869097 40.823801
    -111.869281 40.823641
    -111.869473 40.823397
    -111.869609 40.823201
    -111.869737 40.822949
    -111.869849 40.822597
    -111.869969 40.822045
    -111.870958 40.822045
    -111.873925 40.822045
    -111.874915 40.822045
    -111.8758 40.822045
    -111.878457 40.822045
    -111.879343 40.822045
    -111.89097 40.822045
    -111.891138 40.822045
    -111.891643 40.822045
    -111.891812 40.822045
    -111.895463 40.822045
    -111.902268 40.822045
    -111.902267 40.820521
    -111.903591 40.82049
    -111.905943 40.820437
    -111.905928 40.822006
    -111.906418 40.821999
    -111.91007 40.821945
    -111.915271 40.822046
    -111.915528 40.822045
    -111.915684 40.822045
    -111.915865 40.822045
    -111.915872 40.822044
    -111.91617 40.822044
    -111.916201 40.822048
    -111.916499 40.822077
    -111.916811 40.822109
    -111.91682 40.82211
    -111.917164 40.822145
    -111.91837 40.822145
    -111.9185 40.822145
    -111.918671 40.822145
    -111.919 40.822145
    -111.919171 40.822145
    -111.919471 40.822145
    -111.919684 40.822074
    -111.919706 40.822066
    -111.919771 40.822045
    -111.920651 40.822046
    -111.921387 40.822051
    -111.921595 40.822052
    -111.923272 40.822057
    -111.923776 40.82206
    -111.926666 40.822078
    -111.929425 40.822095
    -111.931094 40.822104
    -111.936101 40.822134
    -111.937771 40.822145
    -111.937822 40.822149
    -111.939071 40.822245
    -111.93949 40.822245
    -111.940748 40.822245
    -111.941071 40.822245
    -111.941168 40.822245
    -111.941294 40.822247
    -111.941258 40.82237
    -111.941219 40.822499
    -111.941139 40.822957
    -111.940972 40.823181
    -111.940623 40.82327
    -111.940278 40.823278
    -111.940242 40.823279
    -111.939834 40.823215
    -111.939541 40.82318
    -111.93928 40.823164
    -111.938851 40.823247
    -111.938496 40.823491
    -111.938266 40.823882
    -111.938158 40.824309
    -111.938029 40.825496
    -111.938037 40.82588
    -111.938049 40.826385
    -111.938088 40.826817
    -111.93826 40.827298
    -111.938438 40.827797
    -111.938674 40.828369
    -111.938704 40.82854
    -111.938728 40.828671
    -111.938791 40.828705
    -111.93898 40.828808
    -111.939007 40.828823
    -111.939046 40.828836
    -111.939234 40.828903
    -111.939448 40.82898
    -111.939786 40.829142
    -111.939968 40.829229
    -111.940009 40.829458
    -111.93986 40.829913
    -111.939832 40.830244
    -111.939944 40.830604
    -111.940342 40.830974
    -111.940821 40.831244
    -111.941431 40.831507
    -111.942407 40.831548
    -111.943176 40.831741
    -111.943595 40.83185
    -111.943838 40.831909
    -111.943886 40.831921
    -111.944073 40.831977
    -111.944203 40.832028
    -111.944305 40.832069
    -111.944569 40.832284
    -111.944769 40.833122
    -111.944516 40.833797
    -111.944244 40.834222
    -111.944191 40.834521
    -111.944301 40.834776
    -111.944359 40.83486
    -111.944481 40.835036
    -111.944976 40.835422
    -111.945135 40.835547
    -111.945162 40.835583
    -111.945954 40.836636
    -111.946354 40.837081
    -111.946662 40.837608
    -111.947005 40.838195
    -111.947712 40.838408
    -111.948124 40.838572
    -111.948439 40.83875
    -111.948689 40.839047
    -111.948756 40.840048
    -111.949099 40.840506
    -111.949497 40.840839
    -111.950347 40.841286
    -111.950993 40.841698
    -111.951111 40.841964
    -111.951011 40.842171
    -111.950554 40.842355
    -111.949913 40.842759
    -111.949663 40.84306
    -111.949585 40.843353
    -111.949589 40.843627
    -111.949691 40.843875
    -111.949849 40.844035
    -111.95053 40.844391
    -111.952117 40.844732
    -111.952931 40.844856
    -111.953442 40.845026
    -111.953609 40.845255
    -111.953821 40.846337
    -111.954053 40.846808
    -111.954476 40.847109
    -111.954905 40.847355
    -111.955032 40.847615
    -111.955003 40.847883
    -111.95494 40.84807
    -111.954501 40.848341
    -111.954199 40.848406
    -111.95388 40.848533
    -111.953866 40.848708
    -111.954197 40.848879
    -111.954409 40.848988
    -111.954615 40.849094
    -111.955133 40.849257
    -111.955576 40.849235
    -111.95701 40.848638
    -111.957547 40.848391
    -111.957725 40.848371
    -111.958893 40.848243
    -111.959469 40.84779
    -111.959742 40.847445
    -111.959978 40.847281
    -111.960519 40.847314
    -111.961891 40.847502
    -111.962195 40.847593
    -111.962531 40.84782
    -111.962723 40.848105
    -111.962814 40.848708
    -111.962697 40.849107
    -111.962695 40.849189
    -111.962692 40.849344
    -111.962753 40.849599
    -111.963045 40.849963
    -111.963309 40.850366
    -111.963347 40.850708
    -111.963353 40.851094
    -111.96343 40.851367
    -111.963711 40.85152
    -111.964391 40.851496
    -111.964654 40.851506
    -111.964896 40.851567
    -111.964983 40.85159
    -111.965214 40.851688
    -111.96549 40.852065
    -111.965591 40.85227
    -111.965607 40.852525
    -111.965351 40.852926
    -111.965207 40.853182
    -111.965358 40.853436
    -111.965882 40.853942
    -111.966174 40.854294
    -111.966502 40.854845
    -111.966409 40.85533
    -111.96638 40.855487
    -111.966211 40.856261
    -111.966183 40.856634
    -111.966178 40.856852
    -111.966215 40.857132
    -111.966873 40.857836
    -111.966884 40.858066
    -111.966769 40.85831
    -111.96667 40.858375
    -111.966136 40.858732
    -111.965875 40.859151
    -111.965231 40.860184
    -111.965151 40.860365
    -111.965152 40.860427
    -111.965191 40.860545
    -111.965731 40.86107
    -111.965976 40.861553
    -111.965971 40.861714
    -111.965965 40.861902
    -111.965934 40.861987
    -111.966013 40.862108
    -111.965228 40.863036
    -111.964972 40.863248
    -111.964393 40.863465
    -111.96397 40.863711
    -111.963866 40.863868
    -111.963851 40.864011
    -111.963935 40.864128
    -111.964788 40.864737
    -111.965122 40.865114
    -111.96513 40.865145
    -111.965346 40.865604
    -111.965367 40.866507
    -111.965326 40.867079
    -111.965489 40.867844
    -111.965217 40.868257
    -111.964593 40.86881
    -111.964441 40.869035
    -111.964436 40.869297
    -111.964912 40.869871
    -111.964968 40.870076
    -111.96488 40.870177
    -111.964575 40.870104
    -111.964328 40.870032
    -111.964098 40.870021
    -111.963861 40.870061
    -111.963747 40.870118
    -111.963751 40.870379
    -111.964438 40.870815
    -111.964795 40.871092
    -111.964903 40.871247
    -111.964963 40.871427
    -111.964972 40.87147
    -111.965034 40.87175
    -111.965075 40.871806
    -111.9651 40.87183
    -111.965168 40.871863
    -111.965375 40.871964
    -111.965444 40.871998
    -111.965538 40.872045
    -111.966065 40.872221
    -111.966645 40.872334
    -111.96713 40.87233
    -111.96717 40.87233
    -111.967571 40.872289
    -111.968045 40.872179
    -111.968551 40.872013
    -111.968868 40.871811
    -111.969039 40.871723
    -111.969251 40.871665
    -111.969522 40.871669
    -111.969761 40.871804
    -111.970153 40.872261
    -111.970324 40.87272
    -111.970291 40.873237
    -111.969935 40.873958
    -111.969885 40.874062
    -111.969782 40.874324
    -111.969818 40.874554
    -111.969973 40.874814
    -111.97052 40.874945
    -111.970758 40.87499
    -111.971336 40.8751
    -111.971686 40.87536
    -111.971815 40.875808
    -111.971787 40.876326
    -111.971767 40.876705
    -111.97147 40.877311
    -111.970662 40.877798
    -111.970379 40.877986
    -111.969999 40.8785
    -111.968796 40.879856
    -111.968172 40.880433
    -111.968116 40.880728
    -111.968154 40.880809
    -111.968305 40.881129
    -111.968555 40.881529
    -111.968621 40.881868
    -111.968444 40.882272
    -111.968274 40.882537
    -111.96826 40.882619
    -111.968237 40.882769
    -111.968383 40.883
    -111.968692 40.883149
    -111.968917 40.883258
    -111.969328 40.883503
    -111.969373 40.883765
    -111.969378 40.884137
    -111.969038 40.884573
    -111.968732 40.884809
    -111.968514 40.884979
    -111.968435 40.885135
    -111.968416 40.885228
    -111.968466 40.885288
    -111.968576 40.88535
    -111.968593 40.885357
    -111.969298 40.885633
    -111.969821 40.885832
    -111.969555 40.886568
    -111.969211 40.887351
    -111.9689 40.887774
    -111.968432 40.888198
    -111.968035 40.888506
    -111.968036 40.888532
    -111.96776 40.888823
    -111.967517 40.888995
    -111.967315 40.88914
    -111.966599 40.889498
    -111.966362 40.889686
    -111.966278 40.889788
    -111.966126 40.890413
    -111.966127 40.890462
    -111.966144 40.890986
    -111.966243 40.891161
    -111.966208 40.891548
    -111.966174 40.891935
    -111.966022 40.892313
    -111.965854 40.892485
    -111.965738 40.892546
    -111.965625 40.892607
    -111.965366 40.892629
    -111.965266 40.892653
    -111.965022 40.892725
    -111.964955 40.892754
    -111.964824 40.892813
    -111.964587 40.893103
    -111.964542 40.893198
    -111.964282 40.893675
    -111.964214 40.89378
    -111.964107 40.89395
    -111.963941 40.894109
    -111.963863 40.894171
    -111.963737 40.894249
    -111.963725 40.894258
    -111.963352 40.894384
    -111.96313 40.894472
    -111.963047 40.894519
    -111.962833 40.894644
    -111.962573 40.895033
    -111.962405 40.895422
    -111.962411 40.895526
    -111.962421 40.89567
    -111.962482 40.895971
    -111.962482 40.896181
    -111.962543 40.896505
    -111.962504 40.896593
    -111.962436 40.896658
    -111.9621 40.896891
    -111.961795 40.896978
    -111.961352 40.897043
    -111.960887 40.897157
    -111.960748 40.89723
    -111.960727 40.897242
    -111.960391 40.897512
    -111.960124 40.89781
    -111.959995 40.897867
    -111.959926 40.898039
    -111.959842 40.898305
    -111.959796 40.898455
    -111.95972 40.89884
    -111.959842 40.899673
    -111.95991 40.900133
    -111.959846 40.900143
    -111.959655 40.900175
    -111.959592 40.900187
    -111.959581 40.900188
    -111.959551 40.900193
    -111.959541 40.900196
    -111.959516 40.900201
    -111.959453 40.900212
    -111.958772 40.90033
    -111.95863 40.900363
    -111.958634 40.900604
    -111.958641 40.900943
    -111.958642 40.901002
    -111.958633 40.90122
    -111.95859 40.902291
    -111.958575 40.902655
    -111.95854 40.903514
    -111.95852 40.904017
    -111.958479 40.905075
    -111.958535 40.90974
    -111.958536 40.909975
    -111.958544 40.91095
    -111.958548 40.911212
    -111.958556 40.912256
    -111.958556 40.912668
    -111.958557 40.913198
    -111.958566 40.914784
    -111.958577 40.916414
    -111.958578 40.916781
    -111.95858 40.916802
    -111.958582 40.917135
    -111.958588 40.918082
    -111.958588 40.918129
    -111.958621 40.922048
    -111.95866 40.922047
    -111.971091 40.92205
    -111.977756 40.922032
    -111.978227 40.922026
    -111.978722 40.922029
    -111.985577 40.922011
    -111.988477 40.922001
    -111.991424 40.921994
    -111.991491 40.921994
    -111.991554 40.921994
    -111.991685 40.921993
    -111.991743 40.921994
    -111.992119 40.921991
    -111.993167 40.921991
    -111.998936 40.921974
    -112.000775 40.921966
    -112.006458 40.921848
    -112.006597 40.921845
    -112.009988 40.920066
    -112.014824 40.917528
    -112.02208 40.913723
    -112.029334 40.909917
    -112.034171 40.90738
    -112.034417 40.90725
    -112.034786 40.907057
    -112.035155 40.906863
    -112.035402 40.906734
    -112.036051 40.906369
    -112.037026 40.905822
    -112.038001 40.905274
    -112.038651 40.904909
    -112.039022 40.9047
    -112.039579 40.904388
    -112.040135 40.904074
    -112.040507 40.903866
    -112.049329 40.899123
    -112.058152 40.89438
    -112.058153 40.894379
    -112.061535 40.892561
    -112.064924 40.890739
    -112.065112 40.890638
    -112.065238 40.890569
    -112.065351 40.890509
    -112.065437 40.890462
    -112.065522 40.890417
    -112.065523 40.890417
    -112.066356 40.889968
    -112.068858 40.888623
    -112.069692 40.888175
    -112.070268 40.887866
    -112.070423 40.887783
    -112.07095 40.887501
    -112.073084 40.886364
    -112.073701 40.886035
    -112.074726 40.885486
    -112.075985 40.884813
    -112.07674 40.884409
    -112.07748 40.884013
    -112.078199 40.883628
    -112.078824 40.883294
    -112.09225 40.876135
    -112.100586 40.871693
    -112.142451 40.850221
    -112.142819 40.850024
    -112.150841 40.845142
    -112.154097 40.843131
    -112.154242 40.843032
    -112.164092 40.83625
    -112.168457 40.833401
    -112.17207 40.831061
    -112.183402 40.824037
    -112.196211 40.815958
    -112.202436 40.811817
    -112.202437 40.811817
    -112.208623 40.807703
    -112.212727 40.805222
    -112.212727 40.805221
    -112.218285 40.80186
    -112.229259 40.794592
    -112.240006 40.787453
    -112.250779 40.78086
    -112.250779 40.780859
    -112.26351 40.77345
    -112.28087 40.796554
    -112.300892 40.823192
    -112.301049 40.8234
    -112.316394 40.843772
    -112.329422 40.860706
    -112.340129 40.874941
    -112.375788 40.922079
    -112.435042 40.999938
    -112.437798 41.003566
    -112.440555 41.007194
    -112.466974 41.041964
    -112.493393 41.076735
    -112.451012 41.087331
    -112.375786 41.106138
    -112.355785 41.111139
    -112.331383 41.11704
    -112.300242 41.124937
    -112.300219 41.124943
    -112.300141 41.124961
    -112.298498 41.125406
    -112.296856 41.12585
    -112.284191 41.129277
    -112.261318 41.135858
    -112.250778 41.138965
    -112.250751 41.138972
    -112.24162 41.141045
    -112.232488 41.143118
    -112.227628 41.144222
    -112.222768 41.145325
    -112.214542 41.147193
    -112.206316 41.149061
    -112.205081 41.149342
    -112.203846 41.149622
    -112.202392 41.149952
    -112.200938 41.150282
    -112.199809 41.150538
    -112.199677 41.150542
    -112.19506 41.151544
    -112.190445 41.152552
    -112.190323 41.152634
    -112.189578 41.152741
    -112.187772 41.152898
    -112.187256 41.152915
    -112.18674 41.152932
    -112.186653 41.152935
    -112.186487 41.152939
    -112.186377 41.152942
    -112.186273 41.15291
    -112.18216 41.152819
    -112.182077 41.152843
    -112.180287 41.152825
    -112.180225 41.152824
    -112.180223 41.152824
    -112.179498 41.153045
    -112.177364 41.152882
    -112.177241 41.152887
    -112.177177 41.152843
    -112.175329 41.152795
    -112.175288 41.152808
    -112.175287 41.152809
    -112.175175 41.152843
    -112.174593 41.152815
    -112.173077 41.152743
    -112.172584 41.152743
    -112.172583 41.152743
    -112.172294 41.152743
    -112.172004 41.152743
    -112.172003 41.152743
    -112.170971 41.152743
    -112.170833 41.152743
    -112.170164 41.152743
    -112.169495 41.152743
    -112.16892 41.152743
    -112.158151 41.152743
    -112.152734 41.152726
    -112.152701 41.152725
    -112.150385 41.152623
    -112.148458 41.152628
    -112.142591 41.152644
    -112.138732 41.152644
    -112.138644 41.152644
    -112.138556 41.152644
    -112.138467 41.152644
    -112.138378 41.152644
    -112.132755 41.152644
    -112.132712 41.152644
    -112.122889 41.152547
    -112.122883 41.152547
    -112.122569 41.152547
    -112.113134 41.152544
    -112.113007 41.152543
    -112.112947 41.152543
    -112.112678 41.152544
    -112.112074 41.152445
    -112.107997 41.152534
    -112.10758 41.152543
    -112.104682 41.152463
    -112.10461 41.152461
    -112.104521 41.152458
    -112.103978 41.152443
    -112.102579 41.152443
    -112.100103 41.152443
    -112.095976 41.152443
    -112.092376 41.152443
    -112.088629 41.152394
    -112.08677 41.15237
    -112.086674 41.152369
    -112.086579 41.152368
    -112.086132 41.152362
    -112.085973 41.15236
    -112.08583 41.152358
    -112.085708 41.152356
    -112.085171 41.152349
    -112.085103 41.152349
    -112.084768 41.152345
    -112.083809 41.152344
    -112.083748 41.152344
    -112.083276 41.152343
    -112.083145 41.152343
    -112.082841 41.152342
    -112.080881 41.152376
    -112.080795 41.152378
    -112.080709 41.15238
    -112.078941 41.152409
    -112.078152 41.152422
    -112.077078 41.15244
    -112.075739 41.152424
    -112.073089 41.152385
    -112.07209 41.15237
    -112.064451 41.152254
    -112.063675 41.152243
    -112.061476 41.152343
    -112.060176 41.152343
    -112.059636 41.152343
    -112.054823 41.152344
    -112.054271 41.152343
    -112.052335 41.152418
    -112.051676 41.152443
    -112.051228 41.152444
    -112.049487 41.152444
    -112.048513 41.152444
    -112.047559 41.152443
    -112.047517 41.152443
    -112.046749 41.152444
    -112.046573 41.152444
    -112.045861 41.152444
    -112.045375 41.152443
    -112.045223 41.152443
    -112.044226 41.152443
    -112.043975 41.152443
    -112.04322 41.152374
    -112.042875 41.152343
    -112.04126 41.15241
    -112.040475 41.152443
    -112.040095 41.152455
    -112.039659 41.152481
    -112.038675 41.152543
    -112.038618 41.152543
    -112.037447 41.152543
    -112.037259 41.152544
    -112.036992 41.152544
    -112.036875 41.152544
    -112.035114 41.152544
    -112.034175 41.152544
    -112.033475 41.152644
    -112.033387 41.152631
    -112.033369 41.152628
    -112.033359 41.152626
    -112.032774 41.152543
    -112.032393 41.152544
    -112.032364 41.152544
    -112.032276 41.152544
    -112.031775 41.152444
    -112.031389 41.152412
    -112.030575 41.152344
    -112.030225 41.152385
    -112.029678 41.152447
    -112.028375 41.152444
    -112.027575 41.152344
    -112.026875 41.152344
    -112.026022 41.152348
    -112.025463 41.152346
    -112.025139 41.152345
    -112.024854 41.152345
    -112.024675 41.152345
    -112.024492 41.152371
    -112.02424 41.152407
    -112.024237 41.152408
    -112.024114 41.152424
    -112.023975 41.152444
    -112.023963 41.152444
    -112.023275 41.152444
    -112.02238 41.152477
    -112.021651 41.152508
    -112.021116 41.152524
    -112.020577 41.152547
    -112.019751 41.152544
    -112.019619 41.152552
    -112.018216 41.152633
    -112.016336 41.152743
    -112.015052 41.152817
    -112.014337 41.152858
    -112.013579 41.152901
    -112.012497 41.152963
    -112.012471 41.152965
    -112.009271 41.153149
    -112.006778 41.15327
    -112.004999 41.153345
    -112.002675 41.153444
    -112.00089 41.153561
    -112.000137 41.15361
    -111.999697 41.153641
    -111.999688 41.153642
    -111.999664 41.153642
    -111.999175 41.153644
    -111.99442 41.153565
    -111.994353 41.153564
    -111.993613 41.153552
    -111.993176 41.153545
    -111.992946 41.153551
    -111.989628 41.153632
    -111.98961 41.153632
    -111.989609 41.153632
    -111.98841 41.153643
    -111.988275 41.153644
    -111.984405 41.153531
    -111.982555 41.153477
    -111.982495 41.153475
    -111.978177 41.153349
    -111.97797 41.153345
    -111.977346 41.153269
    -111.973833 41.152836
    -111.973366 41.152801
    -111.972903 41.152767
    -111.971975 41.152372
    -111.971636 41.152272
    -111.97084 41.152219
    -111.969933 41.152211
    -111.969173 41.152196
    -111.968897 41.152108
    -111.96889 41.152106
    -111.968683 41.152045
    -111.968227 41.151814
    -111.96792 41.151659
    -111.967379 41.15128
    -111.966589 41.150994
    -111.965328 41.150784
    -111.964946 41.150707
    -111.964663 41.150589
    -111.964403 41.150395
    -111.964174 41.150259
    -111.963282 41.149975
    -111.962606 41.149776
    -111.961819 41.149578
    -111.961032 41.149343
    -111.960799 41.149219
    -111.960614 41.149033
    -111.960576 41.14895
    -111.960502 41.14879
    -111.960345 41.148443
    -111.960255 41.147972
    -111.96019 41.147813
    -111.960127 41.147661
    -111.960026 41.147473
    -111.959911 41.147335
    -111.959844 41.147255
    -111.959764 41.147158
    -111.959741 41.147142
    -111.959717 41.147126
    -111.959237 41.146797
    -111.958262 41.146399
    -111.957798 41.146192
    -111.957404 41.14584
    -111.957401 41.145837
    -111.957079 41.145327
    -111.956839 41.14469
    -111.956836 41.144598
    -111.956825 41.144348
    -111.956815 41.144126
    -111.956811 41.144023
    -111.956731 41.143835
    -111.956714 41.143802
    -111.95646 41.143301
    -111.956405 41.143191
    -111.956245 41.143048
    -111.955982 41.142846
    -111.955693 41.142667
    -111.953889 41.141549
    -111.953698 41.141394
    -111.953696 41.141393
    -111.953419 41.141168
    -111.953133 41.140559
    -111.952853 41.140104
    -111.95212 41.139417
    -111.952121 41.139417
    -111.952097 41.139394
    -111.951691 41.139231
    -111.951277 41.139161
    -111.95096 41.139164
    -111.950634 41.139239
    -111.950281 41.13938
    -111.950219 41.139408
    -111.949842 41.13958
    -111.949469 41.139692
    -111.949057 41.13971
    -111.949056 41.13971
    -111.948855 41.139719
    -111.948368 41.139534
    -111.948134 41.139311
    -111.948002 41.138782
    -111.947841 41.138319
    -111.947423 41.137952
    -111.94715 41.137685
    -111.94664 41.137544
    -111.946211 41.137621
    -111.945404 41.137787
    -111.94504 41.137812
    -111.944462 41.137715
    -111.944149 41.13769
    -111.943559 41.137642
    -111.94294 41.137662
    -111.941934 41.137808
    -111.93986 41.137847
    -111.939516 41.137894
    -111.939515 41.137894
    -111.938902 41.137978
    -111.938372 41.138186
    -111.937562 41.138613
    -111.937155 41.1388
    -111.936884 41.138924
    -111.935821 41.139077
    -111.935225 41.139082
    -111.934695 41.138949
    -111.934386 41.138784
    -111.93385 41.138415
    -111.933699 41.138148
    -111.933697 41.138145
    -111.933525 41.13784
    -111.93313 41.137382
    -111.932272 41.137179
    -111.931807 41.137201
    -111.931271 41.137325
    -111.93101 41.137505
    -111.930514 41.137936
    -111.930017 41.138283
    -111.930014 41.138285
    -111.929721 41.13849
    -111.929024 41.138706
    -111.928085 41.138814
    -111.92696 41.139118
    -111.926466 41.139148
    -111.926026 41.139104
    -111.92553 41.138966
    -111.925089 41.138848
    -111.924665 41.138889
    -111.924242 41.139061
    -111.923784 41.139165
    -111.923758 41.139167
    -111.923496 41.139189
    -111.923274 41.139177
    -111.923015 41.139149
    -111.92275 41.139106
    -111.922213 41.138953
    -111.921549 41.138801
    -111.921317 41.138736
    -111.921313 41.138734
    -111.921313 41.138735
    -111.920999 41.138647
    -111.920948 41.138633
    -111.920822 41.138554
    -111.92073 41.138496
    -111.920465 41.13833
    -111.920308 41.138208
    -111.920115 41.138059
    -111.919879 41.137759
    -111.919879 41.137758
    -111.91988 41.137757
    -111.919794 41.13765
    -111.919252 41.137012
    -111.919176 41.136922
    -111.919111 41.136846
    -111.919098 41.13683
    -111.918604 41.136248
    -111.918334 41.136024
    -111.91795 41.13578
    -111.917532 41.135667
    -111.915364 41.135269
    -111.914029 41.135024
    -111.912838 41.134759
    -111.912481 41.134745
    -111.912352 41.13474
    -111.912269 41.134736
    -111.912195 41.134733
    -111.912142 41.134731
    -111.911336 41.134697
    -111.910838 41.134763
    -111.910458 41.134766
    -111.910121 41.134686
    -111.909889 41.134571
    -111.90931 41.134614
    -111.908583 41.134801
    -111.907979 41.135227
    -111.907254 41.13559
    -111.906914 41.135737
    -111.906774 41.135798
    -111.905764 41.135874
    -111.904916 41.136016
    -111.904435 41.136125
    -111.904291 41.136158
    -111.904038 41.136227
    -111.903598 41.136318
    -111.903215 41.136359
    -111.903082 41.136345
    -111.90253 41.136289
    -111.902529 41.136289
    -111.901934 41.136346
    -111.901379 41.136376
    -111.900824 41.136183
    -111.899833 41.135929
    -111.89906 41.135779
    -111.898367 41.1356
    -111.897415 41.135511
    -111.896068 41.135675
    -111.895196 41.135869
    -111.894663 41.136009
    -111.894278 41.136161
    -111.893759 41.136375
    -111.893441 41.136476
    -111.893006 41.136577
    -111.89222 41.136753
    -111.8914 41.136955
    -111.889945 41.137351
    -111.888596 41.137727
    -111.887967 41.137777
    -111.88744 41.137691
    -111.886139 41.137462
    -111.885883 41.137411
    -111.885622 41.137574
    -111.885529 41.137541
    -111.885325 41.137501
    -111.88529 41.137471
    -111.885043 41.137403
    -111.88502 41.137397
    -111.884284 41.137266
    -111.883261 41.137236
    -111.882681 41.137249
    -111.88173 41.13734
    -111.881533 41.137364
    -111.88135 41.137414
    -111.881083 41.137463
    -111.880793 41.137502
    -111.880526 41.137517
    -111.880183 41.137559
    -111.879572 41.137623
    -111.879206 41.137601
    -111.878916 41.137551
    -111.878626 41.137479
    -111.878306 41.137406
    -111.877993 41.137387
    -111.877665 41.137403
    -111.877314 41.137448
    -111.877023 41.137343
    -111.876662 41.137617
    -111.876574 41.137643
    -111.8762 41.137811
    -111.875773 41.137966
    -111.874994 41.138196
    -111.874315 41.138318
    -111.873583 41.138314
    -111.87269 41.138207
    -111.872454 41.138169
    -111.87163 41.138062
    -111.870943 41.138024
    -111.870455 41.138089
    -111.870119 41.138154
    -111.869722 41.138165
    -111.869021 41.138207
    -111.868456 41.138192
    -111.867586 41.138097
    -111.866869 41.13807
    -111.865862 41.137986
    -111.865496 41.137929
    -111.865076 41.137852
    -111.864504 41.137684
    -111.864213 41.137615
    -111.863802 41.137517
    -111.862894 41.13744
    -111.861795 41.13749
    -111.861185 41.137574
    -111.86075 41.137738
    -111.860476 41.137917
    -111.860466 41.138014
    -111.860459 41.138086
    -111.860445 41.138218
    -111.860448 41.138232
    -111.86054 41.138629
    -111.860702 41.139335
    -111.860702 41.139544
    -111.860505 41.139743
    -111.860131 41.139827
    -111.859658 41.13974
    -111.859315 41.139563
    -111.858979 41.139258
    -111.85872 41.138945
    -111.858429 41.138721
    -111.858139 41.138679
    -111.857307 41.138835
    -111.856305 41.139118
    -111.856283 41.139025
    -111.856254 41.138968
    -111.856248 41.138955
    -111.856206 41.138872
    -111.856152 41.138771
    -111.856069 41.138611
    -111.856057 41.138589
    -111.856019 41.138518
    -111.855897 41.138192
    -111.856232 41.137947
    -111.856873 41.137697
    -111.857278 41.13725
    -111.857139 41.137124
    -111.856856 41.136869
    -111.856277 41.136626
    -111.855756 41.1366
    -111.855285 41.136436
    -111.854919 41.136247
    -111.854717 41.136225
    -111.854205 41.136143
    -111.853574 41.135957
    -111.852965 41.135819
    -111.852235 41.135465
    -111.851442 41.135144
    -111.851129 41.13493
    -111.850809 41.134861
    -111.850379 41.134649
    -111.84985 41.134268
    -111.849474 41.134055
    -111.849271 41.133937
    -111.849065 41.133818
    -111.848838 41.13362
    -111.848832 41.13333
    -111.848654 41.132921
    -111.848443 41.132472
    -111.847946 41.131552
    -111.847539 41.13092
    -111.847296 41.130464
    -111.847054 41.130072
    -111.846845 41.129679
    -111.846563 41.129449
    -111.84641 41.129217
    -111.846328 41.128848
    -111.846417 41.128516
    -111.846681 41.127925
    -111.846767 41.127441
    -111.846832 41.126957
    -111.846671 41.12637
    -111.846506 41.126082
    -111.846266 41.125803
    -111.845557 41.124943
    -111.845243 41.124428
    -111.844948 41.124119
    -111.844762 41.123497
    -111.84474 41.122585
    -111.844617 41.122084
    -111.844505 41.121631
    -111.844842 41.121044
    -111.845712 41.120485
    -111.846133 41.120027
    -111.84614 41.119349
    -111.846658 41.11878
    -111.847257 41.118598
    -111.847974 41.118296
    -111.848342 41.117789
    -111.848874 41.116905
    -111.849275 41.11631
    -111.849109 41.11593
    -111.849165 41.115599
    -111.849668 41.115449
    -111.850384 41.115276
    -111.850949 41.115231
    -111.851539 41.114888
    -111.852297 41.114804
    -111.853182 41.114704
    -111.853867 41.114474
    -111.854547 41.113688
    -111.854886 41.112859
    -111.855551 41.112491
    -111.856152 41.112116
    -111.85585 41.111468
    -111.855549 41.110692
    -111.854861 41.11026
    -111.854112 41.109569
    -111.854009 41.109254
    -111.853959 41.108899
    -111.853728 41.108631
    -111.853882 41.108196
    -111.854367 41.10765
    -111.855396 41.106091
    -111.855775 41.105299
    -111.856127 41.104562
    -111.85642 41.103039
    -111.856269 41.102247
    -111.855945 41.101648
    -111.855023 41.100238
    -111.854497 41.099541
    -111.853726 41.098947
    -111.853273 41.098476
    -111.852617 41.09802
    -111.851589 41.097545
    -111.851497 41.097238
    -111.851598 41.097149
    -111.85211 41.096693
    -111.852789 41.095915
    -111.853673 41.094968
    -111.854245 41.094334
    -111.85481 41.093337
    -111.855053 41.092555
    -111.854973 41.092046
    -111.854581 41.091858
    -111.854329 41.091502
    -111.854291 41.091033
    -111.85401 41.090443
    -111.853663 41.090045
    -111.853368 41.089736
    -111.853116 41.08938
    -111.852524 41.088957
    -111.85155 41.088426
    -111.851419 41.08835
    -111.850894 41.088043
    -111.850735 41.087969
    -111.851029 41.087349
    -111.851315 41.086528
    -111.851377 41.085713
    -111.851379 41.085528
    -111.851446 41.085197
    -111.851439 41.084931
    -111.851413 41.084334
    -111.851858 41.083642
    -111.85197 41.08307
    -111.851891 41.082488
    -111.851321 41.082001
    -111.850994 41.081789
    -111.850751 41.081513
    -111.850737 41.080827
    -111.850745 41.080623
    -111.85078 41.079762
    -111.8506 41.078679
    -111.850332 41.077903
    -111.849932 41.077449
    -111.849328 41.07717
    -111.849098 41.076814
    -111.848784 41.076231
    -111.848468 41.075963
    -111.848226 41.075679
    -111.848296 41.075114
    -111.849099 41.073755
    -111.849448 41.073007
    -111.849613 41.072548
    -111.849879 41.072127
    -111.850105 41.071763
    -111.850557 41.070964
    -111.85092 41.069653
    -111.850967 41.069482
    -111.851456 41.068565
    -111.851856 41.068051
    -111.852102 41.067875
    -111.852094 41.067681
    -111.851735 41.067348
    -111.851596 41.066443
    -111.851436 41.066199
    -111.851318 41.066018
    -111.850779 41.065195
    -111.849929 41.064012
    -111.849261 41.062846
    -111.848925 41.062425
    -111.848312 41.061961
    -111.847741 41.06163
    -111.847635 41.061569
    -111.846952 41.061375
    -111.846648 41.061289
    -111.846085 41.061164
    -111.845739 41.060654
    -111.845224 41.059981
    -111.844889 41.059827
    -111.844705 41.059743
    -111.844305 41.059362
    -111.844427 41.058862
    -111.844721 41.058291
    -111.844545 41.057814
    -111.844499 41.057216
    -111.844588 41.056886
    -111.844464 41.056538
    -111.844114 41.056358
    -111.844054 41.056238
    -111.843958 41.056043
    -111.843899 41.055542
    -111.843937 41.054977
    -111.843886 41.054702
    -111.843976 41.054348
    -111.844159 41.054099
    -111.844091 41.053493
    -111.844072 41.052347
    -111.844005 41.051628
    -111.843852 41.051095
    -111.844027 41.050604
    -111.844138 41.050241
    -111.843803 41.049674
    -111.842807 41.048312
    -111.841947 41.047129
    -111.841274 41.046342
    -111.840972 41.045734
    -111.8397 41.045307
    -111.839034 41.044931
    -111.838686 41.044655
    -111.838574 41.044202
    -111.838424 41.043289
    -111.838375 41.04291
    -111.838334 41.042764
    -111.838543 41.042176
    -111.8387 41.041957
    -111.838736 41.041903
    -111.838956 41.041404
    -111.839023 41.041098
    -111.839324 41.040809
    -111.839443 41.040649
    -111.839466 41.040552
    -111.83935 41.040446
    -111.837942 41.040201
    -111.837565 41.040128
    -111.837258 41.039949
    -111.836424 41.039314
    -111.835888 41.038754
    -111.835277 41.038161
    -111.834771 41.037657
    -111.834316 41.037461
    -111.833752 41.037409
    -111.833616 41.03723
    -111.833468 41.037124
    -111.833469 41.037036
    -111.833637 41.036993
END
END
