49021 Iron County
1
    -113.256103 38.14871
    -113.255561 38.14871
    -113.25079 38.148716
    -113.242241 38.148696
    -113.240618 38.148691
    -113.235355 38.14868
    -113.227748 38.148662
    -113.222196 38.148648
    -113.207298 38.148612
    -113.207199 38.148612
    -113.192055 38.148576
    -113.186511 38.148563
    -113.185601 38.148561
    -113.171581 38.148528
    -113.166188 38.148513
    -113.163856 38.148507
    -113.159995 38.148499
    -113.159903 38.1485
    -113.159827 38.148499
    -113.149088 38.148474
    -113.145791 38.148466
    -113.143165 38.14846
    -113.143059 38.148459
    -113.141103 38.14844
    -113.140975 38.148439
    -113.14091 38.148438
    -113.140662 38.148438
    -113.140383 38.148438
    -113.140269 38.148438
    -113.12579 38.148244
    -113.10847 38.148382
    -113.108361 38.148383
    -113.098423 38.148364
    -113.089783 38.148347
    -113.08701 38.148341
    -113.086609 38.148339
    -113.082685 38.148332
    -113.08261 38.148331
    -113.080557 38.148327
    -113.080394 38.148327
    -113.071208 38.148309
    -113.071139 38.148309
    -113.069311 38.148305
    -113.06362 38.148293
    -113.061724 38.14829
    -113.06171 38.14829
    -113.061668 38.14829
    -113.061655 38.14829
    -113.061586 38.14829
    -113.061359 38.14829
    -113.061161 38.148289
    -113.058278 38.148283
    -113.058136 38.148283
    -113.057014 38.148278
    -113.05645 38.148278
    -113.051804 38.148263
    -113.041939 38.148245
    -113.040245 38.148242
    -113.039679 38.148241
    -113.037047 38.148236
    -113.036978 38.148236
    -113.031066 38.148225
    -113.030979 38.148225
    -113.029294 38.148221
    -113.023982 38.148211
    -113.022211 38.148208
    -113.022053 38.148208
    -113.012541 38.14819
    -113.012506 38.14819
    -113.00799 38.148183
    -113.007965 38.148182
    -113.001854 38.148172
    -113.000786 38.148433
    -112.994995 38.148416
    -112.988103 38.148395
    -112.987938 38.148394
    -112.986355 38.148389
    -112.986207 38.148389
    -112.980474 38.148369
    -112.980146 38.148368
    -112.972723 38.148346
    -112.972484 38.148345
    -112.960061 38.148308
    -112.959828 38.148308
    -112.959347 38.148306
    -112.959175 38.148305
    -112.954038 38.14829
    -112.945778 38.148266
    -112.945515 38.148266
    -112.940431 38.14826
    -112.936195 38.148256
    -112.930574 38.14825
    -112.925179 38.148244
    -112.920461 38.148239
    -112.920096 38.148238
    -112.916676 38.148224
    -112.911509 38.148204
    -112.907594 38.148188
    -112.906417 38.148183
    -112.903184 38.148171
    -112.902998 38.14817
    -112.902131 38.148166
    -112.899868 38.148157
    -112.899538 38.148156
    -112.898673 38.148153
    -112.89867 38.148153
    -112.896857 38.148146
    -112.896739 38.148145
    -112.896607 38.148145
    -112.890938 38.148122
    -112.889197 38.148115
    -112.889005 38.148128
    -112.875781 38.149045
    -112.871192 38.149207
    -112.870821 38.14922
    -112.870428 38.149231
    -112.870389 38.149231
    -112.843204 38.149026
    -112.842751 38.149029
    -112.84081 38.14904
    -112.834987 38.149074
    -112.833651 38.149083
    -112.833047 38.149077
    -112.821893 38.148962
    -112.815952 38.1489
    -112.815838 38.148898
    -112.806935 38.148808
    -112.796791 38.148705
    -112.788434 38.148619
    -112.777777 38.14851
    -112.777281 38.148505
    -112.774697 38.148484
    -112.767882 38.148427
    -112.764327 38.148398
    -112.76335 38.148391
    -112.758894 38.148386
    -112.758623 38.148383
    -112.757102 38.148364
    -112.750865 38.148286
    -112.750777 38.14826
    -112.748703 38.14815
    -112.747851 38.148105
    -112.74221 38.147804
    -112.740178 38.147696
    -112.740047 38.147699
    -112.737106 38.147708
    -112.72829 38.147741
    -112.725353 38.147753
    -112.725167 38.147753
    -112.724612 38.147754
    -112.724541 38.147755
    -112.724428 38.147755
    -112.724378 38.147756
    -112.724358 38.147755
    -112.724252 38.147756
    -112.717956 38.147778
    -112.715732 38.147787
    -112.715586 38.147787
    -112.700942 38.14784
    -112.698542 38.147849
    -112.692071 38.147873
    -112.686014 38.147894
    -112.685819 38.147895
    -112.685725 38.147894
    -112.625772 38.147919
    -112.623449 38.147966
    -112.616483 38.148107
    -112.614754 38.148143
    -112.614161 38.148155
    -112.614084 38.148156
    -112.611745 38.148138
    -112.611406 38.148135
    -112.610695 38.148129
    -112.609603 38.148121
    -112.607977 38.148109
    -112.604084 38.148115
    -112.599664 38.148123
    -112.592408 38.148135
    -112.588925 38.148142
    -112.588686 38.148142
    -112.588517 38.14814
    -112.588435 38.148139
    -112.587702 38.148132
    -112.585923 38.148128
    -112.573609 38.14799
    -112.572308 38.148008
    -112.571901 38.148003
    -112.557123 38.147845
    -112.556811 38.147842
    -112.5317 38.147572
    -112.528645 38.147539
    -112.528401 38.147537
    -112.528309 38.147536
    -112.519492 38.14744
    -112.516995 38.147414
    -112.516452 38.147407
    -112.516442 38.147407
    -112.51633 38.147404
    -112.516162 38.147404
    -112.515994 38.147401
    -112.515883 38.147401
    -112.512701 38.147363
    -112.504913 38.147273
    -112.503158 38.147252
    -112.500767 38.147224
    -112.500267 38.147234
    -112.499978 38.147235
    -112.499925 38.147234
    -112.499769 38.147233
    -112.499728 38.147233
    -112.499717 38.147234
    -112.49551 38.147253
    -112.482887 38.147313
    -112.478682 38.147334
    -112.478674 38.145296
    -112.478655 38.139184
    -112.478649 38.137147
    -112.478648 38.13699
    -112.478647 38.136762
    -112.478646 38.136521
    -112.478647 38.136366
    -112.478646 38.136114
    -112.478637 38.133192
    -112.478612 38.124973
    -112.478615 38.123673
    -112.478625 38.120687
    -112.478628 38.1205
    -112.478667 38.118062
    -112.478785 38.11075
    -112.478821 38.108533
    -112.47882 38.108313
    -112.478802 38.104183
    -112.478752 38.091906
    -112.478751 38.091793
    -112.478734 38.087664
    -112.478733 38.087609
    -112.478732 38.087444
    -112.478732 38.087391
    -112.478732 38.08739
    -112.478731 38.086915
    -112.47873 38.08549
    -112.47873 38.085016
    -112.47873 38.084955
    -112.47873 38.084773
    -112.47873 38.084713
    -112.478729 38.08453
    -112.478724 38.077762
    -112.478708 38.056911
    -112.478703 38.049961
    -112.478703 38.049726
    -112.478702 38.049002
    -112.478701 38.047192
    -112.4787 38.047137
    -112.4787 38.046126
    -112.4787 38.045535
    -112.4787 38.045529
    -112.4787 38.045168
    -112.478697 38.042694
    -112.478696 38.041553
    -112.478696 38.040432
    -112.478693 38.035194
    -112.478686 38.026225
    -112.47869 38.02122
    -112.478683 38.021223
    -112.478682 38.021081
    -112.478677 38.017072
    -112.478676 38.015744
    -112.478674 38.014769
    -112.478674 38.014715
    -112.478673 38.013438
    -112.478672 38.013346
    -112.47866 38.003821
    -112.478656 37.999974
    -112.478672 37.999404
    -112.478741 37.996935
    -112.478886 37.991776
    -112.478898 37.989527
    -112.478912 37.987085
    -112.478912 37.987058
    -112.478912 37.987025
    -112.478912 37.986929
    -112.478913 37.986897
    -112.478915 37.986495
    -112.47895 37.980158
    -112.478965 37.977677
    -112.47773 37.977675
    -112.470545 37.977664
    -112.466966 37.977659
    -112.466957 37.971922
    -112.466947 37.965183
    -112.466946 37.965077
    -112.466945 37.964779
    -112.466945 37.96476
    -112.466945 37.964655
    -112.466944 37.96447
    -112.466944 37.963917
    -112.466944 37.963733
    -112.466941 37.961966
    -112.466936 37.956918
    -112.46694 37.956665
    -112.466973 37.954899
    -112.466974 37.954831
    -112.467009 37.952937
    -112.467118 37.947053
    -112.467153 37.945213
    -112.467156 37.945092
    -112.467175 37.944195
    -112.467233 37.941505
    -112.467252 37.940669
    -112.467253 37.940609
    -112.467255 37.940443
    -112.467277 37.939266
    -112.467351 37.935238
    -112.467371 37.934199
    -112.467377 37.933896
    -112.467404 37.932414
    -112.467485 37.92797
    -112.467513 37.926489
    -112.467545 37.924713
    -112.467643 37.919386
    -112.467668 37.917995
    -112.467676 37.917611
    -112.467676 37.917598
    -112.467701 37.916203
    -112.467778 37.911979
    -112.467786 37.911553
    -112.467804 37.910621
    -112.467805 37.910572
    -112.467853 37.907969
    -112.467997 37.90016
    -112.468041 37.897795
    -112.468023 37.897558
    -112.468018 37.897498
    -112.468014 37.897433
    -112.468016 37.897318
    -112.468018 37.897258
    -112.468107 37.893442
    -112.46817 37.890723
    -112.468177 37.890464
    -112.470667 37.890447
    -112.473448 37.890428
    -112.473732 37.890426
    -112.488021 37.890426
    -112.49982 37.890403
    -112.500204 37.890386
    -112.500804 37.890401
    -112.500961 37.890401
    -112.507813 37.890402
    -112.508123 37.890402
    -112.509581 37.890402
    -112.514886 37.890403
    -112.516655 37.890404
    -112.51864 37.890404
    -112.524598 37.890405
    -112.526365 37.890406
    -112.526584 37.890406
    -112.528513 37.890406
    -112.533868 37.890408
    -112.534302 37.890408
    -112.536161 37.890409
    -112.536232 37.890409
    -112.537063 37.890409
    -112.539555 37.890409
    -112.540099 37.89041
    -112.540279 37.89041
    -112.540387 37.89041
    -112.546 37.890411
    -112.558079 37.890414
    -112.56284 37.890415
    -112.568454 37.890417
    -112.569555 37.890418
    -112.574054 37.890419
    -112.588402 37.890423
    -112.588421 37.887967
    -112.588463 37.882861
    -112.588467 37.882367
    -112.588467 37.882338
    -112.588467 37.882311
    -112.588468 37.882273
    -112.588468 37.882208
    -112.588403 37.882207
    -112.588347 37.882207
    -112.588225 37.882206
    -112.587893 37.882204
    -112.578397 37.882147
    -112.578408 37.880385
    -112.578443 37.874975
    -112.578419 37.874039
    -112.578417 37.873983
    -112.578313 37.870982
    -112.578347 37.87055
    -112.578368 37.870301
    -112.578371 37.870261
    -112.578426 37.868642
    -112.578426 37.868587
    -112.578426 37.868426
    -112.578427 37.868372
    -112.578428 37.867835
    -112.578429 37.867207
    -112.578436 37.863712
    -112.578436 37.863709
    -112.578439 37.862548
    -112.578439 37.862451
    -112.578439 37.862329
    -112.578439 37.862163
    -112.57844 37.861941
    -112.578445 37.859074
    -112.578446 37.858637
    -112.578448 37.858141
    -112.578449 37.857302
    -112.578455 37.853863
    -112.578462 37.85063
    -112.578471 37.846001
    -112.57848 37.841032
    -112.578488 37.836755
    -112.578488 37.836713
    -112.578488 37.836691
    -112.578488 37.836553
    -112.578495 37.832754
    -112.578505 37.827578
    -112.578518 37.820754
    -112.578526 37.816754
    -112.578526 37.81613
    -112.57853 37.81426
    -112.578532 37.813637
    -112.57855 37.80454
    -112.58207 37.804664
    -112.582218 37.80467
    -112.582419 37.804677
    -112.598709 37.805258
    -112.604903 37.805479
    -112.607858 37.805585
    -112.608172 37.805595
    -112.612315 37.805729
    -112.616328 37.805859
    -112.624746 37.806132
    -112.62577 37.806166
    -112.62889 37.806258
    -112.62904 37.806262
    -112.63233 37.806362
    -112.633166 37.806388
    -112.639731 37.806594
    -112.643394 37.806701
    -112.656296 37.80622
    -112.656434 37.806215
    -112.672006 37.805653
    -112.672045 37.805652
    -112.672238 37.805653
    -112.673595 37.805665
    -112.678364 37.80571
    -112.679954 37.805726
    -112.680313 37.805729
    -112.681393 37.805739
    -112.681634 37.805742
    -112.681753 37.805743
    -112.685765 37.805781
    -112.689222 37.805814
    -112.689209 37.800297
    -112.689201 37.797231
    -112.689192 37.793218
    -112.68919 37.79249
    -112.689186 37.790307
    -112.689185 37.78958
    -112.689181 37.787752
    -112.689172 37.783983
    -112.689169 37.782271
    -112.689166 37.780582
    -112.689166 37.780444
    -112.689165 37.780333
    -112.689165 37.780084
    -112.689168 37.780001
    -112.689174 37.779891
    -112.689184 37.779665
    -112.689198 37.779396
    -112.689198 37.778987
    -112.689198 37.778762
    -112.689197 37.778457
    -112.689197 37.777542
    -112.689197 37.777238
    -112.689196 37.776782
    -112.689195 37.775417
    -112.689195 37.774962
    -112.689192 37.77267
    -112.689192 37.771577
    -112.689187 37.765794
    -112.689186 37.763502
    -112.689185 37.76218
    -112.689182 37.758216
    -112.689181 37.756895
    -112.68918 37.756539
    -112.68918 37.755472
    -112.68918 37.755117
    -112.689176 37.749977
    -112.689172 37.749764
    -112.689112 37.745975
    -112.68908 37.743875
    -112.689023 37.740241
    -112.688976 37.73371
    -112.688965 37.73205
    -112.688965 37.728358
    -112.688965 37.727925
    -112.688965 37.726626
    -112.688966 37.726194
    -112.688967 37.723641
    -112.688974 37.721694
    -112.688991 37.717215
    -112.686029 37.7174
    -112.686073 37.71135
    -112.686074 37.711232
    -112.68605 37.707661
    -112.686045 37.706852
    -112.686036 37.705423
    -112.686026 37.703638
    -112.685973 37.701137
    -112.685943 37.699709
    -112.685922 37.698697
    -112.685859 37.695663
    -112.685856 37.69547
    -112.685854 37.694652
    -112.685853 37.69439
    -112.685851 37.693607
    -112.685851 37.693399
    -112.68585 37.693346
    -112.685815 37.691464
    -112.685811 37.691221
    -112.685769 37.689891
    -112.685677 37.688964
    -112.685666 37.687335
    -112.685671 37.687106
    -112.685678 37.686788
    -112.685685 37.68647
    -112.685687 37.686381
    -112.685689 37.686292
    -112.685699 37.685825
    -112.685735 37.684147
    -112.68574 37.683944
    -112.685802 37.681079
    -112.685853 37.679176
    -112.685876 37.678333
    -112.686038 37.672379
    -112.686097 37.67034
    -112.686129 37.668855
    -112.686184 37.666357
    -112.686251 37.661835
    -112.686307 37.661506
    -112.686372 37.661133
    -112.686412 37.660359
    -112.686351 37.659851
    -112.686258 37.657618
    -112.686175 37.655909
    -112.686152 37.655443
    -112.686084 37.654045
    -112.686062 37.653579
    -112.686056 37.653452
    -112.686016 37.652635
    -112.685879 37.649806
    -112.685865 37.649507
    -112.685832 37.648864
    -112.68577 37.64763
    -112.685679 37.645806
    -112.685612 37.643929
    -112.685568 37.642695
    -112.685523 37.641447
    -112.685513 37.641138
    -112.685484 37.639845
    -112.685461 37.638848
    -112.68543 37.637702
    -112.685398 37.636454
    -112.685383 37.635897
    -112.685356 37.634809
    -112.685321 37.634227
    -112.685289 37.633671
    -112.685254 37.633077
    -112.685212 37.632358
    -112.6842 37.632028
    -112.683635 37.631845
    -112.6836 37.631834
    -112.683607 37.62852
    -112.68361 37.6268
    -112.683613 37.625001
    -112.683583 37.621977
    -112.683541 37.617619
    -112.683527 37.614842
    -112.683504 37.60942
    -112.683446 37.596906
    -112.683444 37.596557
    -112.683395 37.586163
    -112.683246 37.553935
    -112.683197 37.543193
    -112.68949 37.54322
    -112.708368 37.543302
    -112.713066 37.543323
    -112.714569 37.54333
    -112.716074 37.543315
    -112.721603 37.543252
    -112.727857 37.543181
    -112.743479 37.543003
    -112.750772 37.54292
    -112.754451 37.542895
    -112.765492 37.542823
    -112.769172 37.542799
    -112.769228 37.5428
    -112.769284 37.5428
    -112.769623 37.542802
    -112.769736 37.542803
    -112.772658 37.54282
    -112.781424 37.542874
    -112.783993 37.54289
    -112.784555 37.542893
    -112.784774 37.542895
    -112.796052 37.542963
    -112.797014 37.542967
    -112.798396 37.54298
    -112.8052 37.543018
    -112.806952 37.543029
    -112.809529 37.543044
    -112.813777 37.54307
    -112.819685 37.543106
    -112.821324 37.543115
    -112.833387 37.543189
    -112.842199 37.543243
    -112.842565 37.543245
    -112.843527 37.543252
    -112.843666 37.543252
    -112.844034 37.543254
    -112.851318 37.543275
    -112.856763 37.543291
    -112.86308 37.543309
    -112.864179 37.543312
    -112.865167 37.543315
    -112.872549 37.543337
    -112.873171 37.543338
    -112.875776 37.543346
    -112.880455 37.543256
    -112.881462 37.543238
    -112.884488 37.543187
    -112.885123 37.543177
    -112.885498 37.543184
    -112.88694 37.543205
    -112.888216 37.543224
    -112.888924 37.543236
    -112.89638 37.54335
    -112.898998 37.543391
    -112.899103 37.543393
    -112.901174 37.543398
    -112.901222 37.53944
    -112.901225 37.539145
    -112.901305 37.532503
    -112.901462 37.519654
    -112.901466 37.519337
    -112.901379 37.515931
    -112.901098 37.504766
    -112.901062 37.503348
    -112.901004 37.501045
    -112.900998 37.500831
    -112.900994 37.500673
    -112.900993 37.500191
    -112.900993 37.499978
    -112.900993 37.499929
    -112.900993 37.499786
    -112.900994 37.499738
    -112.902981 37.499737
    -112.908945 37.499737
    -112.910933 37.499737
    -112.912104 37.499737
    -112.912236 37.499737
    -112.912368 37.499737
    -112.913577 37.499736
    -112.92151 37.499735
    -112.924155 37.499735
    -112.925955 37.499735
    -112.928015 37.499735
    -112.931356 37.499734
    -112.933157 37.499734
    -112.940706 37.499733
    -112.948371 37.499733
    -112.960667 37.499731
    -112.986082 37.499728
    -112.986659 37.499728
    -112.98839 37.499728
    -112.988967 37.499728
    -112.990941 37.499727
    -112.996865 37.499727
    -112.99884 37.499727
    -113.00078 37.499725
    -113.002253 37.499678
    -113.012492 37.499353
    -113.015588 37.499255
    -113.015906 37.499245
    -113.018088 37.499175
    -113.024634 37.498968
    -113.026673 37.498904
    -113.026817 37.498899
    -113.028248 37.498853
    -113.032541 37.498717
    -113.033973 37.498672
    -113.035115 37.498635
    -113.03698 37.498577
    -113.036973 37.497012
    -113.036969 37.495869
    -113.036956 37.492854
    -113.036918 37.483809
    -113.036906 37.480795
    -113.036905 37.480757
    -113.036905 37.480642
    -113.036905 37.480605
    -113.036895 37.478249
    -113.03688 37.474578
    -113.040275 37.474585
    -113.042382 37.47459
    -113.042631 37.474591
    -113.042743 37.474591
    -113.043079 37.474591
    -113.043192 37.474592
    -113.04687 37.474592
    -113.057904 37.474592
    -113.061583 37.474592
    -113.062872 37.474593
    -113.063012 37.474593
    -113.063152 37.474593
    -113.064113 37.474593
    -113.071703 37.474597
    -113.074234 37.474599
    -113.076087 37.4746
    -113.081648 37.474603
    -113.083294 37.474604
    -113.083502 37.474604
    -113.084892 37.474604
    -113.087565 37.474606
    -113.089062 37.474607
    -113.090162 37.474608
    -113.090453 37.474608
    -113.093594 37.47461
    -113.099611 37.474615
    -113.103019 37.474616
    -113.106161 37.474617
    -113.107307 37.474617
    -113.110747 37.474619
    -113.111584 37.47462
    -113.111894 37.47462
    -113.112691 37.47462
    -113.115083 37.474621
    -113.115881 37.474622
    -113.115941 37.474622
    -113.121097 37.474513
    -113.125781 37.474415
    -113.136746 37.474279
    -113.140598 37.474232
    -113.141963 37.474195
    -113.142826 37.474171
    -113.145417 37.474102
    -113.146281 37.474079
    -113.146352 37.47508
    -113.146566 37.478085
    -113.146637 37.479078
    -113.146638 37.479087
    -113.146644 37.479166
    -113.146647 37.47944
    -113.146659 37.480502
    -113.146663 37.480856
    -113.153499 37.48089
    -113.17401 37.480995
    -113.180847 37.48103
    -113.183447 37.481048
    -113.191249 37.481103
    -113.192735 37.481114
    -113.193619 37.481117
    -113.19385 37.481118
    -113.194469 37.48112
    -113.196328 37.481128
    -113.196467 37.481129
    -113.196949 37.481131
    -113.197254 37.48113
    -113.198177 37.481135
    -113.198485 37.481137
    -113.200159 37.481143
    -113.205184 37.481164
    -113.206859 37.481171
    -113.209347 37.481181
    -113.216812 37.481213
    -113.216871 37.481214
    -113.216942 37.481214
    -113.216944 37.481265
    -113.216977 37.482094
    -113.218453 37.482017
    -113.218597 37.482009
    -113.218696 37.482009
    -113.219428 37.482014
    -113.219532 37.482015
    -113.219672 37.482016
    -113.219914 37.482017
    -113.220553 37.482022
    -113.220639 37.482022
    -113.220848 37.482024
    -113.220882 37.482024
    -113.220982 37.482023
    -113.221284 37.482023
    -113.221385 37.482023
    -113.222048 37.482026
    -113.224037 37.482036
    -113.224701 37.48204
    -113.225014 37.482029
    -113.228363 37.481914
    -113.228383 37.481914
    -113.229791 37.481919
    -113.231152 37.482077
    -113.23804 37.482123
    -113.239063 37.482129
    -113.242135 37.482149
    -113.243159 37.482156
    -113.243372 37.482157
    -113.244014 37.482162
    -113.244228 37.482164
    -113.246117 37.482176
    -113.250783 37.482208
    -113.251787 37.482219
    -113.253677 37.482241
    -113.25365 37.483441
    -113.25357 37.487045
    -113.253566 37.487261
    -113.253544 37.488246
    -113.253542 37.488301
    -113.253539 37.488467
    -113.253538 37.488523
    -113.253511 37.489747
    -113.253418 37.493935
    -113.253368 37.496176
    -113.253283 37.500037
    -113.253249 37.509247
    -113.253216 37.51914
    -113.253192 37.526796
    -113.253186 37.52816
    -113.253184 37.528879
    -113.25656 37.528887
    -113.257925 37.528891
    -113.2618 37.528904
    -113.273425 37.528944
    -113.277301 37.528958
    -113.279961 37.528966
    -113.287944 37.528992
    -113.290605 37.529001
    -113.292633 37.529008
    -113.29281 37.529008
    -113.299425 37.529029
    -113.301631 37.529037
    -113.302293 37.52904
    -113.304279 37.529049
    -113.304942 37.529053
    -113.309068 37.529062
    -113.309644 37.529063
    -113.309935 37.529064
    -113.311103 37.529068
    -113.323126 37.529106
    -113.323752 37.529107
    -113.328455 37.529123
    -113.328839 37.529124
    -113.329994 37.529128
    -113.330379 37.52913
    -113.330667 37.52913
    -113.331531 37.529133
    -113.33182 37.529134
    -113.331943 37.529134
    -113.332299 37.529136
    -113.332313 37.529136
    -113.332437 37.529136
    -113.337757 37.529153
    -113.35372 37.529205
    -113.359041 37.529223
    -113.363205 37.529236
    -113.3757 37.529277
    -113.375787 37.529278
    -113.379742 37.529278
    -113.379865 37.529278
    -113.380356 37.529278
    -113.388535 37.529278
    -113.390122 37.529278
    -113.404824 37.529229
    -113.409912 37.529212
    -113.415295 37.529193
    -113.416429 37.52919
    -113.41748 37.529186
    -113.419788 37.529178
    -113.42464 37.529213
    -113.425008 37.529215
    -113.425164 37.529217
    -113.434513 37.529285
    -113.436139 37.529297
    -113.437504 37.529306
    -113.438755 37.529315
    -113.442164 37.52934
    -113.442559 37.529343
    -113.445006 37.529361
    -113.447289 37.529378
    -113.452349 37.529303
    -113.454797 37.529267
    -113.460573 37.529181
    -113.464755 37.52912
    -113.474389 37.528978
    -113.474407 37.532492
    -113.474438 37.53827
    -113.474436 37.538517
    -113.474436 37.538562
    -113.474439 37.539261
    -113.474441 37.539509
    -113.474444 37.540102
    -113.474447 37.540853
    -113.474467 37.544888
    -113.474468 37.545092
    -113.47447 37.546233
    -113.474475 37.547191
    -113.474477 37.54737
    -113.474485 37.548672
    -113.474488 37.54913
    -113.474514 37.553307
    -113.474515 37.553414
    -113.474516 37.553506
    -113.474539 37.557182
    -113.47455 37.5588
    -113.474609 37.56821
    -113.474633 37.571887
    -113.474648 37.574379
    -113.474686 37.580214
    -113.47469 37.580877
    -113.474694 37.581858
    -113.474706 37.584203
    -113.474707 37.584352
    -113.474723 37.587559
    -113.474727 37.588401
    -113.474783 37.600027
    -113.474785 37.600551
    -113.474789 37.601164
    -113.474791 37.601511
    -113.474791 37.601575
    -113.474803 37.602609
    -113.474825 37.604601
    -113.474826 37.604652
    -113.474832 37.605233
    -113.474838 37.605654
    -113.474841 37.605823
    -113.474846 37.606212
    -113.474847 37.606218
    -113.474857 37.607129
    -113.474865 37.607726
    -113.474865 37.607763
    -113.474892 37.610067
    -113.474975 37.616982
    -113.474986 37.617939
    -113.474988 37.618053
    -113.474991 37.618276
    -113.476003 37.618267
    -113.477912 37.618249
    -113.480521 37.618225
    -113.483639 37.618196
    -113.485131 37.618182
    -113.485549 37.618179
    -113.485891 37.618176
    -113.489236 37.618218
    -113.5003 37.618361
    -113.500792 37.618368
    -113.50301 37.618392
    -113.50339 37.618396
    -113.503989 37.618403
    -113.504594 37.618409
    -113.505524 37.61842
    -113.506027 37.618425
    -113.506412 37.618428
    -113.507019 37.618435
    -113.508023 37.618445
    -113.508778 37.618453
    -113.511037 37.618475
    -113.512042 37.618486
    -113.512048 37.618486
    -113.51207 37.618486
    -113.512077 37.618486
    -113.512144 37.618485
    -113.512348 37.618484
    -113.512417 37.618484
    -113.514171 37.618474
    -113.516109 37.618463
    -113.519436 37.618444
    -113.521192 37.618435
    -113.522125 37.61843
    -113.525233 37.618412
    -113.528067 37.618397
    -113.532472 37.618372
    -113.537358 37.618345
    -113.5414 37.618323
    -113.541689 37.618322
    -113.542382 37.618324
    -113.544447 37.618326
    -113.545616 37.618327
    -113.558266 37.618341
    -113.562483 37.618346
    -113.563085 37.618347
    -113.566154 37.61835
    -113.56873 37.618353
    -113.575286 37.618361
    -113.586853 37.618374
    -113.587471 37.618374
    -113.587895 37.618375
    -113.587938 37.612552
    -113.58796 37.609486
    -113.587967 37.60842
    -113.587995 37.604775
    -113.596743 37.604786
    -113.598822 37.604789
    -113.599362 37.60479
    -113.600875 37.604792
    -113.601026 37.604792
    -113.601479 37.604792
    -113.601631 37.604793
    -113.602019 37.604793
    -113.603183 37.604794
    -113.603571 37.604795
    -113.604874 37.604796
    -113.608786 37.604802
    -113.61009 37.604804
    -113.612568 37.604807
    -113.616783 37.604813
    -113.620003 37.604817
    -113.620806 37.604818
    -113.621917 37.604819
    -113.622482 37.60482
    -113.624379 37.604822
    -113.625796 37.604825
    -113.63007 37.604788
    -113.631968 37.604772
    -113.632169 37.604769
    -113.632775 37.604764
    -113.632977 37.604763
    -113.633148 37.604761
    -113.633664 37.604757
    -113.633836 37.604756
    -113.63511 37.604744
    -113.638932 37.604712
    -113.640207 37.604701
    -113.641813 37.604687
    -113.643197 37.604675
    -113.646634 37.604695
    -113.648242 37.604705
    -113.648332 37.604705
    -113.648602 37.604707
    -113.648693 37.604708
    -113.648702 37.604722
    -113.649131 37.604722
    -113.650469 37.604722
    -113.650916 37.604723
    -113.652972 37.60475
    -113.659143 37.604834
    -113.6612 37.604862
    -113.661606 37.604833
    -113.661707 37.604834
    -113.662029 37.604849
    -113.662699 37.604868
    -113.663135 37.604865
    -113.663368 37.604862
    -113.663436 37.604861
    -113.664251 37.604851
    -113.665025 37.604845
    -113.666458 37.604835
    -113.667267 37.604835
    -113.667963 37.604825
    -113.668106 37.604827
    -113.668394 37.604823
    -113.668831 37.604824
    -113.669952 37.604814
    -113.670151 37.604813
    -113.670927 37.604812
    -113.671659 37.604806
    -113.672088 37.604809
    -113.672228 37.604806
    -113.67239 37.604806
    -113.674012 37.60481
    -113.674304 37.604811
    -113.674555 37.604805
    -113.67493 37.604801
    -113.67593 37.604805
    -113.677074 37.604796
    -113.677335 37.604798
    -113.677726 37.604798
    -113.678881 37.604797
    -113.680504 37.604796
    -113.680988 37.604788
    -113.681879 37.604776
    -113.682434 37.604766
    -113.682442 37.604765
    -113.682927 37.604763
    -113.683409 37.604752
    -113.684292 37.604747
    -113.684669 37.604746
    -113.686699 37.604747
    -113.687513 37.604747
    -113.688202 37.604742
    -113.68839 37.604742
    -113.689135 37.604744
    -113.689732 37.604741
    -113.689757 37.604741
    -113.690479 37.604738
    -113.690744 37.604738
    -113.691084 37.604733
    -113.691544 37.604736
    -113.692022 37.604732
    -113.692648 37.604734
    -113.692743 37.604735
    -113.693371 37.604739
    -113.69363 37.604741
    -113.694084 37.604737
    -113.694453 37.604739
    -113.694968 37.604743
    -113.695615 37.604749
    -113.696501 37.604751
    -113.697668 37.604747
    -113.697699 37.604747
    -113.697948 37.60475
    -113.698291 37.604742
    -113.698726 37.604743
    -113.698781 37.604744
    -113.699376 37.604749
    -113.699631 37.60475
    -113.700167 37.604753
    -113.700732 37.604743
    -113.701296 37.604747
    -113.702182 37.604741
    -113.70256 37.604739
    -113.703033 37.604733
    -113.703317 37.604729
    -113.703755 37.604725
    -113.703906 37.604726
    -113.704172 37.604719
    -113.704334 37.604716
    -113.704457 37.604718
    -113.70466 37.60472
    -113.704778 37.604723
    -113.704896 37.604726
    -113.704983 37.604724
    -113.705267 37.604731
    -113.705366 37.604728
    -113.705468 37.604731
    -113.705744 37.604727
    -113.705877 37.604726
    -113.706066 37.604726
    -113.706594 37.604726
    -113.706793 37.604724
    -113.707372 37.604724
    -113.707802 37.604724
    -113.708155 37.604721
    -113.708433 37.604726
    -113.709883 37.604712
    -113.711292 37.604704
    -113.711556 37.604703
    -113.712197 37.604711
    -113.712324 37.604708
    -113.712436 37.604689
    -113.712598 37.604686
    -113.713693 37.604685
    -113.722321 37.60468
    -113.735298 37.604674
    -113.747217 37.604789
    -113.74739 37.604791
    -113.7508 37.604824
    -113.751493 37.604824
    -113.761217 37.604837
    -113.761308 37.604837
    -113.761581 37.604837
    -113.761673 37.604837
    -113.77345 37.604852
    -113.776559 37.604856
    -113.785295 37.604866
    -113.791302 37.604874
    -113.79952 37.604874
    -113.808783 37.604874
    -113.810203 37.604874
    -113.820562 37.604817
    -113.820861 37.604815
    -113.820871 37.604815
    -113.821764 37.604809
    -113.82188 37.604809
    -113.822065 37.604808
    -113.826474 37.604784
    -113.828504 37.604773
    -113.82939 37.604771
    -113.838433 37.604746
    -113.839703 37.604742
    -113.844113 37.604731
    -113.847674 37.604721
    -113.851091 37.604712
    -113.853796 37.604704
    -113.858359 37.604691
    -113.861921 37.604682
    -113.86287 37.604679
    -113.865206 37.604673
    -113.866552 37.604666
    -113.874452 37.604629
    -113.875806 37.604623
    -113.875906 37.604623
    -113.880448 37.604618
    -113.88508 37.604613
    -113.887867 37.604609
    -113.88927 37.604608
    -113.896231 37.604599
    -113.896894 37.604599
    -113.899019 37.604597
    -113.90046 37.604595
    -113.901435 37.604594
    -113.904784 37.60459
    -113.905364 37.60459
    -113.906226 37.604589
    -113.906766 37.604588
    -113.908218 37.604586
    -113.914196 37.604579
    -113.915867 37.604578
    -113.916189 37.604578
    -113.9167 37.604577
    -113.918233 37.604575
    -113.918745 37.604575
    -113.92023 37.604573
    -113.920408 37.604573
    -113.924685 37.604617
    -113.926171 37.604633
    -113.936523 37.604739
    -113.95921 37.604972
    -113.967581 37.604931
    -113.971757 37.604911
    -113.975823 37.604891
    -113.977935 37.604881
    -113.979857 37.604871
    -113.985625 37.604844
    -113.987548 37.604835
    -113.98848 37.604831
    -113.992326 37.604812
    -113.993868 37.604804
    -113.99865 37.604782
    -114.000222 37.604859
    -114.008453 37.604839
    -114.014444 37.60483
    -114.014604 37.60483
    -114.019334 37.604823
    -114.022638 37.60483
    -114.026772 37.604827
    -114.027014 37.604827
    -114.0282 37.604813
    -114.028514 37.604809
    -114.035141 37.6048
    -114.035632 37.604802
    -114.037515 37.604797
    -114.037701 37.604796
    -114.040296 37.604793
    -114.040359 37.604793
    -114.052265 37.604776
    -114.052472 37.604776
    -114.05247 37.605164
    -114.052473 37.606763
    -114.052474 37.606978
    -114.052477 37.607625
    -114.052478 37.607841
    -114.05246 37.612705
    -114.052418 37.62497
    -114.052395 37.627297
    -114.052349 37.632161
    -114.052348 37.632193
    -114.052348 37.632293
    -114.052348 37.632326
    -114.052348 37.632356
    -114.052348 37.632362
    -114.052347 37.632446
    -114.052347 37.632477
    -114.052344 37.632721
    -114.052338 37.633455
    -114.052336 37.6337
    -114.052353 37.634569
    -114.052389 37.636321
    -114.052378 37.637176
    -114.052368 37.638046
    -114.052351 37.639454
    -114.052303 37.64368
    -114.052288 37.645089
    -114.05226 37.647814
    -114.052228 37.650765
    -114.05218 37.654232
    -114.052156 37.65604
    -114.052088 37.661467
    -114.052065 37.663277
    -114.052009 37.664729
    -114.052005 37.665116
    -114.052004 37.666099
    -114.051998 37.674568
    -114.051997 37.677392
    -114.05202 37.677902
    -114.05208 37.679167
    -114.052129 37.67943
    -114.052186 37.679725
    -114.052182 37.679936
    -114.05217 37.681044
    -114.052138 37.684369
    -114.052128 37.685478
    -114.05211 37.687229
    -114.052059 37.692483
    -114.052042 37.694235
    -114.052037 37.695431
    -114.052025 37.699021
    -114.052021 37.700218
    -114.052015 37.701633
    -114.052 37.705879
    -114.051996 37.707224
    -114.05199 37.707295
    -114.051988 37.707309
    -114.051985 37.707351
    -114.051984 37.707366
    -114.051972 37.708408
    -114.051973 37.708425
    -114.051999 37.708809
    -114.051966 37.711603
    -114.051954 37.712663
    -114.051952 37.712827
    -114.051947 37.713319
    -114.051946 37.713484
    -114.051944 37.713533
    -114.051942 37.713681
    -114.051942 37.713731
    -114.05194 37.713895
    -114.051938 37.71439
    -114.051937 37.714555
    -114.051915 37.71603
    -114.051851 37.720457
    -114.05183 37.721933
    -114.051817 37.722096
    -114.051782 37.722585
    -114.05177 37.722748
    -114.051817 37.723003
    -114.051845 37.723152
    -114.051838 37.723781
    -114.051836 37.724042
    -114.051832 37.724821
    -114.051823 37.727158
    -114.05182 37.727938
    -114.05182 37.72797
    -114.05182 37.728069
    -114.05182 37.728102
    -114.051809 37.728689
    -114.051779 37.730451
    -114.051769 37.731039
    -114.051759 37.732016
    -114.05173 37.73495
    -114.051721 37.735929
    -114.051719 37.736041
    -114.051716 37.736379
    -114.051715 37.736492
    -114.051714 37.73655
    -114.051712 37.736727
    -114.051712 37.736786
    -114.051703 37.737764
    -114.051677 37.740699
    -114.05167 37.741601
    -114.051663 37.741677
    -114.051655 37.741746
    -114.051635 37.741954
    -114.051628 37.742024
    -114.051617 37.742106
    -114.051612 37.742826
    -114.051598 37.745237
    -114.051594 37.746041
    -114.051596 37.746081
    -114.051603 37.746203
    -114.051606 37.746244
    -114.051675 37.746755
    -114.05179 37.746897
    -114.051817 37.746986
    -114.051824 37.747966
    -114.051794 37.74859
    -114.051792 37.749347
    -114.051764 37.749787
    -114.051696 37.750265
    -114.051672 37.751054
    -114.051667 37.751399
    -114.051666 37.7515
    -114.051613 37.752016
    -114.051438 37.753314
    -114.051172 37.755596
    -114.051167 37.755634
    -114.051153 37.755747
    -114.051149 37.755786
    -114.051147 37.755798
    -114.051143 37.755836
    -114.051142 37.755849
    -114.051071 37.75644
    -114.050859 37.758216
    -114.050789 37.758808
    -114.050615 37.760163
    -114.050092 37.76423
    -114.049919 37.765586
    -114.049858 37.767097
    -114.049677 37.771631
    -114.049617 37.773143
    -114.049574 37.774195
    -114.049447 37.777351
    -114.049406 37.778404
    -114.049392 37.778729
    -114.049352 37.779705
    -114.04934 37.780031
    -114.049333 37.780529
    -114.049314 37.782024
    -114.049308 37.782523
    -114.049286 37.784251
    -114.049221 37.789434
    -114.0492 37.791163
    -114.04919 37.79193
    -114.049162 37.794231
    -114.049154 37.79489
    -114.049148 37.794999
    -114.049143 37.795085
    -114.049139 37.795152
    -114.049116 37.795611
    -114.049109 37.795765
    -114.049061 37.796693
    -114.048918 37.799479
    -114.048871 37.800408
    -114.048849 37.800824
    -114.048785 37.802073
    -114.048765 37.80249
    -114.048663 37.804512
    -114.04862 37.80682
    -114.048619 37.806845
    -114.048621 37.807597
    -114.0485 37.809445
    -114.048473 37.809861
    -114.048865 37.814346
    -114.048927 37.81506
    -114.049114 37.817204
    -114.049177 37.817919
    -114.049254 37.8188
    -114.049488 37.821445
    -114.049566 37.822327
    -114.049628 37.823025
    -114.049679 37.8236
    -114.049665 37.824372
    -114.049653 37.825127
    -114.049643 37.825829
    -114.049641 37.825899
    -114.049637 37.826111
    -114.049636 37.826182
    -114.049633 37.826322
    -114.049623 37.826745
    -114.049621 37.826886
    -114.049614 37.827467
    -114.049594 37.829213
    -114.049588 37.829795
    -114.049587 37.829838
    -114.049585 37.82997
    -114.049585 37.829989
    -114.049585 37.830015
    -114.04956 37.831805
    -114.049485 37.837176
    -114.049469 37.838363
    -114.049542 37.838963
    -114.049592 37.840733
    -114.049742 37.846043
    -114.049792 37.847814
    -114.049801 37.848142
    -114.049925 37.852457
    -114.049854 37.852968
    -114.049923 37.853364
    -114.049926 37.855663
    -114.049945 37.867471
    -114.049973 37.867851
    -114.049821 37.874967
    -114.04971 37.879245
    -114.049656 37.881385
    -114.049705 37.887107
    -114.049712 37.888058
    -114.049736 37.890911
    -114.049745 37.891863
    -114.049746 37.892385
    -114.049749 37.893952
    -114.04975 37.894475
    -114.049751 37.895378
    -114.049755 37.89809
    -114.049757 37.898994
    -114.049771 37.901551
    -114.049814 37.909222
    -114.049829 37.911779
    -114.049919 37.92427
    -114.050047 37.941959
    -114.050132 37.954986
    -114.050138 37.95596
    -114.050157 37.958882
    -114.050164 37.959857
    -114.050188 37.963722
    -114.050263 37.975317
    -114.050288 37.979183
    -114.050288 37.979223
    -114.050288 37.979343
    -114.050289 37.979384
    -114.05031 37.98276
    -114.050375 37.99289
    -114.050397 37.996267
    -114.050404 37.997281
    -114.050424 37.999958
    -114.050381 38.00032
    -114.050263 38.001328
    -114.050238 38.001528
    -114.050238 38.001853
    -114.050238 38.003433
    -114.050239 38.00396
    -114.05024 38.005731
    -114.050245 38.011046
    -114.050247 38.012782
    -114.050247 38.012818
    -114.050247 38.012845
    -114.050247 38.012926
    -114.050247 38.012954
    -114.050252 38.018963
    -114.050267 38.036993
    -114.050273 38.043003
    -114.050274 38.044549
    -114.050278 38.04919
    -114.05028 38.050737
    -114.050273 38.052622
    -114.050251 38.05828
    -114.050245 38.060166
    -114.050234 38.063293
    -114.050202 38.072676
    -114.050192 38.07577
    -114.050192 38.075804
    -114.050188 38.077208
    -114.050176 38.08142
    -114.050173 38.082651
    -114.050172 38.082825
    -114.05017 38.083015
    -114.050169 38.083307
    -114.050182 38.083588
    -114.050191 38.083779
    -114.050197 38.083935
    -114.05019 38.084732
    -114.050189 38.084994
    -114.050182 38.088642
    -114.05018 38.089859
    -114.050171 38.092603
    -114.050144 38.100836
    -114.050136 38.103581
    -114.050127 38.103747
    -114.050101 38.104245
    -114.050093 38.104412
    -114.050096 38.10639
    -114.050107 38.112327
    -114.050111 38.114279
    -114.050111 38.114306
    -114.050113 38.115128
    -114.050122 38.117597
    -114.050125 38.118407
    -114.050125 38.11842
    -114.050119 38.11981
    -114.050103 38.123983
    -114.0501 38.124937
    -114.050096 38.125374
    -114.050076 38.127673
    -114.050019 38.134574
    -114.05 38.136874
    -114.049998 38.137057
    -114.049993 38.137609
    -114.049992 38.137793
    -114.049903 38.148601
    -114.047463 38.148598
    -114.047199 38.148597
    -114.047103 38.148597
    -114.04703 38.148597
    -114.02724 38.148578
    -114.026143 38.148577
    -114.026085 38.148577
    -114.024646 38.148575
    -114.020331 38.148571
    -114.018893 38.14857
    -114.018684 38.14857
    -114.014918 38.148599
    -114.002994 38.148692
    -114.000808 38.14871
    -113.999116 38.148701
    -113.99902 38.148701
    -113.994601 38.148679
    -113.993297 38.148672
    -113.984855 38.14863
    -113.976131 38.148586
    -113.974295 38.148577
    -113.970409 38.148557
    -113.970271 38.148556
    -113.969489 38.148551
    -113.966729 38.148537
    -113.966042 38.148534
    -113.965811 38.148533
    -113.965537 38.148529
    -113.964718 38.14852
    -113.964547 38.148519
    -113.964454 38.14852
    -113.964445 38.14852
    -113.963626 38.148516
    -113.96117 38.148505
    -113.960499 38.148502
    -113.960352 38.148501
    -113.957711 38.148489
    -113.951407 38.148461
    -113.949789 38.148461
    -113.947257 38.148461
    -113.947149 38.148461
    -113.939503 38.148461
    -113.932907 38.148461
    -113.925362 38.148544
    -113.925242 38.148545
    -113.914678 38.148661
    -113.905558 38.148574
    -113.904996 38.148569
    -113.904943 38.148568
    -113.894799 38.148473
    -113.894477 38.14847
    -113.893506 38.148461
    -113.889408 38.148507
    -113.878097 38.148635
    -113.877345 38.148644
    -113.877244 38.148645
    -113.875843 38.148661
    -113.873786 38.148663
    -113.873272 38.148663
    -113.873217 38.148663
    -113.873167 38.148664
    -113.831349 38.14868
    -113.824956 38.148687
    -113.824884 38.148687
    -113.82193 38.14869
    -113.813242 38.148699
    -113.795127 38.148717
    -113.793414 38.148719
    -113.793123 38.148719
    -113.792659 38.14872
    -113.792359 38.148721
    -113.789299 38.148723
    -113.786542 38.148725
    -113.786493 38.148726
    -113.779898 38.148732
    -113.776872 38.148736
    -113.776772 38.148736
    -113.750804 38.148763
    -113.744988 38.148734
    -113.744938 38.148735
    -113.741745 38.148718
    -113.74153 38.148717
    -113.739909 38.14871
    -113.739063 38.148707
    -113.738141 38.148701
    -113.735263 38.148688
    -113.732199 38.148672
    -113.731932 38.148671
    -113.731124 38.148667
    -113.730303 38.148663
    -113.726684 38.148697
    -113.722421 38.148688
    -113.719069 38.148682
    -113.718489 38.148672
    -113.718405 38.148671
    -113.713076 38.148634
    -113.712892 38.148635
    -113.710159 38.148676
    -113.710136 38.148678
    -113.710102 38.148679
    -113.704863 38.148672
    -113.704704 38.148672
    -113.696203 38.148663
    -113.690906 38.148676
    -113.672338 38.148721
    -113.661289 38.148785
    -113.65936 38.148796
    -113.658514 38.148754
    -113.65767 38.148756
    -113.656833 38.148758
    -113.655985 38.14876
    -113.655152 38.148762
    -113.654304 38.148763
    -113.653468 38.148763
    -113.652627 38.148764
    -113.651774 38.148764
    -113.650111 38.148765
    -113.648396 38.148765
    -113.646783 38.148766
    -113.64568 38.148766
    -113.645379 38.148766
    -113.635196 38.148765
    -113.629799 38.148764
    -113.625802 38.148764
    -113.613611 38.148791
    -113.608215 38.148803
    -113.587693 38.148836
    -113.587455 38.148837
    -113.580198 38.148864
    -113.571954 38.148847
    -113.571669 38.148847
    -113.571452 38.148846
    -113.568158 38.148839
    -113.568152 38.148838
    -113.56546 38.148834
    -113.56522 38.148834
    -113.564962 38.148833
    -113.564901 38.148833
    -113.563521 38.14883
    -113.563184 38.148829
    -113.5588 38.14882
    -113.558512 38.148819
    -113.551839 38.148806
    -113.551107 38.148805
    -113.550803 38.148805
    -113.547689 38.148799
    -113.54749 38.148799
    -113.530489 38.148765
    -113.501944 38.148717
    -113.501793 38.148717
    -113.500801 38.148715
    -113.478666 38.148677
    -113.4716 38.148665
    -113.471528 38.148665
    -113.471336 38.148665
    -113.46531 38.148665
    -113.46516 38.148665
    -113.464226 38.148665
    -113.453199 38.148665
    -113.451239 38.148665
    -113.450944 38.148665
    -113.44554 38.148665
    -113.434523 38.148665
    -113.431898 38.148665
    -113.431744 38.148665
    -113.431282 38.148665
    -113.431129 38.148665
    -113.429156 38.148665
    -113.42324 38.148665
    -113.421268 38.148666
    -113.420378 38.148666
    -113.417708 38.148666
    -113.416818 38.148666
    -113.416199 38.148666
    -113.415628 38.148669
    -113.41206 38.148689
    -113.411036 38.148695
    -113.410871 38.148696
    -113.408517 38.148709
    -113.40261 38.148745
    -113.401457 38.148751
    -113.399358 38.148764
    -113.399104 38.148764
    -113.398198 38.148766
    -113.396871 38.148763
    -113.395139 38.148759
    -113.383246 38.148732
    -113.379397 38.148724
    -113.379282 38.148724
    -113.378184 38.148721
    -113.375798 38.148716
    -113.374893 38.14872
    -113.373797 38.148727
    -113.365783 38.14877
    -113.362541 38.148787
    -113.362401 38.148788
    -113.347941 38.148866
    -113.342909 38.148825
    -113.342842 38.148825
    -113.342761 38.148824
    -113.34276 38.148824
    -113.342698 38.148823
    -113.342686 38.148824
    -113.326925 38.148698
    -113.32565 38.148686
    -113.325095 38.148682
    -113.323202 38.148665
    -113.312924 38.148666
    -113.311848 38.148666
    -113.311782 38.148666
    -113.308384 38.148666
    -113.304019 38.148667
    -113.30003 38.148667
    -113.299455 38.148667
    -113.297993 38.148667
    -113.295622 38.148667
    -113.29453 38.148667
    -113.29147 38.148667
    -113.285195 38.148667
    -113.282293 38.148671
    -113.279234 38.148676
    -113.278915 38.148676
    -113.277957 38.148677
    -113.277639 38.148678
    -113.277488 38.148678
    -113.277037 38.148678
    -113.276887 38.148679
    -113.27273 38.148685
    -113.260259 38.148703
    -113.256103 38.14871
END
END
