16019 Bonneville County
1
    -111.850441 43.366121
    -111.871205 43.366115
    -111.87585 43.366072
    -111.877383 43.366082
    -111.882842 43.366119
    -111.892103 43.366173
    -111.90266 43.366236
    -111.905683 43.366253
    -111.905917 43.366249
    -111.90625 43.366243
    -111.918525 43.36599
    -111.923912 43.365884
    -111.924686 43.365894
    -111.925029 43.365899
    -111.925033 43.365899
    -111.925054 43.365899
    -111.925123 43.3659
    -111.925186 43.365901
    -111.94308 43.366061
    -111.943992 43.366096
    -111.944118 43.366087
    -111.945793 43.366224
    -111.953251 43.366546
    -111.960443 43.366607
    -111.960609 43.366602
    -111.96993 43.366891
    -111.969934 43.366891
    -111.96995 43.366891
    -111.9786 43.36685
    -111.979865 43.366844
    -111.981165 43.366839
    -111.981263 43.36684
    -111.983695 43.366828
    -111.983725 43.366828
    -111.989674 43.366834
    -111.997078 43.366847
    -111.997169 43.366847
    -111.997664 43.366845
    -111.998539 43.366841
    -111.999378 43.366838
    -111.999379 43.366838
    -112.000802 43.366696
    -112.003877 43.366676
    -112.003964 43.366675
    -112.022165 43.366553
    -112.022376 43.366557
    -112.02909 43.366691
    -112.030048 43.366711
    -112.03038 43.366718
    -112.032217 43.366681
    -112.033116 43.36667
    -112.033374 43.366681
    -112.033694 43.366663
    -112.033822 43.366666
    -112.03385 43.366666
    -112.033858 43.366666
    -112.033874 43.366667
    -112.033886 43.366667
    -112.0339 43.366668
    -112.03397 43.366668
    -112.034024 43.366669
    -112.034064 43.366669
    -112.034158 43.366669
    -112.034198 43.366667
    -112.0342 43.366667
    -112.036228 43.366659
    -112.036359 43.366659
    -112.039739 43.36667
    -112.040562 43.36668
    -112.042943 43.366689
    -112.043821 43.366708
    -112.043794 43.36762
    -112.043804 43.368214
    -112.043799 43.370104
    -112.043789 43.373976
    -112.043778 43.374117
    -112.043784 43.375063
    -112.043762 43.377176
    -112.043759 43.379383
    -112.043758 43.380022
    -112.043765 43.380438
    -112.043752 43.381197
    -112.043753 43.390371
    -112.043767 43.393258
    -112.043686 43.393261
    -112.043686 43.393425
    -112.043687 43.393731
    -112.043697 43.395093
    -112.043701 43.395236
    -112.043694 43.395698
    -112.043716 43.398594
    -112.043686 43.399556
    -112.043715 43.400508
    -112.043708 43.401157
    -112.043693 43.401895
    -112.043689 43.403311
    -112.043683 43.405048
    -112.043685 43.405146
    -112.043689 43.405677
    -112.04367 43.405876
    -112.043671 43.406237
    -112.043675 43.406444
    -112.043678 43.406775
    -112.04368 43.407018
    -112.043698 43.408065
    -112.043693 43.408383
    -112.043691 43.408479
    -112.043689 43.408577
    -112.043673 43.409985
    -112.043672 43.410143
    -112.043823 43.410143
    -112.048675 43.410164
    -112.050006 43.41017
    -112.052268 43.410188
    -112.052613 43.410186
    -112.053351 43.41018
    -112.053923 43.410186
    -112.0541 43.410188
    -112.055663 43.410199
    -112.056111 43.410198
    -112.056499 43.410198
    -112.057878 43.410194
    -112.058499 43.410202
    -112.05889 43.410195
    -112.059175 43.410195
    -112.060319 43.410204
    -112.061496 43.410212
    -112.062144 43.410222
    -112.063178 43.410211
    -112.063574 43.410226
    -112.064679 43.410201
    -112.066971 43.410215
    -112.067156 43.410215
    -112.068613 43.410213
    -112.068614 43.410213
    -112.068716 43.410213
    -112.070762 43.410212
    -112.073088 43.41021
    -112.073472 43.41021
    -112.075125 43.410214
    -112.075586 43.410214
    -112.077725 43.410214
    -112.078098 43.410211
    -112.078124 43.410211
    -112.079081 43.410218
    -112.080342 43.410223
    -112.080906 43.410222
    -112.081216 43.410226
    -112.081218 43.410226
    -112.082321 43.410239
    -112.083441 43.410222
    -112.084962 43.41018
    -112.085356 43.410161
    -112.085558 43.410152
    -112.090651 43.41016
    -112.096811 43.4102
    -112.098843 43.410226
    -112.10072 43.410258
    -112.101152 43.410265
    -112.101196 43.410264
    -112.103642 43.41026
    -112.103641 43.410284
    -112.103641 43.410289
    -112.103492 43.416121
    -112.10349 43.416178
    -112.103489 43.416234
    -112.103486 43.416311
    -112.103473 43.416896
    -112.103452 43.417806
    -112.103436 43.418452
    -112.103425 43.418909
    -112.103381 43.420705
    -112.103371 43.42101
    -112.10337 43.421094
    -112.103368 43.42128
    -112.103367 43.421467
    -112.103349 43.422415
    -112.103302 43.424826
    -112.103298 43.425057
    -112.10383 43.42503
    -112.104531 43.425038
    -112.105837 43.425067
    -112.106405 43.425068
    -112.106743 43.425068
    -112.114415 43.425056
    -112.118188 43.425035
    -112.122019 43.425024
    -112.123165 43.425011
    -112.125099 43.425003
    -112.125663 43.425029
    -112.125866 43.425027
    -112.126531 43.425014
    -112.12732 43.425017
    -112.127531 43.425017
    -112.128157 43.42502
    -112.128217 43.425021
    -112.130332 43.425006
    -112.130679 43.425006
    -112.130804 43.425006
    -112.131496 43.425017
    -112.133072 43.425038
    -112.133517 43.425033
    -112.134432 43.425023
    -112.134983 43.425028
    -112.136481 43.425043
    -112.13805 43.425067
    -112.138668 43.425034
    -112.138943 43.424991
    -112.139132 43.424949
    -112.139271 43.42489
    -112.139433 43.424894
    -112.139799 43.424912
    -112.140323 43.424955
    -112.140613 43.425028
    -112.142472 43.42504
    -112.143063 43.425059
    -112.14397 43.425055
    -112.144498 43.425053
    -112.147173 43.425039
    -112.149787 43.425041
    -112.1531 43.425058
    -112.1558 43.425045
    -112.157903 43.425054
    -112.160902 43.425078
    -112.161276 43.425074
    -112.162201 43.42508
    -112.162937 43.425076
    -112.16301 43.425076
    -112.163269 43.425082
    -112.16348 43.425087
    -112.163779 43.425082
    -112.163908 43.42509
    -112.163946 43.425092
    -112.164342 43.425093
    -112.164901 43.425091
    -112.165351 43.425083
    -112.168717 43.425053
    -112.169153 43.425007
    -112.16924 43.424998
    -112.173385 43.425024
    -112.188408 43.424917
    -112.242871 43.424719
    -112.250566 43.424692
    -112.268434 43.424711
    -112.270731 43.424732
    -112.27087 43.424735
    -112.271992 43.424752
    -112.274525 43.42475
    -112.279714 43.424746
    -112.280992 43.424744
    -112.281096 43.424744
    -112.285982 43.424758
    -112.290186 43.42469
    -112.290783 43.424736
    -112.341202 43.424917
    -112.361389 43.42507
    -112.375812 43.425167
    -112.437459 43.425285
    -112.437529 43.425285
    -112.460307 43.425466
    -112.460431 43.425468
    -112.462489 43.425511
    -112.462704 43.425511
    -112.473298 43.425509
    -112.480499 43.425542
    -112.480674 43.425543
    -112.500216 43.425634
    -112.500378 43.425499
    -112.500816 43.425135
    -112.512859 43.425112
    -112.51374 43.425109
    -112.514122 43.425109
    -112.520024 43.425099
    -112.52011 43.439693
    -112.52012 43.441059
    -112.520175 43.448937
    -112.520165 43.449684
    -112.52018 43.45121
    -112.520182 43.451811
    -112.520187 43.45211
    -112.520247 43.462179
    -112.520288 43.468946
    -112.520305 43.474774
    -112.520329 43.478207
    -112.52032 43.479204
    -112.52025 43.484643
    -112.520286 43.491895
    -112.520235 43.50347
    -112.520211 43.510233
    -112.520209 43.510811
    -112.520212 43.510973
    -112.520238 43.512351
    -112.520239 43.514666
    -112.520103 43.530687
    -112.520115 43.537222
    -112.520114 43.537253
    -112.520082 43.538871
    -112.520082 43.538923
    -112.520084 43.539034
    -112.520084 43.539502
    -112.520099 43.540045
    -112.52009 43.542636
    -112.520089 43.543853
    -112.520087 43.54467
    -112.520099 43.544947
    -112.520085 43.545994
    -112.520093 43.546685
    -112.520087 43.551418
    -112.52007 43.551822
    -112.520062 43.552221
    -112.520062 43.552724
    -112.52006 43.554663
    -112.520057 43.556838
    -112.520057 43.556844
    -112.520057 43.556951
    -112.52005 43.560006
    -112.520027 43.570084
    -112.520025 43.57077
    -112.520025 43.570821
    -112.520017 43.573128
    -112.519989 43.580761
    -112.519986 43.582646
    -112.519966 43.595967
    -112.519931 43.598708
    -112.519929 43.600219
    -112.519928 43.600698
    -112.519928 43.601441
    -112.51992 43.607159
    -112.519918 43.608146
    -112.519916 43.609233
    -112.519916 43.609403
    -112.519912 43.618214
    -112.519899 43.622639
    -112.519978 43.624905
    -112.519959 43.62516
    -112.519945 43.62656
    -112.516764 43.626552
    -112.516712 43.626552
    -112.510288 43.626537
    -112.51027 43.626537
    -112.510261 43.626537
    -112.510251 43.626536
    -112.510216 43.626536
    -112.510155 43.626536
    -112.510068 43.626536
    -112.500621 43.626514
    -112.479283 43.626536
    -112.478983 43.626536
    -112.478971 43.626536
    -112.478964 43.626536
    -112.478935 43.626537
    -112.478889 43.626537
    -112.478807 43.626537
    -112.478673 43.626537
    -112.478311 43.626537
    -112.46635 43.626549
    -112.462727 43.626553
    -112.451346 43.626565
    -112.451158 43.626565
    -112.428334 43.626532
    -112.428202 43.626532
    -112.406422 43.626493
    -112.406119 43.626492
    -112.405563 43.626491
    -112.401594 43.626484
    -112.392409 43.626468
    -112.381921 43.626449
    -112.375806 43.626439
    -112.35477 43.626409
    -112.342065 43.626299
    -112.341961 43.626327
    -112.341661 43.626336
    -112.34068 43.626348
    -112.33969 43.626343
    -112.338281 43.626354
    -112.336887 43.626348
    -112.335261 43.626362
    -112.333672 43.626364
    -112.332131 43.626389
    -112.331956 43.626389
    -112.33129 43.626387
    -112.330649 43.626403
    -112.328668 43.626407
    -112.32723 43.626418
    -112.326234 43.626435
    -112.324968 43.626417
    -112.322422 43.626423
    -112.322409 43.626423
    -112.320105 43.626417
    -112.320088 43.626416
    -112.318016 43.626318
    -112.318004 43.626318
    -112.317993 43.626318
    -112.317983 43.626318
    -112.317973 43.626318
    -112.317965 43.626318
    -112.317957 43.626318
    -112.317949 43.626318
    -112.31794 43.626318
    -112.317932 43.626318
    -112.317924 43.626318
    -112.317917 43.626318
    -112.31791 43.626318
    -112.317896 43.626312
    -112.305879 43.62631
    -112.305235 43.62631
    -112.302442 43.62631
    -112.302279 43.62631
    -112.290395 43.626304
    -112.289616 43.626304
    -112.282406 43.626337
    -112.272568 43.626377
    -112.264941 43.626408
    -112.263745 43.626411
    -112.263737 43.626411
    -112.263729 43.626412
    -112.263714 43.626412
    -112.263689 43.626412
    -112.263478 43.626414
    -112.263302 43.626416
    -112.263034 43.626419
    -112.262568 43.626424
    -112.262472 43.626425
    -112.262443 43.626425
    -112.262431 43.626425
    -112.262424 43.626426
    -112.262401 43.626426
    -112.262386 43.626426
    -112.262377 43.626426
    -112.262253 43.626428
    -112.262162 43.626429
    -112.26215 43.626429
    -112.262142 43.626429
    -112.261892 43.626432
    -112.261878 43.626432
    -112.259427 43.626459
    -112.259412 43.626459
    -112.259403 43.626459
    -112.259393 43.626459
    -112.259386 43.626459
    -112.259379 43.626459
    -112.25937 43.62646
    -112.257035 43.62644
    -112.255678 43.626431
    -112.255489 43.62643
    -112.253439 43.626349
    -112.249506 43.626437
    -112.245686 43.626562
    -112.244918 43.626588
    -112.242769 43.62666
    -112.242736 43.626661
    -112.242685 43.626549
    -112.24268 43.626538
    -112.242673 43.62652
    -112.242667 43.626504
    -112.242547 43.626492
    -112.232888 43.626412
    -112.232664 43.62641
    -112.232504 43.626446
    -112.232421 43.626444
    -112.231934 43.626431
    -112.230833 43.626432
    -112.229186 43.626455
    -112.227313 43.62647
    -112.225381 43.626491
    -112.224084 43.626466
    -112.22308 43.626472
    -112.222961 43.626473
    -112.222543 43.62647
    -112.221904 43.626489
    -112.220735 43.626477
    -112.21998 43.626469
    -112.219904 43.626468
    -112.219839 43.626467
    -112.207918 43.626335
    -112.202756 43.626278
    -112.19287 43.626422
    -112.182994 43.626566
    -112.178432 43.626572
    -112.176533 43.626579
    -112.176085 43.626554
    -112.172906 43.626514
    -112.172783 43.62652
    -112.17275 43.626522
    -112.169858 43.626515
    -112.16867 43.62652
    -112.167964 43.626527
    -112.167895 43.626572
    -112.167855 43.626584
    -112.16782 43.626595
    -112.167733 43.6266
    -112.16762 43.626575
    -112.167538 43.626539
    -112.167392 43.626511
    -112.166922 43.62649
    -112.166528 43.626487
    -112.165898 43.626511
    -112.165307 43.626514
    -112.164463 43.626526
    -112.163048 43.626515
    -112.162977 43.626515
    -112.162925 43.626515
    -112.162802 43.626514
    -112.16238 43.626509
    -112.162319 43.626509
    -112.162294 43.626509
    -112.162283 43.626509
    -112.162276 43.626509
    -112.160235 43.626525
    -112.159293 43.626501
    -112.156047 43.626489
    -112.15355 43.626475
    -112.153535 43.626475
    -112.153512 43.626475
    -112.153086 43.626473
    -112.152926 43.626477
    -112.152905 43.626477
    -112.152865 43.626478
    -112.152858 43.62648
    -112.152851 43.62648
    -112.152842 43.62648
    -112.152835 43.62648
    -112.152824 43.62648
    -112.152816 43.62648
    -112.152806 43.62648
    -112.152793 43.62648
    -112.152549 43.626485
    -112.152198 43.626482
    -112.150321 43.626484
    -112.147783 43.626476
    -112.145465 43.626477
    -112.143289 43.626461
    -112.142956 43.626459
    -112.142859 43.626458
    -112.139245 43.626429
    -112.138076 43.62642
    -112.137792 43.626419
    -112.133116 43.626406
    -112.131537 43.626398
    -112.12802 43.626399
    -112.126137 43.626411
    -112.124491 43.626394
    -112.123039 43.626368
    -112.122978 43.626367
    -112.12295 43.626367
    -112.121004 43.626365
    -112.119682 43.626373
    -112.113137 43.626333
    -112.113027 43.626329
    -112.112818 43.626321
    -112.10519 43.626298
    -112.10352 43.626281
    -112.102987 43.626288
    -112.101531 43.626275
    -112.098523 43.626264
    -112.097926 43.626265
    -112.097919 43.626265
    -112.097907 43.626265
    -112.097872 43.626265
    -112.097756 43.626265
    -112.097067 43.626265
    -112.09288 43.626251
    -112.090444 43.626234
    -112.087954 43.626231
    -112.086038 43.626217
    -112.084154 43.626187
    -112.083678 43.626175
    -112.083011 43.626157
    -112.080862 43.626289
    -112.080365 43.626292
    -112.079929 43.626236
    -112.079902 43.626233
    -112.079862 43.626228
    -112.079235 43.626151
    -112.078677 43.626163
    -112.078064 43.626168
    -112.077554 43.626173
    -112.076098 43.626174
    -112.075508 43.626179
    -112.075177 43.626209
    -112.075086 43.62625
    -112.07506 43.626283
    -112.074635 43.62628
    -112.074534 43.62628
    -112.074045 43.626276
    -112.073997 43.626276
    -112.073946 43.626276
    -112.073564 43.626236
    -112.073516 43.62623
    -112.073455 43.626224
    -112.073268 43.626204
    -112.07302 43.626177
    -112.072994 43.626174
    -112.072653 43.626139
    -112.072137 43.626112
    -112.072072 43.626109
    -112.072016 43.626106
    -112.071536 43.626079
    -112.070058 43.62607
    -112.069857 43.626143
    -112.069502 43.626238
    -112.069218 43.626291
    -112.069191 43.626296
    -112.068862 43.626321
    -112.068474 43.626321
    -112.068361 43.626322
    -112.067499 43.626334
    -112.067385 43.626335
    -112.067271 43.626337
    -112.066998 43.62634
    -112.066724 43.626344
    -112.066688 43.626344
    -112.066416 43.626348
    -112.065269 43.626363
    -112.064763 43.626371
    -112.064219 43.626387
    -112.063706 43.626349
    -112.063555 43.626344
    -112.062754 43.626319
    -112.062117 43.626299
    -112.061167 43.626252
    -112.060774 43.626236
    -112.060146 43.62621
    -112.059483 43.626194
    -112.058053 43.626215
    -112.055893 43.626226
    -112.055436 43.626237
    -112.055362 43.626238
    -112.055227 43.626238
    -112.055082 43.626239
    -112.054703 43.626242
    -112.053754 43.626244
    -112.05357 43.626249
    -112.053026 43.62625
    -112.052806 43.626258
    -112.05236 43.62625
    -112.050936 43.626244
    -112.048951 43.626255
    -112.048704 43.626255
    -112.045642 43.626226
    -112.043106 43.626216
    -112.041229 43.626225
    -112.03999 43.626237
    -112.039536 43.626241
    -112.038636 43.62625
    -112.037699 43.626258
    -112.037152 43.626263
    -112.036313 43.62627
    -112.035001 43.626275
    -112.034039 43.626283
    -112.033587 43.626291
    -112.030794 43.626296
    -112.029614 43.626302
    -112.028559 43.626308
    -112.024798 43.626294
    -112.023621 43.626319
    -112.022385 43.626313
    -112.021174 43.626309
    -112.019143 43.62631
    -112.018566 43.626297
    -112.01774 43.6263
    -112.015988 43.62629
    -112.015195 43.626297
    -112.014184 43.626272
    -112.01411 43.626273
    -112.013769 43.626278
    -112.013591 43.626281
    -112.013584 43.626281
    -112.013569 43.626281
    -112.013552 43.626281
    -112.013433 43.626282
    -112.013123 43.626276
    -112.012992 43.62628
    -112.012277 43.626299
    -112.008648 43.626297
    -112.008162 43.626302
    -112.007458 43.6263
    -112.007429 43.6263
    -112.007413 43.6263
    -112.007403 43.6263
    -112.007393 43.6263
    -112.007386 43.6263
    -112.007192 43.626299
    -112.003592 43.626309
    -112.002861 43.626324
    -112.00267 43.626328
    -112.000802 43.626315
    -111.999791 43.626308
    -111.996896 43.626311
    -111.995064 43.626327
    -111.993456 43.626332
    -111.990855 43.626329
    -111.988635 43.626337
    -111.987412 43.626325
    -111.985332 43.626331
    -111.983643 43.626346
    -111.983079 43.626354
    -111.982128 43.626344
    -111.98072 43.626356
    -111.979917 43.626354
    -111.979072 43.626343
    -111.977639 43.626346
    -111.975844 43.626343
    -111.974671 43.626362
    -111.974132 43.626367
    -111.973798 43.626363
    -111.973005 43.626354
    -111.972296 43.626382
    -111.971256 43.626375
    -111.970542 43.62637
    -111.968758 43.626367
    -111.967139 43.626372
    -111.966445 43.626368
    -111.965099 43.62638
    -111.964172 43.626396
    -111.963709 43.626396
    -111.962729 43.626402
    -111.961541 43.626403
    -111.960267 43.62642
    -111.959966 43.626425
    -111.95914 43.626422
    -111.956345 43.626446
    -111.955456 43.626444
    -111.954655 43.626451
    -111.953916 43.626438
    -111.953144 43.626445
    -111.95287 43.626447
    -111.952509 43.62645
    -111.952238 43.626452
    -111.949048 43.626477
    -111.948152 43.626475
    -111.947526 43.626499
    -111.947254 43.626499
    -111.945684 43.626496
    -111.945477 43.626494
    -111.945206 43.626491
    -111.944998 43.626487
    -111.944865 43.626484
    -111.944735 43.626485
    -111.944296 43.626489
    -111.944042 43.626477
    -111.943898 43.62648
    -111.943584 43.626485
    -111.943116 43.626499
    -111.942833 43.626508
    -111.942287 43.626525
    -111.937506 43.626535
    -111.935685 43.626535
    -111.934017 43.626535
    -111.933704 43.626538
    -111.932151 43.626541
    -111.931915 43.626542
    -111.930711 43.626549
    -111.929821 43.626559
    -111.928295 43.626557
    -111.926416 43.626565
    -111.92535 43.62657
    -111.924673 43.626573
    -111.92395 43.62659
    -111.923746 43.626595
    -111.922985 43.626608
    -111.921306 43.626607
    -111.920259 43.626615
    -111.918411 43.626605
    -111.916074 43.626618
    -111.913927 43.62663
    -111.912465 43.62663
    -111.912215 43.626632
    -111.912202 43.626632
    -111.912195 43.626632
    -111.912188 43.626633
    -111.912161 43.626633
    -111.912107 43.626633
    -111.912056 43.626633
    -111.91201 43.626633
    -111.911971 43.626633
    -111.911939 43.626633
    -111.911914 43.626633
    -111.911895 43.626633
    -111.911881 43.626633
    -111.911871 43.626633
    -111.911864 43.626633
    -111.911855 43.626633
    -111.911847 43.626633
    -111.911434 43.626635
    -111.908377 43.626638
    -111.906612 43.626644
    -111.906292 43.626644
    -111.906081 43.626644
    -111.905719 43.626643
    -111.905712 43.626643
    -111.905704 43.626643
    -111.905689 43.626643
    -111.905019 43.626642
    -111.904 43.626646
    -111.903008 43.626647
    -111.900947 43.626663
    -111.897422 43.626666
    -111.897373 43.626666
    -111.897228 43.626666
    -111.895584 43.626668
    -111.893971 43.626675
    -111.893956 43.626675
    -111.893394 43.626681
    -111.892796 43.626687
    -111.890719 43.626699
    -111.887655 43.626705
    -111.886884 43.626704
    -111.88681 43.626704
    -111.886768 43.626704
    -111.886742 43.626704
    -111.886724 43.626704
    -111.886712 43.626704
    -111.886698 43.626704
    -111.88669 43.626704
    -111.886681 43.626704
    -111.886425 43.626703
    -111.886277 43.626704
    -111.88627 43.626705
    -111.886263 43.626705
    -111.88625 43.626705
    -111.886227 43.626705
    -111.886171 43.626705
    -111.886113 43.626705
    -111.886058 43.626705
    -111.88601 43.626705
    -111.885971 43.626705
    -111.885941 43.626705
    -111.885919 43.626705
    -111.885904 43.626705
    -111.885096 43.626708
    -111.884255 43.626707
    -111.884044 43.626707
    -111.883284 43.626716
    -111.882854 43.626716
    -111.882837 43.626716
    -111.879863 43.626717
    -111.876885 43.626736
    -111.876508 43.626735
    -111.875946 43.626743
    -111.874763 43.626729
    -111.874707 43.626729
    -111.874074 43.626725
    -111.872197 43.626735
    -111.8717 43.626732
    -111.871556 43.626732
    -111.871513 43.626732
    -111.87013 43.626733
    -111.869585 43.626737
    -111.869573 43.626738
    -111.869561 43.626738
    -111.869541 43.626738
    -111.869512 43.626738
    -111.869156 43.626741
    -111.867239 43.626744
    -111.866424 43.626754
    -111.865038 43.626753
    -111.864201 43.626745
    -111.859733 43.626734
    -111.858573 43.626735
    -111.858441 43.626735
    -111.858384 43.626735
    -111.858358 43.626735
    -111.858346 43.626735
    -111.858336 43.626735
    -111.855602 43.626739
    -111.854178 43.62676
    -111.852082 43.626767
    -111.85158 43.62677
    -111.851556 43.626771
    -111.851548 43.626771
    -111.851538 43.626771
    -111.851508 43.626771
    -111.851477 43.626771
    -111.851455 43.626771
    -111.850757 43.626776
    -111.849686 43.626778
    -111.849387 43.626779
    -111.849332 43.626779
    -111.847985 43.626795
    -111.847288 43.62679
    -111.845274 43.626819
    -111.844199 43.626818
    -111.842783 43.626835
    -111.841748 43.626836
    -111.84174 43.626836
    -111.84173 43.626836
    -111.841722 43.626836
    -111.841712 43.626836
    -111.8417 43.626836
    -111.841685 43.626836
    -111.841667 43.626836
    -111.841645 43.626836
    -111.841224 43.626839
    -111.839989 43.626837
    -111.838494 43.626854
    -111.837502 43.626851
    -111.836845 43.626844
    -111.835468 43.626852
    -111.834356 43.626849
    -111.833911 43.626846
    -111.833896 43.626846
    -111.832986 43.62684
    -111.830449 43.626876
    -111.829422 43.626869
    -111.828557 43.626886
    -111.827455 43.626872
    -111.826123 43.626876
    -111.82437 43.626855
    -111.823609 43.626864
    -111.822547 43.626857
    -111.821526 43.626865
    -111.820194 43.626863
    -111.819428 43.626882
    -111.817518 43.626871
    -111.816556 43.62687
    -111.816535 43.62687
    -111.816464 43.62687
    -111.815076 43.626868
    -111.815034 43.626868
    -111.814083 43.626866
    -111.812703 43.626867
    -111.811755 43.626878
    -111.810024 43.626866
    -111.808945 43.626863
    -111.807524 43.626882
    -111.806936 43.62688
    -111.804548 43.626886
    -111.80379 43.626881
    -111.803681 43.626879
    -111.803674 43.626879
    -111.803667 43.626878
    -111.803655 43.626878
    -111.803637 43.626878
    -111.803626 43.626878
    -111.803155 43.62687
    -111.802913 43.626872
    -111.802125 43.62687
    -111.801624 43.626874
    -111.800761 43.626876
    -111.799665 43.626891
    -111.798554 43.626888
    -111.7961 43.626892
    -111.795364 43.626897
    -111.794905 43.626892
    -111.793782 43.626896
    -111.79339 43.626905
    -111.792834 43.626899
    -111.791969 43.626884
    -111.790083 43.62689
    -111.787623 43.626869
    -111.786694 43.62687
    -111.786683 43.626871
    -111.786674 43.626871
    -111.786658 43.626871
    -111.786632 43.626871
    -111.786595 43.626871
    -111.785969 43.626875
    -111.785793 43.626874
    -111.785431 43.626873
    -111.78515 43.626875
    -111.784869 43.626899
    -111.784589 43.626952
    -111.78455 43.626972
    -111.783954 43.626983
    -111.783828 43.627074
    -111.783653 43.62707
    -111.783551 43.627069
    -111.781977 43.627048
    -111.778563 43.626987
    -111.776742 43.626955
    -111.776117 43.626944
    -111.775582 43.626934
    -111.775477 43.626932
    -111.774985 43.626923
    -111.774788 43.62692
    -111.774482 43.626915
    -111.774404 43.626913
    -111.773967 43.626905
    -111.773367 43.626895
    -111.772004 43.626871
    -111.771165 43.626861
    -111.770541 43.626853
    -111.770489 43.626853
    -111.768822 43.626835
    -111.768475 43.626831
    -111.768197 43.626828
    -111.768039 43.626826
    -111.767846 43.626824
    -111.765953 43.626803
    -111.764638 43.626824
    -111.759774 43.626771
    -111.75959 43.62677
    -111.758773 43.626766
    -111.758516 43.626774
    -111.758285 43.626782
    -111.755741 43.626769
    -111.755232 43.626773
    -111.755225 43.626773
    -111.755217 43.626773
    -111.755208 43.626773
    -111.7552 43.626773
    -111.755189 43.626773
    -111.755182 43.626773
    -111.755174 43.626773
    -111.755165 43.626773
    -111.755154 43.626773
    -111.755142 43.626773
    -111.755128 43.626773
    -111.755111 43.626773
    -111.755091 43.626773
    -111.755066 43.626773
    -111.755036 43.626773
    -111.754999 43.626773
    -111.754952 43.626773
    -111.754892 43.626773
    -111.754812 43.626773
    -111.753924 43.626776
    -111.752214 43.62677
    -111.750575 43.62678
    -111.749415 43.62678
    -111.746945 43.626788
    -111.745794 43.62678
    -111.745634 43.626779
    -111.742599 43.626794
    -111.741397 43.626796
    -111.740117 43.626793
    -111.739095 43.626794
    -111.735608 43.62681
    -111.735279 43.626801
    -111.733727 43.626811
    -111.733017 43.626825
    -111.730379 43.626842
    -111.730208 43.626834
    -111.729876 43.626848
    -111.729614 43.62685
    -111.729395 43.62684
    -111.729316 43.626838
    -111.729175 43.626834
    -111.729122 43.626833
    -111.728864 43.626803
    -111.728617 43.626765
    -111.728006 43.626644
    -111.727773 43.626604
    -111.726973 43.626605
    -111.726391 43.626604
    -111.72608 43.626603
    -111.724728 43.626604
    -111.721505 43.626608
    -111.720735 43.626609
    -111.71567 43.626616
    -111.710656 43.626622
    -111.708995 43.626624
    -111.70819 43.626625
    -111.708035 43.626625
    -111.707975 43.626625
    -111.707938 43.626625
    -111.707914 43.626626
    -111.707907 43.626626
    -111.707897 43.626626
    -111.707769 43.626626
    -111.705953 43.626629
    -111.705955 43.62712
    -111.705735 43.627258
    -111.70561 43.62727
    -111.705262 43.627304
    -111.70508 43.627285
    -111.7046 43.627235
    -111.700598 43.627275
    -111.695187 43.627327
    -111.694431 43.627191
    -111.690471 43.627175
    -111.689366 43.627044
    -111.689266 43.627034
    -111.689256 43.627033
    -111.689238 43.627031
    -111.689202 43.627027
    -111.689169 43.627023
    -111.689126 43.627018
    -111.689093 43.627014
    -111.689059 43.62701
    -111.689025 43.627006
    -111.688558 43.626946
    -111.685794 43.626644
    -111.685785 43.626643
    -111.681518 43.626675
    -111.68098 43.626679
    -111.680802 43.62668
    -111.680794 43.626681
    -111.68078 43.626681
    -111.680762 43.626681
    -111.680746 43.626681
    -111.680736 43.626681
    -111.680728 43.626681
    -111.680222 43.626685
    -111.674578 43.626727
    -111.674432 43.626727
    -111.674384 43.626727
    -111.673992 43.626728
    -111.673407 43.626729
    -111.672268 43.626731
    -111.67113 43.626733
    -111.66661 43.626688
    -111.666598 43.626688
    -111.666472 43.626686
    -111.666347 43.626684
    -111.666234 43.626685
    -111.666132 43.626686
    -111.66612 43.626686
    -111.661098 43.626703
    -111.660504 43.626704
    -111.660464 43.626704
    -111.639354 43.626731
    -111.626438 43.626748
    -111.625786 43.626699
    -111.623197 43.626706
    -111.623161 43.626706
    -111.62313 43.626706
    -111.622932 43.626707
    -111.622269 43.626709
    -111.621845 43.62671
    -111.621831 43.62671
    -111.620553 43.626713
    -111.620503 43.626713
    -111.620496 43.626713
    -111.6114 43.62674
    -111.61125 43.62674
    -111.611242 43.62674
    -111.610571 43.626739
    -111.600284 43.626767
    -111.600197 43.626767
    -111.600108 43.626767
    -111.600044 43.626767
    -111.600035 43.626768
    -111.600026 43.626768
    -111.600009 43.626768
    -111.599979 43.626768
    -111.599825 43.626768
    -111.599749 43.626768
    -111.599712 43.626768
    -111.599694 43.626768
    -111.599685 43.626768
    -111.599678 43.626768
    -111.588119 43.626805
    -111.587841 43.626804
    -111.587744 43.6268
    -111.587704 43.626804
    -111.587518 43.626803
    -111.587373 43.626803
    -111.586851 43.626802
    -111.585087 43.626798
    -111.584864 43.626798
    -111.57684 43.626784
    -111.572311 43.626776
    -111.570252 43.626773
    -111.570204 43.626773
    -111.570072 43.626773
    -111.56594 43.626767
    -111.566025 43.624915
    -111.565976 43.622173
    -111.565976 43.622157
    -111.565976 43.622146
    -111.565975 43.62209
    -111.565975 43.622077
    -111.56581 43.622078
    -111.565155 43.62208
    -111.564704 43.622084
    -111.564671 43.622084
    -111.564653 43.622084
    -111.564641 43.622084
    -111.564628 43.622085
    -111.564524 43.622086
    -111.56451 43.622086
    -111.563873 43.62209
    -111.563496 43.622096
    -111.563393 43.622096
    -111.563104 43.622096
    -111.56283 43.622096
    -111.562285 43.622106
    -111.562277 43.622107
    -111.56227 43.622107
    -111.562259 43.622107
    -111.562078 43.62211
    -111.555032 43.622145
    -111.550243 43.622166
    -111.549976 43.622167
    -111.549942 43.622167
    -111.549927 43.622167
    -111.539763 43.622211
    -111.536945 43.622189
    -111.531701 43.622148
    -111.527995 43.62212
    -111.527884 43.622119
    -111.527792 43.622118
    -111.527738 43.622118
    -111.527721 43.622118
    -111.527454 43.622116
    -111.526572 43.622109
    -111.526366 43.622107
    -111.521052 43.622066
    -111.519333 43.622051
    -111.519321 43.622051
    -111.519305 43.622051
    -111.519289 43.622051
    -111.519281 43.622051
    -111.519268 43.62205
    -111.519002 43.622048
    -111.518608 43.622045
    -111.517377 43.622035
    -111.517263 43.622034
    -111.516849 43.622032
    -111.51684 43.622032
    -111.511408 43.622006
    -111.511388 43.622006
    -111.505719 43.621977
    -111.505641 43.621977
    -111.50562 43.621977
    -111.505608 43.621977
    -111.505596 43.621976
    -111.505555 43.621976
    -111.505504 43.621976
    -111.503821 43.621967
    -111.500666 43.621905
    -111.481904 43.621974
    -111.471047 43.621972
    -111.468574 43.62198
    -111.44549 43.621991
    -111.444018 43.621997
    -111.424751 43.622009
    -111.422922 43.622009
    -111.399915 43.622015
    -111.38677 43.622019
    -111.377199 43.622022
    -111.375044 43.62202
    -111.33437 43.621893
    -111.334364 43.621893
    -111.313059 43.621828
    -111.303128 43.621807
    -111.297818 43.621792
    -111.278106 43.621755
    -111.273119 43.621745
    -111.264165 43.621727
    -111.251527 43.621711
    -111.249875 43.62172
    -111.243885 43.621694
    -111.243789 43.621442
    -111.24371 43.621121
    -111.243344 43.620768
    -111.242598 43.620253
    -111.241932 43.620013
    -111.241361 43.619811
    -111.241178 43.619447
    -111.24092 43.618942
    -111.240497 43.61855
    -111.239962 43.618134
    -111.238427 43.617015
    -111.237984 43.616421
    -111.23777 43.615673
    -111.237424 43.614721
    -111.236317 43.613618
    -111.235479 43.613241
    -111.233792 43.612562
    -111.23358 43.612317
    -111.233198 43.611492
    -111.232743 43.611216
    -111.232688 43.61091
    -111.232324 43.610647
    -111.231363 43.609984
    -111.230737 43.609367
    -111.229322 43.608246
    -111.226777 43.606702
    -111.22613 43.606359
    -111.226082 43.605203
    -111.225901 43.60408
    -111.225894 43.603629
    -111.225566 43.603119
    -111.225938 43.602548
    -111.22676 43.601721
    -111.227388 43.600704
    -111.227562 43.600046
    -111.22734 43.599749
    -111.225894 43.598908
    -111.225121 43.598109
    -111.223653 43.597094
    -111.223345 43.596555
    -111.223517 43.596011
    -111.223592 43.595705
    -111.223678 43.595133
    -111.224205 43.59448
    -111.224753 43.593657
    -111.225169 43.59269
    -111.225396 43.591902
    -111.225591 43.591249
    -111.225756 43.59103
    -111.226099 43.590722
    -111.226385 43.590372
    -111.22634 43.59009
    -111.226106 43.589865
    -111.226017 43.589501
    -111.226046 43.588984
    -111.225704 43.588449
    -111.224951 43.587221
    -111.22418 43.586387
    -111.223425 43.585878
    -111.222996 43.585315
    -111.222804 43.584546
    -111.222554 43.582626
    -111.222412 43.581819
    -111.222166 43.581331
    -111.220833 43.580408
    -111.220458 43.580049
    -111.220243 43.57925
    -111.219993 43.578344
    -111.219201 43.577154
    -111.218821 43.576304
    -111.218118 43.575368
    -111.217199 43.574548
    -111.215957 43.574015
    -111.215368 43.573744
    -111.215572 43.573262
    -111.216158 43.571589
    -111.216718 43.569999
    -111.216831 43.56986
    -111.217044 43.569587
    -111.217808 43.569121
    -111.217907 43.568785
    -111.217891 43.568763
    -111.217664 43.56846
    -111.21723 43.56799
    -111.216114 43.567109
    -111.215486 43.565947
    -111.2154 43.565429
    -111.21533 43.564917
    -111.215328 43.564902
    -111.215284 43.564712
    -111.215301 43.564156
    -111.215383 43.563308
    -111.215398 43.56297
    -111.215399 43.562958
    -111.215419 43.562864
    -111.215142 43.562519
    -111.215066 43.561568
    -111.215248 43.560688
    -111.215253 43.560666
    -111.215264 43.560449
    -111.215977 43.559692
    -111.216884 43.559268
    -111.217055 43.559176
    -111.217812 43.558739
    -111.218015 43.55844
    -111.217912 43.558111
    -111.217401 43.557237
    -111.21687 43.556938
    -111.215693 43.556426
    -111.215131 43.556312
    -111.214691 43.556054
    -111.21441 43.55549
    -111.214261 43.555197
    -111.213886 43.554473
    -111.213775 43.554252
    -111.213382 43.553735
    -111.213084 43.553497
    -111.212935 43.552357
    -111.212396 43.551451
    -111.211474 43.550727
    -111.211274 43.550488
    -111.210993 43.55004
    -111.210791 43.549868
    -111.210354 43.549832
    -111.210131 43.549851
    -111.20987 43.549842
    -111.209768 43.549838
    -111.208993 43.549607
    -111.208493 43.549263
    -111.208379 43.548797
    -111.20896 43.548296
    -111.208975 43.548279
    -111.209253 43.547892
    -111.209144 43.54749
    -111.208961 43.547069
    -111.20897 43.546127
    -111.208529 43.545288
    -111.208099 43.545028
    -111.207897 43.544926
    -111.207888 43.544915
    -111.207832 43.544848
    -111.207539 43.543778
    -111.207367 43.543713
    -111.207279 43.54368
    -111.207256 43.54367
    -111.207187 43.543595
    -111.207074 43.543502
    -111.206965 43.543431
    -111.206542 43.54321
    -111.206365 43.543154
    -111.206187 43.543086
    -111.206035 43.54304
    -111.205931 43.543019
    -111.205833 43.542976
    -111.205705 43.542905
    -111.205567 43.542794
    -111.205462 43.542694
    -111.204339 43.542135
    -111.203662 43.541985
    -111.202841 43.541681
    -111.201662 43.540508
    -111.20111 43.540316
    -111.200912 43.540248
    -111.200196 43.540048
    -111.199633 43.539954
    -111.199111 43.539686
    -111.198499 43.539723
    -111.197755 43.540126
    -111.196861 43.539869
    -111.196118 43.539765
    -111.195184 43.539712
    -111.195003 43.539702
    -111.193177 43.53983
    -111.191451 43.540045
    -111.19098 43.54014
    -111.190671 43.539856
    -111.190133 43.539786
    -111.189653 43.539832
    -111.18947 43.539841
    -111.189464 43.539865
    -111.189439 43.539904
    -111.189213 43.539948
    -111.189036 43.539908
    -111.188948 43.539909
    -111.188865 43.539934
    -111.188211 43.540071
    -111.187548 43.540261
    -111.187446 43.540306
    -111.187353 43.540387
    -111.187279 43.540393
    -111.186998 43.54036
    -111.186808 43.540307
    -111.186693 43.540289
    -111.186569 43.540283
    -111.186462 43.540301
    -111.186082 43.540437
    -111.185991 43.540479
    -111.185819 43.540582
    -111.185588 43.540693
    -111.185513 43.540711
    -111.185332 43.540717
    -111.184944 43.540757
    -111.184812 43.540763
    -111.184771 43.540762
    -111.18459 43.540789
    -111.184458 43.540826
    -111.183515 43.541093
    -111.182609 43.541513
    -111.181662 43.541648
    -111.180379 43.541676
    -111.178447 43.541916
    -111.178262 43.541923
    -111.176984 43.541946
    -111.176584 43.541937
    -111.176508 43.541935
    -111.176471 43.541953
    -111.176243 43.542051
    -111.175292 43.54269
    -111.174767 43.543213
    -111.174723 43.543257
    -111.174448 43.543677
    -111.174483 43.544087
    -111.174308 43.544619
    -111.173945 43.545015
    -111.173809 43.545116
    -111.173338 43.545467
    -111.172545 43.546436
    -111.17216 43.547001
    -111.171874 43.5473
    -111.171464 43.547205
    -111.171109 43.546828
    -111.1702 43.546444
    -111.169402 43.546029
    -111.168449 43.545742
    -111.168072 43.54539
    -111.167482 43.544603
    -111.166584 43.544067
    -111.16562 43.543547
    -111.164602 43.543567
    -111.163641 43.544005
    -111.163177 43.544175
    -111.162933 43.543959
    -111.162081 43.543793
    -111.161327 43.543345
    -111.160363 43.543082
    -111.158669 43.542742
    -111.157739 43.542456
    -111.156322 43.542268
    -111.155748 43.542608
    -111.155328 43.54273
    -111.154486 43.542411
    -111.153136 43.542126
    -111.152384 43.542145
    -111.150648 43.542835
    -111.149246 43.543572
    -111.147976 43.544293
    -111.146561 43.544676
    -111.145523 43.545226
    -111.144454 43.546196
    -111.143504 43.546714
    -111.142818 43.546612
    -111.142231 43.546412
    -111.141865 43.546245
    -111.141907 43.545713
    -111.141806 43.545215
    -111.141195 43.544347
    -111.141016 43.543913
    -111.140515 43.54307
    -111.139039 43.541634
    -111.137343 43.540513
    -111.136767 43.540273
    -111.136057 43.539825
    -111.134339 43.538647
    -111.131577 43.536531
    -111.129959 43.535442
    -111.129303 43.534446
    -111.127961 43.533315
    -111.126564 43.532257
    -111.125776 43.531704
    -111.124885 43.531582
    -111.123961 43.531284
    -111.123302 43.530987
    -111.122543 43.530763
    -111.12187 43.530668
    -111.120675 43.530625
    -111.119843 43.530795
    -111.119122 43.530959
    -111.118777 43.531093
    -111.1179 43.530641
    -111.116658 43.530146
    -111.115723 43.529896
    -111.115137 43.529882
    -111.114762 43.529814
    -111.114236 43.529511
    -111.113864 43.529298
    -111.11349 43.529158
    -111.113315 43.529027
    -111.112882 43.528474
    -111.112646 43.527972
    -111.112344 43.527501
    -111.111778 43.526939
    -111.111427 43.526758
    -111.110528 43.526282
    -111.109869 43.526034
    -111.109111 43.525753
    -111.108471 43.525642
    -111.108066 43.525413
    -111.107672 43.525167
    -111.107299 43.524986
    -111.106726 43.524844
    -111.106151 43.524871
    -111.1054 43.524792
    -111.105095 43.524515
    -111.104821 43.524359
    -111.10446 43.524146
    -111.103368 43.523966
    -111.102606 43.523935
    -111.102339 43.524014
    -111.101945 43.523808
    -111.101351 43.523618
    -111.100788 43.523556
    -111.099839 43.523451
    -111.099454 43.523334
    -111.099089 43.523347
    -111.098522 43.523568
    -111.098139 43.523984
    -111.097865 43.524515
    -111.097412 43.524519
    -111.0964 43.524211
    -111.095862 43.523988
    -111.095615 43.523534
    -111.095298 43.523321
    -111.094891 43.523196
    -111.094358 43.523305
    -111.093839 43.523308
    -111.093078 43.523196
    -111.092043 43.522922
    -111.091206 43.522744
    -111.090481 43.522407
    -111.090067 43.522
    -111.089287 43.521726
    -111.08814 43.52153
    -111.086926 43.521406
    -111.085985 43.521495
    -111.085584 43.521693
    -111.08507 43.522043
    -111.084613 43.522233
    -111.084065 43.522672
    -111.083544 43.522732
    -111.082577 43.522392
    -111.082157 43.522364
    -111.081789 43.522594
    -111.081282 43.523123
    -111.080924 43.52341
    -111.080622 43.523601
    -111.079441 43.523542
    -111.078491 43.523476
    -111.077781 43.523615
    -111.077389 43.52391
    -111.077129 43.524271
    -111.076723 43.524784
    -111.076261 43.525288
    -111.075245 43.525901
    -111.074553 43.526338
    -111.074117 43.526617
    -111.073332 43.527287
    -111.073198 43.527367
    -111.072913 43.527195
    -111.072187 43.527002
    -111.071778 43.526999
    -111.071315 43.526922
    -111.070423 43.52672
    -111.069268 43.526338
    -111.068728 43.52622
    -111.06813 43.526279
    -111.067658 43.526113
    -111.06753 43.525805
    -111.067263 43.52527
    -111.066876 43.524572
    -111.066083 43.523766
    -111.066009 43.523531
    -111.065504 43.523309
    -111.064882 43.522851
    -111.064449 43.522274
    -111.063623 43.521411
    -111.062664 43.520627
    -111.061975 43.520128
    -111.061624 43.519996
    -111.061236 43.520048
    -111.060775 43.519891
    -111.06039 43.519734
    -111.060084 43.519562
    -111.059909 43.519398
    -111.059456 43.519346
    -111.058761 43.519299
    -111.058141 43.519326
    -111.057345 43.519326
    -111.057049 43.519195
    -111.056495 43.519247
    -111.056038 43.519501
    -111.055907 43.519419
    -111.056026 43.518911
    -111.056053 43.518589
    -111.055958 43.518338
    -111.056061 43.518113
    -111.056258 43.51759
    -111.056656 43.516907
    -111.057109 43.516274
    -111.057505 43.515705
    -111.057798 43.515401
    -111.057912 43.515184
    -111.058023 43.514482
    -111.058068 43.513748
    -111.058537 43.512848
    -111.058879 43.512181
    -111.059119 43.511755
    -111.059136 43.511352
    -111.058969 43.510761
    -111.058669 43.510235
    -111.058486 43.509926
    -111.058368 43.50974
    -111.058273 43.509464
    -111.058056 43.509196
    -111.0577 43.508684
    -111.056969 43.508104
    -111.056005 43.507627
    -111.055103 43.50732
    -111.05463 43.507211
    -111.054219 43.50732
    -111.053624 43.50725
    -111.053041 43.507058
    -111.052603 43.50682
    -111.052102 43.506396
    -111.051675 43.506117
    -111.051382 43.505816
    -111.051257 43.505387
    -111.051067 43.504836
    -111.050547 43.504202
    -111.04998 43.503753
    -111.04912 43.50301
    -111.048508 43.50256
    -111.048003 43.50241
    -111.047486 43.502244
    -111.046969 43.502086
    -111.046817 43.501947
    -111.046546 43.501638
    -111.046195 43.501457
    -111.045921 43.501317
    -111.045491 43.501135
    -111.045491 43.49991
    -111.045432 43.495148
    -111.045431 43.49509
    -111.045351 43.488585
    -111.045383 43.484566
    -111.045321 43.464677
    -111.045319 43.463936
    -111.045258 43.44356
    -111.045198 43.428051
    -111.045197 43.420757
    -111.045142 43.403457
    -111.045108 43.392614
    -111.04506 43.375125
    -111.044821 43.371875
    -111.044769 43.360649
    -111.044761 43.35788
    -111.04469 43.338417
    -111.044682 43.335813
    -111.044644 43.324073
    -111.044628 43.319024
    -111.044617 43.31572
    -111.044453 43.2659
    -111.044452 43.26577
    -111.044375 43.249915
    -111.04412 43.247071
    -111.04412 43.246856
    -111.04413 43.246363
    -111.04413 43.24631
    -111.04414 43.245154
    -111.044137 43.240009
    -111.044153 43.230041
    -111.044153 43.225032
    -111.044121 43.218329
    -111.044098 43.215149
    -111.044101 43.213032
    -111.044086 43.202386
    -111.04408 43.200576
    -111.044082 43.198056
    -111.044081 43.195853
    -111.04408 43.195744
    -111.044085 43.195725
    -111.044129 43.195689
    -111.044081 43.195268
    -111.044066 43.194177
    -111.044053 43.19322
    -111.044063 43.190726
    -111.044058 43.189784
    -111.044055 43.189271
    -111.044042 43.184819
    -111.04404 43.184295
    -111.044029 43.180672
    -111.044014 43.180635
    -111.044056 43.178759
    -111.044054 43.177848
    -111.044052 43.177259
    -111.044046 43.177179
    -111.044026 43.177117
    -111.044013 43.177099
    -111.04402 43.177017
    -111.044011 43.176516
    -111.044011 43.175888
    -111.044011 43.175261
    -111.044011 43.174975
    -111.044011 43.174688
    -111.044011 43.174358
    -111.044011 43.17409
    -111.044011 43.174028
    -111.04401 43.173822
    -111.04401 43.173617
    -111.04401 43.17348
    -111.04401 43.173343
    -111.04401 43.173124
    -111.044009 43.172906
    -111.044007 43.171287
    -111.044005 43.169668
    -111.044008 43.169422
    -111.044012 43.169175
    -111.044004 43.166792
    -111.043996 43.16441
    -111.043996 43.164292
    -111.043991 43.160959
    -111.043993 43.160762
    -111.043983 43.156532
    -111.043983 43.156359
    -111.043974 43.152775
    -111.043976 43.152376
    -111.043976 43.151844
    -111.043975 43.151311
    -111.043974 43.1505
    -111.043974 43.149689
    -111.04397 43.147914
    -111.043966 43.146138
    -111.043968 43.14554
    -111.043969 43.144942
    -111.043969 43.144874
    -111.043969 43.144807
    -111.043969 43.144751
    -111.043969 43.144695
    -111.043968 43.144438
    -111.043968 43.144182
    -111.043968 43.143849
    -111.043967 43.143515
    -111.043958 43.142794
    -111.043966 43.139016
    -111.043966 43.138215
    -111.044007 43.129683
    -111.044006 43.129344
    -111.044001 43.124806
    -111.043983 43.121347
    -111.043937 43.112245
    -111.043938 43.111631
    -111.043945 43.108038
    -111.043945 43.107987
    -111.043941 43.107867
    -111.043944 43.107753
    -111.043944 43.107718
    -111.043944 43.103214
    -111.043944 43.103174
    -111.043944 43.103084
    -111.043944 43.103018
    -111.043938 43.102005
    -111.043946 43.09663
    -111.043946 43.096557
    -111.043948 43.096499
    -111.04395 43.096441
    -111.043957 43.096244
    -111.043956 43.09565
    -111.043989 43.093911
    -111.044001 43.092984
    -111.044002 43.092886
    -111.044004 43.092787
    -111.044004 43.092712
    -111.044003 43.092636
    -111.044006 43.091382
    -111.044008 43.090737
    -111.044015 43.090616
    -111.044015 43.090468
    -111.04401 43.090104
    -111.04401 43.089591
    -111.044014 43.088525
    -111.044021 43.086707
    -111.044087 43.083567
    -111.044088 43.083522
    -111.044121 43.081833
    -111.04413 43.081407
    -111.044125 43.081213
    -111.044106 43.07768
    -111.044 43.074934
    -111.044001 43.073627
    -111.044 43.072343
    -111.044016 43.072121
    -111.044017 43.072121
    -111.044019 43.072117
    -111.044034 43.071914
    -111.044047 43.071218
    -111.04404 43.070139
    -111.044032 43.069917
    -111.04404 43.069525
    -111.044032 43.068755
    -111.044041 43.067849
    -111.04407 43.064789
    -111.044076 43.064211
    -111.044075 43.062006
    -111.044052 43.060836
    -111.044054 43.060071
    -111.044056 43.059439
    -111.044058 43.058723
    -111.044061 43.057578
    -111.044058 43.057256
    -111.044036 43.05483
    -111.044036 43.054807
    -111.044015 43.053535
    -111.044011 43.053327
    -111.044011 43.053197
    -111.044003 43.047293
    -111.04403 43.046214
    -111.044031 43.046116
    -111.044044 43.044913
    -111.044048 43.044544
    -111.044058 43.043995
    -111.044043 43.041085
    -111.044053 43.040142
    -111.044052 43.040119
    -111.044039 43.039243
    -111.044033 43.037334
    -111.044034 43.037033
    -111.044052 43.033791
    -111.044046 43.03222
    -111.044054 43.02927
    -111.044055 43.029052
    -111.044059 43.026411
    -111.044059 43.026219
    -111.044064 43.02559
    -111.044056 43.025065
    -111.044052 43.024788
    -111.044052 43.024581
    -111.044051 43.023452
    -111.044074 43.022982
    -111.044196 43.022122
    -111.044154 43.020052
    -111.044222 43.020048
    -111.044269 43.020046
    -111.047023 43.019923
    -111.047034 43.019923
    -111.047121 43.019919
    -111.047157 43.019917
    -111.047179 43.019916
    -111.05027 43.019778
    -111.05034 43.019815
    -111.050348 43.019819
    -111.072371 43.01939
    -111.088555 43.019812
    -111.102921 43.019391
    -111.103209 43.019384
    -111.103534 43.019384
    -111.109316 43.019374
    -111.109462 43.019374
    -111.1096 43.019374
    -111.109924 43.019373
    -111.110213 43.019372
    -111.110532 43.019371
    -111.110829 43.01937
    -111.111143 43.019369
    -111.111446 43.019368
    -111.113207 43.019364
    -111.11332 43.019363
    -111.113334 43.019363
    -111.113342 43.019363
    -111.113352 43.019363
    -111.113359 43.019363
    -111.113366 43.019363
    -111.113375 43.019362
    -111.120212 43.019319
    -111.120977 43.019314
    -111.121039 43.019314
    -111.121113 43.019314
    -111.121266 43.019313
    -111.121376 43.019312
    -111.122979 43.019302
    -111.125774 43.019284
    -111.138859 43.019285
    -111.155772 43.019287
    -111.185058 43.019291
    -111.186431 43.019291
    -111.189139 43.019292
    -111.21 43.019296
    -111.233543 43.019501
    -111.235462 43.019516
    -111.235462 43.019531
    -111.235435 43.02051
    -111.235421 43.020606
    -111.242444 43.020611
    -111.250775 43.020616
    -111.252763 43.020611
    -111.28416 43.020525
    -111.291709 43.020504
    -111.301422 43.020478
    -111.302311 43.020476
    -111.304206 43.020471
    -111.304631 43.02047
    -111.304651 43.02047
    -111.304668 43.02047
    -111.304675 43.020469
    -111.304717 43.020469
    -111.304771 43.020469
    -111.304816 43.020469
    -111.31106 43.020452
    -111.317411 43.020435
    -111.317978 43.020433
    -111.324514 43.020518
    -111.330492 43.020596
    -111.331085 43.020597
    -111.333444 43.020599
    -111.333969 43.020604
    -111.334719 43.020611
    -111.336388 43.020628
    -111.339349 43.020658
    -111.353769 43.020999
    -111.353813 43.021
    -111.353866 43.021
    -111.354379 43.020999
    -111.354522 43.020999
    -111.354533 43.020999
    -111.354581 43.020999
    -111.368698 43.021132
    -111.368861 43.021126
    -111.369961 43.021128
    -111.370393 43.021145
    -111.370694 43.021138
    -111.37098 43.021149
    -111.371273 43.021148
    -111.371526 43.021159
    -111.371747 43.021198
    -111.375178 43.021235
    -111.383196 43.021265
    -111.402216 43.02103
    -111.402576 43.021026
    -111.402607 43.021029
    -111.402817 43.021024
    -111.404116 43.021004
    -111.404528 43.020998
    -111.405936 43.020992
    -111.408389 43.020931
    -111.40879 43.020917
    -111.409285 43.020905
    -111.412073 43.020845
    -111.412287 43.020846
    -111.413956 43.020857
    -111.418426 43.020853
    -111.418665 43.020853
    -111.418904 43.020853
    -111.42078 43.020851
    -111.420902 43.020851
    -111.421025 43.020851
    -111.424964 43.020847
    -111.42503 43.020847
    -111.425127 43.020845
    -111.425546 43.020841
    -111.426533 43.020829
    -111.426956 43.020824
    -111.427378 43.020818
    -111.428334 43.020806
    -111.432207 43.020769
    -111.432285 43.020768
    -111.432509 43.020766
    -111.432646 43.020765
    -111.432733 43.020764
    -111.44185 43.020673
    -111.441939 43.020672
    -111.441975 43.020672
    -111.442077 43.020671
    -111.44221 43.02067
    -111.442249 43.02067
    -111.44226 43.02067
    -111.442274 43.02067
    -111.442392 43.02067
    -111.442462 43.02067
    -111.442504 43.02067
    -111.442675 43.020669
    -111.442966 43.020665
    -111.470569 43.020332
    -111.498196 43.019998
    -111.498272 43.019996
    -111.50078 43.019928
    -111.502736 43.01993
    -111.510967 43.019943
    -111.510974 43.019943
    -111.519211 43.019956
    -111.519353 43.019956
    -111.523429 43.019962
    -111.523775 43.019963
    -111.524283 43.019964
    -111.524395 43.019964
    -111.52451 43.019964
    -111.525236 43.019965
    -111.525253 43.019965
    -111.525583 43.019965
    -111.526351 43.019966
    -111.528574 43.01997
    -111.533227 43.01998
    -111.533982 43.019984
    -111.534222 43.019973
    -111.534696 43.019978
    -111.536094 43.019962
    -111.539676 43.019966
    -111.551431 43.019977
    -111.551466 43.019977
    -111.562758 43.019988
    -111.562994 43.019988
    -111.563324 43.019988
    -111.563506 43.019988
    -111.563558 43.019989
    -111.563609 43.019989
    -111.563701 43.019989
    -111.564643 43.01999
    -111.567229 43.019993
    -111.568207 43.019994
    -111.568492 43.019994
    -111.571722 43.019999
    -111.578223 43.020006
    -111.578465 43.020006
    -111.578555 43.020006
    -111.589516 43.020052
    -111.589615 43.020052
    -111.589615 43.020116
    -111.58962 43.024994
    -111.589622 43.027568
    -111.589628 43.032503
    -111.589629 43.032871
    -111.589628 43.033633
    -111.58963 43.034395
    -111.589626 43.040026
    -111.589646 43.047147
    -111.589648 43.049093
    -111.589651 43.05104
    -111.589652 43.05232
    -111.589654 43.0536
    -111.589656 43.055718
    -111.589659 43.057835
    -111.58966 43.058606
    -111.58967 43.06607
    -111.589679 43.073534
    -111.589682 43.075672
    -111.589685 43.07781
    -111.58969 43.082109
    -111.589696 43.086408
    -111.589698 43.086561
    -111.589593 43.087048
    -111.589579 43.087387
    -111.589579 43.087388
    -111.589571 43.08768
    -111.589567 43.089973
    -111.589546 43.107029
    -111.589548 43.107729
    -111.58954 43.113691
    -111.589535 43.117445
    -111.58953 43.124767
    -111.589518 43.12887
    -111.589509 43.132991
    -111.589519 43.133063
    -111.5895 43.135626
    -111.589492 43.138503
    -111.589492 43.138876
    -111.589496 43.139428
    -111.589505 43.141383
    -111.589532 43.145602
    -111.589566 43.151034
    -111.589592 43.15516
    -111.58964 43.161934
    -111.589649 43.163019
    -111.589672 43.166763
    -111.58969 43.169202
    -111.589702 43.1705
    -111.589717 43.17257
    -111.589722 43.173164
    -111.589732 43.174329
    -111.589735 43.174618
    -111.589686 43.182632
    -111.589686 43.185409
    -111.589686 43.186384
    -111.589687 43.187951
    -111.58969 43.194667
    -111.58969 43.194734
    -111.589566 43.194733
    -111.588423 43.194743
    -111.588437 43.195021
    -111.588434 43.195166
    -111.588432 43.19531
    -111.588424 43.195831
    -111.588422 43.195928
    -111.588421 43.196026
    -111.588419 43.196118
    -111.588418 43.196152
    -111.588412 43.196588
    -111.588407 43.197025
    -111.588365 43.19987
    -111.588346 43.202426
    -111.588342 43.202625
    -111.588262 43.21467
    -111.588153 43.226657
    -111.588152 43.227151
    -111.588137 43.23128
    -111.588138 43.231863
    -111.588122 43.233415
    -111.588039 43.240157
    -111.588032 43.240619
    -111.588033 43.240867
    -111.588032 43.241262
    -111.588045 43.244502
    -111.587905 43.24994
    -111.587883 43.251809
    -111.587864 43.260819
    -111.587854 43.267798
    -111.587848 43.26995
    -111.587843 43.272102
    -111.587835 43.275593
    -111.587826 43.279084
    -111.587795 43.28163
    -111.588008 43.281632
    -111.595029 43.281688
    -111.595189 43.281689
    -111.599296 43.28161
    -111.603482 43.281532
    -111.603591 43.28153
    -111.60366 43.281527
    -111.60384 43.281525
    -111.605849 43.28151
    -111.60786 43.281497
    -111.610682 43.281478
    -111.610721 43.28148
    -111.625785 43.282192
    -111.630671 43.282191
    -111.647138 43.282193
    -111.647139 43.282193
    -111.647348 43.282193
    -111.647558 43.282193
    -111.655615 43.282195
    -111.655667 43.282195
    -111.657065 43.282196
    -111.658463 43.282196
    -111.659987 43.282198
    -111.66429 43.282194
    -111.667323 43.282203
    -111.668139 43.282205
    -111.676421 43.28219
    -111.678011 43.282192
    -111.686578 43.282207
    -111.68705 43.282207
    -111.688599 43.282208
    -111.699907 43.282216
    -111.701538 43.282221
    -111.701671 43.282222
    -111.705283 43.282233
    -111.705798 43.282232
    -111.719137 43.282215
    -111.719941 43.282217
    -111.730539 43.282154
    -111.750823 43.282301
    -111.752345 43.282304
    -111.760301 43.282318
    -111.762354 43.282322
    -111.774313 43.282344
    -111.775324 43.282347
    -111.779487 43.282336
    -111.791079 43.282299
    -111.79529 43.282286
    -111.797367 43.28228
    -111.803469 43.282258
    -111.812663 43.282224
    -111.817132 43.282207
    -111.822586 43.2822
    -111.822742 43.2822
    -111.822729 43.288911
    -111.822736 43.289638
    -111.822715 43.296468
    -111.822714 43.296806
    -111.82271 43.299914
    -111.822687 43.31694
    -111.822689 43.319717
    -111.822671 43.320656
    -111.822667 43.323702
    -111.822665 43.324779
    -111.822657 43.328852
    -111.82265 43.332621
    -111.822636 43.340008
    -111.822635 43.340374
    -111.822633 43.341444
    -111.8226 43.349188
    -111.822599 43.349387
    -111.822588 43.352598
    -111.822579 43.355043
    -111.822588 43.364894
    -111.822589 43.366135
    -111.824121 43.366123
    -111.824165 43.366123
    -111.824196 43.366123
    -111.824341 43.366121
    -111.827214 43.366123
    -111.835059 43.366122
    -111.838271 43.366124
    -111.84801 43.366121
    -111.850441 43.366121
END
END
