16025 Camas County
1
    -114.831537 43.791985
    -114.831563 43.791756
    -114.831409 43.790636
    -114.829932 43.789499
    -114.828915 43.788027
    -114.826685 43.788497
    -114.824593 43.789621
    -114.822798 43.790979
    -114.821457 43.792445
    -114.819915 43.794047
    -114.818341 43.795528
    -114.817098 43.796156
    -114.816475 43.797127
    -114.815627 43.798346
    -114.813377 43.798607
    -114.811278 43.799246
    -114.809053 43.799305
    -114.807287 43.800068
    -114.804715 43.800334
    -114.802979 43.800347
    -114.801713 43.801177
    -114.800538 43.8027
    -114.799574 43.802404
    -114.797842 43.80212
    -114.796883 43.802347
    -114.795672 43.802203
    -114.794966 43.801731
    -114.793175 43.801768
    -114.790566 43.802259
    -114.788282 43.802607
    -114.78698 43.802656
    -114.784633 43.801626
    -114.783101 43.800553
    -114.781623 43.800399
    -114.780475 43.800633
    -114.779663 43.799693
    -114.779133 43.798514
    -114.778536 43.797302
    -114.77806 43.79622
    -114.777217 43.795159
    -114.776118 43.794097
    -114.776184 43.793227
    -114.775422 43.792828
    -114.774937 43.792502
    -114.772639 43.793076
    -114.770364 43.793568
    -114.76802 43.793392
    -114.765529 43.793368
    -114.763763 43.792856
    -114.76277 43.792569
    -114.760244 43.791739
    -114.758511 43.793371
    -114.757512 43.794976
    -114.756703 43.796477
    -114.756057 43.798269
    -114.755438 43.799714
    -114.755093 43.800638
    -114.752883 43.801268
    -114.750899 43.801102
    -114.74984 43.801328
    -114.749038 43.801672
    -114.748189 43.802323
    -114.747287 43.802652
    -114.746505 43.803407
    -114.745333 43.804122
    -114.744096 43.804756
    -114.742961 43.804963
    -114.74258 43.805446
    -114.74231 43.806081
    -114.741017 43.806619
    -114.739503 43.806913
    -114.738482 43.80667
    -114.737695 43.806144
    -114.737075 43.805724
    -114.735738 43.806172
    -114.734402 43.80654
    -114.73273 43.807221
    -114.731361 43.807396
    -114.730249 43.807466
    -114.729817 43.807094
    -114.729218 43.806819
    -114.728376 43.80635
    -114.726953 43.806121
    -114.725464 43.806013
    -114.724708 43.805891
    -114.72288 43.806781
    -114.722018 43.807689
    -114.721204 43.808163
    -114.721052 43.809363
    -114.720232 43.810803
    -114.719685 43.813226
    -114.719464 43.814846
    -114.718217 43.815069
    -114.717392 43.815228
    -114.717148 43.815276
    -114.716158 43.815459
    -114.715803 43.815184
    -114.714849 43.814844
    -114.714352 43.814174
    -114.713458 43.813028
    -114.712374 43.812123
    -114.710967 43.811266
    -114.70942 43.809667
    -114.708068 43.808858
    -114.706559 43.808371
    -114.706016 43.80804
    -114.705149 43.807989
    -114.704438 43.807786
    -114.703897 43.807197
    -114.702746 43.806372
    -114.701864 43.805089
    -114.700974 43.803402
    -114.70026 43.801701
    -114.699565 43.800869
    -114.699005 43.799764
    -114.698724 43.798418
    -114.698522 43.796855
    -114.698341 43.79567
    -114.698105 43.794195
    -114.697655 43.793268
    -114.696902 43.792718
    -114.696019 43.79179
    -114.695446 43.790886
    -114.694809 43.789684
    -114.693828 43.788352
    -114.693325 43.787046
    -114.692979 43.785482
    -114.692617 43.784652
    -114.692723 43.783677
    -114.693754 43.782391
    -114.693896 43.78192
    -114.694242 43.780773
    -114.69452 43.778937
    -114.695319 43.777287
    -114.695654 43.77533
    -114.694824 43.774643
    -114.693574 43.77373
    -114.693474 43.771893
    -114.692828 43.770449
    -114.691877 43.769601
    -114.691473 43.768496
    -114.689506 43.766768
    -114.689097 43.766493
    -114.689279 43.76572
    -114.689115 43.765381
    -114.689396 43.764898
    -114.68911 43.764342
    -114.68878 43.763616
    -114.689033 43.762327
    -114.689419 43.761048
    -114.689939 43.759583
    -114.69025 43.757755
    -114.690355 43.756998
    -114.69067 43.756427
    -114.690621 43.755387
    -114.690837 43.75459
    -114.690679 43.753083
    -114.690731 43.751988
    -114.690844 43.751608
    -114.690118 43.750487
    -114.689544 43.749903
    -114.68867 43.749193
    -114.688336 43.749016
    -114.687679 43.748477
    -114.687556 43.748139
    -114.687277 43.747833
    -114.686843 43.747423
    -114.68484 43.746018
    -114.684773 43.745825
    -114.683982 43.745173
    -114.683804 43.74494
    -114.683492 43.744691
    -114.683102 43.744127
    -114.682935 43.743902
    -114.682445 43.743597
    -114.682301 43.743452
    -114.682011 43.743154
    -114.681766 43.742945
    -114.680932 43.742608
    -114.680277 43.742497
    -114.679988 43.74253
    -114.677571 43.744058
    -114.677094 43.744244
    -114.67644 43.744584
    -114.676096 43.744593
    -114.675295 43.744368
    -114.674429 43.744249
    -114.674029 43.744258
    -114.673607 43.744227
    -114.673296 43.744195
    -114.672153 43.744681
    -114.671842 43.744706
    -114.67162 43.74465
    -114.670409 43.744289
    -114.66962 43.744178
    -114.669218 43.74384
    -114.668572 43.74289
    -114.668393 43.742576
    -114.667457 43.741385
    -114.667123 43.741168
    -114.667167 43.740951
    -114.666633 43.740258
    -114.666174 43.739034
    -114.666284 43.73872
    -114.666328 43.738373
    -114.666283 43.73801
    -114.666471 43.737921
    -114.667069 43.73738
    -114.667258 43.737138
    -114.669681 43.73403
    -114.671333 43.732915
    -114.671787 43.732535
    -114.672131 43.732341
    -114.674191 43.730467
    -114.674391 43.730346
    -114.674801 43.730103
    -114.675023 43.729764
    -114.675187 43.72928
    -114.675141 43.728473
    -114.675106 43.727861
    -114.675205 43.727474
    -114.675304 43.727176
    -114.676333 43.725844
    -114.67671 43.725464
    -114.677398 43.725334
    -114.678252 43.725026
    -114.67874 43.724823
    -114.679095 43.724597
    -114.679327 43.724314
    -114.67956 43.724233
    -114.680059 43.724152
    -114.680147 43.723821
    -114.680423 43.723006
    -114.680433 43.722732
    -114.680188 43.722338
    -114.679931 43.721766
    -114.679941 43.721347
    -114.680039 43.720879
    -114.680061 43.720718
    -114.680038 43.720307
    -114.680002 43.719566
    -114.680091 43.719364
    -114.680412 43.719009
    -114.680588 43.718766
    -114.681548 43.716443
    -114.681603 43.716201
    -114.681535 43.715871
    -114.681489 43.715387
    -114.681739 43.71334
    -114.681892 43.712638
    -114.681679 43.71201
    -114.681444 43.711317
    -114.68143 43.710503
    -114.681552 43.710358
    -114.68164 43.710237
    -114.681716 43.70964
    -114.681805 43.709463
    -114.682015 43.709237
    -114.682103 43.708954
    -114.682124 43.708592
    -114.682045 43.708229
    -114.681744 43.707496
    -114.681632 43.707319
    -114.681598 43.706981
    -114.681383 43.705571
    -114.681204 43.705095
    -114.679723 43.703188
    -114.678788 43.702263
    -114.678377 43.702079
    -114.677854 43.701596
    -114.677565 43.701403
    -114.677332 43.701283
    -114.677264 43.701001
    -114.677262 43.70013
    -114.677228 43.699913
    -114.676759 43.698777
    -114.676436 43.698391
    -114.676291 43.698174
    -114.676257 43.697996
    -114.676468 43.697843
    -114.676667 43.697754
    -114.677698 43.697421
    -114.678086 43.697211
    -114.679272 43.69658
    -114.680191 43.69599
    -114.680734 43.695545
    -114.680933 43.695271
    -114.681354 43.69502
    -114.682517 43.694373
    -114.683116 43.69421
    -114.683714 43.694088
    -114.684866 43.693223
    -114.685154 43.69315
    -114.686329 43.692551
    -114.686683 43.692244
    -114.686948 43.691954
    -114.687225 43.691647
    -114.687435 43.691429
    -114.687557 43.691227
    -114.687611 43.690888
    -114.687377 43.690349
    -114.68722 43.689986
    -114.687153 43.689745
    -114.686942 43.689568
    -114.686841 43.689359
    -114.686796 43.688972
    -114.687215 43.688366
    -114.687832 43.686793
    -114.688052 43.686019
    -114.687815 43.684674
    -114.687467 43.683441
    -114.686922 43.682798
    -114.686032 43.682122
    -114.685998 43.681897
    -114.684998 43.681351
    -114.68493 43.680754
    -114.684507 43.680199
    -114.683681 43.678307
    -114.683257 43.677735
    -114.683034 43.677075
    -114.682499 43.676471
    -114.682277 43.676295
    -114.682054 43.675836
    -114.680432 43.674847
    -114.679132 43.674197
    -114.679132 43.674076
    -114.679539 43.673108
    -114.679561 43.672858
    -114.679325 43.671924
    -114.67909 43.671272
    -114.679167 43.671054
    -114.679389 43.670852
    -114.679155 43.670546
    -114.67922 43.670054
    -114.679553 43.669965
    -114.679652 43.669731
    -114.678197 43.669242
    -114.677531 43.668953
    -114.675888 43.668513
    -114.675444 43.668418
    -114.674491 43.66875
    -114.673483 43.668986
    -114.671043 43.669055
    -114.670387 43.669
    -114.669677 43.668937
    -114.668589 43.668697
    -114.668555 43.668254
    -114.668144 43.668005
    -114.668032 43.667529
    -114.667699 43.667337
    -114.667564 43.666926
    -114.666986 43.666346
    -114.666853 43.666226
    -114.666841 43.665807
    -114.66665 43.665122
    -114.666426 43.664381
    -114.66606 43.664003
    -114.665815 43.663737
    -114.665326 43.663537
    -114.664271 43.662692
    -114.664025 43.662233
    -114.662725 43.661317
    -114.662492 43.661092
    -114.662291 43.660496
    -114.662311 43.659706
    -114.66253 43.658714
    -114.66264 43.658061
    -114.662593 43.657279
    -114.662359 43.656764
    -114.662103 43.656337
    -114.661991 43.656007
    -114.661602 43.655709
    -114.661225 43.655638
    -114.661191 43.655412
    -114.662275 43.654169
    -114.662383 43.653209
    -114.662925 43.65241
    -114.663002 43.652064
    -114.663177 43.651185
    -114.66312 43.650766
    -114.663164 43.650483
    -114.662985 43.649734
    -114.662662 43.649292
    -114.66296 43.648719
    -114.663147 43.648388
    -114.663024 43.647905
    -114.663499 43.647299
    -114.663743 43.647081
    -114.663775 43.646662
    -114.663684 43.645759
    -114.663527 43.64522
    -114.663283 43.644857
    -114.66306 43.644624
    -114.662772 43.644536
    -114.66307 43.644261
    -114.663979 43.643873
    -114.66471 43.643783
    -114.66584 43.643321
    -114.669856 43.640291
    -114.672418 43.636506
    -114.671461 43.635089
    -114.671216 43.634501
    -114.671122 43.632825
    -114.66991 43.631352
    -114.669631 43.630667
    -114.669509 43.630442
    -114.669031 43.629992
    -114.668831 43.629645
    -114.668752 43.629436
    -114.669195 43.629008
    -114.66999 43.628015
    -114.670344 43.627579
    -114.670808 43.627127
    -114.671073 43.626643
    -114.671292 43.625812
    -114.671057 43.624903
    -114.670872 43.624166
    -114.671527 43.623414
    -114.672285 43.622526
    -114.672658 43.621409
    -114.672937 43.620582
    -114.674033 43.620695
    -114.675557 43.620473
    -114.676438 43.619457
    -114.677672 43.617903
    -114.678264 43.616949
    -114.678948 43.616471
    -114.679 43.61532
    -114.679484 43.61418
    -114.680428 43.613414
    -114.680953 43.612475
    -114.681524 43.61074
    -114.681897 43.609647
    -114.681928 43.608359
    -114.681205 43.607113
    -114.6812 43.605365
    -114.680704 43.603775
    -114.680565 43.602719
    -114.681166 43.601225
    -114.681983 43.599339
    -114.682406 43.597159
    -114.682688 43.595445
    -114.682893 43.594565
    -114.682914 43.594476
    -114.682986 43.594166
    -114.682918 43.593078
    -114.682908 43.592984
    -114.682851 43.592437
    -114.682841 43.592343
    -114.68277 43.591668
    -114.682225 43.590431
    -114.680395 43.591126
    -114.678711 43.591775
    -114.677011 43.591988
    -114.674555 43.593048
    -114.671283 43.59308
    -114.668957 43.593602
    -114.667753 43.594036
    -114.665942 43.594247
    -114.664434 43.594252
    -114.66304 43.594757
    -114.661979 43.594563
    -114.660826 43.593854
    -114.659635 43.593498
    -114.658887 43.59313
    -114.656889 43.593219
    -114.654457 43.593491
    -114.651846 43.59314
    -114.650568 43.591978
    -114.64945 43.590512
    -114.648002 43.58893
    -114.647534 43.587654
    -114.646862 43.586722
    -114.645177 43.586041
    -114.644163 43.584373
    -114.642463 43.583224
    -114.642625 43.582187
    -114.642456 43.581654
    -114.642726 43.58073
    -114.642542 43.579826
    -114.641972 43.578734
    -114.641726 43.578217
    -114.640427 43.577659
    -114.638731 43.57705
    -114.637803 43.576833
    -114.637039 43.57615
    -114.636875 43.576004
    -114.636479 43.575123
    -114.636218 43.574146
    -114.635586 43.573497
    -114.633845 43.573572
    -114.632354 43.573947
    -114.630438 43.574503
    -114.628177 43.574526
    -114.626946 43.574524
    -114.625892 43.574627
    -114.624077 43.575302
    -114.623323 43.57536
    -114.622115 43.57533
    -114.621393 43.574913
    -114.620792 43.57431
    -114.620479 43.573376
    -114.618356 43.571519
    -114.616986 43.569451
    -114.613658 43.5687
    -114.612339 43.568606
    -114.611673 43.568382
    -114.611217 43.56781
    -114.610683 43.567239
    -114.61067 43.566756
    -114.61099 43.5662
    -114.611077 43.565748
    -114.611031 43.565193
    -114.610168 43.565629
    -114.609637 43.56588
    -114.608995 43.566066
    -114.608297 43.566116
    -114.607265 43.565812
    -114.6067 43.565933
    -114.60628 43.566208
    -114.604784 43.566549
    -114.604552 43.566638
    -114.603057 43.567132
    -114.602725 43.567302
    -114.602337 43.567431
    -114.601261 43.567167
    -114.601057 43.566793
    -114.600941 43.566581
    -114.600869 43.566448
    -114.600737 43.566205
    -114.600001 43.564849
    -114.599269 43.564746
    -114.598282 43.564546
    -114.597617 43.56433
    -114.595742 43.563914
    -114.595542 43.563544
    -114.595076 43.563295
    -114.594577 43.563247
    -114.594178 43.563176
    -114.593833 43.562846
    -114.593221 43.561832
    -114.592604 43.561445
    -114.592527 43.561395
    -114.591308 43.560611
    -114.590904 43.560345
    -114.590856 43.560313
    -114.590103 43.560346
    -114.589726 43.560364
    -114.589537 43.560364
    -114.58916 43.560252
    -114.587528 43.559118
    -114.586574 43.558902
    -114.58706 43.55812
    -114.587719 43.555944
    -114.588284 43.555742
    -114.588759 43.555508
    -114.588881 43.555306
    -114.589165 43.553992
    -114.589174 43.553219
    -114.588872 43.552197
    -114.587518 43.551288
    -114.586487 43.550952
    -114.585055 43.549963
    -114.585308 43.549552
    -114.585983 43.54918
    -114.587329 43.548653
    -114.587641 43.548531
    -114.587677 43.548517
    -114.587854 43.548431
    -114.58807 43.548327
    -114.588148 43.54829
    -114.58833 43.548202
    -114.58855 43.548052
    -114.590442 43.546757
    -114.590962 43.546466
    -114.590969 43.544814
    -114.591687 43.544241
    -114.591875 43.544015
    -114.592115 43.54267
    -114.592501 43.542008
    -114.592789 43.541758
    -114.593209 43.541468
    -114.593495 43.540686
    -114.593914 43.53992
    -114.593978 43.53917
    -114.594387 43.538864
    -114.594442 43.538719
    -114.594486 43.538501
    -114.594961 43.537993
    -114.595104 43.537783
    -114.59509 43.536784
    -114.594679 43.536326
    -114.594664 43.534924
    -114.595492 43.533722
    -114.59611 43.53298
    -114.596031 43.532634
    -114.595651 43.531217
    -114.594276 43.530728
    -114.593698 43.530189
    -114.59341 43.530004
    -114.592179 43.529765
    -114.591802 43.529556
    -114.59138 43.529234
    -114.589641 43.529245
    -114.589286 43.529093
    -114.588407 43.527966
    -114.58681 43.527034
    -114.586499 43.526898
    -114.584492 43.525967
    -114.583761 43.525863
    -114.582353 43.525446
    -114.582131 43.525213
    -114.582086 43.524939
    -114.581489 43.524366
    -114.580864 43.523765
    -114.580287 43.523355
    -114.580064 43.522687
    -114.579608 43.521777
    -114.579274 43.521359
    -114.578939 43.520103
    -114.579093 43.519861
    -114.579613 43.51961
    -114.580045 43.5194
    -114.58052 43.519085
    -114.580829 43.518682
    -114.580939 43.518239
    -114.580837 43.517353
    -114.580457 43.516298
    -114.579847 43.515824
    -114.579348 43.515615
    -114.577808 43.5154
    -114.577454 43.51528
    -114.576044 43.514211
    -114.575811 43.51384
    -114.575456 43.513543
    -114.574877 43.512408
    -114.574644 43.512078
    -114.573591 43.511749
    -114.57338 43.511476
    -114.573258 43.511323
    -114.572781 43.510993
    -114.572425 43.510366
    -114.572058 43.509706
    -114.571348 43.509296
    -114.571015 43.509006
    -114.570937 43.5087
    -114.571057 43.507951
    -114.570678 43.506953
    -114.569912 43.506269
    -114.569402 43.506117
    -114.569191 43.50594
    -114.568735 43.504998
    -114.568191 43.504548
    -114.56777 43.50446
    -114.566109 43.504438
    -114.565655 43.50443
    -114.564657 43.503691
    -114.564169 43.503506
    -114.563515 43.502992
    -114.562994 43.502735
    -114.562606 43.502606
    -114.56244 43.502413
    -114.562537 43.501551
    -114.56238 43.500625
    -114.562746 43.499903
    -114.559551 43.498324
    -114.55885 43.498159
    -114.557082 43.497741
    -114.555623 43.497129
    -114.55425 43.496554
    -114.553719 43.496522
    -114.552374 43.496443
    -114.549903 43.496196
    -114.547062 43.496449
    -114.543441 43.496866
    -114.542118 43.496088
    -114.539476 43.494097
    -114.537151 43.492677
    -114.535269 43.492122
    -114.534135 43.491788
    -114.531668 43.491005
    -114.53133 43.490907
    -114.530845 43.490766
    -114.530205 43.490729
    -114.530024 43.490771
    -114.529887 43.490803
    -114.528887 43.490803
    -114.527487 43.490903
    -114.526487 43.491103
    -114.525587 43.491403
    -114.524587 43.491603
    -114.524287 43.491803
    -114.523787 43.491803
    -114.523087 43.491803
    -114.522087 43.492003
    -114.521287 43.492103
    -114.520887 43.492403
    -114.520187 43.492703
    -114.519886 43.492903
    -114.519486 43.492903
    -114.519186 43.492903
    -114.518586 43.492803
    -114.517886 43.492803
    -114.517286 43.492803
    -114.516786 43.492903
    -114.516186 43.493004
    -114.516086 43.492904
    -114.515886 43.492904
    -114.515786 43.492704
    -114.515886 43.492204
    -114.516186 43.491603
    -114.516286 43.491003
    -114.516286 43.490603
    -114.516086 43.490203
    -114.515786 43.489703
    -114.515486 43.489403
    -114.515186 43.488903
    -114.515186 43.488403
    -114.514986 43.487703
    -114.514886 43.487203
    -114.514786 43.486803
    -114.514586 43.486203
    -114.514286 43.485403
    -114.514086 43.484703
    -114.513986 43.484203
    -114.513786 43.483803
    -114.513686 43.483403
    -114.513586 43.482903
    -114.513286 43.482703
    -114.512886 43.482603
    -114.512286 43.482503
    -114.511486 43.482303
    -114.510386 43.482003
    -114.509886 43.481904
    -114.508986 43.481504
    -114.508186 43.481104
    -114.507786 43.480804
    -114.507586 43.480504
    -114.507086 43.480004
    -114.506586 43.479304
    -114.506501 43.478962
    -114.506486 43.478904
    -114.506286 43.478304
    -114.506286 43.477804
    -114.506386 43.477604
    -114.507086 43.477303
    -114.507486 43.477203
    -114.507886 43.476903
    -114.508202 43.476508
    -114.508286 43.476403
    -114.508386 43.475603
    -114.508386 43.474903
    -114.508386 43.474403
    -114.508586 43.474003
    -114.508786 43.473303
    -114.508786 43.472603
    -114.508486 43.472003
    -114.508291 43.471126
    -114.508286 43.471103
    -114.508186 43.470503
    -114.508686 43.470003
    -114.509486 43.469303
    -114.510186 43.468803
    -114.510486 43.468503
    -114.510576 43.468383
    -114.510786 43.468103
    -114.511086 43.467403
    -114.511685 43.464827
    -114.512086 43.463103
    -114.512377 43.462812
    -114.512386 43.462803
    -114.512686 43.462103
    -114.512686 43.461703
    -114.512586 43.461203
    -114.512586 43.460703
    -114.512786 43.460103
    -114.513186 43.459703
    -114.513986 43.459003
    -114.514286 43.458603
    -114.514286 43.458203
    -114.514286 43.457703
    -114.514303 43.457653
    -114.514386 43.457403
    -114.515086 43.457103
    -114.515686 43.457303
    -114.515886 43.457303
    -114.516686 43.457203
    -114.517086 43.457103
    -114.517486 43.457003
    -114.517486 43.457303
    -114.517486 43.457503
    -114.517512 43.457503
    -114.517886 43.457503
    -114.518786 43.457303
    -114.518986 43.456903
    -114.519286 43.456303
    -114.519786 43.455903
    -114.520386 43.455603
    -114.521186 43.455203
    -114.521586 43.454803
    -114.521886 43.454503
    -114.522586 43.454103
    -114.523286 43.453803
    -114.524186 43.453303
    -114.525286 43.452603
    -114.525986 43.452003
    -114.526657 43.451481
    -114.526886 43.451303
    -114.527386 43.450803
    -114.5275 43.450536
    -114.527686 43.450103
    -114.527986 43.449303
    -114.52801 43.449209
    -114.528086 43.448903
    -114.528286 43.448603
    -114.528786 43.448203
    -114.529086 43.448103
    -114.530086 43.447803
    -114.530686 43.447703
    -114.531186 43.447703
    -114.531686 43.447603
    -114.531886 43.447403
    -114.531786 43.447103
    -114.531586 43.446703
    -114.531486 43.446403
    -114.531686 43.445603
    -114.531886 43.445103
    -114.532186 43.444903
    -114.532986 43.444203
    -114.533086 43.443903
    -114.533286 43.443603
    -114.533286 43.443421
    -114.533286 43.443203
    -114.533086 43.442503
    -114.533186 43.442203
    -114.533786 43.441303
    -114.534186 43.440703
    -114.534386 43.440503
    -114.534286 43.440203
    -114.534233 43.439992
    -114.534186 43.439803
    -114.534086 43.439703
    -114.533886 43.439403
    -114.533586 43.439003
    -114.533586 43.438803
    -114.534386 43.438903
    -114.534986 43.439203
    -114.535586 43.439503
    -114.536186 43.439903
    -114.536586 43.440103
    -114.536987 43.440203
    -114.537287 43.440303
    -114.537421 43.440276
    -114.537787 43.440203
    -114.538187 43.440303
    -114.538687 43.440403
    -114.538987 43.440503
    -114.539187 43.440603
    -114.539687 43.440703
    -114.540087 43.440903
    -114.540187 43.441003
    -114.540393 43.44114
    -114.540487 43.441203
    -114.540915 43.441417
    -114.541087 43.441503
    -114.541187 43.441603
    -114.541787 43.441503
    -114.542187 43.441203
    -114.542287 43.440703
    -114.542387 43.440303
    -114.542514 43.440112
    -114.542787 43.439703
    -114.542887 43.439503
    -114.543387 43.439003
    -114.543787 43.438703
    -114.544113 43.43854
    -114.544187 43.438503
    -114.544286 43.438444
    -114.544556 43.438282
    -114.544687 43.438203
    -114.545187 43.438003
    -114.545787 43.437703
    -114.546087 43.437403
    -114.546387 43.437203
    -114.546687 43.436903
    -114.546987 43.436603
    -114.546982 43.43601
    -114.546979 43.435665
    -114.546944 43.431445
    -114.546811 43.41985
    -114.546811 43.419828
    -114.546802 43.418507
    -114.546802 43.418502
    -114.546783 43.415283
    -114.546683 43.398202
    -114.539742 43.398308
    -114.536475 43.398356
    -114.535939 43.398364
    -114.535542 43.39837
    -114.526686 43.398503
    -114.526686 43.395356
    -114.526685 43.385363
    -114.526685 43.383303
    -114.526691 43.38308
    -114.526726 43.381853
    -114.526726 43.38184
    -114.526737 43.381208
    -114.52674 43.381071
    -114.526755 43.380473
    -114.526786 43.379178
    -114.52681 43.377795
    -114.526985 43.374903
    -114.526985 43.370155
    -114.526985 43.368703
    -114.52726 43.368703
    -114.534326 43.368652
    -114.534377 43.367441
    -114.534384 43.36727
    -114.534377 43.367258
    -114.534376 43.367244
    -114.534349 43.366973
    -114.534338 43.366393
    -114.534351 43.365088
    -114.53435 43.363778
    -114.534356 43.362468
    -114.534375 43.361377
    -114.534379 43.361177
    -114.534381 43.360458
    -114.534382 43.360359
    -114.534386 43.360099
    -114.534408 43.358536
    -114.534416 43.357987
    -114.534457 43.350992
    -114.534467 43.35001
    -114.534467 43.349988
    -114.534483 43.348387
    -114.534483 43.348369
    -114.534485 43.348118
    -114.534502 43.345531
    -114.534512 43.342373
    -114.534519 43.34201
    -114.5345 43.341538
    -114.534494 43.339746
    -114.534517 43.339385
    -114.534506 43.339029
    -114.534502 43.33867
    -114.534505 43.338309
    -114.534522 43.337949
    -114.534501 43.337222
    -114.534477 43.336862
    -114.534463 43.3365
    -114.534468 43.335994
    -114.534428 43.335561
    -114.534448 43.3352
    -114.534464 43.335128
    -114.534489 43.335061
    -114.53456 43.333337
    -114.534541 43.333342
    -114.534387 43.333381
    -114.534226 43.333422
    -114.534216 43.333424
    -114.533982 43.333426
    -114.533652 43.333429
    -114.533231 43.333402
    -114.532592 43.333374
    -114.532329 43.33333
    -114.531976 43.333187
    -114.53136 43.332847
    -114.531225 43.332688
    -114.531172 43.332556
    -114.531105 43.33249
    -114.530849 43.332309
    -114.530707 43.332139
    -114.530632 43.332035
    -114.530541 43.331963
    -114.530479 43.331934
    -114.530436 43.331914
    -114.529873 43.33187
    -114.529609 43.331886
    -114.528993 43.332034
    -114.528535 43.332078
    -114.528234 43.332127
    -114.52761 43.332275
    -114.527001 43.332346
    -114.526445 43.332357
    -114.526159 43.33234
    -114.525956 43.332362
    -114.525656 43.332478
    -114.525355 43.332488
    -114.525054 43.332587
    -114.524731 43.332609
    -114.524483 43.332592
    -114.524318 43.332554
    -114.524137 43.332477
    -114.524017 43.332395
    -114.523747 43.332164
    -114.523529 43.331934
    -114.523244 43.331725
    -114.523161 43.331697
    -114.52292 43.33173
    -114.522785 43.331774
    -114.52262 43.331851
    -114.522507 43.331933
    -114.522341 43.332092
    -114.522183 43.332273
    -114.522033 43.332504
    -114.521785 43.332948
    -114.521709 43.333003
    -114.521356 43.333107
    -114.52089 43.333172
    -114.520424 43.333205
    -114.519981 43.333167
    -114.519763 43.333128
    -114.519702 43.333124
    -114.519454 43.333106
    -114.518688 43.333133
    -114.51832 43.333056
    -114.517846 43.332891
    -114.517734 43.332837
    -114.517523 43.33276
    -114.516817 43.332474
    -114.516058 43.332238
    -114.5159 43.332199
    -114.5156 43.332155
    -114.515442 43.332161
    -114.514472 43.332292
    -114.513592 43.332284
    -114.513172 43.332314
    -114.512907 43.332333
    -114.512276 43.332406
    -114.511856 43.332527
    -114.511713 43.332565
    -114.510142 43.332701
    -114.509218 43.332866
    -114.508872 43.332904
    -114.508429 43.332887
    -114.50803 43.332783
    -114.507879 43.332726
    -114.507754 43.332679
    -114.507091 43.332431
    -114.506941 43.332398
    -114.506813 43.332338
    -114.506085 43.331987
    -114.505872 43.331858
    -114.505407 43.331578
    -114.505228 43.331388
    -114.505153 43.331283
    -114.504966 43.331058
    -114.503847 43.329982
    -114.503111 43.329258
    -114.502713 43.32895
    -114.502525 43.328857
    -114.5023 43.32878
    -114.501977 43.328741
    -114.50127 43.328697
    -114.500887 43.328656
    -114.500602 43.328667
    -114.499926 43.328717
    -114.499708 43.328695
    -114.499159 43.328662
    -114.498272 43.328707
    -114.497769 43.328784
    -114.497318 43.328866
    -114.496266 43.329037
    -114.495041 43.329312
    -114.494387 43.329537
    -114.494184 43.329559
    -114.493801 43.329532
    -114.49344 43.329477
    -114.492178 43.329214
    -114.491118 43.3291
    -114.489337 43.328996
    -114.488698 43.329018
    -114.488179 43.329079
    -114.487137 43.329416
    -114.487007 43.329458
    -114.486789 43.329518
    -114.486193 43.329734
    -114.485661 43.330047
    -114.485348 43.33041
    -114.485141 43.330885
    -114.484876 43.331355
    -114.484678 43.331559
    -114.484389 43.331752
    -114.483894 43.331916
    -114.481028 43.332454
    -114.480141 43.332461
    -114.479645 43.332304
    -114.478869 43.331904
    -114.477985 43.331333
    -114.477329 43.331084
    -114.476957 43.330811
    -114.476745 43.330711
    -114.476544 43.330617
    -114.473267 43.330075
    -114.472939 43.329996
    -114.471742 43.329569
    -114.471372 43.329389
    -114.470808 43.328988
    -114.470162 43.328306
    -114.469956 43.328088
    -114.469774 43.327896
    -114.468238 43.327322
    -114.467533 43.327154
    -114.466169 43.326734
    -114.46578 43.326514
    -114.465197 43.325973
    -114.465153 43.325933
    -114.465081 43.325866
    -114.464718 43.325622
    -114.46414 43.325346
    -114.464077 43.325324
    -114.463072 43.32497
    -114.462784 43.324921
    -114.462488 43.324928
    -114.461192 43.325166
    -114.460667 43.325297
    -114.459975 43.325469
    -114.459746 43.325574
    -114.459625 43.32563
    -114.459413 43.32569
    -114.458737 43.325889
    -114.457427 43.326721
    -114.454941 43.329053
    -114.454035 43.329824
    -114.451993 43.330902
    -114.450304 43.331718
    -114.449213 43.332178
    -114.448002 43.332422
    -114.446808 43.332449
    -114.446362 43.33246
    -114.44557 43.332367
    -114.445246 43.33233
    -114.444951 43.332296
    -114.444921 43.332292
    -114.444864 43.332285
    -114.444776 43.332234
    -114.444723 43.332204
    -114.44423 43.33192
    -114.443891 43.331725
    -114.443683 43.331606
    -114.442781 43.331085
    -114.441449 43.330683
    -114.440859 43.330672
    -114.440832 43.330672
    -114.439496 43.330642
    -114.438674 43.330937
    -114.438456 43.331077
    -114.438451 43.331081
    -114.438048 43.33134
    -114.437767 43.331522
    -114.437189 43.331902
    -114.43638 43.332398
    -114.436371 43.332403
    -114.435818 43.33274
    -114.435269 43.333075
    -114.435255 43.333083
    -114.434715 43.333412
    -114.43466 43.333432
    -114.434651 43.333436
    -114.434006 43.333684
    -114.433357 43.333935
    -114.433324 43.333948
    -114.433223 43.333973
    -114.432258 43.334213
    -114.429527 43.334311
    -114.428274 43.333609
    -114.428267 43.333605
    -114.427321 43.333078
    -114.426705 43.332548
    -114.42667 43.332518
    -114.426057 43.331988
    -114.425845 43.331335
    -114.425824 43.33127
    -114.425688 43.330906
    -114.425197 43.329588
    -114.424967 43.329287
    -114.424594 43.329291
    -114.424364 43.329287
    -114.423578 43.329681
    -114.423061 43.33003
    -114.423051 43.330037
    -114.422782 43.330218
    -114.42223 43.330283
    -114.421588 43.329988
    -114.421446 43.329872
    -114.421387 43.329826
    -114.420236 43.328936
    -114.419898 43.328739
    -114.419889 43.328734
    -114.419328 43.328413
    -114.418626 43.328139
    -114.41798 43.328136
    -114.416681 43.32864
    -114.414607 43.329178
    -114.414136 43.3293
    -114.414129 43.329302
    -114.413474 43.329472
    -114.412819 43.329641
    -114.412812 43.329643
    -114.411787 43.329909
    -114.410125 43.329972
    -114.408727 43.329853
    -114.408545 43.32983
    -114.407219 43.329666
    -114.405653 43.329129
    -114.403381 43.328104
    -114.403295 43.328035
    -114.403203 43.327963
    -114.402886 43.32771
    -114.402426 43.327345
    -114.40152 43.326633
    -114.401511 43.326626
    -114.401295 43.326452
    -114.401077 43.326276
    -114.400903 43.326138
    -114.400729 43.326003
    -114.400639 43.32593
    -114.400605 43.325903
    -114.400481 43.325804
    -114.400181 43.325404
    -114.399329 43.325404
    -114.398977 43.325547
    -114.398485 43.325703
    -114.39698 43.326004
    -114.39608 43.326004
    -114.39528 43.325904
    -114.39458 43.325804
    -114.394584 43.325254
    -114.394589 43.323482
    -114.394596 43.321311
    -114.394623 43.315763
    -114.394627 43.314222
    -114.394628 43.312777
    -114.394628 43.312761
    -114.394619 43.310199
    -114.394658 43.307685
    -114.394662 43.305341
    -114.394682 43.302994
    -114.394685 43.302668
    -114.39469 43.302173
    -114.394694 43.301678
    -114.394693 43.30159
    -114.39469 43.301296
    -114.394687 43.300991
    -114.394659 43.297428
    -114.394662 43.297316
    -114.3947 43.295729
    -114.394722 43.29457
    -114.394724 43.294128
    -114.394726 43.293685
    -114.394741 43.290881
    -114.394755 43.288077
    -114.394761 43.286867
    -114.394767 43.285657
    -114.394766 43.285096
    -114.394766 43.284992
    -114.394775 43.284551
    -114.394787 43.283949
    -114.394788 43.283787
    -114.394761 43.283646
    -114.394772 43.283495
    -114.394759 43.283413
    -114.394777 43.282128
    -114.394778 43.281927
    -114.39478 43.281339
    -114.394769 43.280375
    -114.394783 43.280027
    -114.394786 43.279955
    -114.394788 43.279404
    -114.394797 43.277419
    -114.394819 43.272098
    -114.394846 43.265636
    -114.394854 43.263727
    -114.394856 43.263249
    -114.394858 43.262806
    -114.394864 43.261228
    -114.394869 43.259995
    -114.39487 43.25976
    -114.394872 43.259265
    -114.394872 43.259242
    -114.394872 43.259173
    -114.394873 43.259104
    -114.39488 43.257403
    -114.391948 43.257418
    -114.391918 43.257418
    -114.391625 43.25742
    -114.391403 43.257421
    -114.385212 43.257446
    -114.382479 43.257457
    -114.378037 43.257475
    -114.376878 43.257487
    -114.375879 43.257497
    -114.374579 43.257503
    -114.374615 43.256644
    -114.374638 43.25583
    -114.374654 43.255289
    -114.374659 43.255096
    -114.374666 43.254829
    -114.374686 43.254036
    -114.374717 43.252782
    -114.374748 43.251551
    -114.374779 43.25032
    -114.374793 43.249952
    -114.374803 43.249694
    -114.37481 43.249131
    -114.374849 43.245874
    -114.374859 43.245248
    -114.374866 43.244782
    -114.374871 43.244476
    -114.374871 43.244452
    -114.374873 43.244132
    -114.374873 43.244079
    -114.374888 43.24364
    -114.374888 43.243632
    -114.374896 43.243399
    -114.374803 43.237543
    -114.374782 43.234577
    -114.3748 43.233015
    -114.37487 43.226112
    -114.374871 43.225608
    -114.374878 43.21949
    -114.374876 43.218921
    -114.374884 43.214055
    -114.374885 43.206715
    -114.374881 43.205235
    -114.374873 43.201387
    -114.374873 43.201375
    -114.374877 43.199603
    -114.375888 43.199755
    -114.398123 43.199782
    -114.39824 43.199782
    -114.400092 43.199789
    -114.415103 43.199804
    -114.415427 43.199803
    -114.415494 43.199803
    -114.415593 43.199803
    -114.415692 43.199803
    -114.431788 43.199824
    -114.436399 43.199834
    -114.439717 43.199834
    -114.444769 43.199844
    -114.451837 43.19985
    -114.472624 43.199874
    -114.48568 43.199891
    -114.494982 43.199902
    -114.494882 43.198603
    -114.495273 43.198606
    -114.500882 43.198652
    -114.504273 43.198646
    -114.504329 43.198647
    -114.504876 43.198646
    -114.506194 43.198644
    -114.506671 43.198643
    -114.506833 43.198643
    -114.524086 43.198618
    -114.524572 43.198617
    -114.524838 43.198617
    -114.525723 43.198616
    -114.528613 43.19846
    -114.530464 43.198609
    -114.530514 43.198607
    -114.530589 43.198594
    -114.534883 43.198602
    -114.535328 43.1986
    -114.540505 43.198574
    -114.545028 43.198551
    -114.562731 43.198463
    -114.569175 43.198435
    -114.569497 43.198428
    -114.56963 43.198427
    -114.570915 43.198418
    -114.571094 43.198417
    -114.575196 43.198397
    -114.575984 43.198393
    -114.589113 43.198327
    -114.593768 43.198308
    -114.594685 43.198302
    -114.594759 43.198302
    -114.594833 43.198301
    -114.595667 43.198298
    -114.596502 43.19829
    -114.598312 43.198286
    -114.598771 43.198284
    -114.59923 43.198283
    -114.599368 43.198283
    -114.602353 43.198263
    -114.602434 43.198262
    -114.614486 43.198202
    -114.622076 43.198186
    -114.625886 43.198202
    -114.639613 43.198199
    -114.640433 43.198199
    -114.641166 43.198199
    -114.66434 43.198201
    -114.664903 43.198201
    -114.674096 43.198215
    -114.678901 43.19821
    -114.68047 43.198212
    -114.680904 43.198213
    -114.680988 43.198213
    -114.693762 43.19823
    -114.709306 43.198251
    -114.717005 43.198261
    -114.721385 43.198267
    -114.741706 43.198294
    -114.741788 43.198294
    -114.745754 43.198297
    -114.75089 43.1983
    -114.75734 43.198286
    -114.773866 43.198245
    -114.773969 43.198245
    -114.785854 43.198217
    -114.795215 43.198194
    -114.795271 43.198194
    -114.795446 43.198193
    -114.79551 43.198193
    -114.805026 43.19817
    -114.809343 43.198159
    -114.818245 43.198147
    -114.82071 43.198141
    -114.82589 43.198119
    -114.831882 43.198103
    -114.838661 43.198085
    -114.841871 43.19808
    -114.842052 43.19808
    -114.849177 43.198063
    -114.854613 43.19805
    -114.85506 43.198049
    -114.855429 43.19805
    -114.858145 43.198042
    -114.85825 43.198042
    -114.864926 43.198026
    -114.875531 43.198001
    -114.876678 43.197998
    -114.877258 43.197997
    -114.87814 43.197995
    -114.889078 43.197974
    -114.892416 43.197967
    -114.894618 43.197954
    -114.900029 43.197948
    -114.907315 43.197941
    -114.912838 43.197921
    -114.918804 43.197899
    -114.922156 43.197898
    -114.922183 43.197898
    -114.932907 43.197864
    -114.941588 43.197842
    -114.943286 43.197838
    -114.959932 43.197796
    -114.975907 43.197746
    -114.989005 43.197723
    -115.0009 43.197699
    -115.007206 43.197903
    -115.007394 43.197909
    -115.010714 43.198017
    -115.011335 43.198021
    -115.027504 43.198113
    -115.027948 43.198116
    -115.028313 43.198118
    -115.028569 43.19812
    -115.05246 43.198248
    -115.060726 43.198293
    -115.065451 43.198318
    -115.077597 43.198387
    -115.07767 43.198387
    -115.08648 43.198436
    -115.086464 43.212514
    -115.086464 43.212757
    -115.086468 43.220288
    -115.086473 43.226907
    -115.086479 43.236623
    -115.086565 43.24007
    -115.086592 43.241157
    -115.086809 43.249898
    -115.086802 43.250562
    -115.086799 43.250824
    -115.086748 43.255653
    -115.086621 43.268078
    -115.086622 43.268138
    -115.086653 43.270593
    -115.086655 43.270614
    -115.086681 43.270874
    -115.086686 43.272994
    -115.086692 43.274899
    -115.086694 43.275569
    -115.086697 43.27657
    -115.086717 43.283393
    -115.086508 43.284528
    -115.086496 43.284596
    -115.086475 43.284711
    -115.08647 43.284737
    -115.086427 43.284969
    -115.086428 43.285
    -115.086441 43.285534
    -115.086444 43.285664
    -115.086451 43.287757
    -115.086451 43.287797
    -115.086462 43.291113
    -115.086468 43.293023
    -115.086489 43.299275
    -115.086522 43.302656
    -115.086524 43.302824
    -115.08653 43.303401
    -115.08653 43.303427
    -115.086657 43.315925
    -115.086677 43.317946
    -115.08666 43.322304
    -115.086645 43.33199
    -115.086643 43.333025
    -115.086677 43.335362
    -115.086662 43.340976
    -115.086662 43.341094
    -115.08666 43.341531
    -115.08663 43.342168
    -115.086625 43.342447
    -115.086624 43.342741
    -115.086586 43.350327
    -115.086566 43.354247
    -115.086561 43.355227
    -115.08656 43.355491
    -115.086558 43.355857
    -115.08659 43.357603
    -115.086588 43.357911
    -115.086589 43.358669
    -115.086588 43.360447
    -115.086588 43.360768
    -115.086588 43.361959
    -115.086588 43.369184
    -115.086588 43.370329
    -115.086588 43.370513
    -115.086518 43.370513
    -115.08368 43.370526
    -115.083609 43.373278
    -115.083572 43.374722
    -115.083568 43.374897
    -115.083541 43.380216
    -115.083538 43.38083
    -115.083515 43.385518
    -115.083515 43.385616
    -115.083509 43.386932
    -115.083479 43.392959
    -115.083476 43.393517
    -115.083476 43.393621
    -115.083478 43.395405
    -115.083479 43.395736
    -115.083479 43.395849
    -115.083439 43.397032
    -115.083455 43.399824
    -115.083419 43.401694
    -115.083399 43.402901
    -115.08341 43.403356
    -115.08339 43.406982
    -115.083389 43.407199
    -115.083361 43.412354
    -115.083348 43.414679
    -115.083348 43.414698
    -115.083326 43.418842
    -115.083326 43.418852
    -115.083325 43.41902
    -115.083325 43.419111
    -115.083324 43.41923
    -115.083324 43.419408
    -115.083321 43.420027
    -115.083307 43.422505
    -115.083287 43.426244
    -115.083267 43.429901
    -115.083265 43.430178
    -115.083258 43.432417
    -115.083248 43.435409
    -115.083243 43.437073
    -115.08323 43.440984
    -115.083225 43.442556
    -115.083195 43.451992
    -115.083189 43.45381
    -115.083189 43.453821
    -115.083182 43.455955
    -115.083142 43.464606
    -115.083138 43.467423
    -115.083129 43.472877
    -115.083126 43.474452
    -115.08312 43.47843
    -115.083118 43.479656
    -115.083101 43.49063
    -115.083126 43.494163
    -115.083137 43.495817
    -115.083132 43.495958
    -115.083112 43.496522
    -115.08311 43.496582
    -115.083107 43.496661
    -115.08313 43.497119
    -115.083134 43.497187
    -115.083135 43.497212
    -115.083212 43.498708
    -115.083215 43.498838
    -115.083247 43.500215
    -115.083246 43.500346
    -115.083246 43.500373
    -115.083231 43.502741
    -115.083202 43.513526
    -115.083198 43.515014
    -115.083181 43.520355
    -115.083146 43.530612
    -115.08314 43.535452
    -115.083136 43.538313
    -115.083134 43.539787
    -115.083131 43.541837
    -115.083129 43.543453
    -115.083103 43.562229
    -115.083096 43.567189
    -115.083096 43.567332
    -115.083063 43.570004
    -115.083064 43.571384
    -115.083074 43.597313
    -115.083074 43.598673
    -115.083075 43.601881
    -115.083076 43.602039
    -115.083079 43.602611
    -115.083089 43.604292
    -115.083076 43.604362
    -115.082985 43.604375
    -115.082743 43.604314
    -115.082723 43.604309
    -115.081673 43.604045
    -115.081032 43.603988
    -115.080738 43.604004
    -115.08054 43.604014
    -115.080488 43.604017
    -115.08039 43.604043
    -115.080207 43.604091
    -115.079991 43.604178
    -115.079681 43.604448
    -115.079542 43.604569
    -115.079454 43.604646
    -115.078777 43.605599
    -115.078066 43.60646
    -115.077813 43.60663
    -115.077506 43.606746
    -115.077034 43.60685
    -115.076347 43.606918
    -115.075706 43.606952
    -115.075472 43.606898
    -115.073712 43.606059
    -115.07247 43.604898
    -115.071584 43.604224
    -115.071317 43.604148
    -115.070617 43.603949
    -115.069799 43.603581
    -115.067926 43.60242
    -115.06754 43.602095
    -115.067439 43.601933
    -115.067427 43.601684
    -115.067423 43.601663
    -115.067386 43.601464
    -115.066773 43.600913
    -115.066696 43.600454
    -115.066529 43.600237
    -115.065513 43.59971
    -115.065452 43.599757
    -115.065392 43.599804
    -115.065105 43.600027
    -115.064505 43.60072
    -115.064233 43.601035
    -115.063636 43.601673
    -115.06304 43.60295
    -115.062629 43.604463
    -115.062218 43.605707
    -115.061345 43.606647
    -115.060334 43.607285
    -115.059461 43.607855
    -115.058404 43.60856
    -115.057899 43.609165
    -115.057349 43.610106
    -115.05689 43.61071
    -115.056016 43.611213
    -115.054958 43.611346
    -115.054084 43.611479
    -115.053394 43.611848
    -115.052935 43.612453
    -115.052431 43.613428
    -115.051926 43.614335
    -115.051559 43.614839
    -115.050686 43.615476
    -115.049444 43.616181
    -115.047927 43.616952
    -115.046914 43.617556
    -115.045213 43.61836
    -115.043649 43.619064
    -115.042407 43.619432
    -115.041165 43.619766
    -115.039969 43.619933
    -115.038772 43.619998
    -115.037575 43.619761
    -115.035917 43.619253
    -115.034674 43.618915
    -115.033799 43.618624
    -115.03395 43.619108
    -115.033701 43.619751
    -115.033276 43.620393
    -115.032873 43.620963
    -115.032459 43.621637
    -115.032542 43.622193
    -115.033098 43.623057
    -115.0336 43.623719
    -115.033972 43.624099
    -115.034662 43.624618
    -115.034875 43.624899
    -115.034972 43.625195
    -115.035134 43.625558
    -115.03532 43.625801
    -115.035506 43.62602
    -115.035803 43.626134
    -115.035978 43.626264
    -115.036021 43.626442
    -115.035831 43.62665
    -115.035685 43.626859
    -115.035659 43.627229
    -115.035678 43.627536
    -115.035251 43.628121
    -115.035247 43.628548
    -115.035286 43.629072
    -115.03497 43.629627
    -115.03451 43.630269
    -115.034096 43.630822
    -115.034125 43.631185
    -115.034185 43.631742
    -115.034369 43.632162
    -115.034698 43.632421
    -115.035004 43.632769
    -115.0351 43.633124
    -115.035219 43.633391
    -115.03526 43.633641
    -115.035049 43.633785
    -115.034925 43.634002
    -115.034512 43.634362
    -115.034066 43.634666
    -115.033635 43.634688
    -115.033134 43.635031
    -115.033185 43.635394
    -115.033293 43.635637
    -115.033478 43.635968
    -115.033706 43.636332
    -115.03399 43.636664
    -115.034273 43.637076
    -115.03458 43.637336
    -115.034844 43.637514
    -115.034841 43.637764
    -115.034694 43.638102
    -115.034632 43.638722
    -115.034658 43.639439
    -115.034916 43.640133
    -115.035349 43.64099
    -115.035861 43.64175
    -115.036283 43.642622
    -115.036257 43.643041
    -115.036319 43.643453
    -115.036456 43.644066
    -115.036715 43.644784
    -115.036896 43.645454
    -115.036824 43.646018
    -115.036818 43.646566
    -115.036625 43.647104
    -115.036332 43.647643
    -115.035585 43.648162
    -115.034672 43.648721
    -115.03411 43.649532
    -115.033729 43.650005
    -115.033691 43.65044
    -115.033809 43.65082
    -115.033915 43.651247
    -115.033855 43.651722
    -115.033618 43.652156
    -115.033536 43.65272
    -115.033408 43.653348
    -115.033167 43.654128
    -115.032928 43.654731
    -115.032582 43.654971
    -115.032301 43.655428
    -115.032008 43.655934
    -115.031638 43.656384
    -115.031178 43.657018
    -115.030972 43.657621
    -115.030889 43.658176
    -115.030694 43.658884
    -115.030291 43.659301
    -115.030153 43.659808
    -115.030082 43.660251
    -115.0302 43.660646
    -115.030506 43.661019
    -115.030779 43.661375
    -115.031213 43.662199
    -115.031273 43.662755
    -115.031413 43.663126
    -115.031619 43.663555
    -115.031992 43.663903
    -115.032351 43.664461
    -115.032456 43.665002
    -115.03274 43.665333
    -115.032859 43.665584
    -115.03269 43.665881
    -115.032654 43.666082
    -115.03287 43.666591
    -115.033128 43.667358
    -115.033208 43.668172
    -115.033246 43.668793
    -115.033417 43.669342
    -115.033619 43.670132
    -115.033965 43.670843
    -115.034414 43.671329
    -115.035126 43.672026
    -115.035784 43.672578
    -115.036299 43.673072
    -115.036295 43.673394
    -115.036093 43.673723
    -115.036032 43.674215
    -115.036256 43.674989
    -115.036062 43.675584
    -115.035693 43.675953
    -115.035201 43.676482
    -115.034831 43.676948
    -115.034695 43.677261
    -115.034604 43.677454
    -115.034359 43.677606
    -115.033971 43.67766
    -115.033639 43.677682
    -115.032873 43.677976
    -115.032062 43.678222
    -115.031251 43.67858
    -115.030593 43.679019
    -115.030048 43.67929
    -115.029458 43.679674
    -115.028945 43.680009
    -115.028797 43.680395
    -115.028835 43.681024
    -115.028718 43.681636
    -115.02868 43.682087
    -115.028308 43.682737
    -115.027679 43.683556
    -115.02722 43.684093
    -115.026773 43.684502
    -115.026562 43.684573
    -115.025842 43.684658
    -115.025277 43.684711
    -115.024588 43.684973
    -115.023844 43.685211
    -115.023275 43.68561
    -115.022927 43.686084
    -115.022591 43.686436
    -115.022144 43.686845
    -115.021918 43.687319
    -115.021891 43.687802
    -115.021916 43.688552
    -115.022073 43.689407
    -115.022113 43.689737
    -115.021869 43.689849
    -115.021391 43.689991
    -115.020792 43.690125
    -115.020369 43.69038
    -115.019877 43.690837
    -115.019131 43.691284
    -115.018206 43.691738
    -115.017315 43.692329
    -115.016667 43.692833
    -115.015896 43.693546
    -115.014963 43.693847
    -115.013921 43.693954
    -115.01268 43.694116
    -115.011911 43.694555
    -115.011312 43.694729
    -115.010934 43.694872
    -115.010213 43.695037
    -115.009978 43.695269
    -115.009763 43.695663
    -115.009469 43.696225
    -115.009099 43.696698
    -115.008925 43.697398
    -115.009278 43.698512
    -115.009926 43.699999
    -115.010032 43.700483
    -115.010207 43.70166
    -115.010114 43.702103
    -115.010352 43.70262
    -115.010877 43.703122
    -115.011454 43.70406
    -115.011575 43.7051
    -115.011525 43.705672
    -115.011348 43.70671
    -115.011038 43.707708
    -115.010873 43.708642
    -115.010728 43.709697
    -115.010418 43.710775
    -115.009997 43.711748
    -115.009853 43.71277
    -115.009765 43.713753
    -115.009645 43.71459
    -115.009639 43.715194
    -115.009876 43.715768
    -115.010107 43.716019
    -115.01037 43.716262
    -115.010688 43.716538
    -115.011335 43.717113
    -115.011916 43.717616
    -115.012616 43.71841
    -115.013141 43.719073
    -115.013807 43.719947
    -115.014176 43.72061
    -115.014313 43.721256
    -115.014407 43.721731
    -115.014611 43.722329
    -115.014818 43.722612
    -115.015169 43.72292
    -115.015497 43.723333
    -115.015833 43.723996
    -115.015899 43.725132
    -115.015814 43.725736
    -115.015603 43.725856
    -115.015312 43.726096
    -115.015254 43.726377
    -115.015327 43.72674
    -115.015537 43.72683
    -115.016078 43.726954
    -115.016729 43.727224
    -115.01719 43.727565
    -115.01786 43.728076
    -115.01829 43.728248
    -115.018556 43.728249
    -115.019143 43.728228
    -115.01992 43.728095
    -115.020886 43.727827
    -115.021939 43.727776
    -115.022667 43.728014
    -115.023806 43.72819
    -115.025134 43.728204
    -115.026122 43.728008
    -115.026698 43.727963
    -115.027085 43.728102
    -115.02744 43.727967
    -115.027752 43.727832
    -115.027984 43.727865
    -115.028271 43.72802
    -115.02877 43.727974
    -115.029102 43.727992
    -115.029409 43.728268
    -115.029562 43.728478
    -115.029926 43.728682
    -115.030102 43.728779
    -115.030287 43.72907
    -115.030459 43.729539
    -115.03063 43.730096
    -115.030838 43.730395
    -115.030989 43.730702
    -115.030765 43.731007
    -115.030717 43.731313
    -115.030925 43.731539
    -115.031233 43.731767
    -115.031495 43.732115
    -115.031502 43.732493
    -115.031342 43.73296
    -115.031317 43.733258
    -115.031653 43.733936
    -115.031734 43.734694
    -115.032105 43.73522
    -115.032617 43.73598
    -115.033361 43.736863
    -115.034141 43.737463
    -115.034888 43.73808
    -115.03516 43.7385
    -115.035402 43.738671
    -115.035688 43.738865
    -115.035908 43.73902
    -115.036105 43.73919
    -115.036282 43.739223
    -115.036537 43.739257
    -115.037055 43.739445
    -115.037563 43.739633
    -115.038037 43.739845
    -115.038456 43.740025
    -115.038752 43.740284
    -115.039024 43.740745
    -115.039288 43.740924
    -115.039608 43.741054
    -115.039928 43.741209
    -115.04028 43.741388
    -115.040432 43.741695
    -115.040551 43.74205
    -115.040758 43.742358
    -115.040911 43.74256
    -115.040996 43.742891
    -115.040982 43.743197
    -115.041167 43.743448
    -115.041398 43.74361
    -115.041728 43.743862
    -115.04209 43.74417
    -115.042265 43.744461
    -115.042184 43.744702
    -115.042138 43.744887
    -115.042125 43.745129
    -115.042177 43.745451
    -115.041209 43.746768
    -115.039946 43.747982
    -115.038427 43.7499
    -115.038069 43.7503
    -115.037847 43.750404
    -115.037181 43.750634
    -115.03678 43.750937
    -115.036645 43.751138
    -115.03662 43.751435
    -115.036927 43.751687
    -115.037333 43.752067
    -115.037716 43.752527
    -115.037802 43.752713
    -115.037781 43.753831
    -115.037788 43.754218
    -115.038027 43.754645
    -115.038157 43.754912
    -115.038156 43.755089
    -115.038253 43.755339
    -115.038461 43.755597
    -115.038668 43.755896
    -115.038786 43.756363
    -115.038926 43.756774
    -115.038953 43.757418
    -115.038936 43.75803
    -115.038349 43.758107
    -115.037671 43.758361
    -115.037103 43.758809
    -115.036767 43.759105
    -115.036154 43.759593
    -115.035609 43.759831
    -115.03532 43.759983
    -115.035451 43.760152
    -115.035527 43.76033
    -115.035346 43.760796
    -115.035285 43.761359
    -115.035214 43.761921
    -115.035255 43.762284
    -115.035272 43.762775
    -115.035499 43.763323
    -115.035451 43.763757
    -115.035548 43.763983
    -115.035778 43.764218
    -115.035908 43.764548
    -115.036026 43.764887
    -115.036034 43.765273
    -115.035974 43.765691
    -115.03608 43.766142
    -115.036089 43.766392
    -115.036265 43.766546
    -115.03663 43.766499
    -115.037051 43.766518
    -115.037625 43.766577
    -115.038033 43.766716
    -115.038086 43.766815
    -115.03812 43.766877
    -115.037918 43.767174
    -115.03785 43.767407
    -115.038024 43.767697
    -115.038133 43.767899
    -115.037986 43.76818
    -115.037773 43.768469
    -115.037814 43.768855
    -115.036309 43.771068
    -115.035783 43.771733
    -115.035702 43.772103
    -115.035864 43.772498
    -115.035893 43.772949
    -115.035889 43.773295
    -115.035227 43.774225
    -115.034923 43.774827
    -115.034352 43.775468
    -115.033725 43.776197
    -115.03309 43.776644
    -115.032304 43.777823
    -115.031932 43.778481
    -115.031738 43.779076
    -115.031332 43.779902
    -115.030826 43.780648
    -115.030536 43.78088
    -115.030186 43.781594
    -115.030017 43.781923
    -115.029903 43.782293
    -115.030152 43.782833
    -115.030524 43.783318
    -115.030498 43.783712
    -115.030006 43.78416
    -115.029538 43.784488
    -115.029369 43.784841
    -115.029216 43.785693
    -115.029332 43.786313
    -115.02947 43.786869
    -115.029355 43.787343
    -115.029151 43.787785
    -115.02877 43.788298
    -115.028834 43.78858
    -115.029238 43.789145
    -115.029542 43.789775
    -115.029624 43.79037
    -115.029651 43.791046
    -115.029552 43.792092
    -115.02951 43.792969
    -115.029418 43.793355
    -115.02978 43.793662
    -115.03024 43.79414
    -115.030468 43.794696
    -115.030439 43.795372
    -115.030233 43.796047
    -115.030126 43.796738
    -115.029598 43.797564
    -115.029115 43.798286
    -115.02863 43.799217
    -115.028222 43.800124
    -115.027995 43.800662
    -115.028021 43.80141
    -115.027961 43.801893
    -115.027681 43.80227
    -115.027088 43.802854
    -115.026974 43.803143
    -115.027034 43.803844
    -115.02694 43.804343
    -115.026855 43.805203
    -115.026512 43.806272
    -115.026218 43.806898
    -115.02533 43.808189
    -115.024141 43.808657
    -115.023063 43.809014
    -115.022186 43.809267
    -115.022129 43.809435
    -115.022312 43.809959
    -115.022404 43.810652
    -115.022299 43.811223
    -115.021945 43.812283
    -115.022076 43.812485
    -115.022315 43.813017
    -115.02247 43.814056
    -115.022589 43.81433
    -115.022541 43.814708
    -115.02226 43.815141
    -115.021158 43.815747
    -115.020057 43.816144
    -115.019044 43.816653
    -115.018762 43.817191
    -115.018701 43.817786
    -115.018841 43.818205
    -115.019469 43.819576
    -115.019329 43.820308
    -115.019265 43.821136
    -115.019051 43.821554
    -115.01966 43.822692
    -115.019691 43.822909
    -115.019279 43.82314
    -115.016562 43.82451
    -115.015201 43.825476
    -115.014689 43.825731
    -115.014265 43.826075
    -115.013661 43.826659
    -115.012613 43.827321
    -115.012346 43.827433
    -115.011418 43.827226
    -115.010377 43.827189
    -115.009423 43.827248
    -115.008536 43.827388
    -115.007637 43.827592
    -115.006858 43.827926
    -115.006223 43.828301
    -115.005379 43.828489
    -115.004491 43.82867
    -115.004135 43.828829
    -115.002798 43.83064
    -115.002263 43.830967
    -115.002048 43.831417
    -115.002305 43.832287
    -115.00262 43.83282
    -115.002803 43.833344
    -115.002979 43.8346
    -115.003154 43.835832
    -115.003365 43.836863
    -115.003227 43.837434
    -115.003055 43.837996
    -115.002967 43.838945
    -115.003095 43.839413
    -115.003455 43.83997
    -115.003618 43.840293
    -115.003488 43.84108
    -115.00353 43.841282
    -115.00322 43.842358
    -115.002413 43.843255
    -115.001717 43.84412
    -115.000909 43.844872
    -114.99957 43.845868
    -114.999209 43.847608
    -114.99991 43.848723
    -115.000645 43.849726
    -115.000745 43.850935
    -114.999346 43.852096
    -114.997655 43.853449
    -114.995601 43.854478
    -114.992721 43.855841
    -114.992238 43.85641
    -114.991273 43.857444
    -114.990357 43.857883
    -114.989384 43.858611
    -114.988487 43.858267
    -114.987246 43.857834
    -114.985995 43.85736
    -114.984868 43.856629
    -114.982601 43.85544
    -114.981361 43.85495
    -114.980149 43.855064
    -114.978341 43.85474
    -114.977475 43.854663
    -114.976354 43.854528
    -114.97499 43.854101
    -114.973365 43.853198
    -114.972475 43.852105
    -114.971922 43.850717
    -114.971313 43.849335
    -114.970343 43.848565
    -114.968852 43.848798
    -114.967252 43.849845
    -114.965612 43.850529
    -114.9639 43.851816
    -114.961785 43.852135
    -114.960155 43.85294
    -114.959236 43.853708
    -114.959069 43.853804
    -114.958056 43.853919
    -114.955687 43.854123
    -114.95184 43.854351
    -114.950915 43.853524
    -114.949304 43.85225
    -114.948398 43.851721
    -114.94763 43.850798
    -114.946171 43.84996
    -114.945074 43.849696
    -114.943659 43.848939
    -114.942627 43.847724
    -114.94166 43.846719
    -114.94061 43.846117
    -114.939171 43.845649
    -114.938046 43.844805
    -114.936764 43.844097
    -114.935372 43.843315
    -114.934467 43.842802
    -114.933647 43.841492
    -114.932699 43.840737
    -114.930595 43.839967
    -114.927934 43.839468
    -114.926499 43.838566
    -114.924765 43.837564
    -114.924002 43.837221
    -114.922569 43.837197
    -114.921828 43.836935
    -114.919451 43.836921
    -114.917374 43.836884
    -114.915886 43.836778
    -114.915362 43.835873
    -114.914316 43.835061
    -114.912737 43.834125
    -114.911794 43.832975
    -114.91126 43.832037
    -114.909998 43.831562
    -114.908455 43.831416
    -114.90663 43.830712
    -114.90474 43.829822
    -114.902671 43.829036
    -114.90081 43.82859
    -114.898596 43.828932
    -114.896136 43.829376
    -114.894409 43.829889
    -114.893501 43.829577
    -114.892592 43.829427
    -114.891135 43.829643
    -114.890455 43.828777
    -114.88924 43.828181
    -114.888029 43.828182
    -114.887861 43.827367
    -114.88714 43.826291
    -114.886449 43.825448
    -114.885914 43.824486
    -114.885297 43.824104
    -114.884034 43.823806
    -114.882671 43.823547
    -114.882363 43.823247
    -114.88 43.822983
    -114.875904 43.823118
    -114.874979 43.822905
    -114.87302 43.822918
    -114.872067 43.822631
    -114.870621 43.822542
    -114.869119 43.82255
    -114.867695 43.822517
    -114.866195 43.822308
    -114.864755 43.82176
    -114.863705 43.82111
    -114.863032 43.820606
    -114.862067 43.820295
    -114.861073 43.819604
    -114.8606 43.81907
    -114.85984 43.818381
    -114.859267 43.817878
    -114.858188 43.817872
    -114.85719 43.817585
    -114.855532 43.817607
    -114.853213 43.818021
    -114.8517 43.818029
    -114.850388 43.817908
    -114.849603 43.817509
    -114.848809 43.816852
    -114.847735 43.816451
    -114.847995 43.81605
    -114.84834 43.815069
    -114.848827 43.814258
    -114.848599 43.812815
    -114.84778 43.811425
    -114.847834 43.811151
    -114.84786 43.811019
    -114.848016 43.810226
    -114.84905 43.809225
    -114.850087 43.808087
    -114.851512 43.806984
    -114.852936 43.805905
    -114.853761 43.805756
    -114.854182 43.803906
    -114.854614 43.802072
    -114.854693 43.799938
    -114.85549 43.798339
    -114.855945 43.79636
    -114.855653 43.794634
    -114.854827 43.792849
    -114.853211 43.791221
    -114.851188 43.791129
    -114.848513 43.792636
    -114.846098 43.792719
    -114.844183 43.792878
    -114.842633 43.793247
    -114.841548 43.793813
    -114.840007 43.794408
    -114.838984 43.794354
    -114.837199 43.79394
    -114.835374 43.793978
    -114.834033 43.793583
    -114.832335 43.793299
    -114.831439 43.792875
    -114.831472 43.792573
    -114.831481 43.792489
    -114.831537 43.791985
END
END
