16033 Clark County
1
    -112.309297 44.555642
    -112.309257 44.555678
    -112.308997 44.555907
    -112.308044 44.556997
    -112.307642 44.557651
    -112.306348 44.558073
    -112.305679 44.558325
    -112.30547 44.558405
    -112.305172 44.558595
    -112.304954 44.558734
    -112.304368 44.559109
    -112.303546 44.559247
    -112.302734 44.559297
    -112.302043 44.559159
    -112.300591 44.559197
    -112.299328 44.558971
    -112.299065 44.558924
    -112.298204 44.558936
    -112.298161 44.558992
    -112.297909 44.559501
    -112.297801 44.559698
    -112.297272 44.560663
    -112.292889 44.561631
    -112.292825 44.561681
    -112.292406 44.562011
    -112.292404 44.562144
    -112.292399 44.562906
    -112.292021 44.56418
    -112.291338 44.565189
    -112.290934 44.565811
    -112.290754 44.565932
    -112.290339 44.566296
    -112.289293 44.566959
    -112.288924 44.567685
    -112.286187 44.568472
    -112.284201 44.568025
    -112.282506 44.567327
    -112.279448 44.566769
    -112.277541 44.566474
    -112.276393 44.566006
    -112.276344 44.565986
    -112.275373 44.565754
    -112.274422 44.565979
    -112.273999 44.566079
    -112.272432 44.56617
    -112.27118 44.565898
    -112.270818 44.565819
    -112.269204 44.565491
    -112.268911 44.565485
    -112.267805 44.565461
    -112.266285 44.565859
    -112.265691 44.566755
    -112.265268 44.566962
    -112.264768 44.567208
    -112.263506 44.567517
    -112.260215 44.568177
    -112.259697 44.568281
    -112.259067 44.568492
    -112.258764 44.569032
    -112.258665 44.569516
    -112.25821 44.570246
    -112.257981 44.570614
    -112.257369 44.57102
    -112.256946 44.571301
    -112.256745 44.571631
    -112.256495 44.571269
    -112.255895 44.570698
    -112.25507 44.570272
    -112.254245 44.569798
    -112.253396 44.56884
    -112.252638 44.568293
    -112.251463 44.567699
    -112.250831 44.567723
    -112.250269 44.568033
    -112.248809 44.568462
    -112.247259 44.568561
    -112.246078 44.568417
    -112.242785 44.568091
    -112.241785 44.567721
    -112.24057 44.566698
    -112.239199 44.566361
    -112.237727 44.565839
    -112.235738 44.565204
    -112.23294 44.564562
    -112.230399 44.56446
    -112.228894 44.564002
    -112.229489 44.563453
    -112.230117 44.562759
    -112.230274 44.561654
    -112.230521 44.561016
    -112.230992 44.560016
    -112.230395 44.558355
    -112.228124 44.557826
    -112.22718 44.557311
    -112.226841 44.555239
    -112.227413 44.55448
    -112.228222 44.553931
    -112.228873 44.55318
    -112.229265 44.551615
    -112.229209 44.551196
    -112.229332 44.550744
    -112.229545 44.550171
    -112.229477 44.549494
    -112.228645 44.548503
    -112.227531 44.547763
    -112.22607 44.546756
    -112.223002 44.544751
    -112.221698 44.543519
    -112.220699 44.54327
    -112.218104 44.543063
    -112.216633 44.542911
    -112.215274 44.542227
    -112.213487 44.541293
    -112.21024 44.540506
    -112.207433 44.540129
    -112.203299 44.539302
    -112.201514 44.538949
    -112.198234 44.538209
    -112.196505 44.537896
    -112.194505 44.53714
    -112.19346 44.536608
    -112.191473 44.53568
    -112.188926 44.535129
    -112.18712 44.534442
    -112.185414 44.533731
    -112.183945 44.533053
    -112.182418 44.533075
    -112.18152 44.533107
    -112.18024 44.532832
    -112.179712 44.533
    -112.179239 44.533459
    -112.178497 44.534386
    -112.177845 44.535031
    -112.176294 44.535867
    -112.173789 44.536736
    -112.1697 44.538521
    -112.167048 44.540138
    -112.164596 44.541619
    -112.163699 44.541409
    -112.162656 44.540884
    -112.161444 44.540367
    -112.158246 44.539468
    -112.156248 44.539063
    -112.155193 44.538884
    -112.154413 44.538722
    -112.154091 44.538686
    -112.152746 44.538578
    -112.152018 44.538538
    -112.151517 44.538307
    -112.151155 44.53814
    -112.150021 44.537439
    -112.148853 44.536835
    -112.148595 44.536811
    -112.148202 44.536875
    -112.147659 44.537549
    -112.147539 44.537698
    -112.147447 44.537786
    -112.147135 44.538085
    -112.145539 44.539199
    -112.144731 44.539441
    -112.143922 44.539611
    -112.143125 44.539796
    -112.140329 44.539345
    -112.138891 44.539346
    -112.136454 44.539911
    -112.136095 44.539371
    -112.13606 44.538659
    -112.136017 44.53775
    -112.135074 44.53742
    -112.134568 44.537242
    -112.134153 44.537339
    -112.133388 44.537638
    -112.132591 44.537952
    -112.130952 44.537791
    -112.130334 44.537396
    -112.130098 44.536615
    -112.129549 44.536485
    -112.129078 44.5363
    -112.129044 44.535856
    -112.129215 44.535609
    -112.129336 44.535437
    -112.129404 44.534824
    -112.129259 44.534324
    -112.129048 44.534133
    -112.128754 44.533865
    -112.127475 44.532502
    -112.127446 44.532424
    -112.12678 44.530583
    -112.127062 44.529051
    -112.126344 44.528946
    -112.125823 44.528914
    -112.125101 44.528527
    -112.123715 44.528012
    -112.121022 44.527062
    -112.118948 44.52645
    -112.117641 44.525766
    -112.115545 44.525243
    -112.112009 44.524793
    -112.110027 44.524431
    -112.107637 44.52282
    -112.106755 44.520829
    -112.105764 44.520716
    -112.104717 44.520854
    -112.102735 44.520927
    -112.101564 44.520847
    -112.100012 44.521493
    -112.098189 44.522268
    -112.096299 44.523212
    -112.096267 44.523865
    -112.095919 44.524768
    -112.095066 44.52647
    -112.094631 44.528671
    -112.093304 44.530002
    -112.090682 44.530713
    -112.08566 44.532077
    -112.085423 44.532159
    -112.081181 44.53365
    -112.080843 44.533828
    -112.080078 44.53386
    -112.079413 44.533772
    -112.07903 44.533732
    -112.078662 44.533482
    -112.078515 44.5335
    -112.078512 44.533537
    -112.078471 44.533551
    -112.077893 44.533708
    -112.076012 44.533369
    -112.074897 44.533918
    -112.073344 44.534942
    -112.071904 44.535668
    -112.069011 44.537104
    -112.068346 44.536846
    -112.067794 44.53654
    -112.066825 44.536233
    -112.064967 44.535975
    -112.063289 44.536121
    -112.061747 44.536169
    -112.059234 44.536387
    -112.05598 44.536621
    -112.055135 44.536541
    -112.054651 44.536097
    -112.053434 44.535089
    -112.050866 44.534372
    -112.048377 44.534259
    -112.046124 44.533976
    -112.045324 44.533283
    -112.043915 44.532339
    -112.042316 44.532412
    -112.038792 44.532806
    -112.037857 44.532685
    -112.037395 44.531379
    -112.036943 44.530323
    -112.035502 44.529186
    -112.035501 44.528879
    -112.034713 44.5285
    -112.033564 44.528314
    -112.032799 44.528403
    -112.032394 44.529072
    -112.032338 44.529483
    -112.032429 44.531177
    -112.032733 44.532249
    -112.032746 44.534241
    -112.033016 44.535112
    -112.033614 44.53645
    -112.034133 44.537716
    -112.034618 44.539571
    -112.035025 44.542691
    -112.03426 44.543885
    -112.034125 44.544723
    -112.033416 44.54561
    -112.03291 44.546142
    -112.032707 44.546642
    -112.032223 44.546666
    -112.03157 44.54661
    -112.029721 44.546214
    -112.028021 44.54602
    -112.026579 44.545746
    -112.025711 44.545536
    -112.025171 44.545302
    -112.024157 44.545157
    -112.023098 44.544923
    -112.022512 44.544616
    -112.02187 44.544269
    -112.020901 44.544035
    -112.020147 44.543333
    -112.018513 44.542406
    -112.0167 44.542018
    -112.015517 44.541977
    -112.01385 44.542348
    -112.01207 44.543081
    -112.011473 44.543451
    -112.010437 44.542887
    -112.009671 44.542475
    -112.008106 44.541854
    -112.007869 44.541233
    -112.007813 44.540378
    -112.006517 44.539087
    -112.004659 44.537772
    -112.002756 44.53782
    -112.001427 44.538069
    -112.000815 44.537979
    -111.995231 44.535444
    -111.994525 44.535673
    -111.992731 44.536562
    -111.991316 44.53722
    -111.988129 44.537357
    -111.985085 44.537294
    -111.983595 44.536776
    -111.982797 44.536903
    -111.980833 44.536682
    -111.979254 44.535928
    -111.978786 44.53589
    -111.977846 44.536082
    -111.975777 44.536599
    -111.973141 44.537413
    -111.971151 44.538737
    -111.970249 44.539468
    -111.969814 44.540269
    -111.969801 44.541042
    -111.969602 44.541778
    -111.969399 44.542683
    -111.968778 44.543416
    -111.967741 44.543809
    -111.967452 44.544276
    -111.96725 44.54518
    -111.963184 44.54467
    -111.961597 44.549893
    -111.954069 44.549046
    -111.952936 44.549539
    -111.951522 44.550062
    -111.950524 44.550925
    -111.949938 44.552296
    -111.949361 44.553197
    -111.948922 44.5542
    -111.949327 44.555144
    -111.948798 44.555945
    -111.947941 44.556776
    -111.945739 44.556787
    -111.940774 44.556704
    -111.936822 44.557671
    -111.934989 44.558022
    -111.933911 44.558045
    -111.932466 44.557627
    -111.931202 44.557581
    -111.930263 44.557706
    -111.92862 44.557823
    -111.927359 44.557576
    -111.925768 44.557459
    -111.923752 44.557572
    -111.922109 44.557757
    -111.920515 44.557808
    -111.919307 44.557258
    -111.916883 44.556562
    -111.916748 44.556258
    -111.915392 44.556043
    -111.914268 44.556065
    -111.912196 44.556648
    -111.910601 44.556766
    -111.908725 44.556914
    -111.906942 44.55703
    -111.905347 44.557148
    -111.903566 44.55723
    -111.902485 44.557421
    -111.901262 44.557609
    -111.900743 44.557839
    -111.900219 44.558304
    -111.899182 44.558662
    -111.898288 44.558888
    -111.897066 44.55911
    -111.896032 44.559301
    -111.89537 44.55963
    -111.895125 44.560232
    -111.894827 44.561169
    -111.894769 44.561773
    -111.894615 44.562544
    -111.894564 44.562778
    -111.894229 44.563144
    -111.892618 44.564168
    -111.892295 44.564311
    -111.891059 44.564857
    -111.889789 44.565112
    -111.888963 44.564197
    -111.887852 44.563413
    -111.886548 44.56293
    -111.884731 44.562374
    -111.883236 44.562156
    -111.882496 44.561611
    -111.881753 44.561234
    -111.881057 44.560891
    -111.879928 44.561114
    -111.878327 44.561567
    -111.877102 44.561957
    -111.875806 44.562354
    -111.874933 44.562739
    -111.873851 44.562996
    -111.873241 44.563056
    -111.870504 44.564033
    -111.869216 44.565295
    -111.867832 44.564206
    -111.866126 44.562811
    -111.866855 44.561443
    -111.86736 44.559535
    -111.866482 44.558888
    -111.865189 44.557968
    -111.864893 44.55632
    -111.864584 44.552927
    -111.863585 44.551339
    -111.860608 44.550266
    -111.857213 44.549054
    -111.856303 44.547735
    -111.856246 44.545855
    -111.854865 44.544598
    -111.851812 44.542751
    -111.849293 44.539837
    -111.847573 44.536798
    -111.844998 44.53207
    -111.843295 44.528225
    -111.842542 44.526069
    -111.840642 44.525075
    -111.838044 44.523904
    -111.833878 44.521575
    -111.832861 44.520926
    -111.832031 44.520313
    -111.83077 44.520198
    -111.83064 44.51966
    -111.831025 44.519127
    -111.831292 44.517452
    -111.83079 44.516809
    -111.829869 44.516026
    -111.829 44.515043
    -111.828131 44.514026
    -111.827794 44.512143
    -111.826531 44.512129
    -111.824658 44.512175
    -111.824059 44.511698
    -111.823989 44.510523
    -111.822884 44.509671
    -111.821488 44.509286
    -111.820266 44.509541
    -111.814722 44.510585
    -111.807914 44.511716
    -111.807716 44.51225
    -111.808305 44.51323
    -111.808705 44.514242
    -111.808274 44.51474
    -111.807146 44.514996
    -111.806528 44.515459
    -111.806512 44.516264
    -111.806735 44.516804
    -111.807607 44.517619
    -111.808571 44.51857
    -111.808926 44.519514
    -111.808159 44.520411
    -111.807437 44.521376
    -111.80608 44.523676
    -111.803943 44.525196
    -111.801213 44.525903
    -111.796946 44.526256
    -111.793955 44.52602
    -111.79052 44.524638
    -111.786883 44.523924
    -111.784782 44.523698
    -111.781351 44.524397
    -111.779404 44.524883
    -111.778997 44.52504
    -111.777928 44.525726
    -111.777147 44.526227
    -111.775374 44.528186
    -111.773195 44.529369
    -111.771455 44.529786
    -111.770426 44.529706
    -111.769175 44.529121
    -111.767836 44.528233
    -111.76588 44.527773
    -111.764345 44.527319
    -111.762623 44.526829
    -111.761453 44.526848
    -111.761256 44.527282
    -111.761245 44.527819
    -111.761741 44.528731
    -111.761904 44.529841
    -111.760736 44.531975
    -111.759592 44.532935
    -111.758966 44.533766
    -111.757261 44.534652
    -111.755227 44.535635
    -111.75286 44.536882
    -111.751817 44.537474
    -111.750796 44.538736
    -111.749578 44.539353
    -111.747729 44.540141
    -111.746401 44.540766
    -111.744234 44.541013
    -111.741828 44.541493
    -111.740746 44.541583
    -111.73932 44.542376
    -111.737191 44.54306
    -111.735734 44.543113
    -111.734614 44.542731
    -111.733635 44.542385
    -111.732128 44.542538
    -111.730569 44.542925
    -111.728963 44.543346
    -111.726836 44.543963
    -111.7251 44.543844
    -111.723319 44.543624
    -111.721534 44.543572
    -111.720031 44.543556
    -111.717501 44.543227
    -111.715474 44.543543
    -111.71483 44.545116
    -111.714482 44.546021
    -111.713751 44.547223
    -111.711828 44.548217
    -111.711518 44.548377
    -111.711303 44.548577
    -111.710855 44.548994
    -111.709553 44.550206
    -111.709506 44.550253
    -111.708895 44.550868
    -111.708064 44.551704
    -111.707941 44.552067
    -111.707612 44.553044
    -111.707262 44.554083
    -111.706854 44.554867
    -111.705645 44.557194
    -111.704218 44.560205
    -111.695621 44.557742
    -111.691515 44.556566
    -111.690204 44.55619
    -111.683128 44.561764
    -111.681571 44.559864
    -111.679993 44.558973
    -111.67738 44.558037
    -111.674622 44.557369
    -111.671915 44.556499
    -111.669151 44.556099
    -111.666526 44.555802
    -111.664091 44.555406
    -111.662134 44.554645
    -111.660467 44.553483
    -111.658693 44.55296
    -111.656949 44.55321
    -111.65448 44.554326
    -111.652203 44.555276
    -111.649141 44.555613
    -111.646189 44.55521
    -111.644191 44.554213
    -111.642186 44.553485
    -111.64027 44.553027
    -111.63783 44.552865
    -111.634452 44.552592
    -111.631505 44.552022
    -111.627701 44.551878
    -111.625794 44.551858
    -111.624819 44.551967
    -111.623755 44.551249
    -111.622119 44.550861
    -111.619911 44.550769
    -111.617695 44.551012
    -111.617343 44.550833
    -111.617393 44.537649
    -111.617395 44.537029
    -111.617403 44.535158
    -111.617439 44.525844
    -111.61746 44.520554
    -111.617519 44.505292
    -111.617416 44.501661
    -111.617435 44.501387
    -111.617454 44.501116
    -111.617474 44.500846
    -111.617503 44.50044
    -111.617505 44.499917
    -111.617082 44.495804
    -111.617074 44.495731
    -111.617126 44.489833
    -111.617127 44.489738
    -111.617136 44.488702
    -111.617137 44.488651
    -111.617314 44.488353
    -111.617514 44.488096
    -111.617591 44.487997
    -111.61757 44.485842
    -111.617536 44.482294
    -111.617524 44.481085
    -111.617522 44.480898
    -111.617522 44.480847
    -111.617832 44.478309
    -111.617837 44.478178
    -111.617843 44.478041
    -111.617916 44.476306
    -111.617969 44.475087
    -111.617935 44.475013
    -111.617678 44.473389
    -111.617676 44.472086
    -111.617772 44.471857
    -111.617705 44.468907
    -111.617608 44.467741
    -111.61769 44.467681
    -111.617747 44.461567
    -111.617781 44.457892
    -111.617805 44.455368
    -111.617818 44.454034
    -111.617818 44.454
    -111.61783 44.452821
    -111.617835 44.452357
    -111.617891 44.446469
    -111.617885 44.444442
    -111.617883 44.443623
    -111.617597 44.43027
    -111.617664 44.430119
    -111.617723 44.429964
    -111.617735 44.429782
    -111.617749 44.429348
    -111.617727 44.428989
    -111.617729 44.428794
    -111.617748 44.428622
    -111.617765 44.428524
    -111.617767 44.428355
    -111.617725 44.42809
    -111.617651 44.42788
    -111.617625 44.427757
    -111.617608 44.427519
    -111.617569 44.426238
    -111.617554 44.425116
    -111.617495 44.423628
    -111.617523 44.423587
    -111.617612 44.423517
    -111.617726 44.423483
    -111.617739 44.423475
    -111.617842 44.423443
    -111.61784 44.423421
    -111.617818 44.423206
    -111.617787 44.422904
    -111.617765 44.422689
    -111.617565 44.420727
    -111.617565 44.420195
    -111.617704 44.420018
    -111.617812 44.41988
    -111.617896 44.419766
    -111.617977 44.419677
    -111.61801 44.419594
    -111.617997 44.419532
    -111.617738 44.419411
    -111.617676 44.419362
    -111.617609 44.41931
    -111.617552 44.419166
    -111.617531 44.418847
    -111.617535 44.418726
    -111.617544 44.418467
    -111.617549 44.418059
    -111.61752 44.417826
    -111.617538 44.417497
    -111.617578 44.41723
    -111.617619 44.417036
    -111.61761 44.41654
    -111.617608 44.416438
    -111.617598 44.4163
    -111.617788 44.415964
    -111.617876 44.415789
    -111.617972 44.415549
    -111.618035 44.415423
    -111.618021 44.415331
    -111.617982 44.415282
    -111.617904 44.415236
    -111.617788 44.415154
    -111.617749 44.415093
    -111.617722 44.415004
    -111.617718 44.414923
    -111.617711 44.41478
    -111.617695 44.414645
    -111.617688 44.41459
    -111.617687 44.414501
    -111.617716 44.414433
    -111.617758 44.414378
    -111.617779 44.414313
    -111.617748 44.414227
    -111.617725 44.414102
    -111.617699 44.414007
    -111.617689 44.413924
    -111.617706 44.413881
    -111.617774 44.413844
    -111.617859 44.413785
    -111.61791 44.413723
    -111.617952 44.41364
    -111.617947 44.413567
    -111.617847 44.413453
    -111.617661 44.413319
    -111.617635 44.413267
    -111.617631 44.413176
    -111.617623 44.412958
    -111.617628 44.412595
    -111.617644 44.412497
    -111.617677 44.412411
    -111.617724 44.412349
    -111.617762 44.412321
    -111.617821 44.412254
    -111.617834 44.412198
    -111.617829 44.412122
    -111.617803 44.412057
    -111.617789 44.412021
    -111.617737 44.411953
    -111.617632 44.411705
    -111.617553 44.411589
    -111.617489 44.411194
    -111.617464 44.410862
    -111.617491 44.410531
    -111.617518 44.410319
    -111.617517 44.410193
    -111.617542 44.409699
    -111.617592 44.409591
    -111.617608 44.409511
    -111.617577 44.409407
    -111.617529 44.409275
    -111.617527 44.409143
    -111.617553 44.408732
    -111.617538 44.408539
    -111.617516 44.408459
    -111.617477 44.408401
    -111.617472 44.40833
    -111.617569 44.408164
    -111.617592 44.408131
    -111.617636 44.40783
    -111.617755 44.407022
    -111.617755 44.406788
    -111.617758 44.40597
    -111.617773 44.401585
    -111.620881 44.401516
    -111.621197 44.401509
    -111.625794 44.40125
    -111.676392 44.401324
    -111.705991 44.401369
    -111.706875 44.401384
    -111.708236 44.401407
    -111.708579 44.401412
    -111.709728 44.401432
    -111.713078 44.401337
    -111.745948 44.401517
    -111.750796 44.40154
    -111.753113 44.401537
    -111.753149 44.401537
    -111.754831 44.401534
    -111.754865 44.401534
    -111.754899 44.401534
    -111.791624 44.401488
    -111.791626 44.400623
    -111.791647 44.393106
    -111.791648 44.392951
    -111.791701 44.374978
    -111.791701 44.374952
    -111.791433 44.369205
    -111.791442 44.348853
    -111.791445 44.340368
    -111.791447 44.334812
    -111.791447 44.333195
    -111.791447 44.331657
    -111.79145 44.326669
    -111.791454 44.320085
    -111.791456 44.316956
    -111.810167 44.316986
    -111.841861 44.317045
    -111.844278 44.31703
    -111.844344 44.317032
    -111.84489 44.31704
    -111.845806 44.317054
    -111.846617 44.317039
    -111.84727 44.317008
    -111.847355 44.316996
    -111.852351 44.316949
    -111.852365 44.31338
    -111.852366 44.313188
    -111.852371 44.311778
    -111.852393 44.306261
    -111.852412 44.30156
    -111.852425 44.298154
    -111.852461 44.289197
    -111.852497 44.28019
    -111.852561 44.264298
    -111.852588 44.257505
    -111.852606 44.253002
    -111.852619 44.249912
    -111.852584 44.242215
    -111.852579 44.240896
    -111.85255 44.234197
    -111.852546 44.231467
    -111.857195 44.231507
    -111.857255 44.231508
    -111.857948 44.231459
    -111.857958 44.212753
    -111.857962 44.205237
    -111.857973 44.1878
    -111.866951 44.187824
    -111.874908 44.187846
    -111.874921 44.187846
    -111.875804 44.187716
    -111.891275 44.187677
    -111.896597 44.187664
    -111.900597 44.187654
    -111.913703 44.187622
    -111.913631 44.177302
    -111.913589 44.171299
    -111.913571 44.157433
    -111.913513 44.144092
    -111.93184 44.144136
    -111.942885 44.144164
    -111.962239 44.144224
    -111.964425 44.14423
    -111.973493 44.144256
    -111.97905 44.14427
    -111.986923 44.144244
    -111.988777 44.144243
    -111.989903 44.144243
    -111.990081 44.144206
    -111.990648 44.144215
    -111.991493 44.144218
    -111.992324 44.14424
    -111.992642 44.144241
    -111.992689 44.144241
    -111.993121 44.144228
    -111.993242 44.144202
    -111.99339 44.144182
    -111.993533 44.14421
    -111.993952 44.14425
    -111.993994 44.144255
    -111.994331 44.144295
    -111.994912 44.144261
    -111.995006 44.144251
    -111.995581 44.144258
    -111.995641 44.144269
    -111.995844 44.144297
    -111.996053 44.144266
    -111.996287 44.144246
    -111.996519 44.144227
    -111.996965 44.144238
    -111.998072 44.144228
    -111.998275 44.144222
    -111.998518 44.144234
    -111.998686 44.144179
    -111.998895 44.144153
    -111.999078 44.144161
    -111.999315 44.144188
    -111.99949 44.144163
    -111.999704 44.144073
    -111.99982 44.144013
    -111.999926 44.143957
    -112.000002 44.143918
    -112.000084 44.143902
    -112.000155 44.143814
    -112.000758 44.143826
    -112.001442 44.143839
    -112.001614 44.143842
    -112.007276 44.143951
    -112.007468 44.143959
    -112.008709 44.144011
    -112.00938 44.144065
    -112.009997 44.144082
    -112.010323 44.144046
    -112.010709 44.143968
    -112.012021 44.143978
    -112.024387 44.144064
    -112.024697 44.144066
    -112.026851 44.14409
    -112.026981 44.144089
    -112.032052 44.144066
    -112.033664 44.144049
    -112.033671 44.143905
    -112.033683 44.143657
    -112.033971 44.136605
    -112.033974 44.136525
    -112.034044 44.133331
    -112.034229 44.12491
    -112.03419 44.117015
    -112.034193 44.114816
    -112.034199 44.109997
    -112.034215 44.097351
    -112.034227 44.088084
    -112.034254 44.067809
    -112.034268 44.057371
    -112.034268 44.05735
    -112.047049 44.057386
    -112.053431 44.057404
    -112.070597 44.057452
    -112.071045 44.057453
    -112.074622 44.057464
    -112.083579 44.057489
    -112.083679 44.057489
    -112.08524 44.057494
    -112.092863 44.057517
    -112.094416 44.057522
    -112.125813 44.057617
    -112.134506 44.057634
    -112.134644 44.057635
    -112.134822 44.057635
    -112.135731 44.057631
    -112.136908 44.05763
    -112.141587 44.057642
    -112.147446 44.057661
    -112.15595 44.057677
    -112.171186 44.057708
    -112.171493 44.057709
    -112.203757 44.057817
    -112.204899 44.057808
    -112.208184 44.057782
    -112.208259 44.057781
    -112.213715 44.057778
    -112.217353 44.057785
    -112.217648 44.057786
    -112.217709 44.057786
    -112.218001 44.057787
    -112.232913 44.057814
    -112.234716 44.057818
    -112.235084 44.057819
    -112.235216 44.057815
    -112.235503 44.057807
    -112.235727 44.0578
    -112.235939 44.057794
    -112.236127 44.057794
    -112.236594 44.057795
    -112.23682 44.057796
    -112.250816 44.057819
    -112.259334 44.057833
    -112.263402 44.05784
    -112.266654 44.057846
    -112.27494 44.05786
    -112.276856 44.057863
    -112.279033 44.057867
    -112.281112 44.05787
    -112.28415 44.057875
    -112.285375 44.057877
    -112.290806 44.057887
    -112.291314 44.057887
    -112.310062 44.057917
    -112.310508 44.057918
    -112.314466 44.057925
    -112.315746 44.057927
    -112.318847 44.057932
    -112.320224 44.057933
    -112.321092 44.057935
    -112.321358 44.057936
    -112.321632 44.057936
    -112.338514 44.057958
    -112.338808 44.057958
    -112.345152 44.057969
    -112.345599 44.05797
    -112.345727 44.05797
    -112.345773 44.05797
    -112.348335 44.057974
    -112.348476 44.057974
    -112.374797 44.058017
    -112.374937 44.058024
    -112.375075 44.05803
    -112.375819 44.058065
    -112.383176 44.058054
    -112.384938 44.058057
    -112.398091 44.05807
    -112.39968 44.058072
    -112.400084 44.058073
    -112.403776 44.058077
    -112.419011 44.058092
    -112.419548 44.058092
    -112.420084 44.058093
    -112.420451 44.058094
    -112.420818 44.058094
    -112.436339 44.058109
    -112.449436 44.058123
    -112.450276 44.058124
    -112.450748 44.058125
    -112.451601 44.058128
    -112.466847 44.058145
    -112.4753 44.058154
    -112.476481 44.058155
    -112.485196 44.058164
    -112.485267 44.058164
    -112.486219 44.058165
    -112.486394 44.058167
    -112.487669 44.058181
    -112.48848 44.05818
    -112.488814 44.058179
    -112.489174 44.058188
    -112.489291 44.058186
    -112.495379 44.058196
    -112.496681 44.058198
    -112.500821 44.058205
    -112.504253 44.0582
    -112.512313 44.058188
    -112.515622 44.058174
    -112.516248 44.058174
    -112.523466 44.058177
    -112.525804 44.058178
    -112.52816 44.058162
    -112.528317 44.058161
    -112.52886 44.058157
    -112.529522 44.058156
    -112.529662 44.058156
    -112.53134 44.058154
    -112.532725 44.058166
    -112.535241 44.058149
    -112.536039 44.058145
    -112.536357 44.058143
    -112.538322 44.058154
    -112.540082 44.058148
    -112.541677 44.05816
    -112.545359 44.058156
    -112.545744 44.058161
    -112.546411 44.058169
    -112.547594 44.058184
    -112.549741 44.058172
    -112.551533 44.058181
    -112.553809 44.058185
    -112.555754 44.058197
    -112.555809 44.058197
    -112.556419 44.058195
    -112.557622 44.058192
    -112.559449 44.058197
    -112.562501 44.058188
    -112.565608 44.058223
    -112.566558 44.058217
    -112.567565 44.058211
    -112.571192 44.058215
    -112.572565 44.058207
    -112.574105 44.058216
    -112.575613 44.058215
    -112.576629 44.058214
    -112.57847 44.058203
    -112.579925 44.058213
    -112.58388 44.058207
    -112.585716 44.058187
    -112.586655 44.058187
    -112.588733 44.058186
    -112.590688 44.0582
    -112.592667 44.058219
    -112.593177 44.058214
    -112.594128 44.058204
    -112.594279 44.058202
    -112.594607 44.0582
    -112.595292 44.058196
    -112.595765 44.058193
    -112.596143 44.058191
    -112.596549 44.058193
    -112.596688 44.058194
    -112.597133 44.058196
    -112.597567 44.058197
    -112.599481 44.05818
    -112.603233 44.058179
    -112.604435 44.058193
    -112.605923 44.058172
    -112.606128 44.058169
    -112.607224 44.058165
    -112.608152 44.058145
    -112.609926 44.058148
    -112.610476 44.058168
    -112.611307 44.058138
    -112.611829 44.058133
    -112.616302 44.058133
    -112.616515 44.058133
    -112.617699 44.058124
    -112.618171 44.05813
    -112.61823 44.058131
    -112.618872 44.05814
    -112.619253 44.058077
    -112.621365 44.058143
    -112.621843 44.058143
    -112.622453 44.058139
    -112.623462 44.058133
    -112.625225 44.058134
    -112.626073 44.058134
    -112.628051 44.058135
    -112.628691 44.058135
    -112.628898 44.058136
    -112.629418 44.058111
    -112.629426 44.058111
    -112.632051 44.058121
    -112.63517 44.058133
    -112.638372 44.058217
    -112.641349 44.058182
    -112.642044 44.058187
    -112.644961 44.058189
    -112.649403 44.058192
    -112.650918 44.058167
    -112.651028 44.058165
    -112.651147 44.058165
    -112.653931 44.058169
    -112.654974 44.058171
    -112.656091 44.058173
    -112.658496 44.058175
    -112.659314 44.058177
    -112.666647 44.05819
    -112.668248 44.058193
    -112.668503 44.058193
    -112.669766 44.058195
    -112.675378 44.058205
    -112.682912 44.058218
    -112.684615 44.058222
    -112.686004 44.058253
    -112.694674 44.058454
    -112.694688 44.046898
    -112.694696 44.04083
    -112.694696 44.040807
    -112.694699 44.038272
    -112.694699 44.037963
    -112.6947 44.03725
    -112.6947 44.03715
    -112.694705 44.033398
    -112.694705 44.033371
    -112.694705 44.03332
    -112.694715 44.026115
    -112.694715 44.026021
    -112.694715 44.026006
    -112.694714 44.025915
    -112.694695 44.022468
    -112.694693 44.02241
    -112.694711 44.022411
    -112.694816 44.022025
    -112.694855 44.019941
    -112.694859 44.017545
    -112.694863 44.015169
    -112.694753 44.012419
    -112.694795 44.008404
    -112.694999 43.999906
    -112.695027 43.97194
    -112.705829 43.971978
    -112.706599 43.971979
    -112.724728 43.972039
    -112.742871 43.972099
    -112.750896 43.972173
    -112.754176 43.972177
    -112.754483 43.972177
    -112.773219 43.972192
    -112.776541 43.972195
    -112.792384 43.972209
    -112.792472 43.972209
    -112.792623 43.972209
    -112.794752 43.97221
    -112.802324 43.972219
    -112.804699 43.97222
    -112.808101 43.972225
    -112.813714 43.972227
    -112.825721 43.972236
    -112.833701 43.972243
    -112.838253 43.972248
    -112.8554 43.972348
    -112.872805 43.972451
    -112.872944 43.972454
    -112.875833 43.972279
    -112.879609 43.972282
    -112.886976 43.972268
    -112.894343 43.972255
    -112.894657 43.972254
    -112.894971 43.972254
    -112.904755 43.972268
    -112.909444 43.972275
    -112.914132 43.972282
    -112.953011 43.97234
    -112.99189 43.972397
    -112.994195 43.972403
    -112.994215 43.984403
    -112.994215 43.984642
    -112.994236 43.99396
    -112.994214 43.999902
    -112.994365 44.002633
    -112.994365 44.006541
    -112.994356 44.02588
    -112.994356 44.025915
    -112.994355 44.029153
    -112.994353 44.03595
    -112.994343 44.056644
    -112.994341 44.056864
    -112.994341 44.059568
    -112.995402 44.059576
    -112.995383 44.065685
    -112.995307 44.094613
    -112.995146 44.125058
    -112.995164 44.133801
    -112.995195 44.14602
    -112.995192 44.147154
    -112.995185 44.149884
    -112.995175 44.154126
    -112.995182 44.156682
    -112.995183 44.157218
    -112.995183 44.157297
    -112.995183 44.157315
    -112.995196 44.162259
    -112.995209 44.167315
    -112.995209 44.167359
    -112.995216 44.170216
    -112.99522 44.170284
    -112.995255 44.170917
    -112.995267 44.176931
    -112.99527 44.178779
    -112.995274 44.181544
    -112.995289 44.188981
    -112.995291 44.190059
    -112.995291 44.190132
    -112.995292 44.190912
    -112.995292 44.19111
    -112.995293 44.191271
    -112.995307 44.199341
    -112.995308 44.199517
    -112.995308 44.199573
    -112.995338 44.214451
    -112.995338 44.214507
    -112.995346 44.218224
    -112.995346 44.218268
    -112.995351 44.221265
    -112.995365 44.227288
    -112.995365 44.227326
    -112.995365 44.227364
    -112.995379 44.233956
    -112.99365 44.233966
    -112.993426 44.233967
    -112.979528 44.234046
    -112.97943 44.234046
    -112.979029 44.234048
    -112.978052 44.234053
    -112.975007 44.234071
    -112.974925 44.234071
    -112.974013 44.234077
    -112.973762 44.234079
    -112.973694 44.234079
    -112.968118 44.234108
    -112.966276 44.234118
    -112.96248 44.23414
    -112.962395 44.234141
    -112.962393 44.234141
    -112.958191 44.234165
    -112.957749 44.234165
    -112.957727 44.234165
    -112.940475 44.234268
    -112.940081 44.23427
    -112.939928 44.234271
    -112.934726 44.234302
    -112.934701 44.230293
    -112.920567 44.230284
    -112.919798 44.230282
    -112.912002 44.230278
    -112.902085 44.230268
    -112.901879 44.230268
    -112.89703 44.23027
    -112.894958 44.23027
    -112.88296 44.23026
    -112.875835 44.230234
    -112.872985 44.230457
    -112.87296 44.230458
    -112.867249 44.23048
    -112.867171 44.23048
    -112.862197 44.230499
    -112.862028 44.230499
    -112.857494 44.230519
    -112.855246 44.230514
    -112.853823 44.230511
    -112.85328 44.23051
    -112.847337 44.230499
    -112.831036 44.230469
    -112.830931 44.230468
    -112.830907 44.230468
    -112.813907 44.230439
    -112.813826 44.239199
    -112.813761 44.246299
    -112.813761 44.246301
    -112.813731 44.249647
    -112.813829 44.249867
    -112.813847 44.249908
    -112.813797 44.259679
    -112.813783 44.263321
    -112.81375 44.268807
    -112.813727 44.27379
    -112.813692 44.280397
    -112.813672 44.284218
    -112.813609 44.297539
    -112.813606 44.297682
    -112.813753 44.31567
    -112.813751 44.315818
    -112.813812 44.323847
    -112.813818 44.32806
    -112.813819 44.328637
    -112.813818 44.328639
    -112.813823 44.364832
    -112.813839 44.366197
    -112.813841 44.366352
    -112.813804 44.37491
    -112.813817 44.376855
    -112.812735 44.377181
    -112.812666 44.377477
    -112.81282 44.377814
    -112.81324 44.378103
    -112.813679 44.378922
    -112.813774 44.379853
    -112.813174 44.381626
    -112.81367 44.382228
    -112.814321 44.382975
    -112.814406 44.383544
    -112.813762 44.385422
    -112.813021 44.38669
    -112.812382 44.387532
    -112.812211 44.388238
    -112.812227 44.389305
    -112.812499 44.390164
    -112.81262 44.390413
    -112.812628 44.390918
    -112.812533 44.391913
    -112.812608 44.392275
    -112.81314 44.392499
    -112.813725 44.393101
    -112.814705 44.394674
    -112.814964 44.395806
    -112.814793 44.396496
    -112.814246 44.396953
    -112.813375 44.397755
    -112.813272 44.398173
    -112.813615 44.398389
    -112.815186 44.399594
    -112.816161 44.400035
    -112.816505 44.400035
    -112.817341 44.399634
    -112.818209 44.399562
    -112.819407 44.399876
    -112.820816 44.400285
    -112.821617 44.401995
    -112.821565 44.403247
    -112.821874 44.403608
    -112.821884 44.403841
    -112.821879 44.404636
    -112.822195 44.405607
    -112.821833 44.406698
    -112.821808 44.407163
    -112.821896 44.407436
    -112.822194 44.407709
    -112.8231 44.408592
    -112.824536 44.409988
    -112.826349 44.411738
    -112.827308 44.413014
    -112.828965 44.414732
    -112.831157 44.4162
    -112.831522 44.416586
    -112.831786 44.417019
    -112.832314 44.418094
    -112.83281 44.418776
    -112.836034 44.422653
    -112.836233 44.422805
    -112.837023 44.422741
    -112.837601 44.422645
    -112.837945 44.422741
    -112.840278 44.424964
    -112.840521 44.425269
    -112.840365 44.425413
    -112.839675 44.425429
    -112.836581 44.426127
    -112.836324 44.42628
    -112.835897 44.427154
    -112.835649 44.427724
    -112.835336 44.428085
    -112.834354 44.428598
    -112.83403 44.429008
    -112.833459 44.429553
    -112.832991 44.429842
    -112.831767 44.430051
    -112.83025 44.430837
    -112.829456 44.431639
    -112.827853 44.432016
    -112.827072 44.432401
    -112.827702 44.433027
    -112.828062 44.436197
    -112.828189 44.439077
    -112.8284 44.43985
    -112.828494 44.440081
    -112.828549 44.440217
    -112.828632 44.441356
    -112.828443 44.441833
    -112.828191 44.442472
    -112.825533 44.444453
    -112.822217 44.445853
    -112.821598 44.446114
    -112.820216 44.446592
    -112.819492 44.446843
    -112.818497 44.447613
    -112.817943 44.448466
    -112.817543 44.449083
    -112.816802 44.450895
    -112.815115 44.453374
    -112.814489 44.45382
    -112.813796 44.454229
    -112.811876 44.455476
    -112.809763 44.454121
    -112.809557 44.4539
    -112.809274 44.453589
    -112.808574 44.453501
    -112.808149 44.453845
    -112.807406 44.455322
    -112.806946 44.455883
    -112.806658 44.456032
    -112.804424 44.457188
    -112.801691 44.458602
    -112.800288 44.460455
    -112.798815 44.461224
    -112.798133 44.461802
    -112.797778 44.463391
    -112.797172 44.464145
    -112.797268 44.464859
    -112.797534 44.465541
    -112.797659 44.465852
    -112.797825 44.466062
    -112.798193 44.466536
    -112.798613 44.466938
    -112.798443 44.467387
    -112.797975 44.467563
    -112.796971 44.468004
    -112.794896 44.46879
    -112.794103 44.469407
    -112.78636 44.47875
    -112.786311 44.478809
    -112.781294 44.484888
    -112.772822 44.484236
    -112.77184 44.48416
    -112.770282 44.484271
    -112.769031 44.484913
    -112.767465 44.486139
    -112.765182 44.487871
    -112.762562 44.488656
    -112.758477 44.488653
    -112.755464 44.488781
    -112.755338 44.488787
    -112.753072 44.489732
    -112.750841 44.49046
    -112.749522 44.491142
    -112.749011 44.491233
    -112.748384 44.4909
    -112.746739 44.48891
    -112.746105 44.488143
    -112.745402 44.487954
    -112.74458 44.488168
    -112.743946 44.488244
    -112.742553 44.48814
    -112.741987 44.488296
    -112.741765 44.488498
    -112.741414 44.489223
    -112.741231 44.490164
    -112.740859 44.491243
    -112.740408 44.491993
    -112.740263 44.492137
    -112.739578 44.492817
    -112.738858 44.493443
    -112.738759 44.493529
    -112.737953 44.494506
    -112.737313 44.495385
    -112.736758 44.495774
    -112.736117 44.496476
    -112.735788 44.49729
    -112.73557 44.498036
    -112.735547 44.498116
    -112.735084 44.499159
    -112.734194 44.499518
    -112.73322 44.499911
    -112.731518 44.500722
    -112.729715 44.501181
    -112.727495 44.501887
    -112.725286 44.502481
    -112.723833 44.502772
    -112.722978 44.502921
    -112.722833 44.502985
    -112.721094 44.503756
    -112.720146 44.504146
    -112.71911 44.504343
    -112.71793 44.504273
    -112.716661 44.50388
    -112.715415 44.503511
    -112.714415 44.503337
    -112.712919 44.503346
    -112.711243 44.50341
    -112.709429 44.503272
    -112.709096 44.503247
    -112.70859 44.50318
    -112.708541 44.50317
    -112.707815 44.503023
    -112.706535 44.502663
    -112.705471 44.50211
    -112.701879 44.500859
    -112.700454 44.500344
    -112.698364 44.49991
    -112.697856 44.499565
    -112.697432 44.499465
    -112.696116 44.499469
    -112.695411 44.499437
    -112.694895 44.499573
    -112.694003 44.49991
    -112.692978 44.500354
    -112.692546 44.49991
    -112.692073 44.499412
    -112.691303 44.499379
    -112.689531 44.499076
    -112.68816 44.49885
    -112.687389 44.498373
    -112.687151 44.497716
    -112.687013 44.496897
    -112.68714 44.495812
    -112.687004 44.495451
    -112.686748 44.495348
    -112.686413 44.495173
    -112.686211 44.495006
    -112.686254 44.494628
    -112.686149 44.49385
    -112.686091 44.493448
    -112.686 44.493127
    -112.684662 44.492806
    -112.682165 44.492482
    -112.680983 44.492191
    -112.680369 44.491801
    -112.679865 44.491386
    -112.679565 44.49138
    -112.678975 44.491472
    -112.678042 44.491822
    -112.677107 44.491964
    -112.67595 44.492123
    -112.674792 44.492041
    -112.673443 44.491791
    -112.671169 44.491265
    -112.670086 44.490725
    -112.668914 44.490258
    -112.668199 44.489691
    -112.667585 44.489421
    -112.667049 44.48924
    -112.666546 44.488752
    -112.66632 44.488239
    -112.665893 44.487439
    -112.665658 44.487255
    -112.665279 44.487153
    -112.665056 44.487057
    -112.664832 44.486721
    -112.664485 44.48645
    -112.664039 44.486284
    -112.663526 44.48623
    -112.662737 44.486355
    -112.662258 44.486406
    -112.661867 44.486151
    -112.660696 44.485756
    -112.659361 44.485947
    -112.658329 44.486547
    -112.657997 44.486999
    -112.657764 44.487089
    -112.657385 44.487042
    -112.656582 44.486894
    -112.655547 44.48698
    -112.653979 44.487406
    -112.653101 44.487724
    -112.651598 44.487692
    -112.650964 44.487783
    -112.650275 44.488124
    -112.649229 44.488122
    -112.648817 44.488188
    -112.647806 44.488619
    -112.643471 44.490072
    -112.64199 44.490039
    -112.64139 44.490275
    -112.640546 44.490753
    -112.639978 44.490756
    -112.638474 44.490491
    -112.635423 44.490538
    -112.633098 44.490984
    -112.632699 44.491227
    -112.632275 44.491181
    -112.63136 44.490615
    -112.630511 44.490001
    -112.629359 44.489067
    -112.629678 44.48827
    -112.629997 44.487272
    -112.629804 44.486478
    -112.62949 44.486014
    -112.628921 44.485776
    -112.628719 44.485423
    -112.628695 44.485054
    -112.629067 44.483727
    -112.628896 44.483077
    -112.62854 44.483039
    -112.627773 44.483324
    -112.626938 44.483344
    -112.625836 44.483325
    -112.625278 44.483108
    -112.624755 44.483122
    -112.624313 44.483304
    -112.623979 44.48391
    -112.623543 44.484421
    -112.623045 44.484564
    -112.621176 44.485275
    -112.620693 44.485626
    -112.619911 44.486688
    -112.619361 44.487071
    -112.618574 44.487265
    -112.617031 44.487491
    -112.607744 44.489867
    -112.60293 44.490939
    -112.601863 44.491015
    -112.601113 44.490798
    -112.599941 44.49004
    -112.599435 44.489788
    -112.598833 44.489706
    -112.598229 44.48956
    -112.597778 44.489283
    -112.597495 44.488989
    -112.59714 44.488438
    -112.596859 44.488321
    -112.595852 44.488058
    -112.595404 44.48791
    -112.594888 44.487707
    -112.594133 44.487193
    -112.593512 44.486725
    -112.593292 44.486221
    -112.59274 44.485914
    -112.591594 44.485363
    -112.589251 44.483837
    -112.588115 44.483231
    -112.586517 44.482275
    -112.585262 44.48179
    -112.584554 44.481444
    -112.584197 44.481368
    -112.583746 44.481726
    -112.582987 44.482209
    -112.58253 44.482197
    -112.581859 44.482012
    -112.578655 44.480896
    -112.578044 44.480348
    -112.577706 44.480127
    -112.577252 44.480236
    -112.576804 44.480747
    -112.576184 44.480939
    -112.575394 44.480963
    -112.574458 44.480917
    -112.573513 44.480983
    -112.57261 44.481531
    -112.571161 44.482077
    -112.569669 44.482711
    -112.568934 44.482719
    -112.568265 44.482646
    -112.567908 44.482617
    -112.567241 44.482689
    -112.566131 44.482837
    -112.56475 44.482827
    -112.563019 44.482596
    -112.561973 44.482591
    -112.560382 44.482656
    -112.55905 44.482935
    -112.557158 44.48359
    -112.555948 44.483787
    -112.555016 44.483982
    -112.554622 44.484396
    -112.553664 44.484334
    -112.552894 44.484237
    -112.552193 44.484269
    -112.551364 44.484615
    -112.550557 44.484928
    -112.550064 44.484805
    -112.549889 44.484935
    -112.549362 44.484731
    -112.549201 44.484419
    -112.548687 44.483717
    -112.547388 44.483281
    -112.547091 44.483468
    -112.546171 44.483703
    -112.545483 44.483839
    -112.544636 44.483775
    -112.544224 44.483763
    -112.543147 44.483983
    -112.541989 44.483971
    -112.541304 44.483601
    -112.540584 44.483174
    -112.539506 44.48263
    -112.539175 44.482152
    -112.538658 44.481241
    -112.538028 44.480829
    -112.536696 44.479774
    -112.536696 44.479123
    -112.536576 44.47861
    -112.536338 44.478347
    -112.535889 44.478191
    -112.535221 44.478182
    -112.533985 44.478194
    -112.532269 44.478091
    -112.531306 44.477739
    -112.530185 44.477333
    -112.529198 44.476877
    -112.528629 44.476778
    -112.528005 44.476752
    -112.526787 44.477126
    -112.526305 44.477269
    -112.525668 44.477459
    -112.525021 44.47741
    -112.524628 44.477213
    -112.524291 44.477023
    -112.523165 44.476247
    -112.521585 44.476303
    -112.521094 44.476252
    -112.520133 44.475996
    -112.519429 44.475875
    -112.518871 44.475784
    -112.517971 44.475866
    -112.517331 44.476201
    -112.517044 44.476349
    -112.516798 44.476319
    -112.516673 44.476144
    -112.515761 44.47555
    -112.515282 44.475499
    -112.513814 44.474935
    -112.51364 44.474511
    -112.512966 44.474156
    -112.512395 44.473953
    -112.512317 44.472619
    -112.511697 44.472119
    -112.51139 44.471736
    -112.512036 44.47042
    -112.512022 44.469648
    -112.511827 44.469289
    -112.511525 44.469195
    -112.511232 44.468997
    -112.511361 44.468683
    -112.511587 44.467555
    -112.511744 44.466951
    -112.511713 44.466445
    -112.51122 44.466233
    -112.508447 44.465431
    -112.507838 44.465264
    -112.506619 44.465133
    -112.505306 44.464867
    -112.503759 44.464534
    -112.502399 44.464168
    -112.501648 44.4638
    -112.500832 44.463264
    -112.50031 44.463051
    -112.498699 44.464423
    -112.497089 44.465899
    -112.496646 44.466192
    -112.496684 44.466642
    -112.497041 44.46762
    -112.496921 44.467886
    -112.496699 44.467952
    -112.496286 44.467923
    -112.494837 44.467822
    -112.493903 44.467974
    -112.493005 44.469461
    -112.492643 44.46993
    -112.491846 44.470467
    -112.491203 44.470753
    -112.490047 44.47102
    -112.488579 44.471256
    -112.486486 44.471393
    -112.485528 44.471368
    -112.484796 44.471752
    -112.484578 44.472164
    -112.484279 44.473332
    -112.483498 44.474343
    -112.48298 44.474821
    -112.482491 44.474938
    -112.482 44.474853
    -112.481198 44.4749
    -112.478878 44.475762
    -112.477968 44.476122
    -112.476573 44.476921
    -112.476025 44.477818
    -112.47544 44.478361
    -112.474467 44.479012
    -112.473759 44.479516
    -112.473207 44.480027
    -112.472011 44.479682
    -112.471004 44.479296
    -112.469921 44.479096
    -112.469326 44.478706
    -112.469076 44.478234
    -112.468872 44.477914
    -112.466825 44.477117
    -112.465105 44.47569
    -112.464792 44.475596
    -112.4641 44.475425
    -112.461938 44.475465
    -112.460347 44.47571
    -112.459374 44.474246
    -112.45803 44.473572
    -112.457715 44.473301
    -112.457275 44.47271
    -112.456437 44.472467
    -112.45565 44.471845
    -112.455375 44.471091
    -112.455377 44.470215
    -112.45604 44.469615
    -112.455495 44.468662
    -112.455477 44.467962
    -112.455509 44.466772
    -112.454293 44.466628
    -112.452773 44.467219
    -112.451769 44.467105
    -112.44999 44.467448
    -112.448724 44.46782
    -112.448003 44.468155
    -112.447213 44.468209
    -112.446185 44.467967
    -112.44357 44.46715
    -112.442475 44.466828
    -112.442217 44.466653
    -112.442169 44.466356
    -112.44225 44.465551
    -112.441579 44.465227
    -112.439118 44.464248
    -112.437893 44.4633
    -112.437074 44.462727
    -112.436225 44.462483
    -112.435342 44.462216
    -112.435195 44.46192
    -112.43523 44.460939
    -112.43467 44.460645
    -112.433998 44.46028
    -112.43397 44.459782
    -112.43411 44.459266
    -112.434506 44.457575
    -112.434635 44.457147
    -112.434546 44.456038
    -112.43416 44.455301
    -112.433742 44.454685
    -112.432895 44.454675
    -112.431992 44.454585
    -112.431156 44.454511
    -112.430448 44.453913
    -112.429601 44.453823
    -112.428788 44.453829
    -112.426965 44.454171
    -112.424887 44.454669
    -112.424008 44.454836
    -112.423508 44.454944
    -112.423218 44.45489
    -112.42296 44.454739
    -112.422823 44.45433
    -112.42233 44.454052
    -112.42195 44.453934
    -112.421025 44.453924
    -112.419577 44.453838
    -112.418338 44.453638
    -112.417077 44.453342
    -112.415995 44.453253
    -112.41492 44.453719
    -112.411974 44.455573
    -112.411102 44.456383
    -112.409459 44.456998
    -112.408116 44.457442
    -112.407236 44.457465
    -112.406106 44.457007
    -112.4052 44.456603
    -112.404487 44.456519
    -112.40258 44.456299
    -112.401585 44.45588
    -112.400609 44.455171
    -112.399463 44.45411
    -112.399178 44.45346
    -112.398686 44.453182
    -112.397814 44.452819
    -112.396406 44.452418
    -112.395494 44.452465
    -112.394803 44.452429
    -112.394466 44.452207
    -112.393626 44.451682
    -112.392275 44.451329
    -112.391325 44.450966
    -112.390543 44.450666
    -112.389735 44.45002
    -112.388726 44.449327
    -112.388108 44.448688
    -112.387389 44.448058
    -112.387185 44.447665
    -112.386896 44.447635
    -112.386432 44.448112
    -112.38507 44.450204
    -112.384584 44.450618
    -112.384041 44.451016
    -112.382931 44.452672
    -112.381824 44.453443
    -112.381292 44.453712
    -112.381082 44.453874
    -112.380911 44.45464
    -112.380348 44.455247
    -112.377974 44.456372
    -112.377687 44.456664
    -112.377036 44.45863
    -112.376196 44.459311
    -112.375831 44.459449
    -112.371906 44.463206
    -112.371497 44.464413
    -112.370709 44.465541
    -112.370376 44.465887
    -112.369408 44.466404
    -112.368908 44.466895
    -112.368764 44.467153
    -112.368341 44.467298
    -112.366882 44.467277
    -112.366437 44.467358
    -112.366394 44.467986
    -112.36632 44.469755
    -112.365978 44.4713
    -112.365722 44.471751
    -112.365534 44.471928
    -112.365222 44.472234
    -112.364934 44.472838
    -112.364848 44.474189
    -112.364938 44.474695
    -112.364905 44.475122
    -112.364373 44.476136
    -112.364274 44.47686
    -112.364376 44.477833
    -112.364656 44.478274
    -112.364903 44.478756
    -112.364937 44.479239
    -112.364717 44.480646
    -112.364662 44.481008
    -112.364039 44.481283
    -112.363015 44.481672
    -112.362838 44.481938
    -112.362838 44.482251
    -112.362906 44.482726
    -112.362907 44.483144
    -112.362718 44.483546
    -112.362508 44.484085
    -112.361897 44.484738
    -112.360928 44.485045
    -112.359771 44.485401
    -112.359226 44.485837
    -112.358926 44.48628
    -112.356688 44.492621
    -112.3566 44.493127
    -112.356655 44.493359
    -112.356724 44.49365
    -112.357036 44.494067
    -112.357517 44.494967
    -112.357741 44.495626
    -112.357832 44.496736
    -112.356864 44.499911
    -112.356922 44.500269
    -112.356858 44.500777
    -112.356861 44.500856
    -112.356883 44.50135
    -112.35691 44.501791
    -112.357007 44.503405
    -112.356967 44.504332
    -112.356531 44.504913
    -112.356805 44.505509
    -112.35737 44.505894
    -112.35767 44.506084
    -112.357788 44.506159
    -112.357925 44.506377
    -112.358085 44.506868
    -112.358292 44.507512
    -112.358357 44.509156
    -112.358026 44.510045
    -112.357924 44.510318
    -112.357905 44.510995
    -112.357978 44.512028
    -112.358064 44.513252
    -112.358018 44.514739
    -112.357978 44.516049
    -112.358073 44.516735
    -112.358236 44.517911
    -112.358212 44.518537
    -112.358128 44.52078
    -112.357525 44.521733
    -112.357168 44.522355
    -112.357029 44.523653
    -112.35664 44.524782
    -112.357683 44.525836
    -112.358266 44.526026
    -112.358372 44.52606
    -112.358543 44.526559
    -112.358616 44.527486
    -112.35889 44.528726
    -112.358917 44.528847
    -112.358624 44.529359
    -112.358336 44.529864
    -112.357322 44.529915
    -112.356851 44.530303
    -112.356531 44.531465
    -112.356512 44.532207
    -112.356255 44.532602
    -112.35583 44.533192
    -112.354766 44.534291
    -112.35421 44.535638
    -112.352785 44.536915
    -112.352509 44.538021
    -112.35181 44.537877
    -112.350234 44.538179
    -112.3498 44.538333
    -112.348794 44.538691
    -112.347036 44.538768
    -112.343902 44.538623
    -112.34332 44.538297
    -112.341912 44.537507
    -112.340918 44.537557
    -112.340155 44.5376
    -112.337643 44.537921
    -112.337483 44.537976
    -112.335831 44.538546
    -112.33293 44.538792
    -112.332716 44.538797
    -112.332115 44.538756
    -112.331572 44.538718
    -112.329473 44.538239
    -112.327673 44.538127
    -112.327602 44.538123
    -112.327211 44.538253
    -112.326094 44.538626
    -112.323752 44.539228
    -112.321946 44.538979
    -112.320764 44.538816
    -112.320391 44.538886
    -112.319198 44.53911
    -112.317097 44.540348
    -112.315612 44.541004
    -112.315008 44.5419
    -112.314712 44.543779
    -112.315583 44.546646
    -112.314784 44.549252
    -112.315047 44.550049
    -112.314591 44.551404
    -112.313986 44.552131
    -112.312899 44.553536
    -112.311651 44.554305
    -112.311383 44.554741
    -112.311225 44.554813
    -112.310798 44.554943
    -112.310009 44.555018
    -112.309575 44.555398
    -112.309297 44.555642
END
END
