16053 Jerome County
1
    -114.356078 42.589878
    -114.356317 42.58989
    -114.356589 42.589906
    -114.356829 42.589906
    -114.357352 42.589874
    -114.357533 42.589883
    -114.357547 42.589884
    -114.35756 42.589884
    -114.3576 42.589886
    -114.357613 42.589887
    -114.357652 42.589889
    -114.357669 42.58989
    -114.35775 42.589908
    -114.357824 42.589925
    -114.357952 42.589954
    -114.358042 42.58999
    -114.358108 42.590016
    -114.358115 42.590018
    -114.358134 42.590026
    -114.358194 42.590047
    -114.358263 42.590071
    -114.358403 42.590215
    -114.358465 42.590293
    -114.358629 42.590543
    -114.358781 42.590712
    -114.359032 42.590858
    -114.359338 42.590978
    -114.35972 42.591099
    -114.360167 42.591277
    -114.36056 42.591383
    -114.360767 42.591438
    -114.361007 42.591486
    -114.361429 42.591692
    -114.362283 42.592132
    -114.362441 42.592208
    -114.362905 42.59243
    -114.363655 42.592655
    -114.363843 42.592712
    -114.364053 42.592802
    -114.364499 42.592994
    -114.364924 42.593188
    -114.365263 42.593252
    -114.365634 42.593244
    -114.366037 42.593245
    -114.366363 42.593281
    -114.366561 42.5933
    -114.366965 42.593365
    -114.367467 42.593397
    -114.367794 42.593429
    -114.367947 42.593458
    -114.368045 42.593477
    -114.368139 42.593527
    -114.368438 42.593687
    -114.368863 42.593839
    -114.368885 42.593848
    -114.36931 42.594155
    -114.36937 42.59429
    -114.369409 42.594381
    -114.369463 42.594518
    -114.369594 42.594607
    -114.369758 42.594727
    -114.370063 42.594848
    -114.370401 42.595018
    -114.370838 42.59526
    -114.371285 42.595389
    -114.371787 42.595647
    -114.372245 42.595872
    -114.372758 42.596017
    -114.373244 42.596189
    -114.373282 42.596203
    -114.373707 42.596388
    -114.373991 42.596654
    -114.374187 42.596929
    -114.374515 42.597308
    -114.374532 42.597348
    -114.374646 42.597614
    -114.374842 42.597824
    -114.375082 42.598106
    -114.375289 42.598227
    -114.375508 42.598243
    -114.375623 42.59822
    -114.375868 42.59817
    -114.375931 42.598171
    -114.377626 42.598488
    -114.380055 42.598831
    -114.382074 42.599117
    -114.383048 42.599152
    -114.383507 42.599169
    -114.384221 42.599195
    -114.38654 42.59943
    -114.387357 42.59951
    -114.38748 42.599522
    -114.387602 42.599534
    -114.389315 42.599702
    -114.392404 42.599647
    -114.393608 42.599296
    -114.394377 42.599072
    -114.395866 42.598201
    -114.396223 42.597951
    -114.396543 42.597726
    -114.396863 42.597501
    -114.397291 42.597201
    -114.398272 42.596762
    -114.39849 42.596666
    -114.39896 42.596671
    -114.398981 42.596671
    -114.398994 42.596671
    -114.399002 42.596672
    -114.399009 42.596672
    -114.399026 42.596672
    -114.399044 42.596672
    -114.399645 42.596678
    -114.399879 42.596713
    -114.400072 42.596741
    -114.400087 42.596743
    -114.400305 42.596768
    -114.400374 42.596776
    -114.400326 42.59675
    -114.400453 42.596641
    -114.400556 42.596554
    -114.400658 42.596466
    -114.400713 42.596419
    -114.400761 42.596379
    -114.400768 42.596373
    -114.400774 42.596368
    -114.400889 42.596224
    -114.401199 42.595833
    -114.401664 42.595739
    -114.401676 42.595737
    -114.401691 42.595734
    -114.401717 42.595729
    -114.401785 42.595715
    -114.40192 42.595688
    -114.402055 42.595661
    -114.40241 42.59559
    -114.402764 42.595519
    -114.404743 42.595588
    -114.404986 42.595597
    -114.405145 42.595602
    -114.406338 42.595646
    -114.409627 42.596473
    -114.410962 42.596808
    -114.41402 42.598111
    -114.414782 42.598436
    -114.41885 42.599076
    -114.4191 42.599127
    -114.420349 42.599382
    -114.420664 42.599446
    -114.42098 42.59951
    -114.421403 42.599596
    -114.421621 42.59961
    -114.421713 42.599618
    -114.421808 42.599626
    -114.424746 42.599848
    -114.425406 42.599762
    -114.425413 42.599761
    -114.426826 42.599576
    -114.428251 42.59939
    -114.428408 42.59937
    -114.429471 42.599115
    -114.429793 42.599026
    -114.42982 42.599018
    -114.429828 42.599016
    -114.430018 42.59896
    -114.430046 42.598952
    -114.430216 42.598903
    -114.430246 42.598894
    -114.430269 42.598888
    -114.43037 42.598864
    -114.430402 42.598852
    -114.430409 42.59885
    -114.430428 42.598843
    -114.430574 42.59879
    -114.430673 42.598753
    -114.43068 42.598751
    -114.430832 42.598696
    -114.430874 42.59873
    -114.430904 42.598755
    -114.431015 42.598845
    -114.431039 42.598865
    -114.431126 42.598936
    -114.431204 42.598999
    -114.43121 42.599004
    -114.431299 42.599073
    -114.431388 42.599141
    -114.43152 42.599244
    -114.431652 42.599347
    -114.43171 42.599726
    -114.431849 42.599842
    -114.432037 42.599981
    -114.432323 42.599867
    -114.43239 42.599692
    -114.432804 42.599177
    -114.435098 42.598241
    -114.43622 42.597485
    -114.437044 42.596857
    -114.438872 42.596506
    -114.440424 42.596007
    -114.440725 42.595986
    -114.441026 42.595966
    -114.441054 42.595964
    -114.44218 42.596521
    -114.443486 42.597166
    -114.443866 42.597461
    -114.443872 42.597465
    -114.443894 42.597482
    -114.445101 42.598416
    -114.447791 42.599838
    -114.448414 42.600082
    -114.449816 42.600633
    -114.450119 42.600631
    -114.450999 42.600627
    -114.452493 42.600621
    -114.452597 42.600621
    -114.453256 42.600684
    -114.453392 42.600697
    -114.453843 42.60074
    -114.454294 42.600783
    -114.454304 42.600784
    -114.454872 42.600838
    -114.457437 42.600752
    -114.457588 42.600719
    -114.459791 42.600236
    -114.460156 42.600181
    -114.463027 42.599745
    -114.465141 42.599826
    -114.466438 42.599876
    -114.468346 42.601161
    -114.468436 42.601259
    -114.468942 42.601809
    -114.469448 42.602359
    -114.469722 42.602656
    -114.469996 42.602954
    -114.470154 42.603126
    -114.470313 42.603298
    -114.470541 42.603545
    -114.473724 42.605503
    -114.474386 42.605795
    -114.475046 42.606086
    -114.475705 42.606378
    -114.475882 42.606462
    -114.476058 42.606547
    -114.476111 42.606573
    -114.476304 42.606666
    -114.476496 42.606758
    -114.477307 42.607147
    -114.477424 42.607203
    -114.477438 42.607209
    -114.477463 42.607221
    -114.47754 42.607258
    -114.477681 42.607326
    -114.477745 42.607357
    -114.478115 42.607535
    -114.478371 42.607657
    -114.478388 42.607665
    -114.478396 42.607669
    -114.48234 42.609322
    -114.484788 42.609717
    -114.485531 42.609838
    -114.486274 42.609958
    -114.486332 42.609967
    -114.487732 42.610468
    -114.489171 42.610983
    -114.48953 42.611111
    -114.490155 42.611372
    -114.491128 42.61178
    -114.492101 42.612187
    -114.493732 42.61287
    -114.495825 42.613976
    -114.496997 42.614595
    -114.498429 42.615235
    -114.49991 42.615897
    -114.500106 42.61601
    -114.500873 42.616454
    -114.501524 42.616767
    -114.502168 42.617076
    -114.502812 42.617385
    -114.502821 42.617389
    -114.50298 42.617468
    -114.505441 42.618587
    -114.506229 42.618945
    -114.507174 42.619367
    -114.50772 42.619603
    -114.508266 42.619839
    -114.508676 42.620016
    -114.509579 42.62048
    -114.510634 42.620956
    -114.511457 42.621472
    -114.511714 42.622093
    -114.511387 42.622885
    -114.510704 42.623642
    -114.510348 42.624419
    -114.510212 42.624811
    -114.509729 42.626354
    -114.510031 42.626793
    -114.510368 42.626849
    -114.510731 42.626901
    -114.511629 42.626866
    -114.512678 42.626963
    -114.514112 42.627396
    -114.514679 42.627702
    -114.515262 42.628034
    -114.515504 42.628359
    -114.515556 42.628429
    -114.515608 42.628499
    -114.515754 42.628695
    -114.516583 42.629372
    -114.516659 42.629409
    -114.516822 42.629488
    -114.516986 42.629567
    -114.517076 42.62961
    -114.517166 42.629654
    -114.517375 42.629756
    -114.517584 42.629857
    -114.517884 42.630002
    -114.518183 42.630147
    -114.518329 42.630218
    -114.518431 42.630259
    -114.520185 42.630959
    -114.520359 42.63101
    -114.520849 42.631153
    -114.52134 42.631296
    -114.521669 42.631393
    -114.522565 42.631555
    -114.522703 42.63158
    -114.522747 42.631588
    -114.522758 42.63159
    -114.522793 42.631596
    -114.52302 42.631637
    -114.523579 42.631738
    -114.523857 42.631778
    -114.524023 42.631802
    -114.524239 42.631831
    -114.524455 42.63186
    -114.524767 42.631904
    -114.525127 42.631944
    -114.525246 42.631957
    -114.525776 42.632013
    -114.525951 42.632031
    -114.526059 42.632052
    -114.526677 42.632128
    -114.527292 42.632191
    -114.527431 42.632208
    -114.527589 42.632226
    -114.528006 42.632272
    -114.528373 42.63231
    -114.528423 42.632315
    -114.528533 42.632326
    -114.528642 42.632338
    -114.529158 42.63241
    -114.529654 42.63248
    -114.529668 42.632482
    -114.529675 42.632483
    -114.529999 42.632529
    -114.530237 42.632564
    -114.530616 42.632614
    -114.530718 42.632656
    -114.530764 42.632675
    -114.530976 42.632735
    -114.531399 42.632763
    -114.53159 42.632757
    -114.531625 42.632756
    -114.531765 42.632751
    -114.531919 42.632766
    -114.532141 42.63279
    -114.532178 42.632794
    -114.532185 42.632795
    -114.532194 42.632796
    -114.532357 42.632817
    -114.532826 42.632864
    -114.532844 42.632866
    -114.532974 42.632879
    -114.533363 42.632918
    -114.533899 42.632973
    -114.533947 42.632978
    -114.534177 42.633002
    -114.534455 42.63303
    -114.536167 42.633228
    -114.538304 42.633209
    -114.539106 42.6335
    -114.539177 42.633526
    -114.539246 42.633551
    -114.539752 42.633733
    -114.539851 42.633769
    -114.539932 42.633806
    -114.540014 42.633843
    -114.540497 42.634062
    -114.540665 42.634138
    -114.540741 42.634172
    -114.54098 42.63428
    -114.541237 42.634397
    -114.542449 42.635041
    -114.542735 42.635144
    -114.543196 42.63531
    -114.543657 42.635475
    -114.544261 42.635692
    -114.5447 42.635762
    -114.545266 42.635853
    -114.545833 42.635944
    -114.546411 42.636037
    -114.548403 42.636099
    -114.548867 42.636114
    -114.549066 42.636152
    -114.551071 42.636531
    -114.553001 42.636461
    -114.553429 42.636446
    -114.556147 42.635887
    -114.556233 42.635869
    -114.556851 42.63578
    -114.55734 42.635708
    -114.557829 42.635637
    -114.558308 42.635569
    -114.558786 42.6355
    -114.559168 42.635445
    -114.559785 42.635328
    -114.560085 42.635271
    -114.560344 42.635222
    -114.560385 42.635214
    -114.560463 42.635199
    -114.56047 42.635198
    -114.560477 42.635197
    -114.560493 42.635194
    -114.560502 42.635192
    -114.560618 42.63517
    -114.560646 42.635165
    -114.560711 42.635153
    -114.560737 42.635148
    -114.560746 42.635146
    -114.560762 42.635143
    -114.560849 42.635126
    -114.561831 42.634941
    -114.563544 42.634858
    -114.563671 42.634886
    -114.564181 42.634996
    -114.564691 42.635107
    -114.564952 42.635163
    -114.564992 42.635185
    -114.56671 42.636129
    -114.570455 42.637875
    -114.570897 42.63804
    -114.572355 42.638582
    -114.573818 42.638699
    -114.574145 42.638725
    -114.575295 42.638647
    -114.575738 42.638617
    -114.57595 42.638624
    -114.577798 42.638686
    -114.579646 42.638748
    -114.580518 42.638891
    -114.581391 42.639034
    -114.581729 42.63909
    -114.582067 42.639145
    -114.583892 42.639444
    -114.584705 42.639665
    -114.587103 42.640318
    -114.589876 42.64104
    -114.590979 42.641151
    -114.591763 42.641039
    -114.592462 42.640939
    -114.594339 42.64075
    -114.595114 42.640804
    -114.596511 42.6409
    -114.596649 42.640924
    -114.599441 42.641435
    -114.600109 42.641574
    -114.600236 42.641604
    -114.600362 42.641634
    -114.60208 42.642043
    -114.604067 42.642782
    -114.605391 42.643389
    -114.606154 42.643739
    -114.607618 42.64464
    -114.609706 42.646178
    -114.611182 42.647354
    -114.611577 42.647542
    -114.613094 42.648262
    -114.614477 42.648754
    -114.615836 42.649242
    -114.616535 42.649367
    -114.616525 42.649714
    -114.616449 42.652476
    -114.616518 42.652533
    -114.616593 42.652618
    -114.616651 42.65271
    -114.616674 42.652802
    -114.616694 42.653204
    -114.616669 42.653877
    -114.616666 42.653946
    -114.616648 42.654423
    -114.616662 42.655676
    -114.616687 42.656539
    -114.616676 42.657022
    -114.616669 42.657307
    -114.616679 42.658238
    -114.61667 42.65877
    -114.616664 42.659217
    -114.61667 42.659378
    -114.616691 42.660015
    -114.616663 42.661061
    -114.616651 42.661663
    -114.616658 42.663279
    -114.616649 42.666555
    -114.616695 42.667804
    -114.616676 42.670225
    -114.616696 42.670695
    -114.61671 42.671408
    -114.616697 42.67172
    -114.616701 42.672273
    -114.616708 42.673357
    -114.616688 42.674542
    -114.616701 42.674985
    -114.616719 42.676331
    -114.616733 42.677409
    -114.616723 42.677785
    -114.616703 42.679245
    -114.616723 42.680022
    -114.616724 42.680994
    -114.616739 42.68474
    -114.616675 42.685602
    -114.616763 42.688251
    -114.61674 42.688861
    -114.616725 42.690715
    -114.616739 42.692153
    -114.616722 42.693692
    -114.616714 42.695467
    -114.616747 42.696483
    -114.616744 42.696767
    -114.616731 42.698098
    -114.616742 42.699617
    -114.616729 42.700449
    -114.616737 42.700608
    -114.616737 42.700616
    -114.616757 42.700712
    -114.616769 42.702663
    -114.616777 42.70873
    -114.616779 42.709954
    -114.616785 42.71383
    -114.616783 42.713851
    -114.616758 42.714162
    -114.616751 42.714247
    -114.616779 42.716035
    -114.616754 42.717177
    -114.616762 42.719749
    -114.616754 42.72048
    -114.616754 42.720508
    -114.616747 42.721099
    -114.616767 42.722548
    -114.616772 42.723651
    -114.616774 42.724437
    -114.616772 42.726107
    -114.616779 42.726396
    -114.616755 42.727529
    -114.616769 42.727962
    -114.616796 42.728972
    -114.616756 42.730205
    -114.616768 42.731452
    -114.61677 42.731672
    -114.616771 42.73182
    -114.616791 42.733916
    -114.616787 42.735359
    -114.616786 42.737075
    -114.616778 42.737424
    -114.616796 42.737997
    -114.616806 42.738334
    -114.616801 42.738487
    -114.616808 42.738734
    -114.616811 42.738959
    -114.616828 42.73995
    -114.616912 42.740436
    -114.616962 42.74068
    -114.616968 42.741357
    -114.616926 42.741845
    -114.616899 42.742158
    -114.616886 42.742313
    -114.616879 42.742391
    -114.616877 42.742414
    -114.616876 42.742428
    -114.616875 42.742435
    -114.616874 42.742442
    -114.616873 42.742454
    -114.616872 42.742469
    -114.616844 42.742801
    -114.616785 42.744467
    -114.616785 42.744503
    -114.616799 42.745798
    -114.616792 42.747185
    -114.616789 42.749846
    -114.616803 42.75112
    -114.61679 42.751929
    -114.616809 42.753397
    -114.61681 42.755718
    -114.616839 42.758605
    -114.616827 42.75964
    -114.616827 42.759674
    -114.616826 42.75972
    -114.616824 42.75986
    -114.616824 42.761128
    -114.616824 42.761141
    -114.616824 42.761538
    -114.616826 42.761772
    -114.616834 42.76276
    -114.61684 42.763404
    -114.616833 42.765968
    -114.616832 42.766126
    -114.616832 42.766161
    -114.616832 42.766172
    -114.616832 42.766178
    -114.616831 42.766184
    -114.616831 42.766206
    -114.616831 42.76627
    -114.616831 42.766309
    -114.616831 42.766329
    -114.616831 42.766338
    -114.616831 42.766345
    -114.616827 42.76786
    -114.616859 42.769543
    -114.616875 42.771294
    -114.616873 42.771874
    -114.616873 42.771894
    -114.61687 42.773106
    -114.616896 42.774959
    -114.61691 42.775326
    -114.616907 42.775544
    -114.616907 42.775566
    -114.616896 42.77654
    -114.6169 42.777032
    -114.616914 42.77739
    -114.616904 42.77807
    -114.616904 42.778098
    -114.616903 42.778174
    -114.616967 42.779529
    -114.616984 42.779893
    -114.616982 42.780153
    -114.616981 42.780354
    -114.616937 42.780535
    -114.616909 42.780652
    -114.616776 42.780727
    -114.616777 42.780785
    -114.616778 42.780822
    -114.616779 42.780885
    -114.616813 42.782165
    -114.616912 42.790922
    -114.616949 42.793137
    -114.616976 42.794782
    -114.617059 42.800788
    -114.61706 42.80086
    -114.617061 42.80091
    -114.617062 42.800967
    -114.617065 42.801175
    -114.617069 42.801452
    -114.61707 42.801507
    -114.617071 42.801562
    -114.617072 42.801616
    -114.617072 42.80167
    -114.617073 42.801713
    -114.617077 42.801952
    -114.617079 42.802047
    -114.61708 42.802148
    -114.617085 42.802497
    -114.617105 42.803847
    -114.617114 42.808377
    -114.617106 42.80975
    -114.617106 42.809755
    -114.617106 42.809833
    -114.617106 42.809839
    -114.617108 42.810406
    -114.61711 42.81072
    -114.61711 42.810725
    -114.61711 42.810731
    -114.61711 42.810745
    -114.617111 42.810972
    -114.617112 42.811259
    -114.617112 42.811264
    -114.617112 42.811281
    -114.617118 42.812726
    -114.617126 42.814465
    -114.617126 42.814479
    -114.617153 42.825011
    -114.617282 42.838559
    -114.617284 42.838706
    -114.617285 42.838854
    -114.617286 42.83904
    -114.617288 42.839227
    -114.61729 42.839494
    -114.617293 42.839761
    -114.6174 42.850811
    -114.609548 42.850821
    -114.609359 42.850821
    -114.609283 42.850821
    -114.608222 42.850823
    -114.608211 42.850823
    -114.608194 42.850823
    -114.608185 42.850823
    -114.608098 42.850823
    -114.608004 42.850823
    -114.607906 42.850824
    -114.607808 42.850824
    -114.607677 42.850824
    -114.603272 42.850824
    -114.599104 42.850823
    -114.599032 42.850823
    -114.59901 42.850823
    -114.59897 42.850823
    -114.598903 42.850823
    -114.598867 42.850823
    -114.598744 42.850823
    -114.598612 42.850823
    -114.598569 42.850824
    -114.598561 42.850824
    -114.598553 42.850824
    -114.598545 42.850824
    -114.598537 42.850824
    -114.598529 42.850824
    -114.598521 42.850824
    -114.598512 42.850824
    -114.598503 42.850824
    -114.598495 42.850824
    -114.598486 42.850824
    -114.598476 42.850824
    -114.598464 42.850824
    -114.598457 42.850824
    -114.598449 42.850824
    -114.59844 42.850824
    -114.598431 42.850824
    -114.59842 42.850824
    -114.598408 42.850824
    -114.598394 42.850824
    -114.598378 42.850824
    -114.59836 42.850824
    -114.598339 42.850824
    -114.598314 42.850824
    -114.598284 42.850824
    -114.598247 42.850824
    -114.598201 42.850824
    -114.598141 42.850824
    -114.596958 42.850826
    -114.59538 42.850826
    -114.5953 42.850826
    -114.595232 42.850826
    -114.595108 42.850826
    -114.595008 42.850826
    -114.594909 42.850826
    -114.59479 42.850826
    -114.594583 42.850827
    -114.594375 42.850826
    -114.593365 42.850827
    -114.59308 42.850828
    -114.592792 42.850828
    -114.591514 42.850827
    -114.590236 42.850826
    -114.563859 42.850847
    -114.539928 42.850869
    -114.536626 42.850873
    -114.536496 42.850873
    -114.532556 42.850881
    -114.528608 42.85088
    -114.527374 42.850881
    -114.526136 42.850882
    -114.526114 42.850882
    -114.526087 42.850882
    -114.526038 42.850882
    -114.525168 42.850883
    -114.524261 42.850884
    -114.520264 42.850887
    -114.516265 42.850891
    -114.516211 42.850891
    -114.512026 42.850946
    -114.507823 42.851002
    -114.507783 42.851003
    -114.507746 42.851004
    -114.50654 42.85102
    -114.505312 42.851036
    -114.504925 42.851041
    -114.504564 42.851046
    -114.504485 42.851047
    -114.504452 42.851047
    -114.503765 42.851056
    -114.503016 42.851066
    -114.502929 42.851067
    -114.502921 42.851076
    -114.502846 42.851121
    -114.502601 42.851114
    -114.501381 42.85108
    -114.500882 42.851071
    -114.497554 42.851008
    -114.496201 42.850994
    -114.495777 42.850999
    -114.495678 42.850996
    -114.495578 42.850994
    -114.492803 42.850963
    -114.490401 42.850928
    -114.488998 42.850919
    -114.488719 42.850911
    -114.487955 42.850892
    -114.486941 42.850877
    -114.481052 42.850846
    -114.480126 42.850845
    -114.478323 42.850824
    -114.477141 42.850822
    -114.476817 42.85083
    -114.47666 42.85083
    -114.475938 42.850832
    -114.475358 42.850826
    -114.474448 42.850827
    -114.473392 42.850824
    -114.473232 42.850816
    -114.472162 42.850829
    -114.471702 42.850824
    -114.468571 42.850823
    -114.466929 42.850834
    -114.4662 42.850821
    -114.46448 42.850835
    -114.463338 42.850836
    -114.457859 42.850821
    -114.456559 42.850829
    -114.45487 42.850823
    -114.454504 42.850822
    -114.454194 42.850821
    -114.453797 42.85082
    -114.453089 42.850819
    -114.448133 42.85083
    -114.446862 42.850843
    -114.446732 42.85084
    -114.445676 42.85082
    -114.444426 42.850813
    -114.444169 42.850812
    -114.443853 42.850794
    -114.443674 42.850771
    -114.443462 42.850743
    -114.439705 42.850736
    -114.439287 42.850732
    -114.436556 42.850719
    -114.43396 42.850733
    -114.433827 42.850733
    -114.433455 42.850734
    -114.431091 42.850737
    -114.418613 42.85075
    -114.39214 42.850777
    -114.384234 42.850789
    -114.376312 42.850798
    -114.375869 42.850797
    -114.372494 42.850793
    -114.369946 42.85079
    -114.367394 42.850785
    -114.366873 42.850784
    -114.365366 42.85079
    -114.365362 42.84964
    -114.365354 42.84631
    -114.365343 42.842978
    -114.36534 42.842004
    -114.365337 42.841031
    -114.365338 42.840493
    -114.365334 42.839957
    -114.365332 42.839291
    -114.365331 42.838651
    -114.365318 42.833939
    -114.365316 42.833714
    -114.365317 42.833344
    -114.365316 42.832955
    -114.365315 42.832871
    -114.365315 42.832851
    -114.365296 42.825627
    -114.365292 42.823911
    -114.365292 42.823656
    -114.365192 42.823655
    -114.365082 42.823654
    -114.364096 42.823645
    -114.345652 42.823482
    -114.345653 42.820007
    -114.345653 42.819537
    -114.345653 42.819473
    -114.345653 42.819409
    -114.345653 42.819004
    -114.345655 42.81556
    -114.345657 42.81171
    -114.345658 42.810382
    -114.345659 42.809055
    -114.337653 42.809044
    -114.337068 42.809043
    -114.331922 42.809036
    -114.326776 42.809029
    -114.301492 42.808996
    -114.298078 42.808991
    -114.297202 42.80899
    -114.296326 42.808989
    -114.28271 42.808972
    -114.269095 42.808954
    -114.268954 42.808954
    -114.268812 42.808954
    -114.268738 42.808954
    -114.268665 42.808953
    -114.268404 42.808953
    -114.268329 42.808953
    -114.268254 42.808953
    -114.26822 42.808953
    -114.26821 42.808953
    -114.256243 42.808937
    -114.250866 42.808927
    -114.227052 42.808886
    -114.199277 42.808835
    -114.19892 42.808836
    -114.18627 42.80868
    -114.185882 42.808675
    -114.176907 42.80872
    -114.17598 42.808714
    -114.175038 42.808709
    -114.140075 42.808505
    -114.139919 42.808504
    -114.125866 42.80864
    -114.106231 42.80858
    -114.106204 42.80858
    -114.10614 42.808579
    -114.106118 42.808579
    -114.106108 42.808579
    -114.106101 42.808579
    -114.085294 42.808447
    -114.085187 42.808446
    -114.075667 42.808474
    -114.075652 42.808474
    -114.070055 42.808491
    -114.067108 42.8085
    -114.067061 42.8085
    -114.066072 42.808503
    -114.066033 42.808503
    -114.064965 42.808507
    -114.064913 42.808507
    -114.062213 42.808515
    -114.062158 42.808515
    -114.04987 42.808521
    -114.049867 42.801833
    -114.049866 42.801556
    -114.049865 42.801278
    -114.049869 42.792436
    -114.049869 42.792285
    -114.049869 42.773401
    -114.049869 42.773301
    -114.049869 42.773281
    -114.049869 42.773261
    -114.049869 42.773216
    -114.049868 42.765121
    -114.036259 42.765068
    -114.027167 42.765034
    -114.013884 42.764984
    -114.013845 42.764987
    -114.011305 42.765169
    -114.009577 42.765153
    -114.008004 42.76514
    -114.000106 42.765072
    -113.99227 42.765048
    -113.990833 42.765042
    -113.990787 42.765043
    -113.983797 42.765112
    -113.983721 42.765113
    -113.978842 42.765162
    -113.973906 42.765151
    -113.973827 42.765151
    -113.971177 42.765146
    -113.947416 42.765098
    -113.947045 42.765096
    -113.944697 42.765085
    -113.943351 42.765079
    -113.942759 42.765077
    -113.938978 42.76506
    -113.932904 42.765032
    -113.932842 42.759227
    -113.932824 42.757584
    -113.932822 42.757397
    -113.932799 42.755233
    -113.932755 42.751027
    -113.932753 42.750877
    -113.932743 42.749908
    -113.932521 42.74511
    -113.932336 42.741121
    -113.932173 42.737605
    -113.93215 42.737107
    -113.932141 42.727707
    -113.932141 42.727572
    -113.932133 42.719631
    -113.932133 42.719352
    -113.93213 42.715643
    -113.93213 42.715562
    -113.93213 42.715549
    -113.932129 42.715317
    -113.932135 42.715132
    -113.93214 42.714953
    -113.932133 42.714591
    -113.932128 42.714305
    -113.932128 42.714238
    -113.93214 42.714006
    -113.932158 42.713649
    -113.932159 42.713621
    -113.932159 42.712897
    -113.932159 42.712679
    -113.932159 42.711884
    -113.932159 42.711427
    -113.932159 42.710809
    -113.932175 42.710525
    -113.932188 42.7103
    -113.932189 42.710276
    -113.93219 42.709735
    -113.932168 42.70873
    -113.932129 42.706947
    -113.932128 42.7069
    -113.932159 42.706624
    -113.932158 42.706505
    -113.932174 42.704048
    -113.932174 42.703993
    -113.932159 42.701947
    -113.932159 42.700019
    -113.932159 42.697611
    -113.932159 42.694626
    -113.932159 42.694605
    -113.932159 42.69451
    -113.932158 42.690891
    -113.932158 42.690399
    -113.932015 42.685456
    -113.932031 42.685021
    -113.932012 42.684208
    -113.932024 42.68291
    -113.932029 42.682807
    -113.932112 42.681183
    -113.932116 42.681105
    -113.932115 42.680103
    -113.932114 42.678356
    -113.932114 42.678191
    -113.932114 42.677835
    -113.932117 42.676088
    -113.932118 42.675994
    -113.932121 42.675129
    -113.932218 42.673905
    -113.932222 42.670122
    -113.932195 42.663705
    -113.932183 42.660779
    -113.932159 42.655016
    -113.932225 42.635921
    -113.932225 42.635858
    -113.931958 42.634709
    -113.931986 42.634238
    -113.931975 42.633396
    -113.931983 42.631086
    -113.931977 42.630597
    -113.932025 42.629316
    -113.93204 42.627642
    -113.932025 42.627452
    -113.932309 42.623757
    -113.932326 42.623182
    -113.932328 42.622357
    -113.932314 42.616455
    -113.932314 42.616267
    -113.932313 42.616072
    -113.932312 42.615581
    -113.932311 42.614679
    -113.932001 42.605782
    -113.932029 42.605416
    -113.932024 42.604169
    -113.932015 42.603862
    -113.932009 42.60359
    -113.932037 42.602457
    -113.932028 42.602115
    -113.93204 42.601748
    -113.932028 42.600781
    -113.932029 42.599904
    -113.93203 42.598693
    -113.93203 42.598563
    -113.932029 42.598431
    -113.932025 42.597588
    -113.932043 42.596551
    -113.932047 42.593739
    -113.932027 42.593266
    -113.932025 42.592313
    -113.932004 42.591684
    -113.932022 42.591274
    -113.932021 42.591049
    -113.932021 42.590369
    -113.932039 42.587461
    -113.93204 42.587285
    -113.932055 42.586413
    -113.932036 42.586106
    -113.93203 42.58529
    -113.93198 42.577896
    -113.932013 42.577495
    -113.932006 42.57733
    -113.931999 42.57685
    -113.931996 42.576675
    -113.931988 42.576435
    -113.931979 42.576137
    -113.931984 42.575827
    -113.931982 42.575391
    -113.931985 42.575021
    -113.931998 42.573606
    -113.932002 42.571776
    -113.931992 42.56985
    -113.931974 42.569284
    -113.931989 42.569171
    -113.931999 42.569093
    -113.931978 42.568852
    -113.931989 42.568466
    -113.93199 42.568433
    -113.931974 42.567627
    -113.931983 42.56642
    -113.931984 42.566402
    -113.931989 42.566299
    -113.931969 42.565513
    -113.931968 42.564773
    -113.931981 42.564323
    -113.931973 42.563075
    -113.931948 42.562289
    -113.93196 42.561028
    -113.931947 42.559802
    -113.931948 42.559434
    -113.93195 42.55895
    -113.931942 42.558161
    -113.931937 42.557583
    -113.931945 42.555898
    -113.931929 42.552992
    -113.931932 42.552201
    -113.931923 42.551758
    -113.931926 42.550352
    -113.931924 42.550344
    -113.931919 42.550316
    -113.931898 42.550199
    -113.931901 42.549745
    -113.931902 42.549456
    -113.93191 42.547977
    -113.931901 42.547629
    -113.931924 42.546435
    -113.931926 42.545498
    -113.93191 42.54468
    -113.931906 42.544466
    -113.931902 42.544442
    -113.93188 42.544322
    -113.931856 42.544193
    -113.931875 42.543835
    -113.931878 42.543188
    -113.931879 42.54298
    -113.93183 42.542107
    -113.931829 42.541924
    -113.931809 42.537499
    -113.931808 42.537327
    -113.931808 42.537312
    -113.931804 42.536396
    -113.9318 42.53548
    -113.9318 42.535377
    -113.931799 42.535275
    -113.933224 42.535038
    -113.933593 42.535053
    -113.934486 42.535089
    -113.935737 42.534947
    -113.936844 42.53466
    -113.938026 42.534179
    -113.939036 42.533819
    -113.939303 42.533692
    -113.940011 42.533355
    -113.94087 42.533206
    -113.941672 42.532904
    -113.942715 42.532642
    -113.943344 42.532413
    -113.943897 42.532225
    -113.944601 42.531706
    -113.94537 42.531275
    -113.94665 42.53085
    -113.947714 42.530538
    -113.948171 42.53048
    -113.948976 42.53038
    -113.950161 42.530269
    -113.951183 42.530225
    -113.952348 42.530284
    -113.953154 42.530426
    -113.95384 42.530576
    -113.954579 42.530452
    -113.955362 42.530335
    -113.956046 42.530243
    -113.956613 42.530386
    -113.957421 42.530657
    -113.958054 42.530985
    -113.958384 42.531378
    -113.958615 42.531765
    -113.958752 42.532587
    -113.958701 42.533007
    -113.958717 42.533571
    -113.958736 42.533761
    -113.958776 42.534168
    -113.959085 42.534691
    -113.959446 42.53502
    -113.959834 42.535103
    -113.96022 42.535186
    -113.96096 42.535223
    -113.962136 42.535242
    -113.963473 42.535171
    -113.96455 42.535078
    -113.964583 42.535075
    -113.965789 42.534959
    -113.966605 42.534956
    -113.967147 42.534655
    -113.967819 42.534377
    -113.968198 42.534142
    -113.968979 42.53371
    -113.969782 42.533489
    -113.970498 42.533227
    -113.971578 42.533022
    -113.971715 42.532996
    -113.972079 42.532967
    -113.972867 42.532903
    -113.97426 42.532921
    -113.974804 42.532939
    -113.975316 42.532956
    -113.976319 42.533258
    -113.977463 42.533454
    -113.978296 42.533863
    -113.978326 42.533878
    -113.979199 42.534205
    -113.97927 42.534223
    -113.979843 42.534371
    -113.980736 42.534472
    -113.980925 42.534478
    -113.981944 42.534514
    -113.981994 42.534511
    -113.983027 42.53444
    -113.983085 42.534437
    -113.98333 42.534401
    -113.984215 42.53427
    -113.985215 42.534136
    -113.986029 42.533906
    -113.986746 42.533685
    -113.987277 42.533481
    -113.987301 42.533462
    -113.987515 42.533294
    -113.987513 42.533076
    -113.987793 42.532801
    -113.988161 42.532565
    -113.988715 42.532466
    -113.989695 42.532396
    -113.990271 42.532321
    -113.99031 42.532314
    -113.990454 42.532287
    -113.990599 42.53226
    -113.990803 42.532222
    -113.991323 42.531985
    -113.991974 42.5317
    -113.992146 42.531607
    -113.992667 42.531325
    -113.992988 42.530955
    -113.993152 42.530766
    -113.993864 42.530061
    -113.994152 42.529439
    -113.994343 42.528881
    -113.994512 42.528291
    -113.99478 42.527758
    -113.994833 42.527549
    -113.994906 42.527265
    -113.995185 42.526796
    -113.995258 42.526647
    -113.995356 42.526448
    -113.995713 42.526188
    -113.996113 42.52596
    -113.996656 42.525869
    -113.997242 42.526063
    -113.997256 42.526068
    -113.998139 42.526217
    -113.998967 42.526422
    -113.999654 42.526564
    -114.000219 42.526497
    -114.000413 42.526471
    -114.000486 42.526462
    -114.000558 42.526452
    -114.000691 42.526434
    -114.000776 42.526424
    -114.000858 42.526413
    -114.001159 42.526273
    -114.002425 42.526504
    -114.002766 42.526566
    -114.004581 42.526836
    -114.006531 42.526743
    -114.00689 42.526677
    -114.006922 42.526671
    -114.006929 42.52667
    -114.006973 42.526662
    -114.007086 42.526641
    -114.007318 42.526598
    -114.008252 42.526425
    -114.008562 42.526368
    -114.008862 42.526312
    -114.008872 42.52631
    -114.009107 42.526267
    -114.009113 42.526264
    -114.00988 42.525883
    -114.009889 42.525879
    -114.009916 42.525857
    -114.010061 42.525734
    -114.010757 42.525617
    -114.010861 42.525599
    -114.010939 42.525586
    -114.011058 42.525566
    -114.011254 42.525533
    -114.011854 42.525561
    -114.0128 42.525648
    -114.012864 42.525658
    -114.012876 42.525659
    -114.013607 42.525762
    -114.013645 42.525768
    -114.01365 42.525779
    -114.014612 42.526786
    -114.014823 42.526934
    -114.015045 42.527122
    -114.015096 42.527165
    -114.015304 42.527341
    -114.01555 42.527434
    -114.016063 42.527521
    -114.016549 42.527731
    -114.017109 42.528042
    -114.01749 42.528146
    -114.017536 42.528159
    -114.017574 42.528169
    -114.017908 42.52826
    -114.018488 42.528325
    -114.019889 42.528151
    -114.02041 42.5279
    -114.020742 42.527582
    -114.021267 42.526534
    -114.021551 42.526172
    -114.022404 42.525497
    -114.023669 42.525018
    -114.025558 42.52458
    -114.027182 42.524172
    -114.028067 42.524164
    -114.029701 42.524509
    -114.030302 42.524784
    -114.030308 42.5248
    -114.03034 42.524801
    -114.030872 42.525045
    -114.03153 42.525771
    -114.031733 42.526233
    -114.0323 42.526593
    -114.033119 42.526892
    -114.033967 42.527037
    -114.035399 42.52708
    -114.036053 42.527177
    -114.036484 42.527212
    -114.036735 42.527224
    -114.03694 42.527277
    -114.037385 42.527403
    -114.03766 42.527583
    -114.038225 42.527888
    -114.038678 42.528004
    -114.039556 42.528317
    -114.04005 42.52844
    -114.041691 42.528662
    -114.04253 42.528825
    -114.043209 42.528732
    -114.043689 42.528824
    -114.044058 42.528772
    -114.044687 42.528869
    -114.045718 42.528766
    -114.047476 42.528182
    -114.049774 42.527359
    -114.05066 42.527228
    -114.052308 42.52711
    -114.053939 42.526819
    -114.054541 42.526624
    -114.055163 42.526387
    -114.056084 42.525853
    -114.056279 42.525732
    -114.056746 42.525565
    -114.057225 42.525312
    -114.05813 42.524768
    -114.058455 42.524596
    -114.059408 42.523999
    -114.06023 42.523546
    -114.062145 42.523262
    -114.063448 42.523289
    -114.064097 42.523312
    -114.064701 42.523261
    -114.06511 42.523292
    -114.065475 42.523215
    -114.067116 42.522865
    -114.068736 42.522099
    -114.069191 42.521693
    -114.069255 42.521636
    -114.06933 42.521569
    -114.069388 42.521517
    -114.069402 42.521504
    -114.069501 42.521415
    -114.069974 42.521119
    -114.071333 42.519957
    -114.071556 42.519463
    -114.072578 42.518743
    -114.073105 42.517276
    -114.073371 42.51711
    -114.074495 42.51635
    -114.075336 42.516001
    -114.077585 42.515874
    -114.077828 42.51575
    -114.079006 42.515869
    -114.079401 42.51567
    -114.079619 42.515595
    -114.079739 42.515534
    -114.081145 42.514891
    -114.082095 42.514632
    -114.082462 42.514253
    -114.082809 42.513793
    -114.084877 42.512705
    -114.085267 42.512573
    -114.089487 42.51083
    -114.091734 42.509829
    -114.092285 42.509454
    -114.093015 42.509259
    -114.093577 42.509009
    -114.093904 42.508847
    -114.095771 42.508241
    -114.096211 42.508207
    -114.096842 42.508247
    -114.097678 42.508016
    -114.101114 42.507542
    -114.101811 42.507602
    -114.10414 42.507369
    -114.104272 42.507356
    -114.105936 42.507189
    -114.108946 42.507438
    -114.109411 42.507462
    -114.109866 42.507374
    -114.111296 42.507153
    -114.113194 42.50686
    -114.113736 42.506855
    -114.114671 42.506749
    -114.115634 42.505744
    -114.116769 42.504798
    -114.119393 42.502582
    -114.120979 42.500624
    -114.121199 42.499913
    -114.121252 42.499822
    -114.121265 42.499799
    -114.121278 42.499776
    -114.121813 42.498848
    -114.122549 42.497572
    -114.124297 42.496554
    -114.125859 42.496122
    -114.128189 42.496487
    -114.128199 42.496486
    -114.128479 42.496464
    -114.12878 42.496386
    -114.128859 42.496335
    -114.128868 42.496329
    -114.128974 42.49626
    -114.129206 42.496098
    -114.129212 42.496093
    -114.129218 42.496089
    -114.129394 42.495966
    -114.129404 42.495959
    -114.12958 42.495836
    -114.130033 42.495381
    -114.130292 42.494975
    -114.130573 42.494996
    -114.13086 42.495087
    -114.131215 42.495285
    -114.131512 42.495373
    -114.131771 42.495499
    -114.131949 42.49567
    -114.132186 42.495862
    -114.132609 42.496137
    -114.133493 42.496331
    -114.136521 42.497839
    -114.137414 42.498233
    -114.139654 42.497848
    -114.140247 42.497758
    -114.140445 42.497728
    -114.140651 42.497733
    -114.142594 42.497782
    -114.14345 42.497746
    -114.143464 42.497745
    -114.14359 42.49774
    -114.143606 42.497739
    -114.143617 42.497739
    -114.143642 42.497738
    -114.143716 42.497735
    -114.143981 42.497724
    -114.144696 42.497695
    -114.146489 42.497833
    -114.146588 42.497838
    -114.146625 42.49784
    -114.146632 42.497841
    -114.147516 42.497892
    -114.148551 42.497952
    -114.148586 42.49795
    -114.148942 42.497932
    -114.148995 42.497929
    -114.149069 42.497925
    -114.14913 42.497922
    -114.149149 42.497921
    -114.149156 42.497921
    -114.149248 42.497917
    -114.149255 42.497917
    -114.149848 42.497804
    -114.150248 42.497915
    -114.150628 42.498101
    -114.151124 42.498336
    -114.151167 42.498357
    -114.15142 42.498476
    -114.151919 42.498851
    -114.15201 42.498933
    -114.152095 42.499009
    -114.152102 42.499015
    -114.152199 42.499101
    -114.152274 42.499096
    -114.152817 42.49916
    -114.153049 42.499234
    -114.153573 42.499521
    -114.15381 42.499812
    -114.153899 42.499905
    -114.153893 42.499914
    -114.154199 42.500375
    -114.154813 42.500889
    -114.154893 42.500956
    -114.155047 42.501305
    -114.155583 42.501632
    -114.155868 42.50189
    -114.156892 42.502668
    -114.157248 42.503242
    -114.15748 42.503718
    -114.157964 42.504263
    -114.159216 42.505643
    -114.160171 42.507015
    -114.160357 42.507584
    -114.161166 42.508451
    -114.162362 42.509171
    -114.163563 42.509797
    -114.16481 42.510361
    -114.165851 42.510763
    -114.166595 42.511189
    -114.168464 42.512051
    -114.16949 42.512797
    -114.171559 42.514856
    -114.172589 42.516449
    -114.172881 42.517492
    -114.172928 42.517869
    -114.17344 42.518729
    -114.174193 42.520849
    -114.174536 42.522645
    -114.174743 42.523685
    -114.174871 42.524598
    -114.174972 42.525196
    -114.174994 42.525636
    -114.175071 42.525826
    -114.175673 42.527503
    -114.176155 42.528111
    -114.176542 42.528936
    -114.176947 42.529353
    -114.177801 42.530629
    -114.178344 42.531179
    -114.178356 42.531191
    -114.179261 42.532108
    -114.179997 42.532722
    -114.181272 42.5336
    -114.182042 42.534139
    -114.182071 42.534159
    -114.182341 42.534348
    -114.184128 42.535144
    -114.185291 42.535706
    -114.185788 42.535969
    -114.186907 42.53653
    -114.188534 42.537134
    -114.189448 42.537565
    -114.18974 42.537666
    -114.190183 42.537912
    -114.190271 42.537961
    -114.190304 42.537979
    -114.190568 42.538125
    -114.191314 42.53852
    -114.192024 42.538757
    -114.193138 42.539443
    -114.194842 42.540237
    -114.196871 42.541322
    -114.197423 42.541775
    -114.199411 42.542858
    -114.201049 42.543212
    -114.203153 42.543577
    -114.203574 42.543746
    -114.203987 42.543911
    -114.20487 42.54409
    -114.206411 42.544723
    -114.207745 42.545226
    -114.208563 42.545685
    -114.209271 42.545969
    -114.210086 42.54624
    -114.211109 42.546594
    -114.211427 42.546611
    -114.211638 42.546623
    -114.212708 42.5469
    -114.213549 42.547046
    -114.214537 42.547242
    -114.215481 42.547485
    -114.216359 42.547773
    -114.217943 42.547921
    -114.218822 42.548193
    -114.219128 42.548272
    -114.219157 42.54828
    -114.219494 42.548335
    -114.219734 42.548654
    -114.220256 42.54884
    -114.220968 42.549061
    -114.221199 42.549098
    -114.22258 42.549288
    -114.223209 42.549445
    -114.223671 42.54955
    -114.224284 42.549596
    -114.225292 42.549824
    -114.225976 42.550186
    -114.226391 42.5504
    -114.227451 42.55088
    -114.227615 42.550944
    -114.228473 42.551281
    -114.22864 42.551389
    -114.228662 42.551403
    -114.229854 42.552177
    -114.230551 42.552727
    -114.23214 42.553958
    -114.232752 42.554506
    -114.23342 42.555243
    -114.234411 42.555847
    -114.234862 42.556203
    -114.23528 42.556339
    -114.235961 42.556779
    -114.236486 42.556885
    -114.23711 42.557183
    -114.238371 42.557449
    -114.239339 42.557613
    -114.239906 42.557752
    -114.241282 42.557801
    -114.242469 42.558065
    -114.242845 42.558199
    -114.243104 42.558582
    -114.243942 42.558806
    -114.244423 42.558974
    -114.244668 42.559184
    -114.245295 42.559403
    -114.246119 42.559486
    -114.247214 42.559669
    -114.247701 42.559681
    -114.24779 42.559728
    -114.247817 42.559742
    -114.247824 42.559746
    -114.247835 42.559752
    -114.247863 42.559767
    -114.24789 42.559781
    -114.247926 42.5598
    -114.248036 42.559858
    -114.248385 42.560042
    -114.24917 42.560029
    -114.249391 42.560012
    -114.24974 42.560042
    -114.249913 42.560113
    -114.249989 42.560222
    -114.250154 42.560194
    -114.250859 42.560075
    -114.251082 42.560073
    -114.251301 42.56014
    -114.251715 42.56017
    -114.252267 42.560235
    -114.252995 42.560365
    -114.254241 42.560702
    -114.255362 42.560932
    -114.255405 42.560941
    -114.255601 42.560981
    -114.256234 42.561067
    -114.256961 42.561249
    -114.257694 42.561266
    -114.257989 42.561191
    -114.258485 42.561254
    -114.258886 42.561254
    -114.259327 42.561326
    -114.260259 42.561235
    -114.260782 42.561309
    -114.261197 42.561319
    -114.261631 42.561391
    -114.2621 42.561423
    -114.262755 42.561357
    -114.263145 42.561294
    -114.263248 42.561163
    -114.263947 42.561016
    -114.264477 42.560947
    -114.265274 42.561089
    -114.26795 42.560743
    -114.268099 42.560808
    -114.268604 42.561138
    -114.269097 42.561272
    -114.27113 42.562007
    -114.272518 42.562583
    -114.273434 42.562871
    -114.27429 42.562943
    -114.274764 42.56319
    -114.274888 42.563193
    -114.276146 42.56312
    -114.277178 42.563278
    -114.277969 42.563256
    -114.278883 42.563184
    -114.279081 42.563169
    -114.279916 42.563087
    -114.280334 42.563025
    -114.281382 42.562825
    -114.282311 42.562335
    -114.282889 42.562102
    -114.283207 42.56212
    -114.283502 42.562035
    -114.283793 42.562032
    -114.284661 42.561817
    -114.284987 42.561978
    -114.285587 42.56189
    -114.286038 42.562023
    -114.286438 42.562064
    -114.286827 42.562042
    -114.287082 42.561915
    -114.287343 42.561962
    -114.288021 42.562316
    -114.288177 42.562545
    -114.288809 42.563154
    -114.290439 42.564217
    -114.29112 42.564727
    -114.291272 42.564805
    -114.291641 42.564614
    -114.292113 42.564765
    -114.292399 42.564794
    -114.292697 42.564865
    -114.294429 42.56552
    -114.294512 42.566003
    -114.295134 42.566028
    -114.295525 42.565966
    -114.295845 42.565943
    -114.296138 42.565888
    -114.296386 42.565925
    -114.296632 42.566002
    -114.297718 42.565895
    -114.29813 42.565976
    -114.298522 42.5662
    -114.299024 42.566458
    -114.299523 42.566709
    -114.299571 42.566734
    -114.299878 42.566888
    -114.300076 42.567118
    -114.300384 42.567339
    -114.300829 42.567658
    -114.300929 42.567751
    -114.301313 42.568081
    -114.301754 42.568302
    -114.302594 42.56888
    -114.302606 42.568888
    -114.30268 42.568928
    -114.302696 42.568937
    -114.302741 42.568961
    -114.302752 42.568967
    -114.302769 42.568976
    -114.302783 42.568984
    -114.303215 42.569216
    -114.303328 42.569296
    -114.303338 42.569303
    -114.30354 42.569445
    -114.303696 42.569554
    -114.303785 42.569616
    -114.304231 42.569928
    -114.304749 42.570312
    -114.304775 42.570331
    -114.304843 42.570381
    -114.305457 42.570753
    -114.30574 42.570872
    -114.305779 42.570888
    -114.305893 42.570936
    -114.30591 42.570943
    -114.30592 42.570947
    -114.30593 42.570952
    -114.306044 42.571
    -114.306595 42.57118
    -114.306621 42.571198
    -114.306684 42.571238
    -114.306748 42.571278
    -114.306952 42.571411
    -114.307224 42.571608
    -114.307318 42.571744
    -114.307788 42.571765
    -114.308342 42.571778
    -114.308874 42.571658
    -114.3092 42.571491
    -114.309462 42.5712
    -114.309772 42.571064
    -114.310292 42.570913
    -114.310823 42.57112
    -114.311301 42.571295
    -114.31171 42.571437
    -114.31221 42.571408
    -114.31254 42.571477
    -114.312839 42.571618
    -114.312965 42.571602
    -114.312995 42.571598
    -114.313382 42.571548
    -114.313701 42.571546
    -114.31425 42.571567
    -114.314258 42.571567
    -114.3144 42.571572
    -114.314795 42.571407
    -114.315465 42.571608
    -114.315833 42.57176
    -114.316853 42.571896
    -114.317104 42.571851
    -114.317749 42.571989
    -114.318431 42.572261
    -114.319046 42.572132
    -114.319534 42.572072
    -114.320484 42.572206
    -114.322047 42.57211
    -114.322494 42.572146
    -114.322765 42.572168
    -114.323275 42.572251
    -114.324022 42.572279
    -114.324073 42.572279
    -114.324359 42.572272
    -114.324875 42.572272
    -114.32532 42.572322
    -114.325764 42.572372
    -114.325994 42.572398
    -114.326467 42.572446
    -114.326479 42.572447
    -114.326963 42.572495
    -114.327972 42.572456
    -114.329486 42.572355
    -114.330395 42.572302
    -114.330532 42.572313
    -114.330673 42.572324
    -114.330813 42.572336
    -114.331198 42.57237
    -114.33145 42.572361
    -114.331699 42.57239
    -114.33196 42.572399
    -114.332167 42.572455
    -114.332448 42.572514
    -114.333232 42.572678
    -114.333743 42.572888
    -114.334181 42.573258
    -114.334443 42.573413
    -114.33495 42.574096
    -114.335727 42.574919
    -114.33589 42.575121
    -114.33594 42.575337
    -114.335944 42.575356
    -114.335955 42.575403
    -114.336042 42.575855
    -114.336053 42.576371
    -114.336085 42.576928
    -114.33603 42.577275
    -114.336052 42.577484
    -114.336128 42.577638
    -114.336178 42.577803
    -114.336183 42.577821
    -114.336215 42.577928
    -114.336455 42.578332
    -114.336671 42.578673
    -114.336683 42.578692
    -114.336695 42.578711
    -114.337022 42.579058
    -114.33748 42.57963
    -114.337992 42.580081
    -114.338483 42.580493
    -114.339072 42.580799
    -114.339111 42.58082
    -114.339122 42.580826
    -114.339475 42.581017
    -114.339523 42.581106
    -114.339584 42.581219
    -114.339758 42.581509
    -114.339998 42.581695
    -114.340347 42.581824
    -114.34074 42.582009
    -114.340818 42.582036
    -114.340896 42.582064
    -114.341177 42.582163
    -114.341515 42.5823
    -114.341755 42.582461
    -114.341778 42.582679
    -114.341788 42.582776
    -114.341864 42.583002
    -114.341962 42.583187
    -114.342126 42.583365
    -114.342355 42.583574
    -114.342616 42.583687
    -114.343096 42.583816
    -114.343347 42.583937
    -114.343511 42.584042
    -114.343609 42.584236
    -114.343696 42.584405
    -114.343838 42.584599
    -114.344067 42.584784
    -114.344317 42.584946
    -114.344525 42.585139
    -114.344705 42.585214
    -114.344972 42.585325
    -114.345713 42.585731
    -114.345855 42.585809
    -114.347103 42.586457
    -114.347111 42.586461
    -114.347129 42.58647
    -114.347158 42.586485
    -114.347178 42.586496
    -114.34719 42.586502
    -114.347268 42.586543
    -114.347688 42.586761
    -114.347785 42.586822
    -114.348055 42.586994
    -114.348325 42.587165
    -114.34892 42.587543
    -114.349705 42.588051
    -114.350523 42.588535
    -114.35096 42.588777
    -114.351265 42.588895
    -114.351603 42.589027
    -114.352392 42.589362
    -114.352476 42.589398
    -114.35256 42.58942
    -114.352952 42.589523
    -114.353344 42.589626
    -114.353416 42.589645
    -114.353532 42.589655
    -114.353648 42.589665
    -114.354014 42.589697
    -114.35429 42.589719
    -114.354625 42.589745
    -114.354813 42.589793
    -114.355127 42.589874
    -114.355519 42.589955
    -114.35601 42.589874
    -114.356078 42.589878
END
END
