16055 Kootenai County
1
    -117.040332 47.523333
    -117.040419 47.526756
    -117.040422 47.526905
    -117.040434 47.527353
    -117.040438 47.527503
    -117.040444 47.527722
    -117.040445 47.527818
    -117.040459 47.528766
    -117.040464 47.529083
    -117.04047 47.529564
    -117.040491 47.531008
    -117.040498 47.53149
    -117.0405 47.531595
    -117.040503 47.531863
    -117.04052 47.532985
    -117.040526 47.533359
    -117.040671 47.536051
    -117.04091 47.540477
    -117.041006 47.544132
    -117.041078 47.546828
    -117.041086 47.547309
    -117.041111 47.548754
    -117.041113 47.548846
    -117.04112 47.549236
    -117.041151 47.55103
    -117.041244 47.556415
    -117.041276 47.55821
    -117.041255 47.558274
    -117.041194 47.558465
    -117.041174 47.55853
    -117.041173 47.558924
    -117.041173 47.560107
    -117.041173 47.560262
    -117.041182 47.560502
    -117.041195 47.560881
    -117.041234 47.56202
    -117.041248 47.5624
    -117.041199 47.563838
    -117.041067 47.567734
    -117.041052 47.568155
    -117.041004 47.569595
    -117.040991 47.569979
    -117.040951 47.571131
    -117.040939 47.571516
    -117.040921 47.572037
    -117.040867 47.573602
    -117.04085 47.574124
    -117.040862 47.575042
    -117.040901 47.577797
    -117.040914 47.578716
    -117.040915 47.578884
    -117.040918 47.579388
    -117.04092 47.579556
    -117.040921 47.579757
    -117.040925 47.580588
    -117.040943 47.583684
    -117.040949 47.584717
    -117.040955 47.585798
    -117.040961 47.586995
    -117.041 47.593828
    -117.041011 47.59566
    -117.041013 47.596107
    -117.041015 47.59659
    -117.041022 47.59804
    -117.041025 47.598524
    -117.041025 47.598621
    -117.041027 47.598892
    -117.041027 47.598915
    -117.041028 47.599013
    -117.04105 47.603579
    -117.041057 47.604798
    -117.041095 47.612554
    -117.041118 47.61728
    -117.041141 47.621772
    -117.041149 47.621847
    -117.041159 47.621937
    -117.041186 47.622192
    -117.0413 47.623229
    -117.04133 47.623499
    -117.04133 47.623575
    -117.04133 47.623592
    -117.041327 47.629629
    -117.04132 47.647792
    -117.041318 47.653389
    -117.041318 47.653661
    -117.041318 47.653727
    -117.041314 47.653847
    -117.04129 47.654583
    -117.041304 47.654758
    -117.041314 47.65525
    -117.041314 47.655487
    -117.041317 47.656466
    -117.041318 47.65662
    -117.041317 47.657062
    -117.041323 47.658126
    -117.041323 47.659842
    -117.041325 47.660076
    -117.041305 47.660915
    -117.041304 47.661756
    -117.041292 47.662644
    -117.041291 47.662695
    -117.041244 47.66293
    -117.041166 47.663087
    -117.041192 47.665504
    -117.041225 47.666837
    -117.041324 47.670839
    -117.041358 47.672173
    -117.041358 47.672208
    -117.041361 47.672312
    -117.041362 47.672348
    -117.041373 47.672698
    -117.041394 47.673306
    -117.041387 47.673751
    -117.041384 47.674011
    -117.041388 47.674103
    -117.041395 47.674295
    -117.041419 47.674873
    -117.041428 47.675066
    -117.04143 47.675116
    -117.041467 47.675644
    -117.041591 47.677378
    -117.041633 47.677957
    -117.041623 47.67805
    -117.04162 47.678064
    -117.0416 47.678184
    -117.041589 47.678387
    -117.041588 47.678414
    -117.041587 47.678496
    -117.041585 47.678565
    -117.041583 47.678775
    -117.041583 47.678845
    -117.041568 47.680192
    -117.041548 47.681904
    -117.041577 47.683198
    -117.041586 47.683667
    -117.041676 47.685628
    -117.041698 47.687194
    -117.041702 47.687382
    -117.041752 47.688764
    -117.041735 47.689141
    -117.041726 47.689222
    -117.041728 47.689324
    -117.041719 47.689679
    -117.041718 47.689711
    -117.041686 47.691733
    -117.041634 47.695407
    -117.041634 47.696316
    -117.041663 47.696568
    -117.041671 47.696642
    -117.041678 47.696701
    -117.041678 47.696933
    -117.041678 47.696937
    -117.04168 47.696958
    -117.041683 47.69699
    -117.041688 47.697057
    -117.041692 47.697112
    -117.041704 47.69728
    -117.041708 47.697336
    -117.041712 47.697408
    -117.041714 47.697436
    -117.041721 47.697536
    -117.041726 47.697618
    -117.041726 47.697627
    -117.041732 47.6977
    -117.041726 47.697738
    -117.041709 47.697852
    -117.041704 47.697891
    -117.0417 47.69791
    -117.04169 47.697967
    -117.041687 47.697987
    -117.041669 47.698087
    -117.041632 47.6983
    -117.041629 47.698391
    -117.041626 47.698494
    -117.041617 47.698765
    -117.041613 47.69888
    -117.041577 47.700041
    -117.041565 47.700428
    -117.041561 47.700539
    -117.041551 47.700875
    -117.041549 47.70094
    -117.041546 47.70102
    -117.041544 47.70112
    -117.041543 47.701154
    -117.041539 47.701288
    -117.041533 47.7015
    -117.041537 47.701692
    -117.04154 47.701827
    -117.041548 47.70225
    -117.041575 47.703519
    -117.041584 47.703943
    -117.041639 47.706575
    -117.041639 47.706588
    -117.041634 47.7067
    -117.04167 47.706787
    -117.041697 47.706828
    -117.04177 47.706936
    -117.041781 47.706951
    -117.041811 47.706991
    -117.041815 47.708077
    -117.041812 47.708195
    -117.04179 47.709464
    -117.041711 47.711807
    -117.041688 47.712502
    -117.041703 47.713012
    -117.041707 47.713152
    -117.041719 47.713573
    -117.041724 47.713714
    -117.041729 47.713901
    -117.041746 47.714465
    -117.041752 47.714653
    -117.041741 47.714848
    -117.041712 47.715436
    -117.041702 47.715633
    -117.041696 47.717048
    -117.041682 47.721294
    -117.041678 47.72271
    -117.041671 47.72439
    -117.041654 47.72943
    -117.041649 47.731111
    -117.041645 47.731956
    -117.041634 47.734492
    -117.041631 47.7353
    -117.041642 47.735336
    -117.041666 47.735446
    -117.041739 47.735779
    -117.041742 47.735793
    -117.041741 47.735893
    -117.04174 47.735925
    -117.041815 47.737497
    -117.042048 47.74231
    -117.042126 47.743915
    -117.042135 47.7441
    -117.042131 47.744152
    -117.042077 47.744863
    -117.042059 47.7451
    -117.042063 47.745157
    -117.042078 47.745328
    -117.042083 47.745385
    -117.042099 47.745589
    -117.042151 47.746201
    -117.042168 47.746405
    -117.042226 47.747104
    -117.042321 47.748247
    -117.0424 47.749201
    -117.042459 47.7499
    -117.042481 47.751122
    -117.042494 47.751878
    -117.042601 47.757811
    -117.042608 47.758241
    -117.042637 47.75979
    -117.04264 47.760003
    -117.042652 47.760643
    -117.042657 47.760857
    -117.04265 47.76093
    -117.042629 47.761149
    -117.042623 47.761223
    -117.042602 47.761957
    -117.042541 47.764161
    -117.042521 47.764896
    -117.042478 47.76522
    -117.042452 47.765428
    -117.042475 47.766198
    -117.042485 47.766525
    -117.042427 47.768164
    -117.042256 47.773085
    -117.0422 47.774725
    -117.042189 47.775012
    -117.042172 47.775505
    -117.042091 47.777848
    -117.042069 47.778461
    -117.042064 47.77863
    -117.042062 47.779051
    -117.04206 47.780314
    -117.04206 47.780736
    -117.04206 47.780981
    -117.042063 47.781717
    -117.042064 47.781963
    -117.042064 47.782264
    -117.042064 47.78317
    -117.042064 47.783472
    -117.042063 47.786603
    -117.042063 47.795998
    -117.042063 47.796334
    -117.042063 47.79913
    -117.042063 47.799195
    -117.042063 47.799393
    -117.042063 47.799459
    -117.042063 47.80016
    -117.042063 47.802194
    -117.042063 47.802266
    -117.042063 47.802968
    -117.042063 47.804523
    -117.042063 47.80919
    -117.042063 47.810746
    -117.042057 47.811831
    -117.042043 47.815089
    -117.042039 47.816175
    -117.042027 47.818025
    -117.041999 47.822399
    -117.042044 47.823574
    -117.042105 47.825136
    -117.042116 47.825423
    -117.042141 47.826079
    -117.042218 47.82805
    -117.042244 47.828707
    -117.042249 47.828845
    -117.042265 47.829262
    -117.042271 47.829401
    -117.042294 47.830012
    -117.042366 47.831846
    -117.04239 47.832458
    -117.042389 47.832567
    -117.042389 47.832896
    -117.042389 47.833006
    -117.042381 47.833074
    -117.042361 47.83328
    -117.042355 47.833349
    -117.042469 47.838974
    -117.04247 47.839009
    -117.042258 47.85529
    -117.042267 47.855852
    -117.042362 47.861478
    -117.042369 47.861922
    -117.042392 47.863254
    -117.042399 47.863641
    -117.0424 47.863698
    -117.042413 47.864463
    -117.042452 47.866761
    -117.042465 47.867495
    -117.042466 47.867527
    -117.042473 47.867966
    -117.042495 47.869283
    -117.042503 47.869723
    -117.042514 47.870368
    -117.042547 47.872303
    -117.042559 47.872948
    -117.042563 47.873197
    -117.042575 47.873946
    -117.04258 47.874196
    -117.042582 47.874337
    -117.042583 47.874376
    -117.042574 47.874453
    -117.042543 47.874759
    -117.042529 47.8749
    -117.042521 47.874955
    -117.042496 47.875121
    -117.042489 47.875177
    -117.042483 47.875236
    -117.042466 47.875415
    -117.042461 47.875475
    -117.04246 47.87556
    -117.042458 47.875817
    -117.042458 47.875903
    -117.042458 47.875935
    -117.042457 47.876034
    -117.042455 47.876371
    -117.042454 47.876426
    -117.042454 47.876558
    -117.042452 47.876675
    -117.04245 47.877026
    -117.04245 47.877094
    -117.04245 47.877144
    -117.04244 47.878355
    -117.042414 47.881989
    -117.042406 47.883201
    -117.042401 47.883813
    -117.042388 47.885651
    -117.042385 47.886087
    -117.042384 47.886264
    -117.042383 47.886292
    -117.042383 47.88638
    -117.042383 47.886409
    -117.042382 47.886444
    -117.042381 47.88655
    -117.042381 47.886586
    -117.042377 47.887011
    -117.042369 47.888289
    -117.042367 47.888715
    -117.042359 47.889729
    -117.042338 47.892773
    -117.042331 47.893788
    -117.042328 47.894882
    -117.042323 47.895661
    -117.042293 47.90128
    -117.042283 47.903154
    -117.042277 47.90399
    -117.042261 47.906499
    -117.042257 47.907248
    -117.042257 47.907336
    -117.042256 47.907853
    -117.042254 47.909407
    -117.042254 47.909926
    -117.042252 47.91222
    -117.04225 47.919105
    -117.04225 47.9214
    -117.04225 47.921574
    -117.04225 47.921862
    -117.042251 47.922035
    -117.04225 47.922096
    -117.042248 47.92227
    -117.042236 47.923062
    -117.042203 47.925438
    -117.042192 47.926231
    -117.042184 47.928176
    -117.042167 47.93294
    -117.042172 47.934011
    -117.042183 47.935823
    -117.042184 47.935957
    -117.042192 47.937459
    -117.042202 47.939107
    -117.042218 47.941966
    -117.042226 47.943187
    -117.042228 47.943469
    -117.042244 47.946378
    -117.042295 47.955106
    -117.042312 47.958016
    -117.042313 47.958364
    -117.042326 47.960504
    -117.042327 47.960847
    -117.042358 47.966204
    -117.042323 47.96934
    -117.0423 47.97151
    -117.042293 47.972172
    -117.042286 47.972784
    -117.042268 47.974623
    -117.042262 47.975236
    -117.042258 47.975666
    -117.04225 47.976956
    -117.042247 47.977386
    -117.04139 47.977389
    -117.038818 47.977398
    -117.037962 47.977402
    -117.037861 47.977402
    -117.0366 47.977406
    -117.032514 47.97742
    -117.031153 47.977426
    -117.029834 47.97743
    -117.025877 47.977442
    -117.024559 47.977447
    -117.023993 47.977449
    -117.022197 47.977454
    -117.015114 47.977477
    -117.012753 47.977486
    -117.012268 47.977487
    -117.010813 47.977492
    -117.010329 47.977494
    -117.009887 47.977495
    -117.008564 47.9775
    -117.008124 47.977502
    -117.007503 47.977504
    -117.006705 47.977506
    -117.002449 47.977521
    -117.001031 47.977527
    -117.001031 47.977553
    -117.001031 47.977631
    -117.001031 47.977657
    -116.999447 47.977648
    -116.994695 47.977623
    -116.993111 47.977615
    -116.99262 47.977616
    -116.99115 47.977623
    -116.990661 47.977626
    -116.990574 47.977626
    -116.990316 47.977627
    -116.99023 47.977628
    -116.989948 47.977619
    -116.989101 47.977592
    -116.98882 47.977584
    -116.988403 47.977584
    -116.987154 47.977584
    -116.986738 47.977584
    -116.986578 47.977584
    -116.9861 47.977584
    -116.985941 47.977584
    -116.98221 47.977571
    -116.97657 47.977553
    -116.97193 47.977538
    -116.97102 47.977535
    -116.96729 47.977523
    -116.966251 47.977523
    -116.963137 47.977526
    -116.962099 47.977527
    -116.960329 47.977524
    -116.955021 47.977516
    -116.953252 47.977514
    -116.949103 47.977498
    -116.944637 47.977481
    -116.936656 47.97745
    -116.934373 47.977442
    -116.932507 47.977435
    -116.931876 47.977443
    -116.929984 47.977471
    -116.929354 47.97748
    -116.929202 47.977479
    -116.928746 47.977479
    -116.928595 47.977479
    -116.928235 47.977478
    -116.927157 47.977477
    -116.926798 47.977477
    -116.926157 47.977476
    -116.919719 47.977466
    -116.898485 47.977436
    -116.893948 47.977429
    -116.891407 47.977426
    -116.890494 47.977416
    -116.889537 47.977405
    -116.887755 47.977387
    -116.886842 47.977378
    -116.886753 47.977378
    -116.886594 47.977378
    -116.88649 47.97739
    -116.886403 47.977401
    -116.886372 47.977404
    -116.88628 47.977416
    -116.88625 47.97742
    -116.886215 47.977424
    -116.886113 47.977437
    -116.886079 47.977442
    -116.886033 47.977445
    -116.885583 47.977438
    -116.883143 47.977403
    -116.875949 47.9773
    -116.874914 47.977417
    -116.874343 47.977417
    -116.871408 47.977419
    -116.871221 47.977417
    -116.870662 47.977412
    -116.870476 47.977411
    -116.870416 47.97741
    -116.870405 47.97741
    -116.870319 47.977413
    -116.870237 47.977415
    -116.870178 47.977418
    -116.870004 47.977418
    -116.869888 47.977417
    -116.868998 47.977417
    -116.867003 47.977417
    -116.866273 47.977417
    -116.865535 47.977417
    -116.865457 47.977417
    -116.864278 47.977417
    -116.864067 47.977417
    -116.862712 47.977416
    -116.861147 47.977416
    -116.859491 47.977416
    -116.858014 47.977416
    -116.857867 47.977416
    -116.856449 47.977416
    -116.856202 47.977416
    -116.855297 47.977416
    -116.854554 47.977416
    -116.853045 47.977416
    -116.851844 47.977416
    -116.851536 47.977416
    -116.850693 47.977416
    -116.850385 47.977416
    -116.849461 47.977416
    -116.849153 47.977416
    -116.849076 47.977416
    -116.848846 47.977416
    -116.84877 47.977416
    -116.844115 47.977415
    -116.83015 47.977414
    -116.825496 47.977414
    -116.82173 47.977414
    -116.810433 47.977414
    -116.806668 47.977414
    -116.802534 47.977414
    -116.790134 47.977414
    -116.786001 47.977414
    -116.785843 47.977412
    -116.785372 47.977409
    -116.785215 47.977408
    -116.784675 47.977408
    -116.783055 47.977409
    -116.782516 47.97741
    -116.779487 47.977409
    -116.7704 47.977409
    -116.767371 47.977409
    -116.767299 47.977409
    -116.767085 47.977409
    -116.767014 47.977409
    -116.762828 47.977408
    -116.75199 47.977408
    -116.750273 47.977425
    -116.746089 47.977467
    -116.743644 47.977456
    -116.736309 47.977423
    -116.733865 47.977413
    -116.733746 47.977412
    -116.733627 47.977412
    -116.732694 47.977408
    -116.730819 47.977402
    -116.729181 47.977395
    -116.728011 47.977391
    -116.726256 47.977384
    -116.720993 47.977365
    -116.719239 47.977359
    -116.718299 47.977355
    -116.715481 47.977345
    -116.714542 47.977342
    -116.714502 47.977319
    -116.714443 47.977286
    -116.714376 47.977279
    -116.714332 47.977275
    -116.714281 47.97727
    -116.714034 47.977266
    -116.713981 47.977266
    -116.713507 47.977271
    -116.713286 47.977266
    -116.712486 47.977251
    -116.711801 47.977243
    -116.711567 47.977241
    -116.711023 47.977246
    -116.7103 47.97728
    -116.710151 47.977279
    -116.709106 47.977277
    -116.70784 47.977274
    -116.706039 47.97727
    -116.704499 47.97726
    -116.704043 47.97726
    -116.702815 47.977263
    -116.702779 47.977272
    -116.702586 47.977257
    -116.702009 47.977215
    -116.701817 47.977201
    -116.698283 47.977189
    -116.698222 47.977188
    -116.697758 47.977178
    -116.69746 47.977166
    -116.69539 47.977165
    -116.694354 47.977172
    -116.692849 47.977168
    -116.692645 47.977161
    -116.692458 47.977171
    -116.676651 47.977343
    -116.67655 47.977344
    -116.675767 47.977252
    -116.67206 47.977215
    -116.67107 47.977206
    -116.658274 47.97713
    -116.654972 47.977111
    -116.653679 47.977087
    -116.649562 47.977099
    -116.637211 47.977134
    -116.633095 47.977147
    -116.633081 47.978541
    -116.633039 47.982723
    -116.633026 47.984118
    -116.633024 47.985593
    -116.63302 47.99002
    -116.63302 47.991496
    -116.626026 47.991523
    -116.623329 47.991628
    -116.623086 47.991628
    -116.606741 47.991607
    -116.60612 47.991605
    -116.605498 47.991606
    -116.605088 47.991606
    -116.604678 47.991605
    -116.604369 47.991603
    -116.604062 47.991604
    -116.593313 47.991589
    -116.592622 47.991588
    -116.591699 47.991587
    -116.590549 47.991585
    -116.590085 47.991585
    -116.589972 47.991585
    -116.589859 47.991585
    -116.584929 47.991578
    -116.579206 47.991571
    -116.575634 47.991574
    -116.574951 47.991579
    -116.574848 47.991576
    -116.574781 47.991576
    -116.574749 47.991576
    -116.574716 47.991576
    -116.574535 47.991574
    -116.574355 47.991573
    -116.573906 47.991566
    -116.572704 47.991565
    -116.569099 47.991562
    -116.567898 47.991562
    -116.567773 47.991562
    -116.567401 47.991562
    -116.567277 47.991563
    -116.564891 47.991566
    -116.557732 47.991575
    -116.555347 47.991579
    -116.555089 47.991578
    -116.554315 47.991578
    -116.554057 47.991578
    -116.552306 47.991574
    -116.547054 47.991562
    -116.545304 47.991559
    -116.542408 47.991553
    -116.53372 47.991536
    -116.530824 47.991531
    -116.504214 47.991479
    -116.504232 47.990471
    -116.50429 47.987449
    -116.504215 47.987268
    -116.504289 47.986034
    -116.504232 47.985391
    -116.504232 47.985361
    -116.504232 47.985271
    -116.504233 47.985242
    -116.504233 47.985084
    -116.504237 47.98461
    -116.504239 47.984453
    -116.504239 47.984399
    -116.50424 47.984238
    -116.504241 47.984185
    -116.504267 47.980983
    -116.504346 47.971378
    -116.504373 47.968177
    -116.504373 47.968024
    -116.504377 47.967565
    -116.504379 47.967413
    -116.50438 47.967263
    -116.504382 47.967088
    -116.504383 47.966813
    -116.504385 47.966664
    -116.504385 47.966634
    -116.504385 47.966545
    -116.504386 47.966516
    -116.504415 47.962935
    -116.504503 47.952194
    -116.504533 47.948614
    -116.504545 47.9472
    -116.504582 47.942959
    -116.504595 47.941546
    -116.504603 47.940429
    -116.504631 47.93708
    -116.504641 47.935964
    -116.50465 47.934842
    -116.504678 47.931479
    -116.504688 47.930358
    -116.504689 47.930154
    -116.504694 47.929545
    -116.504696 47.929342
    -116.504712 47.927444
    -116.504761 47.92175
    -116.504778 47.919853
    -116.504797 47.917555
    -116.504821 47.91476
    -116.504855 47.910664
    -116.504875 47.908368
    -116.504877 47.908026
    -116.504886 47.907
    -116.504889 47.906659
    -116.504905 47.904775
    -116.504929 47.901961
    -116.504953 47.899124
    -116.504969 47.897241
    -116.504969 47.897137
    -116.504973 47.896827
    -116.504974 47.896724
    -116.504984 47.895419
    -116.50499 47.894783
    -116.505016 47.891506
    -116.505023 47.890749
    -116.505028 47.890202
    -116.505028 47.890199
    -116.505028 47.89019
    -116.505028 47.890188
    -116.504886 47.890188
    -116.504462 47.890191
    -116.504321 47.890193
    -116.504273 47.890194
    -116.504131 47.890197
    -116.504084 47.890199
    -116.502218 47.890209
    -116.501023 47.890216
    -116.500482 47.890213
    -116.49922 47.890204
    -116.496622 47.89019
    -116.494757 47.89018
    -116.494642 47.89018
    -116.494298 47.89018
    -116.494184 47.89018
    -116.49318 47.890181
    -116.49017 47.890183
    -116.489167 47.890185
    -116.486635 47.890187
    -116.479041 47.890195
    -116.47651 47.890198
    -116.475647 47.890199
    -116.473058 47.890201
    -116.472196 47.890203
    -116.468568 47.890206
    -116.457687 47.890218
    -116.455856 47.890221
    -116.454061 47.890223
    -116.454017 47.890223
    -116.453889 47.890223
    -116.453846 47.890223
    -116.453757 47.890223
    -116.453493 47.890223
    -116.453405 47.890223
    -116.452478 47.890224
    -116.449699 47.890226
    -116.448773 47.890228
    -116.446056 47.89023
    -116.440839 47.890236
    -116.437907 47.890239
    -116.435191 47.890242
    -116.43487 47.890242
    -116.433705 47.890243
    -116.42925 47.890248
    -116.427765 47.890251
    -116.420725 47.890257
    -116.415811 47.890263
    -116.411881 47.890268
    -116.403058 47.89028
    -116.394591 47.890284
    -116.383826 47.890291
    -116.379949 47.890294
    -116.376005 47.890298
    -116.367999 47.890081
    -116.367619 47.890071
    -116.362969 47.890097
    -116.35333 47.890152
    -116.350311 47.89017
    -116.34788 47.890183
    -116.342851 47.890212
    -116.340009 47.890228
    -116.331483 47.890278
    -116.328642 47.890295
    -116.327478 47.890304
    -116.323988 47.890332
    -116.322825 47.890342
    -116.322779 47.884599
    -116.322795 47.884493
    -116.322815 47.884364
    -116.322817 47.884355
    -116.322818 47.884348
    -116.322821 47.884328
    -116.322826 47.884295
    -116.3241 47.876111
    -116.324143 47.875834
    -116.324334 47.874913
    -116.324336 47.873748
    -116.324345 47.86975
    -116.324345 47.869716
    -116.324345 47.869693
    -116.324334 47.862399
    -116.324315 47.849877
    -116.324303 47.846229
    -116.324303 47.846206
    -116.324318 47.843448
    -116.324318 47.843387
    -116.324318 47.843382
    -116.324319 47.843376
    -116.324319 47.843366
    -116.324319 47.843348
    -116.324319 47.843321
    -116.324319 47.843261
    -116.324319 47.843212
    -116.32432 47.843048
    -116.324354 47.832856
    -116.324438 47.830997
    -116.324448 47.828602
    -116.324464 47.821123
    -116.324466 47.820318
    -116.324471 47.817984
    -116.324478 47.815018
    -116.324492 47.808734
    -116.3245 47.805184
    -116.324501 47.80474
    -116.324513 47.799415
    -116.324514 47.798968
    -116.324514 47.798938
    -116.324521 47.795827
    -116.324638 47.791565
    -116.324769 47.788971
    -116.324769 47.788339
    -116.324768 47.787982
    -116.324767 47.787714
    -116.324767 47.787686
    -116.324757 47.785039
    -116.324757 47.785012
    -116.324733 47.778803
    -116.324716 47.774551
    -116.32471 47.772954
    -116.324686 47.76698
    -116.324725 47.765061
    -116.324749 47.764679
    -116.324768 47.7644
    -116.324768 47.764392
    -116.324757 47.763506
    -116.324702 47.757962
    -116.324594 47.7534
    -116.324591 47.753303
    -116.324539 47.751776
    -116.324531 47.751561
    -116.324531 47.751549
    -116.324531 47.751543
    -116.32453 47.751518
    -116.324478 47.749913
    -116.324432 47.749112
    -116.324431 47.749099
    -116.324401 47.748582
    -116.324116 47.743673
    -116.32407 47.738234
    -116.324057 47.736787
    -116.324052 47.736179
    -116.324052 47.736136
    -116.324052 47.73613
    -116.324051 47.736124
    -116.324051 47.736113
    -116.324051 47.736099
    -116.324051 47.736084
    -116.324044 47.735242
    -116.324044 47.735033
    -116.324044 47.734981
    -116.324043 47.734506
    -116.324043 47.734372
    -116.324043 47.734263
    -116.324043 47.734189
    -116.324043 47.734146
    -116.324043 47.734122
    -116.324043 47.73411
    -116.324043 47.734104
    -116.324042 47.734099
    -116.32404 47.732062
    -116.32404 47.730277
    -116.32404 47.730272
    -116.32404 47.730266
    -116.32404 47.73026
    -116.32404 47.730255
    -116.32404 47.73025
    -116.32404 47.730242
    -116.32404 47.730236
    -116.32404 47.73023
    -116.32404 47.730224
    -116.32404 47.730218
    -116.32404 47.730213
    -116.32404 47.730208
    -116.32404 47.730203
    -116.32404 47.730198
    -116.324041 47.730169
    -116.324124 47.723483
    -116.324126 47.72335
    -116.324169 47.719902
    -116.323893 47.714679
    -116.323882 47.714467
    -116.323867 47.71245
    -116.323869 47.712418
    -116.324031 47.710134
    -116.324276 47.706684
    -116.324274 47.700547
    -116.324273 47.694723
    -116.324272 47.690782
    -116.324272 47.690699
    -116.324243 47.6894
    -116.324242 47.689366
    -116.324242 47.68935
    -116.324242 47.689342
    -116.324158 47.685565
    -116.324157 47.685529
    -116.324151 47.684803
    -116.324143 47.683701
    -116.324135 47.677833
    -116.324113 47.671764
    -116.324112 47.671468
    -116.324083 47.663537
    -116.324073 47.660786
    -116.323965 47.62946
    -116.323965 47.629446
    -116.323961 47.629125
    -116.32396 47.629058
    -116.32396 47.629049
    -116.32396 47.628993
    -116.323953 47.626181
    -116.323953 47.626063
    -116.323953 47.626012
    -116.323952 47.625764
    -116.323951 47.625251
    -116.32395 47.624916
    -116.324237 47.614217
    -116.324381 47.608719
    -116.324532 47.602989
    -116.324531 47.600151
    -116.324531 47.599191
    -116.324531 47.597147
    -116.324531 47.594341
    -116.324531 47.594252
    -116.324568 47.590366
    -116.324381 47.563547
    -116.324345 47.558148
    -116.324326 47.558016
    -116.324029 47.555866
    -116.323967 47.555415
    -116.324004 47.555373
    -116.324004 47.555365
    -116.323997 47.555245
    -116.323986 47.555085
    -116.323983 47.555018
    -116.323972 47.554773
    -116.323975 47.554708
    -116.324002 47.554001
    -116.324992 47.550274
    -116.324982 47.549896
    -116.324923 47.549786
    -116.324836 47.549625
    -116.324343 47.548712
    -116.324255 47.548547
    -116.324246 47.548531
    -116.32424 47.548305
    -116.324247 47.548169
    -116.324255 47.548066
    -116.324256 47.548048
    -116.324256 47.548034
    -116.32426 47.547983
    -116.32427 47.547859
    -116.324274 47.547817
    -116.324279 47.547763
    -116.324306 47.546962
    -116.324434 47.542921
    -116.324453 47.542747
    -116.324331 47.535692
    -116.324352 47.534892
    -116.324353 47.534847
    -116.324353 47.534832
    -116.324353 47.534821
    -116.324358 47.534559
    -116.324438 47.530172
    -116.328853 47.504313
    -116.329579 47.499918
    -116.329541 47.496012
    -116.329443 47.486097
    -116.329433 47.485166
    -116.329346 47.476357
    -116.32934 47.475651
    -116.329341 47.475517
    -116.329466 47.459739
    -116.329478 47.458579
    -116.329478 47.458564
    -116.329483 47.457605
    -116.329483 47.457518
    -116.329629 47.445647
    -116.329587 47.436897
    -116.329586 47.436757
    -116.32957 47.433322
    -116.329548 47.428553
    -116.329544 47.427569
    -116.329542 47.427113
    -116.329542 47.427105
    -116.329542 47.427095
    -116.329542 47.427085
    -116.329542 47.427078
    -116.329541 47.427073
    -116.329539 47.426873
    -116.329532 47.426154
    -116.32949 47.421909
    -116.329489 47.421858
    -116.329488 47.421743
    -116.329488 47.421708
    -116.329488 47.421682
    -116.329487 47.421579
    -116.329485 47.42137
    -116.32948 47.420853
    -116.329474 47.420279
    -116.329473 47.420173
    -116.329472 47.420166
    -116.329472 47.420161
    -116.329472 47.420153
    -116.329472 47.420144
    -116.329472 47.420136
    -116.329472 47.420122
    -116.329471 47.420021
    -116.329471 47.419977
    -116.329468 47.419713
    -116.329468 47.419684
    -116.329468 47.419668
    -116.329467 47.419663
    -116.329467 47.419658
    -116.329467 47.41965
    -116.329467 47.419632
    -116.329467 47.419621
    -116.329456 47.418498
    -116.329424 47.417709
    -116.329475 47.414881
    -116.329496 47.413781
    -116.329971 47.413787
    -116.331396 47.413808
    -116.331462 47.413809
    -116.331872 47.413806
    -116.337869 47.413771
    -116.35586 47.41367
    -116.361858 47.413637
    -116.36931 47.413772
    -116.376 47.413894
    -116.39167 47.413725
    -116.394157 47.413699
    -116.394271 47.413095
    -116.398623 47.413046
    -116.398982 47.413042
    -116.404723 47.412968
    -116.416072 47.412823
    -116.423025 47.412733
    -116.427289 47.412679
    -116.429126 47.412656
    -116.429218 47.412655
    -116.429233 47.412686
    -116.429242 47.412703
    -116.429606 47.412703
    -116.429734 47.412704
    -116.430383 47.412704
    -116.433391 47.412708
    -116.437618 47.412714
    -116.444364 47.412725
    -116.448022 47.412731
    -116.448436 47.412731
    -116.451509 47.412741
    -116.46197 47.412776
    -116.465458 47.412788
    -116.46553 47.412788
    -116.465746 47.412788
    -116.465819 47.412789
    -116.466022 47.412789
    -116.466321 47.412791
    -116.466631 47.412792
    -116.466835 47.412794
    -116.467498 47.412788
    -116.469486 47.412771
    -116.47015 47.412766
    -116.470344 47.412767
    -116.470368 47.412768
    -116.470925 47.412773
    -116.47112 47.412775
    -116.471428 47.412778
    -116.472354 47.412787
    -116.472663 47.41279
    -116.472781 47.412791
    -116.473135 47.412794
    -116.473254 47.412795
    -116.47574 47.41282
    -116.483201 47.412895
    -116.484833 47.412912
    -116.485688 47.412919
    -116.488665 47.412969
    -116.494625 47.413071
    -116.497597 47.413121
    -116.500575 47.413172
    -116.50066 47.413173
    -116.500916 47.413177
    -116.501002 47.413179
    -116.501292 47.413178
    -116.502165 47.413176
    -116.502456 47.413176
    -116.503385 47.413174
    -116.506175 47.413169
    -116.507106 47.413168
    -116.507633 47.413167
    -116.509213 47.413164
    -116.509741 47.413164
    -116.509886 47.413163
    -116.510322 47.413163
    -116.510468 47.413163
    -116.510595 47.413163
    -116.514377 47.413157
    -116.515105 47.413156
    -116.517137 47.413152
    -116.522969 47.413144
    -116.522969 47.414336
    -116.529732 47.414373
    -116.531274 47.414381
    -116.532389 47.414386
    -116.535954 47.414403
    -116.541711 47.414432
    -116.542624 47.414436
    -116.546335 47.414454
    -116.552024 47.414484
    -116.557469 47.414511
    -116.561181 47.414531
    -116.562146 47.414536
    -116.56464 47.414548
    -116.565042 47.414551
    -116.566008 47.414556
    -116.568389 47.414568
    -116.569901 47.414575
    -116.574564 47.4146
    -116.581581 47.414636
    -116.585475 47.414656
    -116.586576 47.414662
    -116.586574 47.414166
    -116.586557 47.409375
    -116.586555 47.408714
    -116.586552 47.407778
    -116.586546 47.406277
    -116.586531 47.401776
    -116.586526 47.400276
    -116.58801 47.400275
    -116.592464 47.400275
    -116.593949 47.400275
    -116.595746 47.400274
    -116.601136 47.400274
    -116.602934 47.400274
    -116.606616 47.400274
    -116.611169 47.400274
    -116.61334 47.400274
    -116.619855 47.400274
    -116.622027 47.400274
    -116.622353 47.400274
    -116.623332 47.400274
    -116.623659 47.400274
    -116.625715 47.400264
    -116.626005 47.400263
    -116.626272 47.400266
    -116.628773 47.400301
    -116.629284 47.400308
    -116.62921 47.395477
    -116.62917 47.392864
    -116.62915 47.389888
    -116.62909 47.380962
    -116.629071 47.377987
    -116.629067 47.377401
    -116.629055 47.375643
    -116.629051 47.375057
    -116.629051 47.375027
    -116.629051 47.374937
    -116.629051 47.374908
    -116.62906 47.374833
    -116.629088 47.374609
    -116.629098 47.374535
    -116.629107 47.373968
    -116.629137 47.372267
    -116.629147 47.371701
    -116.637132 47.371694
    -116.661088 47.371677
    -116.669074 47.371672
    -116.669367 47.371671
    -116.670247 47.371671
    -116.670541 47.371671
    -116.670724 47.371671
    -116.670743 47.371671
    -116.671276 47.371671
    -116.67146 47.371671
    -116.673318 47.371669
    -116.678893 47.371666
    -116.680752 47.371665
    -116.680899 47.371665
    -116.683989 47.371673
    -116.688954 47.371687
    -116.691677 47.371694
    -116.693701 47.371699
    -116.696939 47.371708
    -116.697233 47.371708
    -116.698116 47.371708
    -116.698411 47.371709
    -116.698567 47.371709
    -116.699038 47.371709
    -116.699195 47.37171
    -116.700862 47.371707
    -116.703195 47.371704
    -116.705866 47.371701
    -116.707534 47.371699
    -116.708746 47.371697
    -116.712385 47.371692
    -116.713598 47.371691
    -116.714377 47.37169
    -116.71725 47.371686
    -116.728209 47.371671
    -116.731862 47.371666
    -116.732103 47.371666
    -116.733758 47.37167
    -116.7354 47.371664
    -116.735547 47.371664
    -116.735545 47.372032
    -116.73554 47.373139
    -116.73554 47.373313
    -116.735486 47.373501
    -116.735209 47.374463
    -116.735082 47.374905
    -116.735055 47.37745
    -116.735045 47.378452
    -116.735034 47.379485
    -116.735002 47.382584
    -116.734992 47.383618
    -116.73499 47.383704
    -116.734987 47.383966
    -116.734987 47.384053
    -116.734986 47.384101
    -116.734985 47.384248
    -116.734985 47.384297
    -116.734976 47.38514
    -116.734968 47.385974
    -116.736015 47.385969
    -116.736666 47.385965
    -116.737511 47.385962
    -116.737647 47.385961
    -116.738058 47.38596
    -116.738195 47.38596
    -116.738259 47.385959
    -116.738452 47.385959
    -116.738517 47.385959
    -116.739015 47.385957
    -116.740735 47.385955
    -116.743354 47.385952
    -116.74739 47.385945
    -116.74819 47.385944
    -116.7489 47.385943
    -116.749609 47.385942
    -116.750711 47.38594
    -116.751008 47.38594
    -116.754019 47.385924
    -116.755122 47.385919
    -116.755231 47.385918
    -116.755561 47.385917
    -116.755671 47.385917
    -116.755855 47.385915
    -116.756407 47.385911
    -116.756592 47.385911
    -116.757287 47.385907
    -116.757453 47.385907
    -116.758314 47.385903
    -116.759192 47.385899
    -116.759374 47.385898
    -116.76007 47.385895
    -116.761685 47.385887
    -116.765822 47.385869
    -116.76653 47.385865
    -116.768146 47.385859
    -116.768191 47.38379
    -116.768231 47.382035
    -116.768261 47.380709
    -116.771384 47.380722
    -116.771522 47.380723
    -116.772304 47.380727
    -116.773453 47.380732
    -116.773668 47.380733
    -116.778196 47.38072
    -116.792426 47.380682
    -116.79717 47.38067
    -116.802464 47.380656
    -116.810943 47.380634
    -116.811154 47.374904
    -116.811129 47.373231
    -116.811052 47.367937
    -116.811007 47.367611
    -116.810874 47.366635
    -116.81083 47.36631
    -116.81233 47.366289
    -116.816833 47.366226
    -116.818335 47.366206
    -116.818706 47.366209
    -116.81982 47.366221
    -116.820192 47.366225
    -116.82111 47.366234
    -116.821121 47.366234
    -116.823911 47.366234
    -116.824842 47.366235
    -116.826011 47.366204
    -116.829521 47.366112
    -116.829983 47.3661
    -116.830692 47.366092
    -116.830982 47.366088
    -116.831854 47.36608
    -116.832145 47.366077
    -116.832356 47.366098
    -116.832989 47.366164
    -116.833201 47.366186
    -116.834312 47.366179
    -116.837649 47.366161
    -116.838761 47.366156
    -116.839573 47.366151
    -116.842009 47.366138
    -116.842822 47.366134
    -116.846681 47.366112
    -116.858259 47.36605
    -116.862119 47.366029
    -116.863192 47.366058
    -116.866411 47.366146
    -116.867485 47.366176
    -116.869325 47.366209
    -116.871081 47.366241
    -116.874846 47.366308
    -116.87601 47.36633
    -116.876687 47.366326
    -116.878629 47.366316
    -116.884455 47.36629
    -116.886167 47.366283
    -116.886398 47.366287
    -116.886482 47.366287
    -116.886737 47.366288
    -116.886822 47.366289
    -116.887108 47.36629
    -116.887315 47.366292
    -116.887966 47.366286
    -116.888145 47.366285
    -116.888252 47.366284
    -116.888324 47.366282
    -116.888539 47.366279
    -116.888612 47.366279
    -116.889148 47.366272
    -116.889844 47.366263
    -116.890242 47.366272
    -116.890757 47.366255
    -116.890916 47.36625
    -116.891294 47.366264
    -116.892529 47.366253
    -116.896235 47.366224
    -116.897471 47.366214
    -116.897606 47.366206
    -116.897774 47.366215
    -116.89803 47.366201
    -116.898081 47.3662
    -116.899915 47.36617
    -116.900527 47.366161
    -116.900576 47.366159
    -116.900726 47.366157
    -116.900776 47.366157
    -116.901002 47.366159
    -116.902732 47.366155
    -116.906021 47.366149
    -116.907882 47.366132
    -116.9086 47.366131
    -116.910557 47.366129
    -116.910698 47.366128
    -116.911123 47.366128
    -116.911265 47.366128
    -116.911381 47.366156
    -116.911834 47.366124
    -116.911905 47.366122
    -116.912254 47.366118
    -116.912934 47.366116
    -116.914977 47.366113
    -116.915659 47.366112
    -116.916367 47.366116
    -116.91695 47.366123
    -116.917268 47.366128
    -116.918111 47.366123
    -116.920065 47.366158
    -116.92073 47.36613
    -116.920824 47.36613
    -116.921867 47.366131
    -116.922116 47.366138
    -116.922549 47.366151
    -116.922642 47.366154
    -116.923848 47.366144
    -116.923855 47.366144
    -116.924282 47.366133
    -116.924663 47.366123
    -116.925236 47.36611
    -116.925806 47.366117
    -116.926188 47.366122
    -116.926794 47.366117
    -116.928613 47.366103
    -116.92922 47.366099
    -116.929541 47.366093
    -116.930505 47.366077
    -116.930827 47.366072
    -116.931248 47.366064
    -116.932514 47.366042
    -116.932936 47.366035
    -116.933291 47.366028
    -116.934358 47.366011
    -116.934714 47.366005
    -116.93486 47.366018
    -116.935298 47.366057
    -116.935445 47.366071
    -116.935574 47.366078
    -116.935961 47.366102
    -116.936091 47.366111
    -116.936419 47.366123
    -116.937895 47.366106
    -116.938375 47.366124
    -116.938467 47.366115
    -116.938821 47.366084
    -116.942325 47.366086
    -116.943277 47.366052
    -116.943757 47.366058
    -116.943959 47.366109
    -116.944186 47.366138
    -116.94486 47.366121
    -116.94559 47.366118
    -116.947749 47.366111
    -116.947968 47.3661
    -116.948744 47.366095
    -116.951074 47.366082
    -116.951851 47.366078
    -116.951934 47.366086
    -116.95207 47.366101
    -116.952185 47.366101
    -116.952269 47.366101
    -116.95245 47.366101
    -116.952995 47.366102
    -116.953177 47.366103
    -116.954401 47.366105
    -116.955843 47.366109
    -116.958074 47.366131
    -116.958125 47.366132
    -116.959299 47.366124
    -116.96516 47.366135
    -116.979164 47.366164
    -116.982743 47.366178
    -116.988605 47.366203
    -116.990706 47.366146
    -116.99701 47.365976
    -116.999112 47.36592
    -116.999491 47.365961
    -116.999793 47.365994
    -116.99983 47.365999
    -117.000477 47.366082
    -117.000627 47.366088
    -117.001009 47.366106
    -117.001369 47.366122
    -117.001498 47.366124
    -117.002969 47.366156
    -117.003034 47.366158
    -117.00346 47.366157
    -117.007686 47.366146
    -117.012443 47.366135
    -117.020367 47.366129
    -117.024594 47.366126
    -117.025471 47.366125
    -117.028102 47.366125
    -117.028554 47.366125
    -117.02898 47.366118
    -117.029562 47.366109
    -117.029958 47.366107
    -117.032324 47.366102
    -117.032892 47.3661
    -117.033871 47.366098
    -117.034086 47.366098
    -117.035031 47.366091
    -117.03683 47.366079
    -117.038512 47.366086
    -117.039261 47.36609
    -117.039415 47.366084
    -117.039671 47.366053
    -117.039714 47.366062
    -117.039717 47.366063
    -117.039849 47.366091
    -117.039894 47.366102
    -117.039877 47.368463
    -117.039871 47.369668
    -117.039859 47.371114
    -117.039859 47.371154
    -117.03994 47.372118
    -117.040176 47.3749
    -117.040171 47.375132
    -117.040154 47.376032
    -117.040152 47.37614
    -117.040125 47.377557
    -117.040046 47.381809
    -117.04002 47.383227
    -117.040016 47.383469
    -117.039994 47.384647
    -117.039915 47.38891
    -117.039891 47.390241
    -117.039886 47.390331
    -117.039858 47.390869
    -117.039846 47.391122
    -117.039805 47.392484
    -117.039802 47.392601
    -117.039791 47.392967
    -117.039792 47.393023
    -117.03981 47.394321
    -117.039867 47.398218
    -117.039883 47.39932
    -117.039884 47.399518
    -117.039884 47.39968
    -117.039887 47.400165
    -117.039888 47.400253
    -117.039888 47.400328
    -117.039892 47.401211
    -117.039905 47.40386
    -117.03991 47.404744
    -117.039911 47.404783
    -117.039914 47.404903
    -117.039916 47.404943
    -117.039912 47.405164
    -117.039912 47.405203
    -117.039912 47.405253
    -117.039918 47.406186
    -117.03992 47.406498
    -117.039921 47.406614
    -117.039926 47.407689
    -117.039935 47.409594
    -117.039944 47.411262
    -117.039951 47.412454
    -117.039951 47.412529
    -117.039951 47.412703
    -117.039955 47.413453
    -117.039957 47.413645
    -117.039957 47.413703
    -117.039976 47.417614
    -117.039977 47.417941
    -117.039999 47.422195
    -117.039963 47.430658
    -117.039946 47.434898
    -117.039946 47.434991
    -117.039944 47.435292
    -117.039941 47.436475
    -117.03994 47.43687
    -117.03994 47.436912
    -117.039945 47.440731
    -117.039946 47.441344
    -117.039948 47.442773
    -117.039949 47.443211
    -117.03996 47.451469
    -117.039961 47.452314
    -117.039966 47.456176
    -117.039966 47.456293
    -117.039808 47.463446
    -117.039819 47.469998
    -117.039873 47.477791
    -117.039879 47.478531
    -117.039885 47.479273
    -117.039901 47.481127
    -117.039921 47.484103
    -117.039933 47.485714
    -117.039931 47.486201
    -117.039929 47.487665
    -117.039928 47.488153
    -117.039926 47.489032
    -117.039922 47.491669
    -117.039921 47.492266
    -117.039929 47.492548
    -117.03993 47.492587
    -117.040296 47.512467
    -117.040345 47.522315
    -117.040321 47.522442
    -117.040321 47.52253
    -117.040314 47.522686
    -117.040332 47.523333
END
END
