16069 Nez Perce County
1
    -116.719295 46.542788
    -116.719231 46.542789
    -116.719183 46.542789
    -116.719106 46.542858
    -116.718587 46.54326
    -116.718329 46.543422
    -116.718296 46.543443
    -116.718167 46.543524
    -116.71793 46.543633
    -116.71764 46.5438
    -116.7176 46.543825
    -116.717507 46.543885
    -116.717434 46.543931
    -116.717321 46.544104
    -116.717308 46.544139
    -116.717062 46.544421
    -116.716854 46.54477
    -116.716709 46.54507
    -116.71673 46.545283
    -116.716737 46.54531
    -116.716802 46.545561
    -116.716832 46.545856
    -116.716787 46.54609
    -116.716647 46.546328
    -116.716122 46.546964
    -116.715627 46.547518
    -116.715254 46.548003
    -116.714998 46.548253
    -116.714719 46.548457
    -116.714402 46.548767
    -116.714126 46.549103
    -116.714083 46.54918
    -116.713953 46.549411
    -116.713886 46.549529
    -116.713817 46.549689
    -116.713775 46.549807
    -116.713785 46.550138
    -116.71384 46.550263
    -116.713913 46.550369
    -116.713944 46.550414
    -116.714073 46.550516
    -116.714231 46.550586
    -116.714378 46.550697
    -116.714622 46.550859
    -116.714833 46.550943
    -116.715108 46.551079
    -116.715372 46.551304
    -116.715595 46.551553
    -116.715624 46.551593
    -116.715622 46.551688
    -116.715542 46.551811
    -116.71538 46.55208
    -116.715276 46.552357
    -116.715273 46.55237
    -116.715181 46.552711
    -116.715081 46.552848
    -116.71495 46.55294
    -116.714656 46.553047
    -116.714331 46.553128
    -116.714316 46.553132
    -116.714182 46.553171
    -116.713979 46.553229
    -116.713518 46.553338
    -116.713313 46.553398
    -116.713038 46.55354
    -116.71273 46.553776
    -116.712486 46.554041
    -116.712296 46.55432
    -116.71215 46.554642
    -116.712045 46.554964
    -116.711999 46.555171
    -116.71201 46.55538
    -116.712164 46.555712
    -116.712225 46.555902
    -116.712194 46.556257
    -116.712082 46.556718
    -116.712069 46.55677
    -116.711894 46.557197
    -116.711731 46.557488
    -116.711057 46.558158
    -116.710575 46.558654
    -116.710386 46.558839
    -116.710278 46.558977
    -116.710208 46.559232
    -116.710228 46.559396
    -116.710214 46.559803
    -116.710174 46.559965
    -116.71004 46.560513
    -116.709933 46.560729
    -116.709903 46.560764
    -116.709741 46.560953
    -116.709443 46.561121
    -116.709361 46.561156
    -116.709132 46.561252
    -116.708787 46.561422
    -116.708616 46.561614
    -116.708495 46.561861
    -116.708479 46.562085
    -116.708521 46.562218
    -116.708776 46.562617
    -116.708867 46.562853
    -116.70892 46.563167
    -116.708986 46.563751
    -116.708991 46.563775
    -116.709083 46.564257
    -116.709097 46.5645
    -116.708844 46.56526
    -116.708539 46.565885
    -116.708326 46.566245
    -116.708137 46.566479
    -116.707759 46.566776
    -116.707546 46.566959
    -116.70698 46.567368
    -116.706556 46.567694
    -116.706192 46.568055
    -116.705902 46.568377
    -116.705711 46.568579
    -116.705632 46.568708
    -116.705566 46.568823
    -116.705493 46.568951
    -116.705388 46.569172
    -116.705267 46.569519
    -116.705175 46.569883
    -116.70514 46.570149
    -116.705219 46.570348
    -116.705226 46.570359
    -116.70531 46.570487
    -116.705421 46.570655
    -116.705533 46.570905
    -116.705695 46.57159
    -116.705743 46.571866
    -116.705647 46.572242
    -116.705629 46.572661
    -116.70564 46.57297
    -116.705569 46.573375
    -116.705513 46.57365
    -116.705359 46.573996
    -116.70525 46.574257
    -116.705076 46.574589
    -116.70479 46.575172
    -116.704456 46.575728
    -116.704225 46.576058
    -116.704029 46.576371
    -116.704021 46.576382
    -116.703934 46.576502
    -116.703785 46.576613
    -116.703527 46.576804
    -116.70347 46.576838
    -116.703265 46.576961
    -116.703172 46.577047
    -116.702712 46.577512
    -116.702608 46.577622
    -116.702479 46.577759
    -116.702362 46.577869
    -116.702245 46.577978
    -116.701877 46.578229
    -116.701329 46.578618
    -116.701247 46.578667
    -116.701169 46.578723
    -116.700994 46.578862
    -116.70093 46.57891
    -116.700885 46.578981
    -116.700899 46.579163
    -116.7009 46.579178
    -116.700833 46.579572
    -116.700805 46.579859
    -116.700811 46.580102
    -116.700828 46.580383
    -116.700784 46.580695
    -116.700754 46.581105
    -116.700756 46.58151
    -116.700693 46.581742
    -116.70057 46.582033
    -116.700589 46.582318
    -116.700651 46.582636
    -116.700707 46.582764
    -116.700739 46.582835
    -116.700766 46.582896
    -116.700821 46.583043
    -116.700838 46.583124
    -116.700792 46.583281
    -116.70072 46.583481
    -116.700564 46.583694
    -116.700328 46.583895
    -116.700262 46.583951
    -116.700016 46.584233
    -116.699789 46.584523
    -116.699326 46.585005
    -116.698877 46.585529
    -116.698722 46.58572
    -116.698607 46.585937
    -116.698435 46.586175
    -116.698138 46.586448
    -116.698065 46.586508
    -116.69803 46.586537
    -116.697998 46.586591
    -116.697858 46.586824
    -116.697754 46.586973
    -116.697608 46.587068
    -116.697276 46.587258
    -116.696944 46.58742
    -116.696808 46.587496
    -116.696642 46.587577
    -116.696533 46.587611
    -116.696277 46.587611
    -116.695844 46.587533
    -116.695363 46.587379
    -116.695188 46.587286
    -116.695016 46.587194
    -116.694751 46.587068
    -116.694376 46.58692
    -116.694168 46.5869
    -116.693955 46.586879
    -116.693458 46.58685
    -116.693063 46.586929
    -116.692881 46.586965
    -116.692841 46.586973
    -116.692557 46.587039
    -116.692357 46.587086
    -116.691949 46.587187
    -116.691171 46.587407
    -116.691076 46.58746
    -116.690725 46.587564
    -116.689937 46.587852
    -116.689733 46.587916
    -116.689418 46.587981
    -116.68923 46.588037
    -116.689067 46.588085
    -116.688761 46.588193
    -116.688456 46.588301
    -116.68796 46.588555
    -116.687763 46.588713
    -116.687575 46.588953
    -116.687485 46.589122
    -116.687203 46.589443
    -116.686897 46.589762
    -116.686666 46.589941
    -116.686466 46.590067
    -116.686319 46.590134
    -116.686119 46.590159
    -116.685764 46.590147
    -116.685584 46.590118
    -116.685519 46.590107
    -116.685294 46.59008
    -116.685126 46.590078
    -116.684952 46.59016
    -116.684751 46.590308
    -116.684651 46.590523
    -116.684637 46.59068
    -116.684728 46.590789
    -116.684784 46.590913
    -116.684797 46.591056
    -116.684749 46.591207
    -116.684565 46.591458
    -116.684393 46.591595
    -116.684286 46.591661
    -116.684076 46.591755
    -116.683951 46.591841
    -116.683755 46.592104
    -116.683505 46.592298
    -116.682343 46.593148
    -116.682157 46.593293
    -116.681984 46.593475
    -116.681808 46.593652
    -116.681655 46.593825
    -116.681475 46.593964
    -116.681189 46.594146
    -116.681074 46.594286
    -116.680928 46.594608
    -116.680865 46.594835
    -116.680858 46.594941
    -116.680696 46.59526
    -116.680524 46.595625
    -116.680475 46.595747
    -116.68047 46.59576
    -116.680426 46.595868
    -116.68034 46.596026
    -116.680206 46.596157
    -116.679887 46.596312
    -116.679671 46.596439
    -116.679558 46.596534
    -116.679549 46.596658
    -116.679507 46.596953
    -116.679345 46.597222
    -116.678839 46.597794
    -116.67849 46.598131
    -116.678002 46.598433
    -116.677596 46.59874
    -116.677346 46.599011
    -116.677253 46.59917
    -116.677096 46.599255
    -116.676892 46.599292
    -116.676627 46.599366
    -116.676247 46.599529
    -116.675898 46.599766
    -116.675779 46.599968
    -116.67576 46.600137
    -116.675668 46.600373
    -116.675547 46.600747
    -116.675405 46.60093
    -116.675203 46.6011
    -116.674864 46.601368
    -116.67452 46.601593
    -116.673961 46.601923
    -116.673483 46.602307
    -116.673266 46.602607
    -116.672983 46.602873
    -116.672651 46.603062
    -116.672234 46.60321
    -116.671679 46.6034
    -116.671369 46.603459
    -116.671011 46.603464
    -116.670617 46.603585
    -116.670204 46.603771
    -116.669525 46.604025
    -116.669068 46.604273
    -116.668675 46.604549
    -116.66856 46.604653
    -116.66829 46.604897
    -116.667939 46.605101
    -116.667562 46.605275
    -116.667376 46.60533
    -116.667102 46.605412
    -116.666621 46.605536
    -116.666235 46.605652
    -116.666205 46.605661
    -116.666129 46.60569
    -116.665933 46.605763
    -116.665822 46.605892
    -116.66566 46.606011
    -116.665503 46.606096
    -116.665291 46.606184
    -116.665076 46.606339
    -116.664763 46.607171
    -116.664716 46.607295
    -116.664712 46.607305
    -116.664602 46.607766
    -116.664547 46.607919
    -116.664489 46.608067
    -116.664393 46.608315
    -116.66415 46.608785
    -116.664112 46.608832
    -116.664041 46.608918
    -116.66391 46.609011
    -116.663747 46.609025
    -116.663603 46.609024
    -116.663523 46.609062
    -116.663324 46.609156
    -116.662528 46.609822
    -116.662255 46.610069
    -116.661683 46.610462
    -116.660853 46.611023
    -116.66022 46.611347
    -116.66003 46.611454
    -116.659448 46.61176
    -116.6591 46.611952
    -116.658913 46.612042
    -116.658699 46.612074
    -116.658191 46.612163
    -116.657847 46.61223
    -116.657521 46.612294
    -116.657031 46.612363
    -116.656591 46.612392
    -116.656257 46.612421
    -116.655699 46.612479
    -116.655422 46.612517
    -116.655001 46.612574
    -116.654527 46.612619
    -116.654339 46.612628
    -116.654149 46.612638
    -116.653701 46.61269
    -116.65327 46.612717
    -116.65294 46.612762
    -116.652821 46.612773
    -116.652732 46.612782
    -116.65266 46.612789
    -116.652316 46.612804
    -116.65225 46.612807
    -116.651956 46.612813
    -116.651129 46.612807
    -116.650698 46.612784
    -116.650262 46.612723
    -116.649889 46.612658
    -116.64947 46.612622
    -116.648833 46.612609
    -116.648555 46.61259
    -116.648054 46.612568
    -116.647995 46.612565
    -116.647519 46.612554
    -116.646985 46.612559
    -116.646701 46.612596
    -116.646375 46.61258
    -116.645771 46.612567
    -116.645356 46.612547
    -116.644661 46.612526
    -116.644384 46.612535
    -116.643812 46.612622
    -116.643499 46.612748
    -116.643184 46.612963
    -116.643046 46.613134
    -116.642937 46.613395
    -116.642867 46.613678
    -116.642837 46.614137
    -116.642964 46.614662
    -116.64317 46.615236
    -116.643308 46.615642
    -116.643359 46.615978
    -116.643471 46.616206
    -116.643621 46.616449
    -116.643839 46.616732
    -116.643937 46.616839
    -116.644182 46.617007
    -116.6445 46.617303
    -116.644742 46.617432
    -116.644968 46.617614
    -116.645066 46.617721
    -116.645104 46.617769
    -116.645145 46.61782
    -116.645134 46.617911
    -116.645078 46.618036
    -116.644953 46.618172
    -116.644787 46.61828
    -116.644517 46.618361
    -116.644449 46.618362
    -116.643963 46.618371
    -116.643936 46.618372
    -116.643401 46.618376
    -116.64298 46.618385
    -116.642698 46.618406
    -116.642442 46.618356
    -116.641959 46.618219
    -116.641774 46.618192
    -116.641177 46.618228
    -116.640847 46.618273
    -116.640568 46.618327
    -116.640416 46.618428
    -116.6402 46.618627
    -116.6401 46.618742
    -116.640013 46.618795
    -116.639516 46.618843
    -116.639224 46.618882
    -116.639009 46.618987
    -116.638713 46.619188
    -116.638524 46.61945
    -116.638423 46.61971
    -116.638243 46.620076
    -116.638135 46.620187
    -116.638004 46.620407
    -116.637781 46.620635
    -116.637333 46.621115
    -116.636931 46.621487
    -116.636828 46.621564
    -116.636695 46.621651
    -116.63664 46.621804
    -116.6366 46.621982
    -116.636434 46.622213
    -116.63599 46.622503
    -116.635606 46.622706
    -116.635505 46.622766
    -116.634885 46.623105
    -116.634383 46.623365
    -116.634123 46.623505
    -116.633895 46.623617
    -116.633418 46.623879
    -116.633145 46.624015
    -116.633114 46.624031
    -116.632987 46.624084
    -116.632864 46.624125
    -116.63279 46.624131
    -116.632754 46.624134
    -116.6327 46.624139
    -116.632485 46.624166
    -116.632175 46.624275
    -116.63193 46.624412
    -116.631814 46.624524
    -116.631566 46.624701
    -116.631368 46.624859
    -116.631239 46.625056
    -116.631138 46.625166
    -116.6309 46.625275
    -116.630204 46.625476
    -116.629556 46.62563
    -116.629128 46.625668
    -116.628749 46.625709
    -116.628472 46.625796
    -116.628146 46.626029
    -116.627955 46.626257
    -116.627467 46.626838
    -116.62724 46.627056
    -116.627021 46.62725
    -116.626752 46.627487
    -116.62654 46.627674
    -116.626184 46.627926
    -116.625985 46.628041
    -116.625917 46.627177
    -116.625593 46.627463
    -116.624391 46.628007
    -116.623914 46.628036
    -116.622711 46.627636
    -116.622233 46.627636
    -116.621819 46.627722
    -116.621632 46.627808
    -116.621467 46.628008
    -116.621472 46.628221
    -116.621488 46.628908
    -116.621364 46.629123
    -116.621055 46.629215
    -116.620597 46.629352
    -116.61871 46.629353
    -116.617963 46.62931
    -116.617477 46.629214
    -116.617404 46.6292
    -116.61674 46.629139
    -116.616117 46.62904
    -116.615979 46.629047
    -116.615039 46.629097
    -116.613671 46.629427
    -116.613235 46.629627
    -116.612261 46.630284
    -116.611868 46.630656
    -116.611432 46.630813
    -116.611101 46.630813
    -116.607637 46.630044
    -116.607201 46.629929
    -116.604961 46.629873
    -116.604671 46.629688
    -116.604339 46.629145
    -116.603841 46.628702
    -116.603177 46.628345
    -116.602596 46.628274
    -116.602498 46.628241
    -116.601847 46.628022
    -116.60176 46.627993
    -116.601621 46.627946
    -116.600335 46.627418
    -116.598697 46.627018
    -116.597888 46.627004
    -116.597121 46.627176
    -116.596851 46.62729
    -116.596799 46.627316
    -116.595939 46.627748
    -116.59587 46.627819
    -116.595815 46.627876
    -116.595589 46.62802
    -116.595545 46.628048
    -116.595455 46.62811
    -116.562719 46.628467
    -116.540275 46.628695
    -116.539151 46.628706
    -116.537676 46.628721
    -116.521547 46.62888
    -116.500289 46.629144
    -116.499619 46.629143
    -116.495546 46.62914
    -116.488028 46.629133
    -116.483927 46.629134
    -116.476581 46.62912
    -116.470462 46.629114
    -116.468251 46.62911
    -116.467874 46.62911
    -116.456052 46.629097
    -116.455881 46.629097
    -116.455879 46.627854
    -116.455873 46.625422
    -116.45586 46.61218
    -116.45585 46.608256
    -116.455803 46.600013
    -116.455844 46.598039
    -116.455837 46.597682
    -116.455821 46.597408
    -116.455816 46.59733
    -116.455804 46.596618
    -116.455804 46.5966
    -116.455814 46.596196
    -116.45583 46.595535
    -116.455843 46.594451
    -116.455827 46.594085
    -116.455841 46.593737
    -116.455885 46.593026
    -116.455885 46.592736
    -116.455879 46.592422
    -116.455881 46.592058
    -116.455862 46.591349
    -116.45586 46.590992
    -116.455883 46.589561
    -116.455883 46.588868
    -116.455893 46.588185
    -116.455886 46.587828
    -116.455887 46.587463
    -116.455875 46.587096
    -116.455871 46.586747
    -116.455867 46.586382
    -116.455879 46.58604
    -116.455881 46.585694
    -116.455875 46.583259
    -116.455865 46.578572
    -116.455858 46.5777
    -116.455833 46.574552
    -116.455833 46.574523
    -116.455806 46.571117
    -116.455793 46.564181
    -116.455789 46.561813
    -116.45578 46.556298
    -116.453757 46.556392
    -116.45148 46.556498
    -116.451497 46.554523
    -116.451528 46.551326
    -116.451581 46.545139
    -116.451612 46.541505
    -116.451683 46.533341
    -116.45172 46.529486
    -116.45175 46.525655
    -116.451766 46.523816
    -116.451767 46.523741
    -116.451776 46.522654
    -116.451782 46.522015
    -116.451813 46.518586
    -116.451837 46.516077
    -116.451926 46.50551
    -116.451931 46.505125
    -116.451934 46.504802
    -116.45194 46.504051
    -116.451975 46.500081
    -116.451977 46.499898
    -116.451728 46.49539
    -116.451712 46.495094
    -116.451562 46.491145
    -116.451557 46.49077
    -116.451477 46.490877
    -116.45101 46.491499
    -116.45075 46.492734
    -116.450236 46.494851
    -116.448618 46.497056
    -116.44726 46.498082
    -116.445627 46.498707
    -116.443943 46.499042
    -116.442421 46.499263
    -116.441013 46.499346
    -116.4398 46.499283
    -116.437372 46.498971
    -116.436831 46.498863
    -116.434485 46.498396
    -116.433626 46.498275
    -116.432912 46.498175
    -116.432197 46.498074
    -116.431823 46.498021
    -116.430188 46.497743
    -116.429416 46.497762
    -116.428803 46.497778
    -116.426983 46.497582
    -116.426468 46.497595
    -116.423792 46.497662
    -116.422562 46.497697
    -116.421044 46.49774
    -116.419509 46.49781
    -116.418746 46.497844
    -116.417983 46.497879
    -116.416365 46.497952
    -116.413752 46.497713
    -116.412849 46.49761
    -116.412757 46.4976
    -116.412665 46.497589
    -116.411687 46.497478
    -116.40962 46.497466
    -116.409252 46.497464
    -116.407821 46.497554
    -116.407654 46.497564
    -116.405958 46.497609
    -116.405695 46.49764
    -116.403202 46.497935
    -116.400869 46.498516
    -116.399007 46.498683
    -116.39687 46.499093
    -116.395932 46.499455
    -116.395543 46.499899
    -116.394678 46.500184
    -116.393813 46.500469
    -116.393714 46.500502
    -116.393615 46.500534
    -116.393524 46.500591
    -116.393334 46.500709
    -116.392817 46.500875
    -116.392659 46.500888
    -116.392573 46.500895
    -116.390415 46.500887
    -116.389655 46.500863
    -116.388591 46.50088
    -116.388424 46.500873
    -116.386525 46.500789
    -116.385565 46.500712
    -116.382682 46.500499
    -116.38133 46.4999
    -116.380495 46.499707
    -116.380412 46.499705
    -116.378994 46.499512
    -116.377453 46.499233
    -116.376692 46.499095
    -116.375977 46.499057
    -116.375386 46.499098
    -116.374211 46.49918
    -116.372816 46.499399
    -116.371781 46.499705
    -116.371567 46.4999
    -116.371356 46.499959
    -116.371145 46.500018
    -116.370426 46.500218
    -116.37042 46.50022
    -116.369706 46.500419
    -116.369179 46.50006
    -116.369094 46.499995
    -116.368948 46.4999
    -116.369295 46.499771
    -116.369352 46.49975
    -116.36934 46.495742
    -116.369337 46.49282
    -116.369326 46.488152
    -116.369321 46.485735
    -116.369309 46.482818
    -116.369305 46.480833
    -116.369303 46.480028
    -116.369285 46.473497
    -116.369257 46.468597
    -116.369247 46.466921
    -116.370124 46.46741
    -116.37013 46.467413
    -116.370208 46.467457
    -116.370914 46.467699
    -116.370921 46.467701
    -116.371532 46.467907
    -116.371566 46.467918
    -116.373477 46.468345
    -116.374213 46.46851
    -116.374934 46.46872
    -116.374941 46.468722
    -116.375073 46.468761
    -116.375506 46.468829
    -116.375855 46.468812
    -116.375887 46.46881
    -116.375946 46.468807
    -116.375976 46.468806
    -116.377838 46.468418
    -116.378565 46.468441
    -116.379118 46.46866
    -116.379701 46.46889
    -116.379713 46.468895
    -116.379723 46.468899
    -116.380947 46.468945
    -116.3811 46.468891
    -116.381135 46.468879
    -116.381302 46.46882
    -116.382028 46.468562
    -116.382044 46.468557
    -116.38206 46.468551
    -116.382088 46.468541
    -116.382171 46.468512
    -116.382234 46.468508
    -116.383625 46.468427
    -116.383726 46.468421
    -116.38388 46.468476
    -116.384054 46.468538
    -116.384685 46.468764
    -116.385148 46.469039
    -116.385743 46.469245
    -116.386875 46.469234
    -116.386884 46.469234
    -116.38796 46.469223
    -116.388233 46.469208
    -116.388244 46.469208
    -116.388252 46.469207
    -116.389546 46.469134
    -116.391599 46.469019
    -116.391797 46.468975
    -116.392525 46.468813
    -116.392883 46.46864
    -116.393518 46.468334
    -116.394081 46.468334
    -116.394153 46.468356
    -116.394269 46.468392
    -116.395101 46.46865
    -116.395337 46.468723
    -116.395359 46.468724
    -116.3959 46.468746
    -116.396429 46.468632
    -116.396905 46.468411
    -116.397936 46.467931
    -116.397951 46.467924
    -116.398008 46.467914
    -116.398977 46.467742
    -116.400223 46.467706
    -116.400565 46.467696
    -116.402138 46.467939
    -116.402146 46.467939
    -116.402154 46.467939
    -116.402187 46.467948
    -116.403675 46.467995
    -116.405065 46.467926
    -116.405759 46.468018
    -116.406487 46.467995
    -116.407546 46.467721
    -116.408148 46.467704
    -116.408307 46.467699
    -116.409053 46.468095
    -116.409167 46.468156
    -116.409389 46.468229
    -116.409645 46.468314
    -116.409861 46.468385
    -116.410077 46.468395
    -116.410279 46.468405
    -116.410287 46.468405
    -116.410358 46.468408
    -116.410373 46.468402
    -116.411697 46.467889
    -116.411705 46.467886
    -116.413071 46.467356
    -116.414725 46.467036
    -116.415651 46.466922
    -116.41671 46.46738
    -116.417437 46.467814
    -116.418231 46.46802
    -116.418225 46.467959
    -116.418211 46.467831
    -116.418202 46.467745
    -116.418175 46.467357
    -116.418165 46.46722
    -116.418149 46.467193
    -116.418033 46.466991
    -116.417438 46.466466
    -116.416776 46.466191
    -116.41541 46.46588
    -116.415028 46.465793
    -116.414163 46.465596
    -116.4137 46.46539
    -116.41337 46.464865
    -116.413006 46.464544
    -116.412998 46.464462
    -116.41296 46.46406
    -116.412907 46.463493
    -116.412643 46.46331
    -116.411221 46.462807
    -116.411064 46.462644
    -116.410956 46.462532
    -116.410894 46.462147
    -116.410725 46.461115
    -116.410362 46.460246
    -116.410181 46.459242
    -116.410175 46.459209
    -116.410131 46.458966
    -116.410075 46.458928
    -116.410032 46.458898
    -116.409846 46.458586
    -116.4098 46.458509
    -116.4098 46.458354
    -116.409801 46.457938
    -116.409966 46.457526
    -116.41037 46.4571
    -116.410661 46.456795
    -116.410668 46.45676
    -116.410794 46.456109
    -116.410133 46.455446
    -116.410046 46.455217
    -116.409839 46.454675
    -116.409836 46.454669
    -116.409844 46.454657
    -116.4102 46.454097
    -116.410205 46.454028
    -116.410232 46.453635
    -116.410233 46.453617
    -116.409969 46.453229
    -116.409562 46.452887
    -116.409506 46.45284
    -116.408704 46.452503
    -116.40858 46.452451
    -116.408316 46.452245
    -116.408271 46.45213
    -116.408159 46.451846
    -116.408118 46.451742
    -116.40825 46.451491
    -116.408298 46.45094
    -116.408317 46.450714
    -116.408252 46.450349
    -116.408119 46.449594
    -116.407714 46.449445
    -116.407061 46.449205
    -116.406499 46.448839
    -116.405986 46.448716
    -116.405738 46.448656
    -116.405441 46.448427
    -116.405147 46.447885
    -116.405044 46.447696
    -116.405021 46.447263
    -116.405015 46.447149
    -116.405012 46.447101
    -116.405468 46.446576
    -116.405607 46.446416
    -116.405806 46.445981
    -116.405795 46.44592
    -116.405769 46.445784
    -116.405707 46.445456
    -116.405344 46.445135
    -116.40529 46.445112
    -116.404592 46.444814
    -116.40422 46.444655
    -116.403691 46.443878
    -116.403682 46.443752
    -116.403593 46.442483
    -116.403531 46.442336
    -116.403528 46.442328
    -116.403428 46.442095
    -116.402932 46.441775
    -116.402833 46.441592
    -116.402617 46.4415
    -116.402403 46.441409
    -116.401543 46.441225
    -116.401318 46.441147
    -116.400923 46.441011
    -116.400815 46.440974
    -116.400776 46.440941
    -116.400518 46.440722
    -116.400505 46.440673
    -116.400496 46.440639
    -116.400188 46.439511
    -116.399957 46.439236
    -116.399924 46.439053
    -116.399726 46.438916
    -116.399528 46.438573
    -116.398975 46.438152
    -116.398867 46.43807
    -116.398173 46.437796
    -116.397274 46.437586
    -116.396755 46.437465
    -116.396736 46.437461
    -116.396698 46.437452
    -116.396691 46.43745
    -116.395468 46.437165
    -116.39523 46.437109
    -116.395103 46.436959
    -116.394985 46.436821
    -116.394971 46.436804
    -116.394942 46.43677
    -116.3949 46.43672
    -116.394813 46.436281
    -116.394787 46.436151
    -116.394573 46.435071
    -116.394554 46.434976
    -116.394505 46.43473
    -116.394452 46.43469
    -116.394439 46.43468
    -116.394142 46.434456
    -116.393778 46.434295
    -116.393678 46.434212
    -116.393518 46.434079
    -116.393413 46.433992
    -116.392291 46.433061
    -116.391902 46.432846
    -116.391894 46.432842
    -116.391885 46.432837
    -116.39163 46.432695
    -116.391521 46.432654
    -116.39012 46.432123
    -116.390066 46.432102
    -116.389879 46.432031
    -116.389483 46.431619
    -116.389217 46.431196
    -116.389152 46.431093
    -116.387633 46.429858
    -116.385287 46.428943
    -116.384513 46.428333
    -116.384329 46.428188
    -116.383907 46.427535
    -116.3839 46.427525
    -116.383784 46.427437
    -116.383569 46.427273
    -116.38305 46.427116
    -116.383041 46.427113
    -116.383035 46.427103
    -116.382909 46.426907
    -116.382909 46.426548
    -116.382909 46.426528
    -116.382909 46.426505
    -116.38291 46.425719
    -116.382826 46.42559
    -116.382745 46.425467
    -116.382558 46.425374
    -116.382549 46.42537
    -116.381688 46.424941
    -116.38139 46.424872
    -116.379803 46.425031
    -116.379572 46.42494
    -116.379359 46.424709
    -116.379347 46.424695
    -116.378879 46.424185
    -116.378293 46.423682
    -116.378185 46.42359
    -116.378104 46.42356
    -116.377933 46.423498
    -116.377558 46.423361
    -116.377019 46.423003
    -116.377013 46.423
    -116.376699 46.42279
    -116.376669 46.422778
    -116.376197 46.422584
    -116.376059 46.422527
    -116.375977 46.422493
    -116.374955 46.422105
    -116.374748 46.421919
    -116.374624 46.421808
    -116.374326 46.421053
    -116.373782 46.420788
    -116.373202 46.420505
    -116.372986 46.42031
    -116.372772 46.420117
    -116.372085 46.419805
    -116.372031 46.41978
    -116.372015 46.419773
    -116.371317 46.419455
    -116.370802 46.419325
    -116.370794 46.419323
    -116.370226 46.419181
    -116.370089 46.419082
    -116.369531 46.418679
    -116.369422 46.41849
    -116.36939 46.418435
    -116.368803 46.417422
    -116.368637 46.41733
    -116.368075 46.416531
    -116.368103 46.416084
    -116.368107 46.416028
    -116.368789 46.415515
    -116.368867 46.415456
    -116.368866 46.415022
    -116.368785 46.414947
    -116.368767 46.41493
    -116.368767 46.414886
    -116.368766 46.414205
    -116.368766 46.414084
    -116.369261 46.413421
    -116.369393 46.413055
    -116.369483 46.411986
    -116.369491 46.41189
    -116.369392 46.411387
    -116.369292 46.411318
    -116.369292 46.410838
    -116.369523 46.410541
    -116.370077 46.410157
    -116.370216 46.410061
    -116.37098 46.409303
    -116.371438 46.408848
    -116.371438 46.40866
    -116.371437 46.408414
    -116.371437 46.408405
    -116.371437 46.408323
    -116.371005 46.407936
    -116.370544 46.407523
    -116.370477 46.406974
    -116.370576 46.406586
    -116.37042 46.406029
    -116.370377 46.405877
    -116.37032 46.405491
    -116.370144 46.4043
    -116.370045 46.404254
    -116.369956 46.404053
    -116.369681 46.403432
    -116.369284 46.403112
    -116.368698 46.402883
    -116.368524 46.402815
    -116.367929 46.402335
    -116.367664 46.401878
    -116.367597 46.401284
    -116.367861 46.40069
    -116.367927 46.400347
    -116.367794 46.400072
    -116.366637 46.399136
    -116.366212 46.398627
    -116.366141 46.398542
    -116.36614 46.397683
    -116.36614 46.397578
    -116.366136 46.397555
    -116.365887 46.397318
    -116.365875 46.397307
    -116.364652 46.396759
    -116.364482 46.396642
    -116.364388 46.396577
    -116.364354 46.396279
    -116.364453 46.396028
    -116.365014 46.395455
    -116.364989 46.395067
    -116.364981 46.394952
    -116.364839 46.394234
    -116.364706 46.393566
    -116.364682 46.393444
    -116.36455 46.393215
    -116.364041 46.393013
    -116.362997 46.392599
    -116.362798 46.392393
    -116.362868 46.391941
    -116.362897 46.391753
    -116.362967 46.391165
    -116.362995 46.39093
    -116.363424 46.390633
    -116.36412 46.39037
    -116.364127 46.390367
    -116.364151 46.390358
    -116.364326 46.390025
    -116.364329 46.390019
    -116.364335 46.390009
    -116.364487 46.389721
    -116.364513 46.389672
    -116.364513 46.389329
    -116.364011 46.388941
    -116.363687 46.38869
    -116.363341 46.388596
    -116.362596 46.388393
    -116.362001 46.38773
    -116.361968 46.387525
    -116.361869 46.387479
    -116.361869 46.387182
    -116.361877 46.387165
    -116.361884 46.38715
    -116.362099 46.386702
    -116.362099 46.386663
    -116.362099 46.386199
    -116.362098 46.385414
    -116.362098 46.38501
    -116.362362 46.384461
    -116.3624 46.384157
    -116.362404 46.384121
    -116.362427 46.383936
    -116.362691 46.383455
    -116.36269 46.382963
    -116.36269 46.382678
    -116.362635 46.382609
    -116.362351 46.382251
    -116.361765 46.381513
    -116.361796 46.379798
    -116.361961 46.379524
    -116.361993 46.37893
    -116.361464 46.378313
    -116.361452 46.378132
    -116.361431 46.37781
    -116.36219 46.376758
    -116.362042 46.376514
    -116.361765 46.376057
    -116.36176 46.376049
    -116.361759 46.375386
    -116.361759 46.375356
    -116.361714 46.375274
    -116.361711 46.375269
    -116.361709 46.375264
    -116.361582 46.375027
    -116.361511 46.374895
    -116.361498 46.374866
    -116.361444 46.374746
    -116.361419 46.37469
    -116.361327 46.374487
    -116.361228 46.373527
    -116.361128 46.373459
    -116.361128 46.373391
    -116.361128 46.373253
    -116.360566 46.372659
    -116.360302 46.372202
    -116.360328 46.3717
    -116.360334 46.371585
    -116.360598 46.371402
    -116.360926 46.371352
    -116.360978 46.371344
    -116.361358 46.371286
    -116.361853 46.371103
    -116.362249 46.370714
    -116.362263 46.370682
    -116.362381 46.370417
    -116.362314 46.369394
    -116.362314 46.369389
    -116.362309 46.369383
    -116.362115 46.36916
    -116.361455 46.368726
    -116.361217 46.36851
    -116.361101 46.368405
    -116.36107 46.368377
    -116.360926 46.368246
    -116.36086 46.368063
    -116.360958 46.367492
    -116.360826 46.367286
    -116.360788 46.36682
    -116.360778 46.366696
    -116.360759 46.366463
    -116.360541 46.366413
    -116.360363 46.366372
    -116.360363 46.366073
    -116.360363 46.365846
    -116.360579 46.365396
    -116.360626 46.365298
    -116.360612 46.365175
    -116.360526 46.364406
    -116.360757 46.364155
    -116.36112 46.36404
    -116.361252 46.36372
    -116.361194 46.363506
    -116.361153 46.363354
    -116.360624 46.362897
    -116.360597 46.362854
    -116.360294 46.36237
    -116.360292 46.362355
    -116.360194 46.361617
    -116.360524 46.361069
    -116.360886 46.36068
    -116.361844 46.360337
    -116.363042 46.359465
    -116.36318 46.359365
    -116.363462 46.35916
    -116.363484 46.359144
    -116.363625 46.359041
    -116.363856 46.358873
    -116.363988 46.35869
    -116.363988 46.358301
    -116.363756 46.357821
    -116.363749 46.357817
    -116.363724 46.357804
    -116.363063 46.357456
    -116.362699 46.357113
    -116.362608 46.356701
    -116.362577 46.356562
    -116.362567 46.356519
    -116.362385 46.356303
    -116.362355 46.356267
    -116.362351 46.356262
    -116.36226 46.356155
    -116.36181 46.355619
    -116.36177 46.355572
    -116.361759 46.355559
    -116.36174 46.355536
    -116.361707 46.355399
    -116.362141 46.3547
    -116.362153 46.354681
    -116.362729 46.353753
    -116.362729 46.35325
    -116.362384 46.352892
    -116.362266 46.35277
    -116.362266 46.352593
    -116.362266 46.352473
    -116.362266 46.352364
    -116.362266 46.352336
    -116.362357 46.352235
    -116.362593 46.351972
    -116.362869 46.351665
    -116.363013 46.351505
    -116.363519 46.350941
    -116.363895 46.350419
    -116.36408 46.350162
    -116.364118 46.350049
    -116.364332 46.34941
    -116.36454 46.348791
    -116.365134 46.347876
    -116.366717 46.34671
    -116.367871 46.345498
    -116.367948 46.345236
    -116.368167 46.344492
    -116.368355 46.344112
    -116.368524 46.343773
    -116.36853 46.34376
    -116.368534 46.343732
    -116.368562 46.343554
    -116.368741 46.343368
    -116.369015 46.343083
    -116.369156 46.342937
    -116.369783 46.342891
    -116.37008 46.343165
    -116.370114 46.343576
    -116.370378 46.344148
    -116.370577 46.344285
    -116.370906 46.344216
    -116.371484 46.343605
    -116.371515 46.343572
    -116.371533 46.343553
    -116.371588 46.343509
    -116.372054 46.343135
    -116.37216 46.34305
    -116.37272 46.342798
    -116.37414 46.342797
    -116.375063 46.342545
    -116.375607 46.342518
    -116.375922 46.342502
    -116.375976 46.342499
    -116.376172 46.342516
    -116.376492 46.342544
    -116.377509 46.342746
    -116.377863 46.342816
    -116.377967 46.342837
    -116.37834 46.342911
    -116.378864 46.342934
    -116.379396 46.342957
    -116.380683 46.342684
    -116.382597 46.342662
    -116.382961 46.342565
    -116.383027 46.342548
    -116.383126 46.342479
    -116.383489 46.342411
    -116.383885 46.342205
    -116.384249 46.341657
    -116.384272 46.341648
    -116.384843 46.341428
    -116.385668 46.341269
    -116.385697 46.341228
    -116.385734 46.341177
    -116.386791 46.340835
    -116.387161 46.340989
    -116.387286 46.341041
    -116.387475 46.341194
    -116.388077 46.341681
    -116.389331 46.342276
    -116.390684 46.342528
    -116.390694 46.342526
    -116.392268 46.342299
    -116.392838 46.342321
    -116.392846 46.342321
    -116.394651 46.342393
    -116.394939 46.342443
    -116.395305 46.342506
    -116.396707 46.342936
    -116.396724 46.342941
    -116.396766 46.342971
    -116.397132 46.343233
    -116.397138 46.343237
    -116.397812 46.343719
    -116.398873 46.344607
    -116.399396 46.345045
    -116.399824 46.345868
    -116.399888 46.345908
    -116.400468 46.346268
    -116.400781 46.346463
    -116.401251 46.346626
    -116.401428 46.346688
    -116.401457 46.346697
    -116.401507 46.346715
    -116.401697 46.346752
    -116.401738 46.34676
    -116.401893 46.346814
    -116.402068 46.346875
    -116.402926 46.346921
    -116.403421 46.346852
    -116.404577 46.346916
    -116.406756 46.347036
    -116.407014 46.346968
    -116.407878 46.346739
    -116.411675 46.346169
    -116.413754 46.345781
    -116.413855 46.345755
    -116.414683 46.345538
    -116.414976 46.345461
    -116.416263 46.34537
    -116.416758 46.345439
    -116.416889 46.345487
    -116.417914 46.345868
    -116.417921 46.34587
    -116.417929 46.345873
    -116.41806 46.345922
    -116.418177 46.345965
    -116.418288 46.34596
    -116.418682 46.345944
    -116.418738 46.345942
    -116.419465 46.345462
    -116.420125 46.345211
    -116.420236 46.345118
    -116.420243 46.345112
    -116.42029 46.345073
    -116.420511 46.345028
    -116.420851 46.344959
    -116.421247 46.344662
    -116.42156 46.343711
    -116.421562 46.343704
    -116.421578 46.343656
    -116.422073 46.342948
    -116.422403 46.342696
    -116.422898 46.342559
    -116.422994 46.342568
    -116.424152 46.342674
    -116.42537 46.343074
    -116.4261 46.343314
    -116.428212 46.343131
    -116.428567 46.343188
    -116.428641 46.3432
    -116.429334 46.343703
    -116.430164 46.343551
    -116.430456 46.343497
    -116.430838 46.343506
    -116.431413 46.34352
    -116.432701 46.343676
    -116.432734 46.34368
    -116.432778 46.343692
    -116.433088 46.343775
    -116.433163 46.343795
    -116.433493 46.344046
    -116.433823 46.344618
    -116.434483 46.345189
    -116.435242 46.345486
    -116.437553 46.345715
    -116.437626 46.345743
    -116.438906 46.346241
    -116.439203 46.346447
    -116.440035 46.346754
    -116.440193 46.346812
    -116.440437 46.346981
    -116.440754 46.347201
    -116.440762 46.347204
    -116.44191 46.347567
    -116.442956 46.347567
    -116.443191 46.347567
    -116.443395 46.347567
    -116.444545 46.347848
    -116.444561 46.347852
    -116.445078 46.347978
    -116.446729 46.348045
    -116.447179 46.348201
    -116.447257 46.348228
    -116.447554 46.348731
    -116.448118 46.349143
    -116.448148 46.349165
    -116.448273 46.349196
    -116.448495 46.34925
    -116.44871 46.349303
    -116.449568 46.349188
    -116.450327 46.348914
    -116.45135 46.349074
    -116.453133 46.349645
    -116.453628 46.349759
    -116.454982 46.349782
    -116.455708 46.349873
    -116.456137 46.35017
    -116.456766 46.35037
    -116.456779 46.350374
    -116.45693 46.350422
    -116.456963 46.35042
    -116.457686 46.350377
    -116.457784 46.350371
    -116.458845 46.350307
    -116.459571 46.350398
    -116.459757 46.350471
    -116.460727 46.350855
    -116.461981 46.351107
    -116.4628 46.35099
    -116.462887 46.350977
    -116.463104 46.350946
    -116.463229 46.350899
    -116.46383 46.350672
    -116.463963 46.350657
    -116.464457 46.350603
    -116.465329 46.350862
    -116.465381 46.350877
    -116.465648 46.350873
    -116.466768 46.350854
    -116.466922 46.350863
    -116.468946 46.350991
    -116.469243 46.350945
    -116.470399 46.350305
    -116.471092 46.350076
    -116.471137 46.350051
    -116.471171 46.350032
    -116.472082 46.349527
    -116.473501 46.349504
    -116.473963 46.349321
    -116.47459 46.34884
    -116.474821 46.348772
    -116.476174 46.348863
    -116.476438 46.348817
    -116.476526 46.348783
    -116.476909 46.348636
    -116.479705 46.347559
    -116.482114 46.346255
    -116.482584 46.346099
    -116.482623 46.346086
    -116.482654 46.346076
    -116.4827 46.346061
    -116.4835 46.345797
    -116.483534 46.34578
    -116.484523 46.345293
    -116.485447 46.344972
    -116.485492 46.344943
    -116.485872 46.344701
    -116.485924 46.344634
    -116.486436 46.343966
    -116.486997 46.343417
    -116.486997 46.343303
    -116.487524 46.342663
    -116.488679 46.341794
    -116.490031 46.340581
    -116.490744 46.340126
    -116.490823 46.340076
    -116.490855 46.340055
    -116.490907 46.340045
    -116.491218 46.339987
    -116.491869 46.339372
    -116.492405 46.338866
    -116.492461 46.33875
    -116.492553 46.338558
    -116.49257 46.338523
    -116.49256 46.338497
    -116.492338 46.337952
    -116.49233 46.337893
    -116.4923 46.337663
    -116.492239 46.337197
    -116.491776 46.336763
    -116.491412 46.335552
    -116.490652 46.334798
    -116.490652 46.334787
    -116.490652 46.334409
    -116.49085 46.334066
    -116.49085 46.334014
    -116.490849 46.333563
    -116.490838 46.333534
    -116.490783 46.33338
    -116.490683 46.332672
    -116.490154 46.331643
    -116.489984 46.331493
    -116.489791 46.331323
    -116.489702 46.330374
    -116.489658 46.329906
    -116.48946 46.329586
    -116.489436 46.329395
    -116.489426 46.329312
    -116.489284 46.329116
    -116.48926 46.329082
    -116.489228 46.329038
    -116.489227 46.328421
    -116.489755 46.32762
    -116.489754 46.32714
    -116.489588 46.326782
    -116.489457 46.3265
    -116.489767 46.325586
    -116.489824 46.325417
    -116.489852 46.325334
    -116.510187 46.325595
    -116.520298 46.325617
    -116.525428 46.325628
    -116.525499 46.325628
    -116.525589 46.325625
    -116.526143 46.325647
    -116.526417 46.325649
    -116.526561 46.325655
    -116.52716 46.325651
    -116.527472 46.325657
    -116.527632 46.325654
    -116.527793 46.325661
    -116.52796 46.325662
    -116.530207 46.325677
    -116.530323 46.325678
    -116.530478 46.325675
    -116.530638 46.325677
    -116.530798 46.32567
    -116.531265 46.325673
    -116.531789 46.325661
    -116.531798 46.325661
    -116.531807 46.325661
    -116.531815 46.325661
    -116.531823 46.325661
    -116.531831 46.325661
    -116.531845 46.325661
    -116.531858 46.325661
    -116.53187 46.325661
    -116.531881 46.325661
    -116.531891 46.325661
    -116.531901 46.325661
    -116.531909 46.325661
    -116.531917 46.325661
    -116.531925 46.325661
    -116.531935 46.325661
    -116.531944 46.325661
    -116.531953 46.325661
    -116.531961 46.325661
    -116.531969 46.325661
    -116.531977 46.325661
    -116.531985 46.325661
    -116.531993 46.325661
    -116.532001 46.325661
    -116.532009 46.325661
    -116.532017 46.325661
    -116.532025 46.325661
    -116.532033 46.325661
    -116.532041 46.325661
    -116.532079 46.325654
    -116.532398 46.325661
    -116.532407 46.325661
    -116.532416 46.325661
    -116.532425 46.325661
    -116.532434 46.325661
    -116.532443 46.325661
    -116.532452 46.325661
    -116.53246 46.325661
    -116.532468 46.325661
    -116.532476 46.325661
    -116.532484 46.325661
    -116.532492 46.325661
    -116.5325 46.325661
    -116.532508 46.325661
    -116.532516 46.325661
    -116.53253 46.325664
    -116.532986 46.32569
    -116.533779 46.325678
    -116.534311 46.325681
    -116.534373 46.325681
    -116.534512 46.325676
    -116.534875 46.325675
    -116.535141 46.325663
    -116.535154 46.325663
    -116.535165 46.325663
    -116.535174 46.325663
    -116.535184 46.325663
    -116.535192 46.325663
    -116.5352 46.325663
    -116.535208 46.325663
    -116.535219 46.325659
    -116.535341 46.325657
    -116.535392 46.325652
    -116.535613 46.325551
    -116.539907 46.325659
    -116.542245 46.325674
    -116.542523 46.325676
    -116.542752 46.325677
    -116.54572 46.32565
    -116.545796 46.32565
    -116.545962 46.32565
    -116.54606 46.325659
    -116.546093 46.325662
    -116.546224 46.325665
    -116.546359 46.325674
    -116.546433 46.325671
    -116.546674 46.325673
    -116.546914 46.325667
    -116.547218 46.325666
    -116.547485 46.325674
    -116.547509 46.325675
    -116.547836 46.325676
    -116.54801 46.325681
    -116.548195 46.325681
    -116.548488 46.325689
    -116.548554 46.325686
    -116.548651 46.325683
    -116.54868 46.325682
    -116.549185 46.325687
    -116.549396 46.325683
    -116.54947 46.325687
    -116.549484 46.325687
    -116.549498 46.325688
    -116.549958 46.32569
    -116.550674 46.325682
    -116.551063 46.325689
    -116.553872 46.325688
    -116.554144 46.325692
    -116.554767 46.325686
    -116.555914 46.325693
    -116.556014 46.3257
    -116.556231 46.325708
    -116.556314 46.325706
    -116.556464 46.32571
    -116.556474 46.32571
    -116.556562 46.325722
    -116.55662 46.32573
    -116.559553 46.325824
    -116.568324 46.32574
    -116.572291 46.325702
    -116.573731 46.325688
    -116.574943 46.325677
    -116.574975 46.325677
    -116.576342 46.325664
    -116.577502 46.325653
    -116.578229 46.325646
    -116.578413 46.325644
    -116.578445 46.325644
    -116.578455 46.325644
    -116.578465 46.325643
    -116.578479 46.325643
    -116.578492 46.325643
    -116.581019 46.325618
    -116.581442 46.325614
    -116.581967 46.32561
    -116.581989 46.32561
    -116.582155 46.325608
    -116.582208 46.325607
    -116.582522 46.325604
    -116.584472 46.325585
    -116.585954 46.325571
    -116.586007 46.32557
    -116.587846 46.325552
    -116.594034 46.325494
    -116.594867 46.325486
    -116.594891 46.325486
    -116.595103 46.325484
    -116.595117 46.325484
    -116.595129 46.325484
    -116.595142 46.325484
    -116.595152 46.325484
    -116.595163 46.325483
    -116.595195 46.325483
    -116.595514 46.32548
    -116.607536 46.325365
    -116.607595 46.325365
    -116.607628 46.325365
    -116.607805 46.325365
    -116.61451 46.325362
    -116.624235 46.325358
    -116.624251 46.325358
    -116.6243 46.325358
    -116.625343 46.325223
    -116.625931 46.325143
    -116.62594 46.325143
    -116.625949 46.325143
    -116.625957 46.325143
    -116.625979 46.325141
    -116.626123 46.325142
    -116.626143 46.325142
    -116.626155 46.325142
    -116.626163 46.325142
    -116.626172 46.325142
    -116.629225 46.325171
    -116.629379 46.325172
    -116.631322 46.32519
    -116.641306 46.325281
    -116.64394 46.325305
    -116.64796 46.325298
    -116.649819 46.325295
    -116.649962 46.325295
    -116.650149 46.325296
    -116.653376 46.325307
    -116.653394 46.325307
    -116.653404 46.325308
    -116.653413 46.325308
    -116.653443 46.325308
    -116.65348 46.325308
    -116.653512 46.325308
    -116.653533 46.325308
    -116.653712 46.325309
    -116.65382 46.325309
    -116.655286 46.325314
    -116.65912 46.325327
    -116.661028 46.325334
    -116.666183 46.325352
    -116.670319 46.325367
    -116.68159 46.325407
    -116.681753 46.325408
    -116.699404 46.325471
    -116.699599 46.325472
    -116.702412 46.325482
    -116.702446 46.325482
    -116.70248 46.325482
    -116.708215 46.325503
    -116.708342 46.325503
    -116.708802 46.325505
    -116.708818 46.325505
    -116.708955 46.325506
    -116.709233 46.325507
    -116.709786 46.325508
    -116.709799 46.325508
    -116.709814 46.325508
    -116.710018 46.325509
    -116.710324 46.32551
    -116.711244 46.325513
    -116.712224 46.325517
    -116.712959 46.32552
    -116.712973 46.32552
    -116.713153 46.325521
    -116.713402 46.325496
    -116.713724 46.325463
    -116.713491 46.324835
    -116.712434 46.322869
    -116.71141 46.321544
    -116.71141 46.320979
    -116.71141 46.320927
    -116.711456 46.320021
    -116.711508 46.318984
    -116.711607 46.318824
    -116.711443 46.318205
    -116.711566 46.316837
    -116.711605 46.316398
    -116.711638 46.316023
    -116.711672 46.315646
    -116.711836 46.314686
    -116.712191 46.313937
    -116.712367 46.313568
    -116.712394 46.313509
    -116.712562 46.313154
    -116.71262 46.312083
    -116.71262 46.312075
    -116.71262 46.312069
    -116.712622 46.312054
    -116.712693 46.310754
    -116.712728 46.310644
    -116.712758 46.310576
    -116.712791 46.310502
    -116.712858 46.310373
    -116.712862 46.310368
    -116.71292 46.310252
    -116.713091 46.310108
    -116.713517 46.309748
    -116.713636 46.309354
    -116.713648 46.309313
    -116.713417 46.309085
    -116.713449 46.307922
    -116.71345 46.307896
    -116.713464 46.307867
    -116.713495 46.307803
    -116.713549 46.30769
    -116.713417 46.30705
    -116.713388 46.306519
    -116.713253 46.303994
    -116.71325 46.303942
    -116.713052 46.303576
    -116.712128 46.302159
    -116.711798 46.30145
    -116.711666 46.301359
    -116.711468 46.300902
    -116.711402 46.29985
    -116.710855 46.298938
    -116.71084 46.298913
    -116.710819 46.298798
    -116.710609 46.297656
    -116.710582 46.29761
    -116.710411 46.297313
    -116.710196 46.297152
    -116.709586 46.296696
    -116.709553 46.296513
    -116.708993 46.29617
    -116.708772 46.296081
    -116.708765 46.296078
    -116.708036 46.295782
    -116.707607 46.295302
    -116.707371 46.295232
    -116.706684 46.295027
    -116.706387 46.294845
    -116.706057 46.294456
    -116.705863 46.294341
    -116.705522 46.294139
    -116.705133 46.293908
    -116.704572 46.293633
    -116.70411 46.293268
    -116.703219 46.292079
    -116.702065 46.290959
    -116.701273 46.289679
    -116.701204 46.289509
    -116.701042 46.289108
    -116.701136 46.288362
    -116.701161 46.288162
    -116.701174 46.288056
    -116.700745 46.28721
    -116.699888 46.286365
    -116.699327 46.285999
    -116.699162 46.285587
    -116.699195 46.284559
    -116.699294 46.283873
    -116.699141 46.283114
    -116.699129 46.28305
    -116.699359 46.282478
    -116.699227 46.282158
    -116.698984 46.281966
    -116.698969 46.281954
    -116.698798 46.281818
    -116.69838 46.281488
    -116.698206 46.28135
    -116.698177 46.281327
    -116.698073 46.281244
    -116.698011 46.281155
    -116.697968 46.281093
    -116.697772 46.280811
    -116.697579 46.280535
    -116.697216 46.278981
    -116.697245 46.278687
    -116.697282 46.278318
    -116.697183 46.278112
    -116.696895 46.277951
    -116.696746 46.277868
    -116.69649 46.277724
    -116.69632 46.277634
    -116.695798 46.277358
    -116.695171 46.276306
    -116.695013 46.275784
    -116.694983 46.275686
    -116.694644 46.274568
    -116.694743 46.274088
    -116.695016 46.273869
    -116.695517 46.273469
    -116.695571 46.273426
    -116.695739 46.273291
    -116.69583 46.273219
    -116.695962 46.272899
    -116.695834 46.272345
    -116.69583 46.272328
    -116.695361 46.272172
    -116.695191 46.272116
    -116.69438 46.271848
    -116.693951 46.271482
    -116.692929 46.269996
    -116.69227 46.268671
    -116.69194 46.267413
    -116.69158 46.266405
    -116.691402 46.265909
    -116.691263 46.26552
    -116.691259 46.265509
    -116.691163 46.265238
    -116.691128 46.265141
    -116.690951 46.264647
    -116.690292 46.26403
    -116.690127 46.26355
    -116.690094 46.263001
    -116.689699 46.26195
    -116.689105 46.261195
    -116.688625 46.260196
    -116.688574 46.260089
    -116.688562 46.260065
    -116.688551 46.260042
    -116.688542 46.260023
    -116.688481 46.259896
    -116.688282 46.259481
    -116.687952 46.259207
    -116.687161 46.258132
    -116.68681 46.257135
    -116.686493 46.256234
    -116.686469 46.256166
    -116.686162 46.255718
    -116.68614 46.255686
    -116.685855 46.254975
    -116.68581 46.254863
    -116.685085 46.254269
    -116.684936 46.253815
    -116.684822 46.253469
    -116.684591 46.253194
    -116.68436 46.2526
    -116.684355 46.252575
    -116.684338 46.252484
    -116.684248 46.252023
    -116.684196 46.251754
    -116.683965 46.251023
    -116.68382 46.249912
    -116.683816 46.249884
    -116.683811 46.249816
    -116.683805 46.249721
    -116.683801 46.249666
    -116.683766 46.249146
    -116.683931 46.248186
    -116.683799 46.247912
    -116.683799 46.246974
    -116.683997 46.246654
    -116.684063 46.246174
    -116.683799 46.245054
    -116.683338 46.244551
    -116.68314 46.244071
    -116.683074 46.243553
    -116.683064 46.243476
    -116.683041 46.243294
    -116.683118 46.243098
    -116.68314 46.243042
    -116.68324 46.242885
    -116.683268 46.242842
    -116.683404 46.242631
    -116.683733 46.242379
    -116.684722 46.242082
    -116.685246 46.241526
    -116.685282 46.241488
    -116.687489 46.240985
    -116.688346 46.240665
    -116.689828 46.240597
    -116.690652 46.240391
    -116.69108 46.239934
    -116.691509 46.239591
    -116.692324 46.239176
    -116.693353 46.238652
    -116.694564 46.237789
    -116.694572 46.237784
    -116.694912 46.237784
    -116.695049 46.237784
    -116.702543 46.237792
    -116.702536 46.230003
    -116.702534 46.227831
    -116.702534 46.2273
    -116.702533 46.226587
    -116.702376 46.223084
    -116.702244 46.221735
    -116.702211 46.220684
    -116.702234 46.219784
    -116.702247 46.219078
    -116.702262 46.218286
    -116.702308 46.215837
    -116.702348 46.213768
    -116.702384 46.211939
    -116.702407 46.21075
    -116.70241 46.210604
    -116.702416 46.210269
    -116.70247 46.208161
    -116.702471 46.208134
    -116.702417 46.201587
    -116.702417 46.201566
    -116.702403 46.19988
    -116.702617 46.196758
    -116.702633 46.19652
    -116.702633 46.196302
    -116.702633 46.196291
    -116.702633 46.196266
    -116.702631 46.195435
    -116.702617 46.185136
    -116.702612 46.181564
    -116.702611 46.180978
    -116.70261 46.179766
    -116.702609 46.178766
    -116.702608 46.177831
    -116.702604 46.174944
    -116.702603 46.174299
    -116.702602 46.1737
    -116.702602 46.17368
    -116.702583 46.170888
    -116.702583 46.170868
    -116.702522 46.161845
    -116.702506 46.159422
    -116.702504 46.159151
    -116.702504 46.159089
    -116.702504 46.159077
    -116.702502 46.158759
    -116.702499 46.158344
    -116.702498 46.158213
    -116.702491 46.157203
    -116.702491 46.157161
    -116.702488 46.150853
    -116.702476 46.141078
    -116.702476 46.141004
    -116.702474 46.139316
    -116.702469 46.138765
    -116.702468 46.138591
    -116.702468 46.138581
    -116.702468 46.138556
    -116.702468 46.138519
    -116.702468 46.138512
    -116.702467 46.138504
    -116.702467 46.138491
    -116.702467 46.138474
    -116.702466 46.138313
    -116.702419 46.132153
    -116.702419 46.13212
    -116.702425 46.131074
    -116.702425 46.131069
    -116.702425 46.131064
    -116.702425 46.131055
    -116.702425 46.131038
    -116.702425 46.131007
    -116.702429 46.130212
    -116.70243 46.130023
    -116.70243 46.130017
    -116.70243 46.129968
    -116.702446 46.12682
    -116.702448 46.126449
    -116.702449 46.126182
    -116.702453 46.125462
    -116.702457 46.12488
    -116.702638 46.123059
    -116.702641 46.123027
    -116.702693 46.12211
    -116.702711 46.121465
    -116.702778 46.119094
    -116.702779 46.119052
    -116.702785 46.118843
    -116.702785 46.118836
    -116.702786 46.118822
    -116.702787 46.118786
    -116.702789 46.118716
    -116.702792 46.118598
    -116.702793 46.118572
    -116.702794 46.118537
    -116.702794 46.11853
    -116.702794 46.118519
    -116.702796 46.118437
    -116.702801 46.118272
    -116.702828 46.117451
    -116.70294 46.114107
    -116.702943 46.114038
    -116.702955 46.113704
    -116.702962 46.113512
    -116.702968 46.113342
    -116.702988 46.112798
    -116.703096 46.109868
    -116.703096 46.109863
    -116.703096 46.109857
    -116.703096 46.109851
    -116.703096 46.109844
    -116.703096 46.109839
    -116.703096 46.109833
    -116.703096 46.109827
    -116.703096 46.10982
    -116.703102 46.10965
    -116.703127 46.10895
    -116.703135 46.108735
    -116.703153 46.108033
    -116.703137 46.1074
    -116.703137 46.107393
    -116.703136 46.107385
    -116.703135 46.10734
    -116.703136 46.107306
    -116.703136 46.107301
    -116.703136 46.107293
    -116.703136 46.107287
    -116.703136 46.107282
    -116.703136 46.107276
    -116.703136 46.107271
    -116.703136 46.107266
    -116.703136 46.107261
    -116.703167 46.106419
    -116.703173 46.106253
    -116.703372 46.100498
    -116.703382 46.10017
    -116.703402 46.098657
    -116.703402 46.09865
    -116.703448 46.096963
    -116.703448 46.096953
    -116.703675 46.088459
    -116.703757 46.085392
    -116.70377 46.084908
    -116.703934 46.078738
    -116.703949 46.07818
    -116.704051 46.074362
    -116.704054 46.074262
    -116.704054 46.074256
    -116.704054 46.074244
    -116.704055 46.074239
    -116.704055 46.074234
    -116.704056 46.074197
    -116.704059 46.074081
    -116.704059 46.074069
    -116.70421 46.068425
    -116.704217 46.068163
    -116.70432 46.064331
    -116.704337 46.063704
    -116.701519 46.063703
    -116.701565 46.053149
    -116.701565 46.053119
    -116.701566 46.052856
    -116.701567 46.052583
    -116.701568 46.052401
    -116.701568 46.052351
    -116.701568 46.052341
    -116.701568 46.052336
    -116.701569 46.05233
    -116.701569 46.052309
    -116.701569 46.05228
    -116.70157 46.051991
    -116.701583 46.049022
    -116.701583 46.048943
    -116.701626 46.039165
    -116.701632 46.037848
    -116.701637 46.036746
    -116.701638 46.03643
    -116.701638 46.03642
    -116.701639 46.036103
    -116.701641 46.03568
    -116.701654 46.032708
    -116.701657 46.032118
    -116.701657 46.032113
    -116.701686 46.025684
    -116.701686 46.025654
    -116.701733 46.01709
    -116.701825 46.000298
    -116.701827 45.999877
    -116.70183 45.999831
    -116.70183 45.999825
    -116.70183 45.999816
    -116.70183 45.999808
    -116.701839 45.999586
    -116.701842 45.999512
    -116.701843 45.999483
    -116.70185 45.999299
    -116.701855 45.999189
    -116.70194 45.997099
    -116.70194 45.997092
    -116.701941 45.997087
    -116.701941 45.997079
    -116.701944 45.997002
    -116.701951 45.99683
    -116.701967 45.996429
    -116.701977 45.996177
    -116.702177 45.996077
    -116.702177 45.995977
    -116.702277 45.995977
    -116.702377 45.995877
    -116.702403 45.995851
    -116.702477 45.995777
    -116.702577 45.995777
    -116.702677 45.995777
    -116.702677 45.995677
    -116.702677 45.995577
    -116.702877 45.995577
    -116.702946 45.995551
    -116.703677 45.995277
    -116.703877 45.995177
    -116.704077 45.995077
    -116.704177 45.994977
    -116.704377 45.994977
    -116.704877 45.994777
    -116.705277 45.994577
    -116.705377 45.994577
    -116.705477 45.994477
    -116.705777 45.994377
    -116.706033 45.994207
    -116.706077 45.994177
    -116.70626 45.994116
    -116.706398 45.99407
    -116.706536 45.994024
    -116.706677 45.993977
    -116.707177 45.993877
    -116.707477 45.993777
    -116.707677 45.993777
    -116.707977 45.993677
    -116.708077 45.993577
    -116.708177 45.993477
    -116.708284 45.993379
    -116.708577 45.993377
    -116.708577 45.993277
    -116.708777 45.993277
    -116.709026 45.993113
    -116.709077 45.993077
    -116.709477 45.992977
    -116.709877 45.992877
    -116.710177 45.992677
    -116.710477 45.992677
    -116.710677 45.992577
    -116.710977 45.992477
    -116.711177 45.992377
    -116.711677 45.992177
    -116.712177 45.991977
    -116.712277 45.991977
    -116.712677 45.991777
    -116.712877 45.991677
    -116.713277 45.991477
    -116.713577 45.991277
    -116.713677 45.991177
    -116.714077 45.991077
    -116.714277 45.990977
    -116.714377 45.990977
    -116.714477 45.990977
    -116.714677 45.990877
    -116.714877 45.990777
    -116.714877 45.990677
    -116.714977 45.990677
    -116.715077 45.990677
    -116.715177 45.990677
    -116.715277 45.990577
    -116.715377 45.990577
    -116.715577 45.990377
    -116.715977 45.990177
    -116.716277 45.989877
    -116.716558 45.989666
    -116.716677 45.989577
    -116.716742 45.989544
    -116.717077 45.989377
    -116.717377 45.989177
    -116.717577 45.988977
    -116.717877 45.988777
    -116.718177 45.988677
    -116.718377 45.988477
    -116.718677 45.988177
    -116.718718 45.988136
    -116.718806 45.988048
    -116.718893 45.987961
    -116.718977 45.987877
    -116.719154 45.987759
    -116.719277 45.987677
    -116.719477 45.987477
    -116.719777 45.987177
    -116.719877 45.987077
    -116.719977 45.986977
    -116.720077 45.986877
    -116.720177 45.986777
    -116.720204 45.986723
    -116.720277 45.986577
    -116.720477 45.986277
    -116.720577 45.986177
    -116.720677 45.985877
    -116.720977 45.985577
    -116.721277 45.985277
    -116.721277 45.985177
    -116.721477 45.985077
    -116.721585 45.985005
    -116.721777 45.984877
    -116.721977 45.984677
    -116.721977 45.984513
    -116.721977 45.984477
    -116.722025 45.984453
    -116.722177 45.984377
    -116.722277 45.984177
    -116.722277 45.984105
    -116.722277 45.983977
    -116.722477 45.983777
    -116.722477 45.983577
    -116.722677 45.983477
    -116.722877 45.983077
    -116.723077 45.982877
    -116.723219 45.982735
    -116.723277 45.982677
    -116.723577 45.982477
    -116.723877 45.982177
    -116.724077 45.981977
    -116.724177 45.981677
    -116.72421 45.981628
    -116.724377 45.981377
    -116.724472 45.981282
    -116.724577 45.981177
    -116.724677 45.980977
    -116.724877 45.980677
    -116.725177 45.980277
    -116.725577 45.979977
    -116.725577 45.979677
    -116.725577 45.979577
    -116.725477 45.979377
    -116.725477 45.979177
    -116.725577 45.979077
    -116.725646 45.97887
    -116.725677 45.978777
    -116.725741 45.978734
    -116.725977 45.978577
    -116.726277 45.978377
    -116.726387 45.97827
    -116.726677 45.978077
    -116.726936 45.977818
    -116.726977 45.977777
    -116.727277 45.977477
    -116.727677 45.977277
    -116.727877 45.977077
    -116.728077 45.976877
    -116.728077 45.976777
    -116.728377 45.976477
    -116.728777 45.976177
    -116.728846 45.976131
    -116.729077 45.975977
    -116.729577 45.975377
    -116.729677 45.975277
    -116.729777 45.975077
    -116.729977 45.974777
    -116.730077 45.974477
    -116.730177 45.974277
    -116.730177 45.974177
    -116.730177 45.973977
    -116.730177 45.973877
    -116.730077 45.973577
    -116.729977 45.973377
    -116.729977 45.973177
    -116.729915 45.973115
    -116.729877 45.973077
    -116.729777 45.972877
    -116.729777 45.972677
    -116.729677 45.972577
    -116.72978 45.972277
    -116.729805 45.972221
    -116.729877 45.972077
    -116.729977 45.971877
    -116.730077 45.971777
    -116.730077 45.971599
    -116.730067 45.971577
    -116.730092 45.971569
    -116.730277 45.971477
    -116.730677 45.971177
    -116.730977 45.971077
    -116.731177 45.970977
    -116.731477 45.970777
    -116.731777 45.970577
    -116.732026 45.970411
    -116.732077 45.970377
    -116.732577 45.970077
    -116.733077 45.969877
    -116.733577 45.969677
    -116.733777 45.969577
    -116.733877 45.969577
    -116.734077 45.969577
    -116.734477 45.969577
    -116.73463 45.969615
    -116.734877 45.969677
    -116.735277 45.969677
    -116.735577 45.969677
    -116.735862 45.969677
    -116.735877 45.969677
    -116.736177 45.969577
    -116.736277 45.969577
    -116.736576 45.969677
    -116.736976 45.969677
    -116.737676 45.969677
    -116.737976 45.969677
    -116.738032 45.969621
    -116.738076 45.969577
    -116.738256 45.969532
    -116.738476 45.969477
    -116.738576 45.969477
    -116.738876 45.969377
    -116.739176 45.969277
    -116.73924 45.969245
    -116.739287 45.969222
    -116.73939 45.969171
    -116.739676 45.969177
    -116.739976 45.969077
    -116.740076 45.969077
    -116.740376 45.969077
    -116.740776 45.968977
    -116.740844 45.968977
    -116.740898 45.968977
    -116.741005 45.968977
    -116.741166 45.968977
    -116.741252 45.968977
    -116.741339 45.968977
    -116.741376 45.968977
    -116.741476 45.968977
    -116.741609 45.968889
    -116.741776 45.968777
    -116.742176 45.968477
    -116.742376 45.968377
    -116.742476 45.968277
    -116.742776 45.968177
    -116.742876 45.967977
    -116.743048 45.967805
    -116.743076 45.967777
    -116.743376 45.967577
    -116.743576 45.967377
    -116.743676 45.967177
    -116.743876 45.966977
    -116.743976 45.966777
    -116.744037 45.966595
    -116.744076 45.966477
    -116.744176 45.966177
    -116.744176 45.965877
    -116.744211 45.965773
    -116.744276 45.965577
    -116.744337 45.965271
    -116.744376 45.965077
    -116.744376 45.964577
    -116.744576 45.964177
    -116.744776 45.963877
    -116.744976 45.963677
    -116.745276 45.963477
    -116.745576 45.963177
    -116.745621 45.963132
    -116.745747 45.963006
    -116.745873 45.96288
    -116.745976 45.962777
    -116.746076 45.962678
    -116.74612 45.962633
    -116.746276 45.962477
    -116.746576 45.962377
    -116.746876 45.962177
    -116.747177 45.962077
    -116.747476 45.961977
    -116.747518 45.961977
    -116.747631 45.961977
    -116.747776 45.961977
    -116.747976 45.961877
    -116.748376 45.961677
    -116.748422 45.961662
    -116.748497 45.961637
    -116.748676 45.961577
    -116.748776 45.961477
    -116.748876 45.961377
    -116.749076 45.961177
    -116.749176 45.960977
    -116.749376 45.960577
    -116.749578 45.960375
    -116.749676 45.960077
    -116.749876 45.959477
    -116.749876 45.958977
    -116.749776 45.958677
    -116.749876 45.958377
    -116.750076 45.958177
    -116.750076 45.958077
    -116.750077 45.957777
    -116.749977 45.957477
    -116.749877 45.957277
    -116.749777 45.957077
    -116.749728 45.95688
    -116.749677 45.956677
    -116.749777 45.956377
    -116.749791 45.956336
    -116.749877 45.956077
    -116.749977 45.955777
    -116.750077 45.955677
    -116.750277 45.955477
    -116.750377 45.955277
    -116.750477 45.955077
    -116.750677 45.954977
    -116.750777 45.954877
    -116.750877 45.954777
    -116.750977 45.954677
    -116.750977 45.954527
    -116.750977 45.954377
    -116.752184 45.953135
    -116.752227 45.953023
    -116.752624 45.951989
    -116.752919 45.95096
    -116.752948 45.95086
    -116.752744 45.949907
    -116.75277 45.949824
    -116.752797 45.949741
    -116.752944 45.949295
    -116.75309 45.948849
    -116.753124 45.948746
    -116.754211 45.947681
    -116.755031 45.946721
    -116.755705 45.94525
    -116.755885 45.944825
    -116.756064 45.9444
    -116.756346 45.943726
    -116.756627 45.943054
    -116.756721 45.942824
    -116.756945 45.941219
    -116.756954 45.941153
    -116.756947 45.940277
    -116.756938 45.940242
    -116.756945 45.940039
    -116.756943 45.939806
    -116.756943 45.939782
    -116.756841 45.939629
    -116.756784 45.939544
    -116.756673 45.939339
    -116.756538 45.939234
    -116.756409 45.939138
    -116.756021 45.938845
    -116.755883 45.938749
    -116.755712 45.93863
    -116.755541 45.93851
    -116.755467 45.938458
    -116.754879 45.937756
    -116.754802 45.937533
    -116.754142 45.935553
    -116.754106 45.934926
    -116.754096 45.934747
    -116.754085 45.934568
    -116.754164 45.93424
    -116.754242 45.933913
    -116.754262 45.933829
    -116.754282 45.933745
    -116.754286 45.933722
    -116.75436 45.933298
    -116.754434 45.932874
    -116.754434 45.932374
    -116.754349 45.932041
    -116.754238 45.931607
    -116.754089 45.931155
    -116.753768 45.93072
    -116.753196 45.929945
    -116.752624 45.92917
    -116.752463 45.928952
    -116.751046 45.926973
    -116.750977 45.926877
    -116.750889 45.926864
    -116.750612 45.926573
    -116.750377 45.926177
    -116.750077 45.925577
    -116.749777 45.925177
    -116.749577 45.924877
    -116.749394 45.924419
    -116.749377 45.924377
    -116.749277 45.924077
    -116.749077 45.923477
    -116.748977 45.922977
    -116.748877 45.922477
    -116.748577 45.922177
    -116.748377 45.921777
    -116.748377 45.921477
    -116.748377 45.921177
    -116.748377 45.920577
    -116.748177 45.920177
    -116.747877 45.919877
    -116.747584 45.919657
    -116.747477 45.919577
    -116.747177 45.919077
    -116.747131 45.918848
    -116.747077 45.918578
    -116.746777 45.918078
    -116.746637 45.917844
    -116.746582 45.917753
    -116.746528 45.917662
    -116.746477 45.917578
    -116.745877 45.916878
    -116.74576 45.916731
    -116.745477 45.916378
    -116.744977 45.915978
    -116.744377 45.915578
    -116.743877 45.915178
    -116.743277 45.914678
    -116.742677 45.914378
    -116.742177 45.913978
    -116.741477 45.913678
    -116.740877 45.913478
    -116.740277 45.913378
    -116.739708 45.913216
    -116.739577 45.913178
    -116.739177 45.913078
    -116.738736 45.912846
    -116.738616 45.912783
    -116.73863 45.912696
    -116.738524 45.912661
    -116.738376 45.912277
    -116.737876 45.911777
    -116.737676 45.911377
    -116.737422 45.911123
    -116.737376 45.911077
    -116.737076 45.910777
    -116.736576 45.910377
    -116.736076 45.910077
    -116.735676 45.909677
    -116.735676 45.909277
    -116.735712 45.909205
    -116.735776 45.909077
    -116.735976 45.908777
    -116.736134 45.90854
    -116.736176 45.908477
    -116.736326 45.908377
    -116.736476 45.908277
    -116.736576 45.908177
    -116.736776 45.907877
    -116.736676 45.907477
    -116.736676 45.907377
    -116.736511 45.907156
    -116.736376 45.906977
    -116.736063 45.906429
    -116.735976 45.906277
    -116.735646 45.905782
    -116.735576 45.905677
    -116.73552 45.905621
    -116.735357 45.905458
    -116.735195 45.905296
    -116.735176 45.905277
    -116.734776 45.904977
    -116.734332 45.904829
    -116.734196 45.904784
    -116.734176 45.904777
    -116.733776 45.904677
    -116.733476 45.904677
    -116.732676 45.904477
    -116.732576 45.904477
    -116.732476 45.904377
    -116.732032 45.904229
    -116.731877 45.904178
    -116.731653 45.90415
    -116.731077 45.904078
    -116.730601 45.904157
    -116.730477 45.904178
    -116.729977 45.903978
    -116.729929 45.903738
    -116.729877 45.903478
    -116.729977 45.902178
    -116.729877 45.901678
    -116.729877 45.901478
    -116.729777 45.901178
    -116.729777 45.901111
    -116.729777 45.900978
    -116.729877 45.900778
    -116.730031 45.900624
    -116.730277 45.900378
    -116.730677 45.899878
    -116.73087 45.899415
    -116.731177 45.898678
    -116.731177 45.897844
    -116.731177 45.897578
    -116.730977 45.896678
    -116.730577 45.896178
    -116.730377 45.895678
    -116.730422 45.894908
    -116.730367 45.894313
    -116.730457 45.893769
    -116.731008 45.893126
    -116.731733 45.892301
    -116.732488 45.891457
    -116.733039 45.890874
    -116.733534 45.889887
    -116.734347 45.888942
    -116.735247 45.887715
    -116.73606 45.886528
    -116.737017 45.885563
    -116.737843 45.884856
    -116.737886 45.88482
    -116.73807 45.884669
    -116.738393 45.884402
    -116.738958 45.883936
    -116.739971 45.883253
    -116.740076 45.883174
    -116.74063 45.882761
    -116.741085 45.882321
    -116.741296 45.882117
    -116.742167 45.880989
    -116.742733 45.880488
    -116.742823 45.880276
    -116.742952 45.879972
    -116.743084 45.87932
    -116.743403 45.878848
    -116.743458 45.878773
    -116.743766 45.878355
    -116.743797 45.878237
    -116.74392 45.877771
    -116.74388 45.877526
    -116.743822 45.877176
    -116.743793 45.877075
    -116.743678 45.876677
    -116.743552 45.876309
    -116.743582 45.875913
    -116.743649 45.875791
    -116.743859 45.875413
    -116.74394 45.875313
    -116.744209 45.874981
    -116.744293 45.874877
    -116.744561 45.874332
    -116.745194 45.873653
    -116.745625 45.873272
    -116.745833 45.873088
    -116.746041 45.872905
    -116.746196 45.87284
    -116.74635 45.872776
    -116.746402 45.872724
    -116.746454 45.872672
    -116.746616 45.872586
    -116.746779 45.872499
    -116.747322 45.872018
    -116.747864 45.871536
    -116.747971 45.871433
    -116.748078 45.87133
    -116.748209 45.871138
    -116.748311 45.870988
    -116.74834 45.870946
    -116.748742 45.870356
    -116.749008 45.870161
    -116.749113 45.870083
    -116.749623 45.869709
    -116.749829 45.869558
    -116.750668 45.868949
    -116.750722 45.868875
    -116.750777 45.868801
    -116.750905 45.868772
    -116.750979 45.868811
    -116.751314 45.868745
    -116.751651 45.868691
    -116.752135 45.868613
    -116.752848 45.868357
    -116.753597 45.86819
    -116.754557 45.868054
    -116.75622 45.867647
    -116.757628 45.867445
    -116.758622 45.867409
    -116.759045 45.867424
    -116.7599 45.867387
    -116.760991 45.866841
    -116.761575 45.866705
    -116.762309 45.866535
    -116.762972 45.866185
    -116.763163 45.866058
    -116.763231 45.866013
    -116.764074 45.865455
    -116.76517 45.864679
    -116.765878 45.86416
    -116.766109 45.863901
    -116.766168 45.863834
    -116.76703 45.863294
    -116.767868 45.862532
    -116.768685 45.862172
    -116.769649 45.862112
    -116.770745 45.861704
    -116.771521 45.86149
    -116.772058 45.861457
    -116.772426 45.861566
    -116.772818 45.861588
    -116.77321 45.861611
    -116.773794 45.861598
    -116.774378 45.861586
    -116.775418 45.861401
    -116.776711 45.861105
    -116.777816 45.860718
    -116.778831 45.860553
    -116.779328 45.860512
    -116.780336 45.860239
    -116.780744 45.85996
    -116.781152 45.859681
    -116.783133 45.858401
    -116.784708 45.857377
    -116.785983 45.856601
    -116.787328 45.856069
    -116.787387 45.856046
    -116.787556 45.855979
    -116.789049 45.855454
    -116.789106 45.85544
    -116.789165 45.855426
    -116.790083 45.855206
    -116.791075 45.85529
    -116.791179 45.855299
    -116.791594 45.855334
    -116.792494 45.855589
    -116.7926 45.855619
    -116.792726 45.855655
    -116.792916 45.855773
    -116.793521 45.855875
    -116.794562 45.856049
    -116.7946 45.856102
    -116.794714 45.856262
    -116.794753 45.856316
    -116.795111 45.856818
    -116.795526 45.857398
    -116.795976 45.858094
    -116.796036 45.858398
    -116.796051 45.858473
    -116.795987 45.85901
    -116.795879 45.859914
    -116.796019 45.860616
    -116.796459 45.861224
    -116.797146 45.861575
    -116.799442 45.862484
    -116.799715 45.862592
    -116.801039 45.863335
    -116.80119 45.863422
    -116.801342 45.863508
    -116.802054 45.86391
    -116.802638 45.864241
    -116.803741 45.864934
    -116.804903 45.865815
    -116.805286 45.866205
    -116.805529 45.866405
    -116.805704 45.866648
    -116.805723 45.866759
    -116.805765 45.86701
    -116.80635 45.867842
    -116.80689 45.868748
    -116.808063 45.870376
    -116.808077 45.870395
    -116.809034 45.871565
    -116.809544 45.872169
    -116.809785 45.87279
    -116.810143 45.8732
    -116.810323 45.873406
    -116.810647 45.873632
    -116.810971 45.874068
    -116.811962 45.874879
    -116.812698 45.87599
    -116.81317 45.87636
    -116.813509 45.876978
    -116.814131 45.877641
    -116.815918 45.878998
    -116.817464 45.879842
    -116.818548 45.880261
    -116.818765 45.880493
    -116.819182 45.880938
    -116.819199 45.880947
    -116.823277 45.882938
    -116.824096 45.883301
    -116.826482 45.884556
    -116.826712 45.884677
    -116.826942 45.884798
    -116.827592 45.88514
    -116.828688 45.885744
    -116.830003 45.886405
    -116.832509 45.887476
    -116.837041 45.889411
    -116.838034 45.889687
    -116.838056 45.889693
    -116.83885 45.890112
    -116.839279 45.890338
    -116.840814 45.890789
    -116.842316 45.891604
    -116.84355 45.892273
    -116.844291 45.8929
    -116.844369 45.892966
    -116.845565 45.894748
    -116.846959 45.896646
    -116.848422 45.898161
    -116.849761 45.899322
    -116.850663 45.899901
    -116.851354 45.900346
    -116.853017 45.901838
    -116.854668 45.902966
    -116.855649 45.903498
    -116.856584 45.903796
    -116.857254 45.904159
    -116.857727 45.904723
    -116.85848 45.905648
    -116.858598 45.905794
    -116.858717 45.90594
    -116.858958 45.906236
    -116.859199 45.906532
    -116.859795 45.907264
    -116.860786 45.908724
    -116.861316 45.909505
    -116.861847 45.910286
    -116.861979 45.910482
    -116.862112 45.910677
    -116.862288 45.910936
    -116.862464 45.911196
    -116.862662 45.911488
    -116.862861 45.91178
    -116.862952 45.911914
    -116.863042 45.912047
    -116.863897 45.913216
    -116.865029 45.914498
    -116.865735 45.915854
    -116.866084 45.91633
    -116.866544 45.916958
    -116.866752 45.917886
    -116.8674 45.91912
    -116.867669 45.919884
    -116.867711 45.920003
    -116.868569 45.922436
    -116.86902 45.923283
    -116.869655 45.923799
    -116.869841 45.924347
    -116.870177 45.925574
    -116.870374 45.926765
    -116.870398 45.926913
    -116.870308 45.929326
    -116.870067 45.930472
    -116.870218 45.931287
    -116.870484 45.932408
    -116.871399 45.934562
    -116.87157 45.93502
    -116.872035 45.936264
    -116.872683 45.937579
    -116.873377 45.938482
    -116.873933 45.939894
    -116.874465 45.940757
    -116.874947 45.941812
    -116.875026 45.941985
    -116.875106 45.942158
    -116.875125 45.9422
    -116.875149 45.942332
    -116.87521 45.94266
    -116.87527 45.942987
    -116.875381 45.943588
    -116.875706 45.945008
    -116.875763 45.945632
    -116.875823 45.946274
    -116.875812 45.946875
    -116.875801 45.947492
    -116.875785 45.947802
    -116.875756 45.948372
    -116.875644 45.948828
    -116.875629 45.948888
    -116.875514 45.949453
    -116.87518 45.949639
    -116.875155 45.949689
    -116.874869 45.950253
    -116.874884 45.950567
    -116.874904 45.950963
    -116.87516 45.952165
    -116.875461 45.953286
    -116.875681 45.95402
    -116.87598 45.954319
    -116.87598 45.95441
    -116.87598 45.954683
    -116.87598 45.954775
    -116.876715 45.95556
    -116.877305 45.956258
    -116.877964 45.957037
    -116.8785 45.957397
    -116.878616 45.957474
    -116.878732 45.957552
    -116.879302 45.957935
    -116.879417 45.95799
    -116.880506 45.958508
    -116.881562 45.958654
    -116.881739 45.958678
    -116.881905 45.958661
    -116.884444 45.958399
    -116.886843 45.958617
    -116.887313 45.958744
    -116.887517 45.958799
    -116.88935 45.959297
    -116.89091 45.96001
    -116.891298 45.960327
    -116.891346 45.960602
    -116.891512 45.961547
    -116.892674 45.963508
    -116.893574 45.965257
    -116.893662 45.965428
    -116.894515 45.96804
    -116.894565 45.968152
    -116.894906 45.968922
    -116.894852 45.969086
    -116.894796 45.969253
    -116.894741 45.96942
    -116.894652 45.969686
    -116.894563 45.969953
    -116.89442 45.970389
    -116.894276 45.970825
    -116.894255 45.970887
    -116.893902 45.971598
    -116.893245 45.972921
    -116.893209 45.973094
    -116.893173 45.973262
    -116.893138 45.97343
    -116.892935 45.974396
    -116.89293 45.974525
    -116.892861 45.976373
    -116.893555 45.977498
    -116.893606 45.97758
    -116.893753 45.977698
    -116.893926 45.977838
    -116.8941 45.977977
    -116.894851 45.978581
    -116.896428 45.979432
    -116.896731 45.979595
    -116.897102 45.980259
    -116.898372 45.981157
    -116.898412 45.981185
    -116.898566 45.981294
    -116.899899 45.982335
    -116.900497 45.982801
    -116.902475 45.98346
    -116.90282 45.983586
    -116.903447 45.983816
    -116.904074 45.984047
    -116.904222 45.984101
    -116.904281 45.984138
    -116.904997 45.984584
    -116.905713 45.985029
    -116.905836 45.985105
    -116.907231 45.986151
    -116.9092 45.987629
    -116.909689 45.987996
    -116.911409 45.988912
    -116.912387 45.990072
    -116.912424 45.990132
    -116.912826 45.990787
    -116.913229 45.991443
    -116.913313 45.99158
    -116.913806 45.992739
    -116.91385 45.992842
    -116.914803 45.993927
    -116.915101 45.994271
    -116.915716 45.995062
    -116.91573 45.99508
    -116.91586 45.995246
    -116.915989 45.995413
    -116.915927 45.995405
    -116.915741 45.995382
    -116.91568 45.995375
    -116.91558 45.995475
    -116.91578 45.995475
    -116.91588 45.995575
    -116.91638 45.995875
    -116.916487 45.995955
    -116.916631 45.996063
    -116.91678 45.996175
    -116.91718 45.996575
    -116.91738 45.997075
    -116.91768 45.997675
    -116.91798 45.998075
    -116.918223 45.998399
    -116.91828 45.998475
    -116.91858 45.998775
    -116.918592 45.998806
    -116.91878 45.999275
    -116.91888 45.999675
    -116.91868 45.999875
    -116.918713 46.001338
    -116.918909 46.003041
    -116.919515 46.004416
    -116.920082 46.006105
    -116.920159 46.007062
    -116.920201 46.007574
    -116.920579 46.008665
    -116.920785 46.00969
    -116.920991 46.010716
    -116.921161 46.013531
    -116.921884 46.016536
    -116.923005 46.018293
    -116.924013 46.018954
    -116.924515 46.019288
    -116.925446 46.019907
    -116.92759 46.020398
    -116.928993 46.021795
    -116.929061 46.021938
    -116.929849 46.023583
    -116.930161 46.025327
    -116.930507 46.028007
    -116.930584 46.029192
    -116.930654 46.030886
    -116.930357 46.032392
    -116.929869 46.03338
    -116.929725 46.034662
    -116.930027 46.035611
    -116.930114 46.035882
    -116.930479 46.036185
    -116.930663 46.036338
    -116.931139 46.037051
    -116.931227 46.038301
    -116.931706 46.039651
    -116.932266 46.040323
    -116.932469 46.040567
    -116.933545 46.041389
    -116.934545 46.042751
    -116.93568 46.043501
    -116.93577 46.043545
    -116.935861 46.043589
    -116.936082 46.043697
    -116.936776 46.043765
    -116.937654 46.043853
    -116.93864 46.044473
    -116.938712 46.044554
    -116.938882 46.044745
    -116.939051 46.044936
    -116.939324 46.045244
    -116.939519 46.045543
    -116.940144 46.046503
    -116.940464 46.047001
    -116.940963 46.048511
    -116.941409 46.049386
    -116.941762 46.050079
    -116.942212 46.050919
    -116.942774 46.052115
    -116.943069 46.053333
    -116.943469 46.054415
    -116.943418 46.055559
    -116.943143 46.056991
    -116.942832 46.058551
    -116.942805 46.058689
    -116.942656 46.061
    -116.943314 46.061883
    -116.94353 46.062173
    -116.945012 46.063778
    -116.946546 46.065753
    -116.94665 46.065865
    -116.948564 46.067933
    -116.949957 46.069231
    -116.950395 46.069387
    -116.95112 46.06969
    -116.952381 46.070552
    -116.954669 46.072556
    -116.955751 46.07382
    -116.956796 46.07487
    -116.957372 46.075449
    -116.959031 46.076031
    -116.960416 46.076346
    -116.961459 46.076264
    -116.962659 46.076015
    -116.96319 46.075905
    -116.965052 46.076037
    -116.967767 46.076449
    -116.970009 46.076769
    -116.970062 46.076788
    -116.97161 46.077343
    -116.974114 46.078003
    -116.976349 46.078847
    -116.978938 46.080007
    -116.979971 46.08152
    -116.98092 46.083209
    -116.981962 46.084915
    -116.98205 46.086043
    -116.981981 46.086164
    -116.981635 46.086774
    -116.98206 46.087824
    -116.982479 46.089389
    -116.982498 46.091347
    -116.981747 46.092881
    -116.980407 46.094323
    -116.978823 46.095731
    -116.977898 46.096197
    -116.976957 46.09667
    -116.975536 46.097201
    -116.974058 46.097707
    -116.969711 46.097954
    -116.967692 46.097966
    -116.967046 46.09797
    -116.965014 46.098376
    -116.963907 46.098514
    -116.959548 46.099058
    -116.958834 46.099562
    -116.957875 46.10024
    -116.95722 46.100654
    -116.95631 46.1011
    -116.955263 46.102237
    -116.955073 46.103339
    -116.954963 46.104531
    -116.954598 46.105907
    -116.954486 46.106332
    -116.954085 46.107578
    -116.953634 46.108324
    -116.95289 46.109351
    -116.951879 46.110319
    -116.951265 46.111161
    -116.951187 46.112215
    -116.951177 46.11235
    -116.951167 46.112486
    -116.95115 46.112723
    -116.951364 46.11363
    -116.951401 46.113788
    -116.951123 46.114543
    -116.951094 46.117363
    -116.95098 46.118853
    -116.95045 46.119461
    -116.949885 46.12003
    -116.949527 46.12076
    -116.949785 46.12139
    -116.950159 46.121941
    -116.950161 46.121947
    -116.950368 46.122747
    -116.950276 46.123464
    -116.949895 46.124186
    -116.949129 46.124878
    -116.9489 46.125213
    -116.948336 46.125885
    -116.947607 46.126315
    -116.947122 46.126639
    -116.946567 46.126875
    -116.945826 46.127216
    -116.945178 46.1275
    -116.943862 46.128424
    -116.942951 46.129274
    -116.94241 46.129885
    -116.941442 46.13098
    -116.940593 46.132426
    -116.940083 46.132811
    -116.939242 46.133447
    -116.937636 46.13463
    -116.935833 46.135684
    -116.934714 46.136696
    -116.934015 46.138157
    -116.933949 46.13892
    -116.93393 46.13923
    -116.934054 46.139638
    -116.934476 46.141025
    -116.93505 46.141837
    -116.935434 46.142392
    -116.935473 46.142448
    -116.935545 46.144495
    -116.935427 46.147721
    -116.935106 46.150035
    -116.935115 46.151269
    -116.934952 46.152962
    -116.93438 46.154229
    -116.933409 46.154805
    -116.932275 46.155486
    -116.931489 46.156037
    -116.9306 46.156822
    -116.929292 46.157472
    -116.92781 46.158017
    -116.925621 46.158888
    -116.924 46.159708
    -116.923292 46.16025
    -116.922648 46.160744
    -116.922087 46.161915
    -116.921527 46.16336
    -116.921258 46.164795
    -116.92187 46.167808
    -116.922635 46.169377
    -116.923958 46.17092
    -116.925089 46.171569
    -116.927621 46.17318
    -116.928272 46.173298
    -116.929607 46.173156
    -116.932337 46.173138
    -116.933571 46.173618
    -116.934795 46.174266
    -116.936046 46.175382
    -116.936119 46.175468
    -116.937124 46.176716
    -116.938422 46.178065
    -116.93895 46.178657
    -116.939734 46.179536
    -116.940078 46.180542
    -116.939854 46.180925
    -116.939653 46.181269
    -116.939611 46.18189
    -116.940349 46.182871
    -116.941007 46.183957
    -116.941724 46.185034
    -116.943309 46.185754
    -116.943738 46.185997
    -116.944697 46.186539
    -116.946346 46.188064
    -116.947764 46.189679
    -116.949052 46.191052
    -116.949913 46.191676
    -116.950757 46.192287
    -116.952416 46.193514
    -116.954773 46.194779
    -116.955015 46.194916
    -116.956581 46.195803
    -116.957677 46.19652
    -116.95859 46.197118
    -116.960352 46.198126
    -116.962966 46.19968
    -116.964677 46.201576
    -116.965005 46.202095
    -116.965841 46.203417
    -116.96612 46.204938
    -116.966129 46.204985
    -116.966253 46.205664
    -116.966569 46.207501
    -116.96613 46.209453
    -116.965694 46.210253
    -116.964762 46.21157
    -116.963612 46.213259
    -116.963145 46.213952
    -116.962313 46.215191
    -116.959428 46.219812
    -116.957903 46.222712
    -116.956031 46.225976
    -116.955296 46.228816
    -116.955264 46.23088
    -116.955549 46.231274
    -116.955793 46.231611
    -116.956567 46.232479
    -116.957459 46.235273
    -116.95764 46.237811
    -116.958512 46.241198
    -116.958801 46.24232
    -116.960827 46.245794
    -116.962826 46.248753
    -116.963377 46.249881
    -116.963277 46.250213
    -116.963557 46.251089
    -116.963933 46.252214
    -116.964136 46.252701
    -116.964379 46.253282
    -116.965188 46.254622
    -116.965749 46.255498
    -116.965948 46.255809
    -116.966742 46.256923
    -116.967922 46.258244
    -116.969266 46.259984
    -116.969377 46.260127
    -116.970298 46.261233
    -116.970909 46.261776
    -116.971286 46.262168
    -116.972591 46.263271
    -116.973737 46.264145
    -116.973952 46.264309
    -116.976054 46.26601
    -116.976402 46.266216
    -116.977857 46.267076
    -116.979692 46.267974
    -116.981347 46.269194
    -116.981593 46.269335
    -116.983184 46.270245
    -116.984252 46.271018
    -116.985294 46.271631
    -116.986336 46.272244
    -116.986558 46.272374
    -116.987391 46.272865
    -116.988637 46.273919
    -116.989946 46.275279
    -116.991134 46.276342
    -116.991461 46.277267
    -116.991429 46.278233
    -116.991422 46.278467
    -116.991229 46.279516
    -116.990894 46.280372
    -116.990668 46.280769
    -116.990646 46.280805
    -116.99058 46.280915
    -116.990559 46.280952
    -116.99025 46.281475
    -116.989526 46.282704
    -116.989296 46.283025
    -116.988943 46.28352
    -116.988515 46.284121
    -116.987833 46.285052
    -116.98752 46.28556
    -116.987151 46.286162
    -116.986859 46.286638
    -116.985791 46.288112
    -116.98491 46.289738
    -116.984669 46.2914
    -116.984643 46.292253
    -116.98463 46.292705
    -116.985333 46.294617
    -116.986011 46.295641
    -116.986688 46.296662
    -116.987939 46.298031
    -116.988137 46.298177
    -116.988428 46.298391
    -116.989269 46.299009
    -116.989344 46.299064
    -116.989419 46.299119
    -116.989553 46.299218
    -116.989794 46.299395
    -116.989979 46.299481
    -116.990131 46.299553
    -116.991207 46.300057
    -116.991723 46.300299
    -116.993609 46.301285
    -116.99437 46.301698
    -116.995415 46.302266
    -116.995833 46.302493
    -116.996169 46.302647
    -116.996581 46.302837
    -116.99726 46.303151
    -116.998526 46.303575
    -116.998765 46.303656
    -116.999349 46.303765
    -116.999676 46.303811
    -117.000658 46.303949
    -117.000986 46.303995
    -117.001846 46.304337
    -117.00254 46.304412
    -117.003372 46.304504
    -117.004275 46.304492
    -117.004755 46.304539
    -117.005582 46.304619
    -117.00634 46.304816
    -117.006771 46.304929
    -117.007486 46.305302
    -117.007517 46.30532
    -117.008464 46.30587
    -117.009534 46.306534
    -117.010296 46.307186
    -117.010556 46.307407
    -117.011081 46.308173
    -117.011844 46.308676
    -117.011978 46.308764
    -117.013073 46.309412
    -117.015112 46.310474
    -117.016413 46.311236
    -117.017429 46.312102
    -117.017561 46.312214
    -117.019089 46.313459
    -117.019726 46.313999
    -117.020663 46.314793
    -117.021472 46.316139
    -117.022293 46.31747
    -117.022503 46.318549
    -117.022939 46.320175
    -117.022608 46.320866
    -117.022698 46.321242
    -117.022753 46.321469
    -117.022796 46.321715
    -117.022962 46.322645
    -117.023122 46.323895
    -117.023242 46.324834
    -117.023262 46.325204
    -117.023424 46.326427
    -117.023133 46.327785
    -117.022706 46.32899
    -117.022852 46.329593
    -117.02294 46.329956
    -117.022987 46.331066
    -117.022913 46.331492
    -117.022803 46.332135
    -117.022813 46.333495
    -117.023149 46.334759
    -117.023492 46.335359
    -117.023844 46.335976
    -117.024968 46.33675
    -117.024972 46.336753
    -117.025584 46.337066
    -117.025813 46.337183
    -117.026548 46.337861
    -117.02714 46.338302
    -117.027744 46.338751
    -117.029334 46.33965
    -117.030672 46.340315
    -117.031931 46.340691
    -117.032511 46.340844
    -117.033318 46.341058
    -117.03445 46.34132
    -117.036764 46.341667
    -117.038288 46.341872
    -117.039345 46.342015
    -117.040625 46.342003
    -117.041199 46.341998
    -117.043606 46.342257
    -117.045469 46.34249
    -117.047469 46.342884
    -117.048045 46.343003
    -117.049412 46.343285
    -117.049795 46.343375
    -117.051735 46.343833
    -117.053525 46.344424
    -117.05387 46.344534
    -117.053953 46.344566
    -117.054789 46.344963
    -117.055983 46.345531
    -117.05769 46.346535
    -117.058352 46.347037
    -117.059451 46.347869
    -117.059577 46.347985
    -117.059958 46.348333
    -117.060086 46.34845
    -117.060209 46.348562
    -117.060579 46.348901
    -117.060703 46.349015
    -117.061913 46.351135
    -117.062032 46.351366
    -117.06263 46.352522
    -117.062748 46.353624
    -117.062691 46.354854
    -117.062551 46.35635
    -117.062586 46.357621
    -117.062748 46.359302
    -117.062766 46.35948
    -117.062583 46.361852
    -117.062557 46.361994
    -117.062486 46.36239
    -117.062494 46.36326
    -117.062496 46.363443
    -117.062498 46.363613
    -117.062724 46.364354
    -117.062811 46.365014
    -117.062785 46.365287
    -117.06255 46.365648
    -117.062374 46.365973
    -117.062232 46.366234
    -117.061858 46.366769
    -117.061751 46.366924
    -117.061119 46.367646
    -117.061045 46.367747
    -117.061003 46.367803
    -117.060879 46.367974
    -117.060838 46.368031
    -117.060638 46.368311
    -117.059923 46.369185
    -117.059669 46.369465
    -117.059314 46.369859
    -117.058323 46.370603
    -117.057516 46.371396
    -117.056116 46.372356
    -117.055322 46.372884
    -117.054507 46.373428
    -117.053806 46.373945
    -117.053521 46.374155
    -117.053434 46.37422
    -117.052614 46.374703
    -117.05231 46.374883
    -117.051775 46.375642
    -117.051302 46.375883
    -117.049474 46.376821
    -117.047775 46.378405
    -117.047579 46.378588
    -117.046915 46.379577
    -117.046894 46.379615
    -117.046833 46.379731
    -117.046813 46.37977
    -117.046602 46.380168
    -117.046392 46.380565
    -117.046182 46.380961
    -117.04607 46.381248
    -117.045016 46.38397
    -117.044249 46.385869
    -117.043921 46.386682
    -117.043657 46.387415
    -117.043653 46.387425
    -117.043642 46.387455
    -117.043639 46.387466
    -117.043039 46.389131
    -117.04195 46.39216
    -117.041867 46.393352
    -117.041803 46.394245
    -117.041737 46.395195
    -117.041511 46.395871
    -117.041478 46.395971
    -117.041303 46.396497
    -117.040862 46.397826
    -117.040735 46.398057
    -117.040469 46.398544
    -117.040029 46.399346
    -117.039476 46.400359
    -117.039366 46.400974
    -117.039197 46.401926
    -117.039196 46.401926
    -117.039037 46.402828
    -117.038874 46.403739
    -117.038714 46.40464
    -117.038282 46.40604
    -117.038037 46.406354
    -117.037468 46.407085
    -117.037399 46.407173
    -117.037362 46.407222
    -117.037131 46.407366
    -117.037037 46.407426
    -117.036455 46.407792
    -117.035977 46.408628
    -117.035633 46.409727
    -117.035545 46.410012
    -117.035322 46.411565
    -117.03532 46.412829
    -117.034934 46.414607
    -117.034838 46.415554
    -117.034757 46.416354
    -117.034704 46.418052
    -117.034696 46.418318
    -117.034975 46.418971
    -117.035474 46.419454
    -117.035753 46.419825
    -117.035883 46.42048
    -117.036006 46.421105
    -117.036109 46.421381
    -117.036562 46.422596
    -117.037567 46.423711
    -117.037746 46.42391
    -117.038279 46.424308
    -117.038569 46.424525
    -117.039441 46.425176
    -117.039732 46.425394
    -117.039748 46.4254
    -117.039756 46.425403
    -117.039796 46.425418
    -117.039813 46.425425
    -117.039769 46.426447
    -117.039743 46.426822
    -117.03974 46.426852
    -117.039747 46.428125
    -117.039749 46.42835
    -117.039749 46.428534
    -117.03975 46.428626
    -117.039751 46.429106
    -117.039747 46.42938
    -117.039725 46.43072
    -117.039727 46.43078
    -117.039732 46.430942
    -117.039729 46.431052
    -117.03973 46.431093
    -117.039731 46.431134
    -117.039732 46.431172
    -117.039732 46.431212
    -117.039733 46.431266
    -117.039767 46.433541
    -117.039767 46.433643
    -117.039769 46.43471
    -117.03977 46.435363
    -117.039774 46.437108
    -117.039783 46.441195
    -117.0398 46.447777
    -117.0398 46.448133
    -117.039814 46.453776
    -117.039815 46.454288
    -117.039821 46.456952
    -117.039825 46.4586
    -117.039737 46.462704
    -117.03974 46.46289
    -117.039899 46.470814
    -117.039898 46.47151
    -117.039898 46.47178
    -117.039764 46.474119
    -117.039758 46.474223
    -117.039756 46.475642
    -117.039756 46.475769
    -117.039741 46.480076
    -117.039713 46.48868
    -117.039712 46.488786
    -117.039675 46.499885
    -117.039693 46.501426
    -117.039693 46.50149
    -117.039693 46.511985
    -117.039693 46.514761
    -117.039693 46.514767
    -117.039693 46.520586
    -117.039695 46.530954
    -117.039694 46.531145
    -117.039692 46.53167
    -117.039694 46.532123
    -117.039694 46.532124
    -117.039694 46.541785
    -117.033191 46.541828
    -117.016033 46.541939
    -116.994634 46.542039
    -116.969091 46.542047
    -116.948979 46.542054
    -116.947926 46.542055
    -116.943034 46.542062
    -116.942302 46.542059
    -116.941414 46.542059
    -116.940248 46.54206
    -116.939081 46.54206
    -116.938798 46.54206
    -116.936362 46.542065
    -116.936229 46.542065
    -116.928293 46.542065
    -116.907538 46.542074
    -116.907242 46.542075
    -116.906587 46.542075
    -116.901234 46.542078
    -116.900753 46.542078
    -116.900338 46.542073
    -116.898581 46.542077
    -116.89791 46.542078
    -116.895553 46.542081
    -116.895069 46.542081
    -116.894697 46.542068
    -116.885359 46.54208
    -116.876068 46.542087
    -116.875324 46.542089
    -116.875016 46.542087
    -116.874865 46.542085
    -116.858836 46.542097
    -116.850942 46.542103
    -116.84583 46.542107
    -116.844581 46.54211
    -116.844364 46.542111
    -116.844197 46.542111
    -116.840035 46.542115
    -116.834582 46.54212
    -116.834477 46.54212
    -116.828986 46.542125
    -116.812557 46.54214
    -116.812113 46.542141
    -116.811638 46.542138
    -116.809114 46.542141
    -116.808937 46.542135
    -116.808664 46.542144
    -116.79183 46.542157
    -116.789212 46.542162
    -116.768638 46.542176
    -116.764961 46.542178
    -116.754692 46.542184
    -116.754053 46.542184
    -116.750986 46.542188
    -116.744848 46.542307
    -116.729447 46.542604
    -116.72337 46.542722
    -116.723006 46.542729
    -116.722836 46.542732
    -116.721209 46.542766
    -116.720863 46.542765
    -116.719682 46.542788
    -116.719295 46.542788
END
END
