16075 Payette County
1
    -116.955824 44.042347
    -116.956246 44.042888
    -116.95626 44.043071
    -116.956282 44.043365
    -116.956303 44.043659
    -116.956306 44.043694
    -116.956381 44.043787
    -116.956675 44.044149
    -116.95761 44.044707
    -116.958037 44.044875
    -116.959001 44.045254
    -116.967722 44.047169
    -116.968594 44.047461
    -116.971163 44.048322
    -116.971599 44.048468
    -116.972035 44.048614
    -116.972128 44.048645
    -116.97241 44.048739
    -116.972504 44.048771
    -116.972925 44.04906
    -116.973185 44.049425
    -116.973308 44.049894
    -116.973486 44.050558
    -116.973535 44.050742
    -116.973841 44.052002
    -116.973958 44.05276
    -116.974016 44.053663
    -116.973518 44.055526
    -116.973341 44.056823
    -116.973331 44.056902
    -116.973305 44.057789
    -116.973292 44.058166
    -116.973523 44.05892
    -116.973591 44.059142
    -116.973594 44.059152
    -116.973728 44.059827
    -116.973774 44.060056
    -116.974216 44.061221
    -116.974834 44.062549
    -116.975255 44.063657
    -116.975347 44.064225
    -116.975452 44.064875
    -116.975426 44.067422
    -116.975425 44.067598
    -116.975445 44.068701
    -116.975503 44.069129
    -116.975419 44.069877
    -116.975083 44.071992
    -116.974927 44.072973
    -116.975032 44.07328
    -116.975311 44.073767
    -116.975879 44.074812
    -116.975955 44.075417
    -116.975951 44.077084
    -116.975964 44.077345
    -116.976044 44.078922
    -116.97611 44.079494
    -116.976204 44.080792
    -116.976092 44.081803
    -116.97605 44.082176
    -116.975956 44.0829
    -116.976095 44.083189
    -116.976152 44.083306
    -116.976202 44.08341
    -116.976922 44.084283
    -116.976973 44.084345
    -116.977407 44.084865
    -116.977351 44.085364
    -116.977085 44.08582
    -116.976536 44.086396
    -116.976314 44.086628
    -116.976168 44.086783
    -116.9758 44.08717
    -116.975612 44.087367
    -116.975275 44.087597
    -116.975002 44.087783
    -116.974253 44.088295
    -116.974177 44.088331
    -116.973881 44.088477
    -116.973445 44.088561
    -116.972889 44.08877
    -116.972365 44.088968
    -116.971171 44.089503
    -116.970029 44.089995
    -116.969077 44.090407
    -116.967203 44.090936
    -116.966687 44.091035
    -116.965862 44.091059
    -116.964264 44.091203
    -116.962978 44.091166
    -116.962436 44.091151
    -116.960638 44.091228
    -116.958882 44.091443
    -116.958505 44.091477
    -116.957765 44.091544
    -116.957238 44.091635
    -116.957009 44.091743
    -116.95664 44.091918
    -116.956124 44.092088
    -116.955741 44.092215
    -116.955082 44.092272
    -116.95383 44.092355
    -116.948069 44.093077
    -116.94685 44.093177
    -116.944811 44.093574
    -116.943127 44.094063
    -116.94173 44.094605
    -116.940196 44.095471
    -116.939549 44.095878
    -116.93783 44.096947
    -116.935974 44.098126
    -116.933701 44.100043
    -116.931717 44.102477
    -116.928305 44.107327
    -116.927896 44.108595
    -116.927687 44.109438
    -116.927869 44.11031
    -116.928404 44.111299
    -116.929376 44.112276
    -116.929442 44.112621
    -116.929525 44.113059
    -116.929069 44.113972
    -116.928562 44.115159
    -116.928035 44.115765
    -116.927454 44.116299
    -116.927193 44.116481
    -116.926987 44.116704
    -116.926714 44.117434
    -116.926064 44.118498
    -116.925642 44.118929
    -116.925085 44.119366
    -116.924133 44.120016
    -116.922571 44.120941
    -116.920931 44.121881
    -116.920205 44.122397
    -116.919544 44.122978
    -116.918991 44.123278
    -116.917973 44.123846
    -116.916671 44.124886
    -116.916258 44.125283
    -116.915403 44.126107
    -116.914236 44.127304
    -116.91376 44.128381
    -116.9133 44.129924
    -116.913213 44.130215
    -116.913224 44.131365
    -116.913239 44.132929
    -116.912562 44.135785
    -116.911218 44.139992
    -116.910949 44.140241
    -116.908993 44.141502
    -116.908451 44.141852
    -116.906516 44.14278
    -116.903327 44.144422
    -116.902407 44.145168
    -116.901922 44.145931
    -116.901693 44.147138
    -116.901668 44.147275
    -116.901737 44.14862
    -116.901498 44.149255
    -116.900834 44.150099
    -116.900306 44.150546
    -116.899062 44.151599
    -116.898401 44.152114
    -116.898124 44.15233
    -116.897846 44.152546
    -116.896784 44.152533
    -116.895072 44.152514
    -116.894546 44.152509
    -116.893708 44.1525
    -116.893526 44.152498
    -116.888649 44.152447
    -116.883619 44.152394
    -116.882264 44.152605
    -116.88006 44.152607
    -116.879067 44.152623
    -116.87879 44.15261
    -116.87816 44.152604
    -116.878022 44.152597
    -116.877474 44.152579
    -116.877366 44.152576
    -116.877036 44.152576
    -116.876916 44.152585
    -116.876743 44.152599
    -116.876046 44.152621
    -116.875932 44.152605
    -116.875777 44.152564
    -116.875723 44.152549
    -116.875629 44.152499
    -116.875562 44.152499
    -116.853449 44.152385
    -116.843423 44.152326
    -116.825627 44.15222
    -116.79944 44.152064
    -116.797068 44.15205
    -116.782909 44.151965
    -116.781981 44.151959
    -116.755794 44.151804
    -116.754479 44.151797
    -116.751584 44.151779
    -116.750987 44.151776
    -116.738233 44.151703
    -116.735841 44.151706
    -116.719187 44.151731
    -116.718582 44.151731
    -116.704958 44.151752
    -116.700742 44.15173
    -116.69739 44.151736
    -116.68645 44.151757
    -116.681814 44.151766
    -116.679879 44.15177
    -116.679304 44.15177
    -116.677564 44.151773
    -116.669885 44.151788
    -116.669325 44.151789
    -116.669261 44.151789
    -116.669204 44.151789
    -116.655563 44.151816
    -116.64593 44.151834
    -116.644719 44.151813
    -116.633596 44.151849
    -116.633123 44.151851
    -116.631863 44.151855
    -116.626109 44.151874
    -116.616207 44.151903
    -116.611854 44.151891
    -116.611036 44.15189
    -116.610402 44.151888
    -116.585141 44.151822
    -116.573767 44.151761
    -116.568115 44.151731
    -116.564338 44.151724
    -116.556021 44.15171
    -116.553224 44.151707
    -116.551202 44.151705
    -116.528345 44.15168
    -116.517473 44.151654
    -116.509769 44.151635
    -116.509595 44.151635
    -116.502245 44.151618
    -116.500922 44.151615
    -116.499188 44.151588
    -116.499123 44.151588
    -116.496674 44.151579
    -116.48455 44.151535
    -116.454868 44.151428
    -116.452012 44.151417
    -116.452134 44.140712
    -116.452212 44.133934
    -116.452225 44.132762
    -116.452221 44.132162
    -116.452315 44.124866
    -116.452521 44.096609
    -116.452528 44.095701
    -116.452528 44.095422
    -116.452529 44.087801
    -116.45253 44.084456
    -116.452531 44.076774
    -116.452529 44.072396
    -116.452529 44.071607
    -116.452529 44.071353
    -116.452529 44.071263
    -116.452529 44.071229
    -116.452529 44.071217
    -116.452529 44.071212
    -116.452526 44.065345
    -116.452534 44.065345
    -116.481953 44.065518
    -116.486904 44.065555
    -116.499898 44.065652
    -116.500044 44.065656
    -116.500962 44.065678
    -116.500971 44.065678
    -116.50098 44.065678
    -116.500992 44.065678
    -116.500999 44.065678
    -116.501006 44.065678
    -116.501013 44.065678
    -116.501025 44.065678
    -116.501045 44.06568
    -116.501996 44.065685
    -116.508593 44.065733
    -116.51012 44.065745
    -116.510261 44.065746
    -116.510275 44.065746
    -116.510286 44.065746
    -116.510293 44.065746
    -116.5103 44.065747
    -116.510334 44.065747
    -116.510452 44.065748
    -116.510891 44.065751
    -116.512265 44.065761
    -116.516186 44.065822
    -116.522741 44.065923
    -116.527014 44.065989
    -116.527065 44.06599
    -116.531475 44.06605
    -116.532176 44.06606
    -116.532286 44.063759
    -116.532344 44.062546
    -116.532346 44.062509
    -116.532375 44.061912
    -116.532375 44.061907
    -116.532392 44.061556
    -116.532423 44.060899
    -116.532424 44.060877
    -116.532425 44.060872
    -116.532425 44.060867
    -116.532426 44.060845
    -116.532426 44.060839
    -116.532439 44.060574
    -116.532733 44.054464
    -116.532838 44.052282
    -116.532811 44.049481
    -116.532782 44.046457
    -116.532752 44.043383
    -116.532735 44.04161
    -116.532732 44.041308
    -116.532731 44.041195
    -116.532731 44.041159
    -116.532731 44.041132
    -116.532713 44.03926
    -116.532628 44.03062
    -116.532479 44.015408
    -116.532478 44.015343
    -116.532439 44.011585
    -116.532439 44.011462
    -116.532439 44.011432
    -116.532432 44.008904
    -116.534527 44.008925
    -116.534754 44.008927
    -116.534877 44.008928
    -116.534884 44.008929
    -116.534899 44.008929
    -116.534911 44.008929
    -116.534922 44.008929
    -116.534935 44.008929
    -116.535857 44.008939
    -116.549824 44.00908
    -116.5499 44.009081
    -116.550086 44.009083
    -116.550192 44.009084
    -116.550203 44.009084
    -116.550227 44.009084
    -116.550325 44.009085
    -116.554499 44.009127
    -116.554662 44.009129
    -116.554724 44.00913
    -116.554731 44.00913
    -116.554744 44.00913
    -116.55478 44.00913
    -116.554974 44.009131
    -116.555049 44.009131
    -116.555102 44.009131
    -116.559558 44.009149
    -116.559737 44.009151
    -116.559752 44.009151
    -116.559772 44.009151
    -116.55979 44.009151
    -116.559802 44.009152
    -116.559813 44.009152
    -116.559855 44.009152
    -116.559878 44.009152
    -116.560524 44.009158
    -116.563535 44.009185
    -116.563651 44.009186
    -116.563671 44.009186
    -116.563679 44.009186
    -116.563801 44.009187
    -116.566675 44.009213
    -116.566853 44.009225
    -116.56693 44.00923
    -116.566974 44.00923
    -116.572208 44.009281
    -116.572173 43.999888
    -116.572191 43.997962
    -116.572192 43.997851
    -116.572192 43.997836
    -116.572192 43.997831
    -116.572192 43.997826
    -116.572193 43.997815
    -116.572193 43.99779
    -116.572195 43.997557
    -116.572199 43.997209
    -116.572212 43.996593
    -116.572217 43.996407
    -116.572218 43.995855
    -116.572224 43.991261
    -116.572229 43.987948
    -116.572229 43.987717
    -116.572229 43.987582
    -116.572243 43.981463
    -116.572243 43.981457
    -116.572245 43.980334
    -116.578434 43.980397
    -116.59014 43.980516
    -116.599785 43.980614
    -116.600274 43.980619
    -116.600281 43.980619
    -116.600327 43.980619
    -116.600497 43.980621
    -116.601671 43.980633
    -116.601731 43.980634
    -116.609509 43.980714
    -116.610074 43.98072
    -116.617255 43.980818
    -116.625975 43.980938
    -116.632632 43.981026
    -116.655192 43.981091
    -116.663051 43.981114
    -116.666739 43.981125
    -116.670535 43.981136
    -116.670578 43.981136
    -116.67216 43.981141
    -116.691518 43.981197
    -116.700822 43.981224
    -116.702457 43.98123
    -116.702613 43.981229
    -116.702751 43.981229
    -116.703056 43.98123
    -116.71099 43.981264
    -116.711438 43.981262
    -116.712591 43.981259
    -116.712589 43.980871
    -116.712587 43.980753
    -116.712585 43.980583
    -116.712585 43.980566
    -116.712585 43.98055
    -116.712585 43.980539
    -116.712584 43.980533
    -116.712584 43.980527
    -116.712584 43.980495
    -116.712582 43.980322
    -116.712549 43.976206
    -116.712448 43.963779
    -116.712445 43.963105
    -116.712444 43.963017
    -116.712443 43.962966
    -116.712443 43.962957
    -116.712442 43.962952
    -116.712442 43.962947
    -116.712442 43.962931
    -116.712442 43.962909
    -116.71244 43.962759
    -116.712438 43.962532
    -116.712421 43.960539
    -116.712413 43.960467
    -116.712412 43.960458
    -116.712411 43.960446
    -116.712313 43.959534
    -116.712314 43.959496
    -116.712327 43.959063
    -116.7123 43.956038
    -116.712445 43.953349
    -116.71248 43.952704
    -116.712482 43.952551
    -116.712486 43.952319
    -116.712488 43.95222
    -116.712489 43.95212
    -116.712492 43.951931
    -116.712499 43.951545
    -116.712454 43.948681
    -116.712445 43.948156
    -116.712444 43.948094
    -116.712443 43.948024
    -116.712442 43.947954
    -116.712399 43.945472
    -116.7124 43.945336
    -116.7124 43.945327
    -116.7124 43.945316
    -116.7124 43.945289
    -116.71241 43.942356
    -116.712424 43.938628
    -116.712422 43.938509
    -116.71242 43.93839
    -116.71242 43.93827
    -116.712394 43.936204
    -116.712362 43.933652
    -116.71239 43.932427
    -116.712416 43.931326
    -116.712364 43.931173
    -116.712341 43.93034
    -116.71235 43.92911
    -116.71235 43.92906
    -116.712351 43.928919
    -116.712336 43.927228
    -116.712338 43.926961
    -116.712354 43.925121
    -116.71236 43.924489
    -116.712357 43.923739
    -116.712357 43.923729
    -116.712359 43.922513
    -116.71236 43.92214
    -116.712361 43.921928
    -116.712383 43.916337
    -116.71236 43.910827
    -116.712335 43.910599
    -116.712339 43.910577
    -116.712389 43.910276
    -116.712448 43.908943
    -116.712464 43.9089
    -116.712502 43.908791
    -116.712542 43.908572
    -116.712511 43.906793
    -116.712528 43.905984
    -116.712504 43.90566
    -116.712441 43.905477
    -116.71239 43.905369
    -116.71237 43.905326
    -116.712348 43.905222
    -116.712312 43.904546
    -116.712267 43.903119
    -116.712269 43.903004
    -116.712271 43.902873
    -116.712272 43.902791
    -116.712284 43.902157
    -116.712277 43.900806
    -116.712283 43.899588
    -116.71229 43.898188
    -116.712292 43.898047
    -116.712297 43.897872
    -116.71231 43.897472
    -116.712366 43.895866
    -116.712395 43.895495
    -116.712411 43.894858
    -116.712402 43.89402
    -116.712414 43.893639
    -116.712471 43.891851
    -116.712482 43.891764
    -116.712472 43.891682
    -116.712469 43.891657
    -116.712451 43.89152
    -116.712449 43.891506
    -116.712447 43.891493
    -116.71244 43.891437
    -116.71244 43.891431
    -116.712441 43.891378
    -116.712441 43.891373
    -116.712446 43.89074
    -116.712485 43.888714
    -116.712493 43.888295
    -116.712505 43.887744
    -116.712505 43.887697
    -116.712505 43.887685
    -116.712506 43.887504
    -116.712561 43.886429
    -116.712563 43.886384
    -116.712568 43.886281
    -116.71257 43.886243
    -116.71257 43.886236
    -116.712571 43.886231
    -116.712573 43.886193
    -116.712573 43.886185
    -116.712642 43.884852
    -116.712641 43.884803
    -116.712641 43.884798
    -116.712653 43.884603
    -116.712658 43.884443
    -116.712662 43.884415
    -116.712665 43.884394
    -116.712697 43.884162
    -116.712649 43.879868
    -116.712677 43.872551
    -116.712683 43.87187
    -116.71269 43.871242
    -116.71269 43.871228
    -116.712733 43.867298
    -116.712756 43.865224
    -116.712708 43.858588
    -116.712708 43.858578
    -116.712707 43.858449
    -116.712692 43.856402
    -116.712692 43.856392
    -116.712677 43.85458
    -116.712676 43.854416
    -116.712675 43.854337
    -116.712675 43.85433
    -116.712675 43.854318
    -116.712675 43.854302
    -116.712675 43.854286
    -116.712675 43.854281
    -116.712674 43.854275
    -116.712674 43.854265
    -116.712673 43.85413
    -116.712645 43.850657
    -116.712646 43.850485
    -116.712646 43.850467
    -116.712646 43.850458
    -116.712646 43.850453
    -116.712646 43.850448
    -116.71267 43.847305
    -116.712734 43.838799
    -116.712755 43.836375
    -116.712757 43.83285
    -116.712757 43.832647
    -116.712757 43.832635
    -116.712757 43.832626
    -116.712754 43.825523
    -116.712753 43.824493
    -116.712676 43.821677
    -116.712673 43.820948
    -116.712693 43.819555
    -116.712681 43.817782
    -116.71268 43.817666
    -116.712679 43.817138
    -116.712719 43.8149
    -116.712709 43.81449
    -116.712694 43.813818
    -116.712697 43.813575
    -116.71271 43.812492
    -116.712707 43.812303
    -116.712707 43.812296
    -116.712707 43.812289
    -116.712707 43.812277
    -116.712707 43.812256
    -116.712705 43.812076
    -116.712705 43.81203
    -116.712708 43.811749
    -116.71268 43.810805
    -116.712684 43.810299
    -116.712677 43.809566
    -116.712673 43.807646
    -116.712672 43.807161
    -116.713225 43.807164
    -116.713659 43.807163
    -116.714789 43.80715
    -116.71561 43.807153
    -116.716084 43.807155
    -116.717717 43.807162
    -116.717758 43.807162
    -116.717778 43.807162
    -116.717788 43.807162
    -116.717795 43.807162
    -116.718119 43.807161
    -116.719244 43.807156
    -116.719686 43.807155
    -116.722552 43.807175
    -116.723326 43.807166
    -116.723431 43.807165
    -116.724285 43.807156
    -116.726249 43.807161
    -116.726408 43.807161
    -116.72663 43.807162
    -116.727847 43.807165
    -116.728391 43.807166
    -116.729644 43.807182
    -116.730623 43.807194
    -116.73109 43.807199
    -116.731903 43.807207
    -116.732557 43.807218
    -116.732762 43.807222
    -116.733839 43.807243
    -116.735124 43.807217
    -116.735624 43.807208
    -116.736197 43.807201
    -116.738157 43.807176
    -116.739429 43.807175
    -116.742538 43.807181
    -116.742665 43.807182
    -116.745019 43.807175
    -116.745615 43.807184
    -116.745678 43.807185
    -116.745958 43.807189
    -116.746035 43.807188
    -116.746045 43.807188
    -116.746621 43.807179
    -116.746988 43.807174
    -116.747729 43.807163
    -116.748475 43.807186
    -116.7489 43.807152
    -116.750491 43.807027
    -116.750499 43.807027
    -116.750977 43.806989
    -116.751605 43.806989
    -116.751772 43.806989
    -116.752077 43.806989
    -116.752491 43.806988
    -116.752771 43.806988
    -116.753132 43.806987
    -116.753126 43.806976
    -116.75311 43.806813
    -116.753103 43.806745
    -116.753106 43.806233
    -116.753089 43.806131
    -116.753018 43.806005
    -116.752878 43.805794
    -116.753009 43.805651
    -116.753046 43.805591
    -116.753067 43.805557
    -116.753112 43.805423
    -116.753124 43.805089
    -116.753118 43.804696
    -116.753115 43.80445
    -116.75311 43.804037
    -116.75311 43.803912
    -116.753111 43.803644
    -116.75312 43.802422
    -116.753114 43.800051
    -116.758539 43.800015
    -116.761853 43.799993
    -116.761979 43.800003
    -116.762096 43.800013
    -116.762169 43.800019
    -116.764898 43.80001
    -116.768935 43.799996
    -116.769042 43.799996
    -116.769709 43.799999
    -116.772409 43.800013
    -116.772446 43.800013
    -116.773189 43.800017
    -116.778096 43.799981
    -116.778703 43.799977
    -116.78362 43.799942
    -116.783813 43.799941
    -116.783962 43.79994
    -116.785966 43.799926
    -116.787013 43.799919
    -116.787041 43.799919
    -116.7881 43.799912
    -116.788221 43.799911
    -116.788383 43.79991
    -116.791611 43.799905
    -116.791841 43.799905
    -116.792048 43.799905
    -116.792655 43.799904
    -116.792829 43.799903
    -116.79293 43.799903
    -116.793118 43.799902
    -116.793118 43.799418
    -116.793118 43.799285
    -116.793118 43.798996
    -116.793119 43.793603
    -116.793119 43.793318
    -116.793119 43.793236
    -116.793119 43.792718
    -116.793119 43.792705
    -116.793119 43.792676
    -116.793119 43.792648
    -116.793937 43.792662
    -116.796746 43.792665
    -116.802923 43.792698
    -116.808228 43.792726
    -116.811793 43.792745
    -116.813135 43.792753
    -116.813205 43.792753
    -116.818449 43.792755
    -116.818933 43.792755
    -116.828107 43.79276
    -116.832607 43.792763
    -116.832909 43.792763
    -116.833163 43.792763
    -116.833691 43.792763
    -116.834288 43.792758
    -116.842852 43.792686
    -116.850587 43.792621
    -116.85322 43.7926
    -116.853177 43.799711
    -116.853176 43.79995
    -116.85316 43.802723
    -116.853148 43.80465
    -116.853132 43.807387
    -116.853139 43.807387
    -116.853782 43.80737
    -116.854107 43.807388
    -116.855484 43.807334
    -116.855877 43.807332
    -116.856381 43.807362
    -116.856981 43.807356
    -116.857241 43.807345
    -116.857819 43.807384
    -116.858082 43.807391
    -116.858462 43.807425
    -116.85862 43.80743
    -116.85888 43.807407
    -116.863402 43.807293
    -116.864052 43.807351
    -116.864754 43.807372
    -116.867928 43.807358
    -116.868425 43.807361
    -116.868789 43.807362
    -116.868972 43.807356
    -116.869372 43.807343
    -116.870062 43.807366
    -116.870634 43.807361
    -116.871494 43.807373
    -116.872177 43.807383
    -116.872272 43.807366
    -116.872812 43.80739
    -116.875003 43.807403
    -116.876179 43.807368
    -116.876618 43.807355
    -116.877125 43.807358
    -116.877182 43.807358
    -116.877194 43.807359
    -116.877205 43.807359
    -116.877222 43.807359
    -116.877241 43.807359
    -116.877256 43.807359
    -116.877603 43.807361
    -116.879047 43.807371
    -116.880236 43.807369
    -116.881271 43.807389
    -116.882191 43.807366
    -116.884718 43.807352
    -116.885417 43.807364
    -116.886718 43.807344
    -116.887581 43.807347
    -116.887768 43.807326
    -116.88797 43.807336
    -116.888769 43.807337
    -116.889371 43.807345
    -116.890115 43.807355
    -116.891342 43.807355
    -116.891354 43.807355
    -116.891791 43.807355
    -116.892614 43.807366
    -116.893746 43.807381
    -116.893786 43.807657
    -116.893778 43.810269
    -116.893785 43.81079
    -116.893794 43.811762
    -116.893794 43.81177
    -116.893815 43.814104
    -116.893846 43.817508
    -116.893869 43.82003
    -116.893868 43.820057
    -116.893863 43.820188
    -116.893808 43.82064
    -116.893802 43.820792
    -116.893821 43.821469
    -116.893814 43.821589
    -116.893925 43.821718
    -116.893998 43.821754
    -116.894086 43.821763
    -116.894432 43.821769
    -116.895112 43.821758
    -116.896176 43.821768
    -116.896763 43.821788
    -116.897274 43.821769
    -116.897939 43.821772
    -116.898269 43.821753
    -116.901842 43.821761
    -116.903762 43.821746
    -116.903859 43.821739
    -116.903916 43.821735
    -116.904108 43.821691
    -116.904246 43.821672
    -116.904844 43.821659
    -116.906136 43.821654
    -116.907527 43.82166
    -116.908034 43.821655
    -116.908279 43.821669
    -116.908468 43.821695
    -116.908736 43.821764
    -116.908817 43.821795
    -116.908928 43.821795
    -116.909459 43.82174
    -116.909916 43.821726
    -116.91209 43.821711
    -116.913796 43.821721
    -116.913824 43.822476
    -116.913824 43.822482
    -116.913824 43.822489
    -116.913824 43.822497
    -116.913824 43.822505
    -116.913824 43.82251
    -116.913824 43.822515
    -116.913824 43.82252
    -116.913824 43.822526
    -116.913824 43.822532
    -116.913824 43.822538
    -116.913824 43.822545
    -116.913824 43.822552
    -116.913824 43.822559
    -116.913824 43.822567
    -116.913824 43.822575
    -116.913824 43.822584
    -116.913824 43.822593
    -116.913824 43.822603
    -116.913824 43.822613
    -116.913824 43.822624
    -116.913824 43.822635
    -116.913824 43.822647
    -116.913947 43.825788
    -116.913952 43.825903
    -116.913952 43.82591
    -116.913938 43.828715
    -116.914018 43.828968
    -116.914036 43.829025
    -116.914037 43.829144
    -116.914098 43.836192
    -116.914668 43.83619
    -116.924014 43.836288
    -116.925968 43.836322
    -116.92759 43.836326
    -116.929622 43.836331
    -116.93124 43.83636
    -116.931437 43.836362
    -116.932182 43.836369
    -116.932912 43.836376
    -116.934119 43.836371
    -116.934222 43.83637
    -116.934289 43.836369
    -116.935964 43.836354
    -116.93618 43.836352
    -116.936191 43.836352
    -116.938445 43.836332
    -116.938564 43.836339
    -116.938779 43.836352
    -116.938891 43.836361
    -116.938983 43.836368
    -116.939067 43.836374
    -116.939198 43.836384
    -116.939382 43.836398
    -116.939899 43.836438
    -116.939993 43.83644
    -116.94192 43.836474
    -116.94242 43.836472
    -116.942583 43.836471
    -116.943285 43.836469
    -116.943987 43.836467
    -116.944268 43.836466
    -116.945343 43.836463
    -116.948167 43.83647
    -116.949286 43.836471
    -116.951156 43.836472
    -116.953525 43.836482
    -116.953871 43.836484
    -116.95452 43.836487
    -116.95452 43.837267
    -116.95452 43.837582
    -116.95452 43.837609
    -116.95452 43.842006
    -116.95452 43.84206
    -116.95452 43.843818
    -116.954519 43.844743
    -116.954494 43.845286
    -116.954434 43.846186
    -116.954399 43.846699
    -116.954333 43.847671
    -116.954227 43.848539
    -116.954217 43.848998
    -116.954212 43.849225
    -116.95421 43.849318
    -116.954203 43.850729
    -116.954201 43.851102
    -116.954214 43.85265
    -116.954237 43.853751
    -116.954249 43.854353
    -116.954252 43.854485
    -116.954259 43.85484
    -116.954274 43.855817
    -116.954303 43.858267
    -116.954331 43.860145
    -116.95434 43.861007
    -116.954345 43.861339
    -116.954379 43.863877
    -116.954425 43.865681
    -116.954438 43.866443
    -116.954439 43.866654
    -116.954448 43.868037
    -116.954442 43.870083
    -116.954451 43.870568
    -116.954451 43.870594
    -116.954481 43.872191
    -116.954502 43.872727
    -116.954503 43.872748
    -116.954503 43.872761
    -116.954512 43.872962
    -116.954517 43.873281
    -116.95452 43.873528
    -116.954523 43.873711
    -116.954523 43.873723
    -116.954531 43.874301
    -116.95453 43.87493
    -116.954473 43.876195
    -116.954461 43.876456
    -116.954461 43.876462
    -116.9544 43.877835
    -116.954388 43.877883
    -116.954392 43.878287
    -116.954406 43.878407
    -116.954418 43.878894
    -116.954421 43.879756
    -116.954422 43.880154
    -116.955068 43.880159
    -116.955472 43.880179
    -116.956637 43.880195
    -116.958323 43.880203
    -116.959312 43.88019
    -116.960182 43.880212
    -116.960742 43.880237
    -116.960982 43.880231
    -116.962864 43.880192
    -116.962871 43.880192
    -116.96288 43.880192
    -116.96289 43.880192
    -116.962902 43.880192
    -116.962916 43.880192
    -116.962933 43.880192
    -116.962953 43.880192
    -116.962969 43.880191
    -116.962976 43.880191
    -116.96307 43.880189
    -116.96382 43.880172
    -116.96547 43.880137
    -116.968325 43.880077
    -116.974404 43.879953
    -116.974444 43.879952
    -116.976317 43.87996
    -116.978994 43.879972
    -116.982753 43.87999
    -116.982792 43.879992
    -116.98285 43.879995
    -116.982929 43.879999
    -116.983827 43.880046
    -116.983857 43.880795
    -116.98384 43.880846
    -116.983513 43.881844
    -116.982779 43.882927
    -116.982749 43.88297
    -116.982296 43.883634
    -116.982199 43.883775
    -116.981695 43.88439
    -116.980875 43.885659
    -116.980025 43.887274
    -116.979517 43.888843
    -116.979345 43.889145
    -116.979074 43.889549
    -116.978645 43.890188
    -116.978153 43.890939
    -116.977667 43.89223
    -116.976858 43.893523
    -116.976181 43.894649
    -116.976114 43.894759
    -116.976026 43.895548
    -116.976348 43.896441
    -116.976448 43.896893
    -116.9765 43.897128
    -116.976552 43.897363
    -116.976583 43.897503
    -116.976635 43.898032
    -116.976631 43.899402
    -116.976619 43.900328
    -116.976441 43.901295
    -116.97655 43.902044
    -116.976804 43.902695
    -116.977086 43.90391
    -116.977175 43.904883
    -116.977354 43.905816
    -116.977639 43.906503
    -116.978007 43.907002
    -116.978152 43.907334
    -116.978301 43.907668
    -116.978603 43.908331
    -116.978907 43.908923
    -116.979011 43.909357
    -116.979113 43.909694
    -116.979649 43.910354
    -116.979939 43.910645
    -116.980537 43.911322
    -116.980844 43.912237
    -116.981105 43.912896
    -116.981145 43.913693
    -116.980861 43.914281
    -116.980544 43.91483
    -116.980177 43.915065
    -116.97958 43.915253
    -116.978636 43.915354
    -116.978301 43.915316
    -116.976174 43.91599
    -116.975927 43.91607
    -116.975683 43.916121
    -116.974386 43.916391
    -116.973851 43.916338
    -116.973778 43.916341
    -116.972362 43.916453
    -116.972162 43.916463
    -116.970052 43.916456
    -116.969995 43.916466
    -116.969054 43.916639
    -116.968477 43.916722
    -116.967912 43.916762
    -116.967552 43.916766
    -116.966675 43.916692
    -116.966199 43.916728
    -116.966086 43.916736
    -116.96461 43.916954
    -116.963646 43.917241
    -116.962615 43.91748
    -116.962543 43.917522
    -116.962135 43.917759
    -116.961727 43.917996
    -116.96172 43.918
    -116.961535 43.918388
    -116.961358 43.919548
    -116.961148 43.920716
    -116.961035 43.921652
    -116.960766 43.922555
    -116.960628 43.923151
    -116.960493 43.924126
    -116.96028 43.925013
    -116.960152 43.925537
    -116.959956 43.925916
    -116.959597 43.926691
    -116.959518 43.92704
    -116.959363 43.927739
    -116.959151 43.928738
    -116.959334 43.929325
    -116.959993 43.93065
    -116.960403 43.931589
    -116.961023 43.932366
    -116.961806 43.932797
    -116.962931 43.933072
    -116.964448 43.933506
    -116.965763 43.933837
    -116.966557 43.934259
    -116.966997 43.934475
    -116.967641 43.934792
    -116.968146 43.935297
    -116.968577 43.936051
    -116.968931 43.937007
    -116.969083 43.937747
    -116.969139 43.938865
    -116.969028 43.939921
    -116.968799 43.940774
    -116.96876 43.94092
    -116.968214 43.941881
    -116.967275 43.942434
    -116.966049 43.943278
    -116.964755 43.943905
    -116.964292 43.944286
    -116.964053 43.944851
    -116.963109 43.946064
    -116.96254 43.946993
    -116.962518 43.947073
    -116.962251 43.948097
    -116.962216 43.948975
    -116.96216 43.950102
    -116.962153 43.950465
    -116.962041 43.951479
    -116.961815 43.952038
    -116.96177 43.952149
    -116.961081 43.953256
    -116.960415 43.954564
    -116.960477 43.955103
    -116.960871 43.955575
    -116.961264 43.956
    -116.96181 43.956045
    -116.962879 43.956232
    -116.964208 43.956277
    -116.964915 43.956301
    -116.96644 43.956442
    -116.96722 43.956514
    -116.969716 43.956918
    -116.971574 43.956964
    -116.971963 43.957219
    -116.972298 43.957621
    -116.972431 43.957987
    -116.972331 43.958357
    -116.971695 43.958893
    -116.97049 43.959764
    -116.968715 43.960534
    -116.966305 43.961472
    -116.963826 43.962208
    -116.960478 43.963413
    -116.959808 43.963815
    -116.959206 43.964619
    -116.959038 43.965489
    -116.959206 43.96636
    -116.959708 43.96693
    -116.960133 43.967252
    -116.960645 43.967599
    -116.961683 43.968168
    -116.962755 43.968469
    -116.963813 43.968643
    -116.964414 43.968812
    -116.966314 43.968884
    -116.968634 43.968412
    -116.97088 43.968302
    -116.971253 43.968638
    -116.971433 43.969136
    -116.971433 43.96961
    -116.971556 43.970112
    -116.971854 43.97056
    -116.973106 43.971328
    -116.973468 43.971624
    -116.973626 43.971893
    -116.973807 43.972187
    -116.974101 43.972481
    -116.974395 43.972594
    -116.974824 43.972707
    -116.975208 43.97282
    -116.975525 43.973091
    -116.975751 43.973431
    -116.976 43.97377
    -116.97618 43.974267
    -116.97618 43.974425
    -116.97618 43.974719
    -116.976045 43.975058
    -116.975728 43.975533
    -116.975412 43.976007
    -116.975118 43.976324
    -116.974689 43.976618
    -116.974214 43.976889
    -116.973603 43.977228
    -116.972925 43.977522
    -116.972247 43.977635
    -116.971569 43.97759
    -116.971207 43.977499
    -116.970891 43.977432
    -116.970484 43.977409
    -116.969874 43.977432
    -116.969309 43.977499
    -116.968743 43.977477
    -116.968291 43.977296
    -116.967839 43.97716
    -116.967365 43.977047
    -116.966867 43.977138
    -116.966415 43.977296
    -116.965986 43.97768
    -116.965511 43.978178
    -116.96481 43.979183
    -116.964333 43.97993
    -116.963951 43.980562
    -116.963544 43.981105
    -116.962911 43.981783
    -116.962301 43.982167
    -116.961555 43.982506
    -116.960832 43.982823
    -116.960289 43.982958
    -116.959871 43.982925
    -116.959204 43.983139
    -116.958797 43.983331
    -116.958585 43.983425
    -116.958328 43.983495
    -116.957831 43.983563
    -116.957221 43.98362
    -116.956475 43.983654
    -116.955604 43.983654
    -116.954531 43.983631
    -116.954276 43.983603
    -116.954043 43.983551
    -116.95353 43.983563
    -116.953253 43.98358
    -116.952841 43.983541
    -116.952112 43.983445
    -116.951406 43.983221
    -116.950566 43.983783
    -116.949731 43.984121
    -116.949036 43.984404
    -116.948047 43.984465
    -116.94571 43.984454
    -116.942757 43.984043
    -116.940024 43.984445
    -116.938516 43.985032
    -116.937399 43.985755
    -116.936327 43.98655
    -116.935647 43.987608
    -116.935301 43.988616
    -116.935523 43.989645
    -116.935847 43.990875
    -116.936043 43.991199
    -116.936288 43.991605
    -116.937518 43.993337
    -116.938126 43.994225
    -116.938546 43.994837
    -116.939512 43.995798
    -116.940257 43.996872
    -116.940317 43.997291
    -116.940646 43.997949
    -116.941243 43.998646
    -116.941725 43.999006
    -116.94242 43.999437
    -116.942951 43.999885
    -116.943909 44.001043
    -116.944099 44.001382
    -116.94477 44.002501
    -116.94494 44.002779
    -116.944882 44.003593
    -116.944079 44.0043
    -116.943068 44.005199
    -116.942047 44.006191
    -116.941664 44.006479
    -116.941624 44.006509
    -116.941523 44.006585
    -116.941355 44.006712
    -116.94105 44.006927
    -116.939597 44.007935
    -116.93761 44.009494
    -116.936862 44.010504
    -116.936547 44.01155
    -116.93649 44.01174
    -116.93667 44.013295
    -116.936749 44.014839
    -116.936331 44.016092
    -116.935574 44.017523
    -116.935321 44.018
    -116.934713 44.020028
    -116.934499 44.021218
    -116.934728 44.023798
    -116.935091 44.02447
    -116.935184 44.02471
    -116.935243 44.024854
    -116.935292 44.024974
    -116.9353 44.024994
    -116.935335 44.025083
    -116.936134 44.02714
    -116.937248 44.029202
    -116.937342 44.029376
    -116.939608 44.032116
    -116.942003 44.034599
    -116.943361 44.035645
    -116.944831 44.03622
    -116.945511 44.036487
    -116.946089 44.036713
    -116.946301 44.036816
    -116.947713 44.037505
    -116.9479 44.037597
    -116.9495 44.038378
    -116.950255 44.038747
    -116.950513 44.03892
    -116.951342 44.039476
    -116.951737 44.039601
    -116.951799 44.03962
    -116.951986 44.03968
    -116.952049 44.0397
    -116.952792 44.039935
    -116.952926 44.040022
    -116.955131 44.041458
    -116.955246 44.041606
    -116.955824 44.042347
END
END
