31121 Merrick County
1
    -98.286922 41.162257
    -98.286923 41.162599
    -98.286879 41.166585
    -98.286905 41.170573
    -98.286905 41.172521
    -98.286906 41.174751
    -98.286896 41.176748
    -98.286867 41.182586
    -98.286868 41.18394
    -98.286871 41.186671
    -98.286883 41.187649
    -98.28689 41.190179
    -98.286885 41.1911
    -98.286877 41.192825
    -98.286881 41.198236
    -98.28688 41.198463
    -98.286876 41.199292
    -98.286872 41.200062
    -98.286867 41.200954
    -98.286869 41.203671
    -98.286858 41.205749
    -98.286857 41.209094
    -98.286815 41.217246
    -98.286816 41.218229
    -98.286816 41.21871
    -98.286814 41.220244
    -98.286758 41.225398
    -98.28676 41.225437
    -98.286757 41.226064
    -98.286759 41.227325
    -98.28676 41.228115
    -98.286791 41.232949
    -98.286795 41.233526
    -98.286796 41.234761
    -98.286796 41.234796
    -98.286799 41.238973
    -98.28679 41.240756
    -98.286789 41.240897
    -98.286754 41.247444
    -98.286734 41.249248
    -98.286731 41.249499
    -98.286751 41.251447
    -98.28677 41.254892
    -98.286764 41.25623
    -98.286763 41.256487
    -98.286755 41.258424
    -98.286752 41.260735
    -98.286735 41.263408
    -98.286762 41.263714
    -98.286749 41.264099
    -98.286742 41.265095
    -98.286741 41.265183
    -98.28673 41.266652
    -98.286763 41.269995
    -98.286768 41.270559
    -98.286767 41.271198
    -98.286767 41.271723
    -98.286767 41.271782
    -98.286739 41.271956
    -98.286748 41.275878
    -98.286748 41.276574
    -98.286748 41.277122
    -98.286763 41.278401
    -98.286763 41.279862
    -98.286763 41.280331
    -98.286702 41.28544
    -98.286697 41.286561
    -98.28672 41.288119
    -98.286738 41.288681
    -98.286735 41.288931
    -98.286708 41.289979
    -98.286693 41.290552
    -98.286683 41.292029
    -98.286747 41.293357
    -98.286709 41.294493
    -98.286661 41.2965
    -98.286705 41.297884
    -98.286693 41.298384
    -98.286675 41.30179
    -98.286678 41.302716
    -98.286651 41.302962
    -98.286649 41.302984
    -98.286633 41.303241
    -98.286652 41.303951
    -98.286676 41.305939
    -98.286671 41.306414
    -98.286669 41.306634
    -98.286655 41.307917
    -98.286578 41.30976
    -98.286568 41.310417
    -98.286546 41.311862
    -98.28658 41.313528
    -98.286597 41.313835
    -98.286556 41.314543
    -98.286604 41.31555
    -98.286615 41.317513
    -98.286606 41.319556
    -98.286629 41.321595
    -98.28659 41.323497
    -98.286606 41.327417
    -98.28661 41.330822
    -98.286615 41.333233
    -98.286611 41.333555
    -98.286607 41.334001
    -98.286607 41.335065
    -98.286608 41.336175
    -98.286604 41.340546
    -98.286606 41.341643
    -98.286611 41.343502
    -98.2866 41.346253
    -98.286611 41.350504
    -98.286612 41.351053
    -98.286614 41.351748
    -98.28664 41.353758
    -98.286644 41.354052
    -98.286608 41.357344
    -98.286598 41.358256
    -98.286598 41.358703
    -98.286597 41.360951
    -98.286635 41.364983
    -98.286609 41.369141
    -98.286607 41.371695
    -98.286606 41.373694
    -98.28658 41.375223
    -98.286594 41.375499
    -98.286586 41.377436
    -98.286591 41.379422
    -98.286591 41.379748
    -98.286598 41.384724
    -98.286602 41.38739
    -98.286589 41.389238
    -98.286587 41.390893
    -98.286584 41.393898
    -98.285603 41.39389
    -98.284783 41.393883
    -98.281844 41.39392
    -98.280021 41.3939
    -98.278868 41.393888
    -98.278206 41.393881
    -98.277748 41.393876
    -98.277523 41.39387
    -98.27746 41.393868
    -98.276434 41.393843
    -98.273892 41.393855
    -98.273908 41.389523
    -98.273914 41.38751
    -98.273934 41.380848
    -98.273941 41.379414
    -98.273944 41.372283
    -98.273948 41.365007
    -98.273949 41.364391
    -98.27395 41.363939
    -98.274074 41.360457
    -98.274201 41.355661
    -98.274353 41.354381
    -98.274421 41.353813
    -98.274372 41.353742
    -98.274355 41.353577
    -98.274354 41.353038
    -98.274395 41.351993
    -98.274422 41.350655
    -98.274416 41.350519
    -98.274512 41.346746
    -98.274482 41.339636
    -98.274455 41.333398
    -98.274489 41.331447
    -98.274528 41.329246
    -98.274612 41.324434
    -98.274615 41.321584
    -98.274643 41.318325
    -98.274643 41.318318
    -98.274666 41.315654
    -98.274666 41.315642
    -98.274799 41.31346
    -98.274813 41.308435
    -98.274883 41.304097
    -98.274945 41.297987
    -98.275056 41.293078
    -98.27511 41.289972
    -98.275181 41.285836
    -98.275203 41.28479
    -98.275234 41.282872
    -98.275286 41.281545
    -98.275307 41.280724
    -98.275337 41.279316
    -98.275352 41.277092
    -98.275366 41.275231
    -98.275392 41.272325
    -98.275407 41.270693
    -98.275406 41.269366
    -98.275404 41.266267
    -98.275408 41.264341
    -98.26683 41.264294
    -98.259846 41.264193
    -98.254959 41.264126
    -98.254163 41.264164
    -98.252335 41.264185
    -98.250341 41.264207
    -98.248277 41.264287
    -98.243965 41.264242
    -98.240957 41.264266
    -98.240357 41.264312
    -98.233584 41.264326
    -98.232975 41.264312
    -98.232934 41.264311
    -98.229051 41.264315
    -98.228705 41.264314
    -98.221947 41.264298
    -98.21156 41.264349
    -98.206624 41.264463
    -98.20479 41.264529
    -98.204553 41.264537
    -98.202189 41.264616
    -98.197883 41.264738
    -98.194196 41.264875
    -98.189306 41.264899
    -98.18786 41.264907
    -98.186795 41.264929
    -98.185039 41.264968
    -98.184989 41.264969
    -98.181566 41.265044
    -98.179596 41.265046
    -98.175458 41.265046
    -98.174956 41.265046
    -98.173099 41.265043
    -98.172197 41.265034
    -98.171257 41.265029
    -98.167706 41.265002
    -98.162855 41.264953
    -98.162173 41.264947
    -98.16071 41.264934
    -98.156943 41.264846
    -98.156646 41.264879
    -98.155819 41.264867
    -98.151758 41.264831
    -98.150652 41.264821
    -98.146968 41.2648
    -98.14566 41.26475
    -98.14082 41.264733
    -98.13993 41.264706
    -98.139154 41.264688
    -98.138842 41.264726
    -98.138599 41.264748
    -98.136554 41.264681
    -98.134495 41.264662
    -98.130766 41.264604
    -98.125339 41.264544
    -98.123156 41.264501
    -98.120721 41.264449
    -98.120266 41.264438
    -98.117997 41.264414
    -98.116874 41.264403
    -98.112346 41.264356
    -98.108477 41.264331
    -98.10227 41.264027
    -98.101546 41.264041
    -98.101594 41.270807
    -98.101602 41.271415
    -98.10166 41.278654
    -98.09949 41.27865
    -98.098535 41.278659
    -98.098114 41.278663
    -98.097947 41.278664
    -98.097707 41.278665
    -98.097582 41.278665
    -98.093636 41.278675
    -98.093148 41.278675
    -98.088479 41.278666
    -98.084022 41.278657
    -98.081087 41.278658
    -98.080095 41.278654
    -98.079278 41.278653
    -98.078907 41.278652
    -98.071804 41.278625
    -98.068634 41.278603
    -98.064247 41.278572
    -98.062315 41.278558
    -98.059901 41.278571
    -98.059753 41.278575
    -98.059634 41.278579
    -98.059219 41.278591
    -98.056263 41.27855
    -98.055744 41.278548
    -98.055002 41.278544
    -98.053133 41.278532
    -98.053134 41.280609
    -98.053137 41.293123
    -98.045449 41.293163
    -98.041446 41.293183
    -98.04088 41.293189
    -98.04073 41.29319
    -98.039711 41.293201
    -98.027657 41.293267
    -98.021567 41.2933
    -98.002487 41.293502
    -98.0 41.29353
    -97.999132 41.293548
    -97.997696 41.293565
    -97.997408 41.293561
    -97.989882 41.293659
    -97.988346 41.293663
    -97.983692 41.293724
    -97.98333 41.293747
    -97.983168 41.293757
    -97.982326 41.293761
    -97.978183 41.293737
    -97.977044 41.293731
    -97.976303 41.293742
    -97.976195 41.293744
    -97.974254 41.293736
    -97.973256 41.293724
    -97.973077 41.293724
    -97.965737 41.293726
    -97.964424 41.293712
    -97.964074 41.293716
    -97.963548 41.29374
    -97.960409 41.293752
    -97.960317 41.293742
    -97.960004 41.293684
    -97.959887 41.293677
    -97.959769 41.293692
    -97.959629 41.293736
    -97.958137 41.293729
    -97.957829 41.293722
    -97.957603 41.293697
    -97.957063 41.293695
    -97.956579 41.293735
    -97.956383 41.293744
    -97.956255 41.29373
    -97.956179 41.293721
    -97.955535 41.293693
    -97.954987 41.29368
    -97.953582 41.293671
    -97.952856 41.293681
    -97.952237 41.293679
    -97.951844 41.293668
    -97.950142 41.29366
    -97.949455 41.293646
    -97.949043 41.29363
    -97.948844 41.29363
    -97.948661 41.293651
    -97.948001 41.293684
    -97.947667 41.2937
    -97.947225 41.293687
    -97.946393 41.293711
    -97.946175 41.293723
    -97.945795 41.293726
    -97.94465 41.293717
    -97.944563 41.293722
    -97.942783 41.293724
    -97.94275 41.293741
    -97.942667 41.293745
    -97.942309 41.293721
    -97.942249 41.29372
    -97.942026 41.293718
    -97.941625 41.293725
    -97.941266 41.293716
    -97.937664 41.293689
    -97.936659 41.293696
    -97.936012 41.2937
    -97.934253 41.293663
    -97.933468 41.293686
    -97.932321 41.293672
    -97.930755 41.293682
    -97.929005 41.293676
    -97.927229 41.293657
    -97.925547 41.293678
    -97.925334 41.293681
    -97.925185 41.293683
    -97.921959 41.293683
    -97.920192 41.29369
    -97.918435 41.293676
    -97.916646 41.293647
    -97.916046 41.293628
    -97.915898 41.293623
    -97.915232 41.293644
    -97.914692 41.293649
    -97.91436 41.293629
    -97.913698 41.293619
    -97.913043 41.29362
    -97.912234 41.29361
    -97.911349 41.293617
    -97.911233 41.29362
    -97.910919 41.293629
    -97.907678 41.293589
    -97.907224 41.293597
    -97.906143 41.293594
    -97.897943 41.29363
    -97.897948 41.293855
    -97.898091 41.301028
    -97.898255 41.307487
    -97.898268 41.308224
    -97.896997 41.308224
    -97.887156 41.308157
    -97.884831 41.308149
    -97.87779 41.308243
    -97.867907 41.307753
    -97.86735 41.307768
    -97.865155 41.307765
    -97.863967 41.307763
    -97.863881 41.307763
    -97.862629 41.307769
    -97.861541 41.307773
    -97.860767 41.307768
    -97.860249 41.307765
    -97.860149 41.307764
    -97.859993 41.307765
    -97.858182 41.307779
    -97.853754 41.307777
    -97.853123 41.307776
    -97.850544 41.307795
    -97.848627 41.307801
    -97.829443 41.308156
    -97.818122 41.308249
    -97.810522 41.308312
    -97.801141 41.308384
    -97.791251 41.308239
    -97.789647 41.308268
    -97.789445 41.308271
    -97.789237 41.308275
    -97.784223 41.308401
    -97.781488 41.308418
    -97.780568 41.308424
    -97.775125 41.308375
    -97.772659 41.308353
    -97.771919 41.308358
    -97.769314 41.308379
    -97.765674 41.308431
    -97.763876 41.308449
    -97.759586 41.30851
    -97.755235 41.308593
    -97.755084 41.308595
    -97.752647 41.308631
    -97.749391 41.308668
    -97.74865 41.30867
    -97.74296 41.308731
    -97.73352 41.308833
    -97.733408 41.308834
    -97.726113 41.308916
    -97.721743 41.308964
    -97.721592 41.308966
    -97.714798 41.309042
    -97.71412 41.309042
    -97.705497 41.309134
    -97.705216 41.314703
    -97.704464 41.320027
    -97.70448 41.322887
    -97.704473 41.33359
    -97.704474 41.334796
    -97.704067 41.350173
    -97.70403 41.351953
    -97.703824 41.364129
    -97.703834 41.364636
    -97.703905 41.365224
    -97.704033 41.365709
    -97.704069 41.366043
    -97.704105 41.36628
    -97.703816 41.374872
    -97.703808 41.380307
    -97.703765 41.394876
    -97.696125 41.394887
    -97.694983 41.394876
    -97.69415 41.394883
    -97.693497 41.394892
    -97.692694 41.394887
    -97.676845 41.394894
    -97.676279 41.394909
    -97.675381 41.394904
    -97.67529 41.394904
    -97.675045 41.394905
    -97.67159 41.394912
    -97.668627 41.394897
    -97.666874 41.394922
    -97.666834 41.394952
    -97.66684 41.395153
    -97.637436 41.394938
    -97.625334 41.394849
    -97.598694 41.395076
    -97.598461 41.395068
    -97.598455 41.394861
    -97.59846 41.394656
    -97.598457 41.394146
    -97.598419 41.393963
    -97.598399 41.393775
    -97.59835 41.380938
    -97.598298 41.368836
    -97.598306 41.368175
    -97.598287 41.366375
    -97.598286 41.364372
    -97.598268 41.363452
    -97.598251 41.359697
    -97.598258 41.359133
    -97.598254 41.358599
    -97.598231 41.355079
    -97.598232 41.354968
    -97.598239 41.354096
    -97.598232 41.351984
    -97.598231 41.35182
    -97.598231 41.35176
    -97.59823 41.351497
    -97.598228 41.35126
    -97.598228 41.346285
    -97.598228 41.345105
    -97.598228 41.344324
    -97.59822 41.344261
    -97.598193 41.344054
    -97.59819 41.343948
    -97.598187 41.343822
    -97.598233 41.343597
    -97.598276 41.343389
    -97.598301 41.341873
    -97.59833 41.341
    -97.598339 41.340896
    -97.598259 41.338719
    -97.598277 41.338147
    -97.598274 41.334077
    -97.598253 41.333119
    -97.598272 41.331706
    -97.598237 41.331044
    -97.598231 41.329346
    -97.598228 41.328921
    -97.598222 41.328037
    -97.598185 41.322752
    -97.598205 41.317263
    -97.598205 41.317247
    -97.599328 41.316712
    -97.600268 41.316277
    -97.60133 41.315545
    -97.601663 41.315179
    -97.602725 41.314584
    -97.604363 41.313851
    -97.605577 41.31337
    -97.606214 41.313256
    -97.606851 41.31337
    -97.607489 41.313415
    -97.608459 41.313278
    -97.610371 41.313574
    -97.610917 41.31362
    -97.611554 41.313528
    -97.612039 41.313253
    -97.612555 41.312796
    -97.612828 41.31259
    -97.613374 41.312475
    -97.617433 41.311005
    -97.61757 41.310955
    -97.61941 41.310371
    -97.627308 41.307856
    -97.628113 41.307613
    -97.630991 41.306745
    -97.63396 41.306252
    -97.635865 41.306142
    -97.637215 41.306023
    -97.638216 41.305936
    -97.639845 41.305889
    -97.640776 41.305933
    -97.641017 41.306005
    -97.641929 41.306056
    -97.642047 41.306738
    -97.642376 41.308724
    -97.64253 41.309636
    -97.642539 41.309688
    -97.643141 41.309525
    -97.645235 41.308862
    -97.649465 41.307565
    -97.649543 41.30756
    -97.650605 41.30724
    -97.653307 41.306403
    -97.65409 41.306168
    -97.655134 41.30589
    -97.655267 41.305851
    -97.655771 41.3057
    -97.655907 41.305659
    -97.658554 41.304862
    -97.658126 41.304084
    -97.658032 41.303912
    -97.657996 41.303847
    -97.657978 41.303814
    -97.657477 41.302951
    -97.657069 41.302211
    -97.656747 41.301657
    -97.65668 41.301542
    -97.656637 41.301462
    -97.658101 41.300623
    -97.660187 41.298632
    -97.664466 41.294748
    -97.666177 41.296265
    -97.666888 41.296895
    -97.667234 41.297202
    -97.667947 41.297823
    -97.668259 41.298099
    -97.668462 41.298278
    -97.668645 41.298125
    -97.669351 41.297729
    -97.669767 41.297387
    -97.670631 41.296686
    -97.67223 41.295695
    -97.673545 41.294944
    -97.675038 41.294356
    -97.676348 41.293798
    -97.677197 41.293258
    -97.67804 41.29297
    -97.679143 41.292563
    -97.680351 41.291793
    -97.681245 41.29115
    -97.682388 41.290412
    -97.682493 41.290386
    -97.682621 41.290279
    -97.682875 41.290191
    -97.68305 41.290064
    -97.683335 41.289777
    -97.683892 41.289255
    -97.684103 41.289059
    -97.684811 41.28855
    -97.685179 41.288357
    -97.685613 41.288129
    -97.686462 41.287567
    -97.687969 41.286239
    -97.68879 41.285836
    -97.689562 41.285229
    -97.690554 41.284538
    -97.691753 41.283696
    -97.693062 41.282693
    -97.69439 41.281376
    -97.695939 41.280247
    -97.696956 41.279362
    -97.698223 41.278343
    -97.699503 41.277251
    -97.700921 41.276177
    -97.702875 41.274633
    -97.704108 41.273702
    -97.705723 41.272436
    -97.707537 41.270946
    -97.708699 41.269845
    -97.711039 41.267861
    -97.711847 41.267207
    -97.712572 41.266821
    -97.713367 41.26632
    -97.714217 41.2657
    -97.714503 41.265486
    -97.715417 41.264695
    -97.715503 41.264622
    -97.715944 41.26425
    -97.716253 41.264042
    -97.717903 41.262931
    -97.722205 41.260323
    -97.723336 41.259733
    -97.72472 41.259011
    -97.726527 41.258216
    -97.727396 41.2577
    -97.72806 41.257277
    -97.728691 41.25681
    -97.729551 41.256247
    -97.730678 41.255654
    -97.731695 41.255221
    -97.732982 41.254654
    -97.73345 41.25441
    -97.733805 41.254224
    -97.734511 41.253855
    -97.736242 41.253083
    -97.736908 41.252557
    -97.737423 41.252194
    -97.738705 41.251239
    -97.739255 41.250835
    -97.740983 41.250026
    -97.741649 41.249731
    -97.742454 41.249784
    -97.744833 41.249673
    -97.745927 41.249323
    -97.747561 41.248494
    -97.747984 41.248277
    -97.750303 41.246742
    -97.751484 41.245279
    -97.752526 41.244222
    -97.753174 41.243799
    -97.755602 41.242163
    -97.75741 41.240661
    -97.761422 41.238117
    -97.763402 41.236615
    -97.764069 41.236189
    -97.765465 41.235249
    -97.765999 41.23489
    -97.767812 41.232728
    -97.768277 41.232175
    -97.771754 41.228035
    -97.7725 41.227147
    -97.773709 41.225708
    -97.774104 41.225238
    -97.775229 41.2239
    -97.776125 41.222823
    -97.777493 41.221195
    -97.779218 41.21914
    -97.779637 41.218642
    -97.780997 41.21715
    -97.781475 41.216627
    -97.782119 41.215824
    -97.782953 41.214879
    -97.783356 41.214424
    -97.786294 41.211092
    -97.786654 41.21074
    -97.787433 41.209864
    -97.788248 41.208948
    -97.788883 41.208235
    -97.789719 41.207295
    -97.790689 41.206265
    -97.790967 41.206009
    -97.794689 41.203635
    -97.797088 41.202062
    -97.798987 41.200834
    -97.800384 41.19993
    -97.800911 41.199574
    -97.80167 41.199062
    -97.803974 41.197507
    -97.804307 41.197266
    -97.804816 41.196901
    -97.804743 41.19684
    -97.804577 41.196701
    -97.803222 41.195567
    -97.80299 41.195373
    -97.801954 41.194506
    -97.800529 41.193314
    -97.80063 41.19327
    -97.800728 41.193196
    -97.801016 41.192868
    -97.801137 41.192754
    -97.801359 41.192602
    -97.801509 41.19252
    -97.801905 41.192339
    -97.802561 41.192001
    -97.802883 41.191828
    -97.803089 41.191743
    -97.803245 41.191705
    -97.803539 41.19168
    -97.803636 41.191659
    -97.803733 41.191621
    -97.80395 41.191505
    -97.804052 41.191432
    -97.804423 41.191219
    -97.804594 41.191084
    -97.804713 41.191009
    -97.804751 41.19099
    -97.805135 41.190459
    -97.805702 41.189984
    -97.806237 41.189236
    -97.807817 41.188076
    -97.809445 41.18681
    -97.809558 41.186634
    -97.809719 41.186472
    -97.810235 41.186078
    -97.810533 41.185868
    -97.810751 41.185612
    -97.810844 41.185497
    -97.81099 41.185353
    -97.811189 41.185228
    -97.811408 41.185138
    -97.816316 41.182292
    -97.819931 41.180031
    -97.820606 41.179671
    -97.822202 41.178892
    -97.822391 41.178751
    -97.822873 41.178373
    -97.823666 41.177763
    -97.8244 41.177373
    -97.824824 41.177144
    -97.825165 41.176979
    -97.82827 41.17549
    -97.828243 41.17375
    -97.828419 41.173625
    -97.829219 41.172332
    -97.830417 41.170726
    -97.831467 41.169134
    -97.8347 41.165003
    -97.836631 41.161878
    -97.836673 41.161811
    -97.838482 41.159818
    -97.843422 41.155234
    -97.845191 41.153643
    -97.846378 41.152486
    -97.847363 41.15095
    -97.849318 41.149199
    -97.850802 41.148003
    -97.854627 41.143896
    -97.854631 41.143892
    -97.857279 41.140915
    -97.858809 41.139281
    -97.858813 41.139277
    -97.861946 41.135931
    -97.862816 41.134964
    -97.863217 41.134539
    -97.863915 41.133785
    -97.863919 41.13378
    -97.863932 41.133766
    -97.863985 41.133709
    -97.864054 41.133635
    -97.864739 41.132896
    -97.866359 41.131492
    -97.866364 41.131488
    -97.866748 41.131142
    -97.866983 41.130929
    -97.867501 41.13046
    -97.869109 41.128827
    -97.869437 41.128493
    -97.869535 41.128401
    -97.870336 41.127636
    -97.87091 41.127092
    -97.870942 41.12706
    -97.872776 41.125444
    -97.8728 41.125435
    -97.873283 41.125014
    -97.873704 41.124494
    -97.874904 41.123418
    -97.874906 41.123384
    -97.880376 41.118993
    -97.880471 41.118993
    -97.885771 41.115991
    -97.8858 41.115972
    -97.886188 41.115717
    -97.886386 41.115583
    -97.886733 41.115349
    -97.890228 41.112988
    -97.890251 41.112972
    -97.890465 41.112827
    -97.890662 41.112694
    -97.89155 41.112095
    -97.891561 41.112086
    -97.891567 41.112082
    -97.891574 41.112078
    -97.891643 41.11203
    -97.892531 41.111496
    -97.901641 41.108241
    -97.903547 41.1074
    -97.90444 41.107288
    -97.904989 41.10721
    -97.905388 41.107049
    -97.907008 41.106401
    -97.908313 41.105879
    -97.910138 41.105263
    -97.910809 41.105037
    -97.912911 41.104327
    -97.9132 41.104278
    -97.91385 41.104167
    -97.914336 41.104085
    -97.914726 41.104122
    -97.915746 41.104095
    -97.917258 41.104055
    -97.9195 41.103816
    -97.92188 41.103206
    -97.924222 41.102446
    -97.924284 41.102385
    -97.924798 41.102179
    -97.924889 41.102165
    -97.925403 41.102088
    -97.925981 41.10202
    -97.929381 41.101282
    -97.929975 41.101155
    -97.931287 41.100871
    -97.930536 41.099075
    -97.932239 41.097459
    -97.93633 41.09532
    -97.93655 41.095205
    -97.936558 41.095201
    -97.937098 41.094918
    -97.938558 41.094399
    -97.939051 41.094224
    -97.940797 41.093603
    -97.940871 41.093577
    -97.943656 41.092427
    -97.943817 41.092403
    -97.944439 41.092309
    -97.945356 41.092171
    -97.948503 41.091137
    -97.949183 41.090837
    -97.952505 41.090512
    -97.95506 41.090262
    -97.956298 41.09014
    -97.956355 41.090135
    -97.956487 41.090123
    -97.956616 41.09011
    -97.95942 41.089223
    -97.961661 41.088336
    -97.961865 41.088255
    -97.961876 41.088251
    -97.962885 41.087852
    -97.963684 41.087318
    -97.963691 41.087315
    -97.963697 41.087312
    -97.963704 41.087308
    -97.963711 41.087304
    -97.96376 41.087278
    -97.963802 41.087256
    -97.963814 41.08725
    -97.963827 41.087243
    -97.963835 41.087239
    -97.963886 41.087211
    -97.963956 41.087175
    -97.964174 41.087064
    -97.964632 41.086828
    -97.964758 41.086745
    -97.965099 41.086507
    -97.96544 41.086269
    -97.966162 41.086206
    -97.966885 41.086144
    -97.966998 41.086252
    -97.967201 41.086446
    -97.967893 41.087104
    -97.968455 41.087735
    -97.968542 41.087834
    -97.968571 41.087867
    -97.96869 41.088
    -97.969221 41.088595
    -97.969282 41.088664
    -97.96943 41.088832
    -97.969908 41.089377
    -97.970656 41.090229
    -97.970688 41.090263
    -97.97077 41.09035
    -97.970986 41.090599
    -97.971898 41.091653
    -97.972135 41.091926
    -97.972404 41.092235
    -97.972636 41.092502
    -97.973299 41.092161
    -97.97607 41.090679
    -97.977141 41.090109
    -97.978213 41.089539
    -97.982132 41.087586
    -97.98851 41.084413
    -97.991039 41.082823
    -97.998534 41.078124
    -97.999884 41.077363
    -97.999891 41.077359
    -98.000197 41.077173
    -98.000217 41.077161
    -98.000228 41.077154
    -98.000335 41.077089
    -98.000402 41.077055
    -98.000706 41.076901
    -98.001431 41.076631
    -98.001453 41.076607
    -98.002226 41.076356
    -98.002275 41.076354
    -98.004581 41.075614
    -98.005536 41.075054
    -98.006925 41.074139
    -98.010108 41.072372
    -98.011027 41.071687
    -98.011369 41.071433
    -98.012089 41.070866
    -98.012882 41.06996
    -98.013942 41.069288
    -98.017157 41.067601
    -98.017687 41.067313
    -98.019385 41.066392
    -98.021459 41.064459
    -98.023994 41.061814
    -98.024325 41.061507
    -98.027703 41.058788
    -98.028476 41.058213
    -98.030374 41.057103
    -98.03137 41.056317
    -98.032525 41.055256
    -98.033063 41.054764
    -98.036747 41.051785
    -98.038479 41.050473
    -98.041046 41.04853
    -98.040598 41.048226
    -98.039083 41.047198
    -98.038865 41.046982
    -98.039717 41.04651
    -98.03999 41.046359
    -98.043572 41.044378
    -98.046582 41.042497
    -98.047479 41.041883
    -98.049262 41.040666
    -98.050568 41.039833
    -98.052948 41.038178
    -98.056623 41.035634
    -98.059345 41.033972
    -98.060543 41.033242
    -98.062662 41.031985
    -98.065734 41.030023
    -98.067045 41.028746
    -98.068183 41.027639
    -98.069664 41.026179
    -98.072537 41.023219
    -98.073587 41.022283
    -98.0739 41.022004
    -98.074285 41.021392
    -98.075375 41.019871
    -98.075724 41.019591
    -98.076798 41.018727
    -98.076994 41.018576
    -98.077015 41.01856
    -98.077079 41.01851
    -98.077382 41.018399
    -98.077757 41.018262
    -98.078731 41.017906
    -98.080839 41.016924
    -98.08088 41.016894
    -98.082585 41.015644
    -98.08369 41.014701
    -98.08468 41.013944
    -98.085133 41.013541
    -98.085151 41.013525
    -98.085156 41.013521
    -98.085392 41.013311
    -98.085746 41.012512
    -98.08623 41.012046
    -98.087115 41.011196
    -98.088457 41.010632
    -98.089218 41.010314
    -98.090844 41.009961
    -98.091851 41.00985
    -98.092363 41.009794
    -98.092954 41.009712
    -98.093628 41.00962
    -98.094064 41.009691
    -98.094188 41.00972
    -98.094565 41.009777
    -98.095401 41.009218
    -98.095555 41.009076
    -98.096266 41.008424
    -98.097067 41.008174
    -98.097103 41.008176
    -98.097111 41.008176
    -98.097192 41.008168
    -98.0972 41.008167
    -98.097231 41.008164
    -98.097541 41.008134
    -98.097719 41.008117
    -98.097736 41.008115
    -98.098512 41.008113
    -98.099761 41.007594
    -98.100081 41.007869
    -98.100296 41.007741
    -98.108424 41.002902
    -98.114517 41.000061
    -98.114946 41.000612
    -98.117911 41.004419
    -98.119374 41.003776
    -98.11999 41.00328
    -98.120242 41.003079
    -98.120907 41.002696
    -98.121656 41.002411
    -98.122426 41.002206
    -98.124568 41.001166
    -98.125127 41.000595
    -98.125339 41.000468
    -98.125446 41.000402
    -98.125757 41.000214
    -98.126076 41.000012
    -98.127438 40.999174
    -98.130271 40.99759
    -98.131184 40.99708
    -98.132222 40.996432
    -98.134358 40.993618
    -98.135204 40.99268
    -98.135791 40.992062
    -98.13792 40.989378
    -98.138219 40.989002
    -98.141333 40.986842
    -98.1428 40.985825
    -98.143696 40.985287
    -98.144028 40.985088
    -98.144584 40.984753
    -98.145219 40.984373
    -98.147975 40.982718
    -98.151531 40.97999
    -98.151901 40.979637
    -98.156337 40.97541
    -98.159374 40.971736
    -98.163692 40.966616
    -98.167728 40.962276
    -98.168849 40.961071
    -98.169455 40.960614
    -98.171875 40.958374
    -98.172144 40.958126
    -98.174298 40.956565
    -98.177937 40.95393
    -98.182759 40.95055
    -98.183628 40.949942
    -98.186107 40.948451
    -98.187179 40.947808
    -98.188607 40.946685
    -98.190344 40.945322
    -98.193506 40.943433
    -98.19714 40.94176
    -98.197926 40.941458
    -98.199834 40.940729
    -98.20301 40.939511
    -98.206754 40.937686
    -98.210691 40.935782
    -98.21147 40.935426
    -98.213604 40.934455
    -98.216125 40.932997
    -98.218003 40.931911
    -98.219736 40.930576
    -98.222564 40.927874
    -98.223323 40.927246
    -98.223613 40.927136
    -98.225066 40.925903
    -98.226684 40.924486
    -98.227102 40.924081
    -98.228889 40.922352
    -98.231127 40.920142
    -98.232784 40.918523
    -98.23343 40.917893
    -98.235016 40.916343
    -98.235173 40.91617
    -98.236373 40.914842
    -98.237131 40.913896
    -98.237138 40.913887
    -98.237666 40.913231
    -98.237673 40.913223
    -98.237678 40.913217
    -98.23829 40.912457
    -98.23982 40.910547
    -98.239947 40.910388
    -98.239965 40.910365
    -98.239976 40.910352
    -98.240878 40.909236
    -98.242236 40.90754
    -98.242295 40.907473
    -98.244438 40.904802
    -98.244507 40.90467
    -98.247245 40.902757
    -98.250336 40.900966
    -98.25087 40.90056
    -98.251961 40.899672
    -98.25519 40.897616
    -98.256931 40.896013
    -98.26322 40.890226
    -98.265378 40.888186
    -98.26841 40.88532
    -98.270887 40.882979
    -98.273426 40.880582
    -98.274503 40.879415
    -98.274764 40.879134
    -98.277492 40.876544
    -98.279127 40.875011
    -98.279556 40.874585
    -98.280077 40.874075
    -98.280639 40.873646
    -98.280848 40.873487
    -98.280876 40.873466
    -98.280915 40.873436
    -98.281287 40.873152
    -98.281468 40.873007
    -98.282116 40.872579
    -98.282569 40.872296
    -98.282566 40.873474
    -98.282565 40.873548
    -98.282565 40.873734
    -98.282566 40.873813
    -98.282566 40.873887
    -98.282566 40.873919
    -98.282566 40.87392
    -98.282565 40.87402
    -98.282565 40.87412
    -98.282565 40.874239
    -98.282448 40.875012
    -98.282449 40.876325
    -98.28245 40.87696
    -98.28245 40.876975
    -98.282452 40.878722
    -98.282452 40.878789
    -98.282497 40.882233
    -98.282512 40.883381
    -98.282539 40.886825
    -98.282543 40.887442
    -98.282607 40.88973
    -98.282604 40.889918
    -98.282594 40.890456
    -98.282583 40.891122
    -98.282584 40.892723
    -98.282584 40.894091
    -98.282578 40.897651
    -98.282578 40.897731
    -98.282579 40.901329
    -98.282567 40.902518
    -98.282561 40.905037
    -98.282556 40.905551
    -98.282552 40.90604
    -98.28255 40.906368
    -98.282543 40.907445
    -98.282537 40.908244
    -98.282537 40.908256
    -98.282536 40.908732
    -98.282535 40.909207
    -98.282543 40.910666
    -98.282542 40.912021
    -98.282537 40.913322
    -98.282539 40.913793
    -98.282545 40.91583
    -98.282551 40.916539
    -98.282553 40.916692
    -98.282558 40.917247
    -98.282558 40.917276
    -98.282565 40.918049
    -98.282566 40.919703
    -98.282566 40.920313
    -98.282566 40.921339
    -98.282568 40.922117
    -98.282569 40.922505
    -98.28257 40.922711
    -98.282569 40.92302
    -98.282567 40.923375
    -98.282563 40.924186
    -98.282564 40.924955
    -98.282565 40.925358
    -98.282555 40.925612
    -98.282554 40.926341
    -98.282548 40.928194
    -98.282519 40.930285
    -98.282518 40.930349
    -98.282529 40.931257
    -98.282528 40.931369
    -98.282514 40.933352
    -98.282538 40.934717
    -98.282539 40.934779
    -98.282545 40.935081
    -98.282543 40.935588
    -98.282539 40.936222
    -98.282533 40.937204
    -98.282526 40.938758
    -98.28252 40.941057
    -98.282514 40.943595
    -98.282516 40.944814
    -98.282508 40.945953
    -98.282498 40.948443
    -98.282515 40.94896
    -98.282528 40.949355
    -98.282517 40.950666
    -98.282516 40.950774
    -98.282504 40.952251
    -98.282503 40.952378
    -98.282503 40.952388
    -98.282507 40.95442
    -98.282507 40.954486
    -98.282508 40.954689
    -98.282507 40.955664
    -98.282507 40.95568
    -98.282503 40.956058
    -98.282503 40.956091
    -98.282479 40.958284
    -98.282487 40.959328
    -98.282478 40.961948
    -98.282477 40.962145
    -98.282472 40.972173
    -98.282463 40.973438
    -98.282463 40.973446
    -98.282461 40.973821
    -98.282477 40.97534
    -98.282463 40.98107
    -98.28246 40.981417
    -98.28246 40.981452
    -98.282447 40.983066
    -98.282453 40.984686
    -98.282455 40.988329
    -98.282432 40.992086
    -98.28243 40.995096
    -98.28243 40.995955
    -98.282431 40.996692
    -98.282432 40.997099
    -98.282432 40.997144
    -98.282436 40.998674
    -98.282415 41.002836
    -98.282413 41.003326
    -98.282408 41.004984
    -98.282407 41.005523
    -98.282422 41.00798
    -98.282418 41.008837
    -98.282418 41.008849
    -98.282417 41.009111
    -98.282415 41.00959
    -98.282406 41.01354
    -98.282394 41.015757
    -98.282396 41.01734
    -98.28239 41.024059
    -98.282389 41.024889
    -98.282389 41.024912
    -98.282389 41.025147
    -98.282389 41.02531
    -98.282389 41.025344
    -98.282395 41.026597
    -98.282384 41.028454
    -98.282382 41.031858
    -98.282391 41.032747
    -98.282381 41.034798
    -98.282385 41.036903
    -98.282369 41.038986
    -98.282368 41.039159
    -98.282353 41.04102
    -98.282355 41.042367
    -98.282358 41.045814
    -98.282359 41.046312
    -98.282359 41.046355
    -98.287168 41.046363
    -98.287163 41.049394
    -98.287154 41.05101
    -98.287146 41.052426
    -98.287141 41.053417
    -98.28713 41.055629
    -98.287126 41.056413
    -98.287103 41.060618
    -98.287106 41.06082
    -98.287128 41.06272
    -98.287116 41.063419
    -98.287089 41.064919
    -98.28709 41.067256
    -98.287091 41.068153
    -98.287092 41.070431
    -98.287063 41.073151
    -98.287064 41.075323
    -98.287065 41.075859
    -98.28705 41.078695
    -98.287047 41.079384
    -98.287038 41.081252
    -98.287038 41.081359
    -98.287039 41.082522
    -98.28704 41.083972
    -98.287035 41.08502
    -98.287029 41.08604
    -98.287026 41.086675
    -98.287029 41.089822
    -98.28703 41.092109
    -98.287018 41.094514
    -98.287017 41.095048
    -98.287019 41.097526
    -98.287037 41.100246
    -98.28704 41.102589
    -98.28704 41.102848
    -98.287019 41.103686
    -98.287012 41.103988
    -98.287008 41.10431
    -98.286999 41.105151
    -98.287008 41.105793
    -98.287008 41.107102
    -98.28701 41.108466
    -98.286997 41.111199
    -98.286999 41.113883
    -98.286985 41.116639
    -98.287 41.118778
    -98.287002 41.119343
    -98.286961 41.133282
    -98.286972 41.134758
    -98.286952 41.138693
    -98.286955 41.140801
    -98.286957 41.142524
    -98.286986 41.144012
    -98.286981 41.144476
    -98.286975 41.145017
    -98.286974 41.145157
    -98.286945 41.145661
    -98.286919 41.145973
    -98.286908 41.14698
    -98.286946 41.147773
    -98.286966 41.147982
    -98.286942 41.150221
    -98.286954 41.15121
    -98.286915 41.154832
    -98.286922 41.162257
END
END
