47091 Johnson County
1
    -81.993505 36.433888
    -81.993904 36.434507
    -81.993823 36.434895
    -81.993343 36.435354
    -81.992783 36.435733
    -81.992522 36.436015
    -81.992332 36.436353
    -81.992101 36.436387
    -81.991852 36.436425
    -81.990983 36.436456
    -81.990383 36.436577
    -81.990083 36.43673
    -81.989792 36.437238
    -81.989642 36.437568
    -81.989071 36.437858
    -81.987181 36.438969
    -81.9867 36.439202
    -81.986161 36.439226
    -81.985751 36.439201
    -81.985431 36.439362
    -81.98511 36.439708
    -81.98476 36.439918
    -81.98455 36.440055
    -81.98423 36.440377
    -81.983889 36.440748
    -81.983479 36.44103
    -81.983337 36.441094
    -81.982929 36.441279
    -81.982589 36.441609
    -81.982278 36.441948
    -81.982218 36.442359
    -81.982215 36.442375
    -81.982046 36.443279
    -81.981903 36.44401
    -81.981835 36.44436
    -81.981644 36.444957
    -81.981293 36.445409
    -81.980963 36.44561
    -81.980772 36.446191
    -81.980411 36.44703
    -81.97991 36.447618
    -81.97936 36.447706
    -81.97873 36.447762
    -81.97864 36.44802
    -81.978759 36.448327
    -81.978939 36.448714
    -81.978678 36.448932
    -81.978338 36.44906
    -81.977778 36.449326
    -81.977568 36.449656
    -81.977457 36.450011
    -81.977297 36.450342
    -81.977223 36.450406
    -81.976986 36.450616
    -81.976436 36.450986
    -81.975805 36.451655
    -81.974563 36.453195
    -81.974001 36.454203
    -81.973661 36.454517
    -81.973301 36.454613
    -81.972671 36.454757
    -81.97236 36.455056
    -81.972359 36.455604
    -81.972149 36.45604
    -81.971898 36.456411
    -81.971077 36.457168
    -81.970466 36.45795
    -81.969984 36.458724
    -81.969494 36.459038
    -81.969043 36.459489
    -81.968803 36.460005
    -81.968442 36.460441
    -81.968072 36.460545
    -81.967811 36.460779
    -81.967661 36.461045
    -81.96745 36.461432
    -81.96722 36.461867
    -81.966809 36.462052
    -81.966569 36.462334
    -81.966288 36.462745
    -81.965978 36.462947
    -81.965458 36.463059
    -81.964998 36.463187
    -81.964107 36.463404
    -81.962806 36.464144
    -81.962366 36.464393
    -81.961915 36.464635
    -81.961415 36.464957
    -81.961134 36.465319
    -81.960553 36.465843
    -81.959612 36.466398
    -81.957741 36.467315
    -81.957625 36.467339
    -81.957241 36.467419
    -81.956771 36.467386
    -81.95618 36.467514
    -81.95573 36.467723
    -81.95546 36.468005
    -81.955209 36.468425
    -81.954978 36.468925
    -81.954677 36.469263
    -81.954126 36.469601
    -81.953645 36.469713
    -81.953175 36.469688
    -81.952435 36.469744
    -81.952095 36.469945
    -81.951844 36.470291
    -81.951874 36.470606
    -81.952134 36.470711
    -81.952483 36.470793
    -81.952553 36.470954
    -81.952373 36.471107
    -81.952113 36.471228
    -81.951912 36.471494
    -81.951721 36.471825
    -81.951646 36.471886
    -81.951361 36.472123
    -81.950991 36.472186
    -81.9505 36.472307
    -81.950315 36.472328
    -81.94984 36.472385
    -81.950167 36.472679
    -81.951153 36.473566
    -81.951482 36.473863
    -81.951555 36.47388
    -81.9517 36.473917
    -81.951888 36.473965
    -81.952208 36.474047
    -81.952578 36.474169
    -81.952873 36.474288
    -81.953082 36.474381
    -81.953273 36.474467
    -81.953479 36.474525
    -81.953578 36.474552
    -81.953729 36.474595
    -81.953956 36.47469
    -81.954054 36.474767
    -81.954105 36.474821
    -81.954187 36.474898
    -81.954385 36.475122
    -81.954598 36.475392
    -81.954632 36.475435
    -81.954848 36.475725
    -81.954925 36.475797
    -81.955013 36.475866
    -81.955155 36.475944
    -81.955277 36.475975
    -81.956089 36.47609
    -81.956589 36.476184
    -81.956732 36.476238
    -81.956784 36.476266
    -81.95683 36.476298
    -81.956927 36.476389
    -81.956987 36.47654
    -81.957 36.476601
    -81.957011 36.476763
    -81.957006 36.476841
    -81.957066 36.477091
    -81.957205 36.477536
    -81.957387 36.4779
    -81.95745 36.478017
    -81.957522 36.47815
    -81.957606 36.4784
    -81.957734 36.478807
    -81.957957 36.479281
    -81.95801 36.479361
    -81.958164 36.479594
    -81.958308 36.479783
    -81.958414 36.479881
    -81.958476 36.479938
    -81.958533 36.479979
    -81.958585 36.480007
    -81.958643 36.480031
    -81.958779 36.480094
    -81.959126 36.48023
    -81.959167 36.480253
    -81.959311 36.480372
    -81.959626 36.480537
    -81.96012 36.480879
    -81.960362 36.481068
    -81.960505 36.48123
    -81.960586 36.481342
    -81.961396 36.481617
    -81.963003 36.482164
    -81.963797 36.482255
    -81.963851 36.482299
    -81.96391 36.482347
    -81.963967 36.483125
    -81.964166 36.48324
    -81.964257 36.483353
    -81.964478 36.483629
    -81.965042 36.484157
    -81.965316 36.484414
    -81.965499 36.48459
    -81.96587 36.484939
    -81.96618 36.485231
    -81.967564 36.486481
    -81.967853 36.486742
    -81.967938 36.487108
    -81.968064 36.48716
    -81.968442 36.487316
    -81.968569 36.487368
    -81.969068 36.487574
    -81.970491 36.488161
    -81.970553 36.488215
    -81.970775 36.488412
    -81.97086 36.488641
    -81.971362 36.489474
    -81.971973 36.489806
    -81.972262 36.490634
    -81.972787 36.491238
    -81.973974 36.492105
    -81.97472 36.493036
    -81.975152 36.493689
    -81.975692 36.494504
    -81.976215 36.495174
    -81.977327 36.49545
    -81.97862 36.496036
    -81.979537 36.496954
    -81.980108 36.497657
    -81.981215 36.498127
    -81.982461 36.499042
    -81.982979 36.499502
    -81.983593 36.49973
    -81.983942 36.500114
    -81.984044 36.500214
    -81.984044 36.500314
    -81.984144 36.500414
    -81.984144 36.500496
    -81.984144 36.500614
    -81.984244 36.500614
    -81.984331 36.500701
    -81.984344 36.500814
    -81.984463 36.500914
    -81.984644 36.500814
    -81.984744 36.500814
    -81.985044 36.500714
    -81.985144 36.500714
    -81.985344 36.500514
    -81.985644 36.500314
    -81.985744 36.500214
    -81.985767 36.500114
    -81.986713 36.49927
    -81.987103 36.499109
    -81.987503 36.499142
    -81.987713 36.499296
    -81.987733 36.499602
    -81.987688 36.500114
    -81.987744 36.500414
    -81.987744 36.500714
    -81.987744 36.501014
    -81.987644 36.501214
    -81.987444 36.501414
    -81.98695 36.501513
    -81.986444 36.501714
    -81.986044 36.502114
    -81.985954 36.502381
    -81.985944 36.502414
    -81.985856 36.502854
    -81.985844 36.502914
    -81.985644 36.503514
    -81.985644 36.504114
    -81.985744 36.504414
    -81.985744 36.504814
    -81.985744 36.505114
    -81.985529 36.505222
    -81.985344 36.505314
    -81.984944 36.505514
    -81.984744 36.505814
    -81.984544 36.506114
    -81.984444 36.506514
    -81.984344 36.506814
    -81.984344 36.507314
    -81.984244 36.507714
    -81.984044 36.508014
    -81.983844 36.508214
    -81.983843 36.508314
    -81.983544 36.508314
    -81.983444 36.508414
    -81.983144 36.508414
    -81.982944 36.508414
    -81.982444 36.508514
    -81.981844 36.508614
    -81.981444 36.508814
    -81.981144 36.508914
    -81.980644 36.509214
    -81.980344 36.509814
    -81.980244 36.510314
    -81.980144 36.510714
    -81.980044 36.511114
    -81.979944 36.511214
    -81.979744 36.511414
    -81.979544 36.511514
    -81.979144 36.511714
    -81.978744 36.512014
    -81.978673 36.512368
    -81.978644 36.512514
    -81.978444 36.512814
    -81.978144 36.513014
    -81.977744 36.513314
    -81.977144 36.513514
    -81.976907 36.513633
    -81.976744 36.513714
    -81.976244 36.513914
    -81.975765 36.514154
    -81.975644 36.514214
    -81.975144 36.514714
    -81.974744 36.515014
    -81.974344 36.515614
    -81.973944 36.516014
    -81.973744 36.516414
    -81.973544 36.516814
    -81.973344 36.517714
    -81.973244 36.518414
    -81.973044 36.518814
    -81.973044 36.519414
    -81.973044 36.520114
    -81.973144 36.520415
    -81.973244 36.520614
    -81.973144 36.520914
    -81.973114 36.520974
    -81.972944 36.521314
    -81.972944 36.522014
    -81.972944 36.522067
    -81.972944 36.522314
    -81.972944 36.522714
    -81.972777 36.523049
    -81.972744 36.523114
    -81.972544 36.523414
    -81.972244 36.523614
    -81.971744 36.523814
    -81.971144 36.524314
    -81.970544 36.524814
    -81.970144 36.525314
    -81.969944 36.525614
    -81.969544 36.525714
    -81.968744 36.525714
    -81.968144 36.525714
    -81.967744 36.525814
    -81.967344 36.526014
    -81.967144 36.526014
    -81.967044 36.526114
    -81.967044 36.526214
    -81.966544 36.528314
    -81.966244 36.528814
    -81.965989 36.529154
    -81.965944 36.529214
    -81.965844 36.529614
    -81.965644 36.530215
    -81.965245 36.530916
    -81.964945 36.531517
    -81.964545 36.532018
    -81.964145 36.532419
    -81.963645 36.53252
    -81.963144 36.53242
    -81.962644 36.532621
    -81.962043 36.532922
    -81.961743 36.533023
    -81.961242 36.533123
    -81.961042 36.533224
    -81.960742 36.533424
    -81.960342 36.533825
    -81.960127 36.534113
    -81.960042 36.534226
    -81.959742 36.534427
    -81.959242 36.534427
    -81.959102 36.534334
    -81.958941 36.534227
    -81.958341 36.534328
    -81.958141 36.534528
    -81.957956 36.534714
    -81.957941 36.534729
    -81.957812 36.534772
    -81.95734 36.53493
    -81.95694 36.53503
    -81.956439 36.535131
    -81.956139 36.535131
    -81.956039 36.535232
    -81.955939 36.535232
    -81.955839 36.535232
    -81.955438 36.535332
    -81.955139 36.535432
    -81.954638 36.535734
    -81.954138 36.536035
    -81.953637 36.536336
    -81.953237 36.536536
    -81.952637 36.536737
    -81.952236 36.536638
    -81.951636 36.536738
    -81.951135 36.536939
    -81.950676 36.537215
    -81.950635 36.53724
    -81.950235 36.537441
    -81.949734 36.537541
    -81.949234 36.537642
    -81.948833 36.537743
    -81.948533 36.537943
    -81.948133 36.538244
    -81.94804 36.538623
    -81.948036 36.538639
    -81.947842 36.539124
    -81.947806 36.539304
    -81.947739 36.539625
    -81.947544 36.540014
    -81.947244 36.540414
    -81.947144 36.540614
    -81.947034 36.540778
    -81.946944 36.540914
    -81.946744 36.541214
    -81.946444 36.541514
    -81.946337 36.541728
    -81.946244 36.541914
    -81.946244 36.542114
    -81.946144 36.542214
    -81.946144 36.542314
    -81.945355 36.542678
    -81.944844 36.542914
    -81.944644 36.543114
    -81.944344 36.543214
    -81.944144 36.543214
    -81.943644 36.543414
    -81.943344 36.543914
    -81.943144 36.544014
    -81.942644 36.544014
    -81.942444 36.544414
    -81.942344 36.544714
    -81.942344 36.545014
    -81.942044 36.545214
    -81.941744 36.545414
    -81.941344 36.545714
    -81.941044 36.546014
    -81.940544 36.546314
    -81.940143 36.546414
    -81.939543 36.546514
    -81.939143 36.546514
    -81.938743 36.546614
    -81.938643 36.546614
    -81.938443 36.546814
    -81.938343 36.546914
    -81.938443 36.547114
    -81.938443 36.547614
    -81.938443 36.547793
    -81.938443 36.547914
    -81.938343 36.548414
    -81.938143 36.548714
    -81.937943 36.549014
    -81.937443 36.549214
    -81.936743 36.549414
    -81.936043 36.549714
    -81.935343 36.550014
    -81.934543 36.550414
    -81.933543 36.551014
    -81.933143 36.551214
    -81.932843 36.551514
    -81.932343 36.551814
    -81.931743 36.552214
    -81.931143 36.552814
    -81.930743 36.553214
    -81.930529 36.55347
    -81.930243 36.553814
    -81.929843 36.554014
    -81.929443 36.554314
    -81.929443 36.554914
    -81.929843 36.555214
    -81.930443 36.555514
    -81.930943 36.555914
    -81.930843 36.556814
    -81.930943 36.557414
    -81.931243 36.557914
    -81.931543 36.558314
    -81.931743 36.559014
    -81.931644 36.559614
    -81.931444 36.560414
    -81.931444 36.560914
    -81.931844 36.561514
    -81.932544 36.561814
    -81.932844 36.562114
    -81.932869 36.562188
    -81.932944 36.562414
    -81.932831 36.562527
    -81.932644 36.562714
    -81.932344 36.563014
    -81.932244 36.563114
    -81.932144 36.563114
    -81.931544 36.563914
    -81.931336 36.56433
    -81.931244 36.564514
    -81.931144 36.564914
    -81.930944 36.565114
    -81.930609 36.565365
    -81.930544 36.565414
    -81.930215 36.565687
    -81.929944 36.565914
    -81.929544 36.566414
    -81.928944 36.566914
    -81.928644 36.567214
    -81.928544 36.567414
    -81.928493 36.567465
    -81.928044 36.567914
    -81.927795 36.567997
    -81.927444 36.568114
    -81.927044 36.568314
    -81.926744 36.568414
    -81.926444 36.568714
    -81.926244 36.568914
    -81.9262 36.568958
    -81.926095 36.569063
    -81.925944 36.569214
    -81.925744 36.569414
    -81.925144 36.569814
    -81.924343 36.570214
    -81.923543 36.570514
    -81.923371 36.570588
    -81.923246 36.570641
    -81.922843 36.570814
    -81.922343 36.571214
    -81.921743 36.571814
    -81.921368 36.572001
    -81.920939 36.572217
    -81.920333 36.572421
    -81.919524 36.572424
    -81.918515 36.572629
    -81.917909 36.572833
    -81.917681 36.573006
    -81.917102 36.573442
    -81.9168 36.573746
    -81.916195 36.574051
    -81.915286 36.574256
    -81.915262 36.574275
    -81.914886 36.574556
    -81.91482 36.574611
    -81.914287 36.575055
    -81.913688 36.575254
    -81.912889 36.575453
    -81.91209 36.575653
    -81.911333 36.576125
    -81.911291 36.576151
    -81.911191 36.576251
    -81.910891 36.576551
    -81.910691 36.57685
    -81.910192 36.577049
    -81.909793 36.577149
    -81.909393 36.577548
    -81.908994 36.577847
    -81.908195 36.578346
    -81.907795 36.578446
    -81.906897 36.578445
    -81.906644 36.578521
    -81.905898 36.578744
    -81.905599 36.579044
    -81.905399 36.579343
    -81.905099 36.579942
    -81.905074 36.57998
    -81.904699 36.580541
    -81.9039 36.581339
    -81.903484 36.581496
    -81.903101 36.581638
    -81.902502 36.581438
    -81.902481 36.581424
    -81.901903 36.581039
    -81.901504 36.580639
    -81.901305 36.580439
    -81.901005 36.580439
    -81.900905 36.580439
    -81.900706 36.580539
    -81.900506 36.580539
    -81.898809 36.579939
    -81.89841 36.579839
    -81.897868 36.579915
    -81.897711 36.579938
    -81.897012 36.580138
    -81.896213 36.580337
    -81.895314 36.580636
    -81.894016 36.581134
    -81.892818 36.581533
    -81.89162 36.581632
    -81.890721 36.581633
    -81.889922 36.581632
    -81.888924 36.581432
    -81.888252 36.581357
    -81.888026 36.581332
    -81.887327 36.581232
    -81.886528 36.581231
    -81.886228 36.581231
    -81.885629 36.58143
    -81.88483 36.581829
    -81.884331 36.582129
    -81.883932 36.582228
    -81.883333 36.582228
    -81.882933 36.582228
    -81.882542 36.582712
    -81.881934 36.583226
    -81.881674 36.583226
    -81.881434 36.583225
    -81.880735 36.583525
    -81.880336 36.583824
    -81.880036 36.584023
    -81.879836 36.584023
    -81.879637 36.584123
    -81.879137 36.584322
    -81.878538 36.584821
    -81.877938 36.58562
    -81.877439 36.586119
    -81.877139 36.586418
    -81.87634 36.586917
    -81.875741 36.587416
    -81.875341 36.587915
    -81.875267 36.588008
    -81.875067 36.588258
    -81.874994 36.588514
    -81.874993 36.588739
    -81.874993 36.588844
    -81.875132 36.589352
    -81.875132 36.589949
    -81.875075 36.59019
    -81.875031 36.590384
    -81.874842 36.590609
    -81.874729 36.590748
    -81.874686 36.590803
    -81.87464 36.59092
    -81.874686 36.591155
    -81.874743 36.591241
    -81.874842 36.591391
    -81.874974 36.591607
    -81.875119 36.591843
    -81.875364 36.592262
    -81.875493 36.592482
    -81.875543 36.592515
    -81.876043 36.592915
    -81.876143 36.593015
    -81.876443 36.593315
    -81.876243 36.593515
    -81.875943 36.593715
    -81.875529 36.593833
    -81.875243 36.593915
    -81.875048 36.594061
    -81.874843 36.594215
    -81.874643 36.594115
    -81.874443 36.594315
    -81.874343 36.594515
    -81.874243 36.594915
    -81.874243 36.595115
    -81.874143 36.595415
    -81.874143 36.595715
    -81.874343 36.596115
    -81.8744 36.596456
    -81.874443 36.596715
    -81.874443 36.597215
    -81.874443 36.597615
    -81.874643 36.598015
    -81.874543 36.598315
    -81.874543 36.598615
    -81.874543 36.598915
    -81.874443 36.599215
    -81.874043 36.599815
    -81.873843 36.600115
    -81.873513 36.600363
    -81.873443 36.600415
    -81.873143 36.600715
    -81.872743 36.601015
    -81.872522 36.601198
    -81.872274 36.601406
    -81.872143 36.601515
    -81.871443 36.602015
    -81.870903 36.602284
    -81.870672 36.6024
    -81.870643 36.602415
    -81.870043 36.602615
    -81.869633 36.602779
    -81.869543 36.602815
    -81.869392 36.602879
    -81.868843 36.603115
    -81.867465 36.603734
    -81.866825 36.604023
    -81.866094 36.604282
    -81.865443 36.604515
    -81.864842 36.604715
    -81.864342 36.604915
    -81.863642 36.605115
    -81.862574 36.605607
    -81.862342 36.605715
    -81.861242 36.606015
    -81.859842 36.606215
    -81.859314 36.606218
    -81.859042 36.606215
    -81.858542 36.606015
    -81.858142 36.605615
    -81.857842 36.605315
    -81.857542 36.605115
    -81.857269 36.604933
    -81.857242 36.604915
    -81.856842 36.604615
    -81.856542 36.604315
    -81.856342 36.604115
    -81.855942 36.604115
    -81.855742 36.604015
    -81.855342 36.604115
    -81.854642 36.604115
    -81.853942 36.604115
    -81.853632 36.604115
    -81.853142 36.604115
    -81.852742 36.604015
    -81.852242 36.603915
    -81.851742 36.603715
    -81.851488 36.603588
    -81.851342 36.603515
    -81.850542 36.603315
    -81.84997 36.603151
    -81.849842 36.603115
    -81.849142 36.603215
    -81.848342 36.603315
    -81.847842 36.603515
    -81.847342 36.603615
    -81.846242 36.604015
    -81.845942 36.604215
    -81.845642 36.604315
    -81.844522 36.604735
    -81.843244 36.605215
    -81.841162 36.605995
    -81.84048 36.606251
    -81.840042 36.606415
    -81.839647 36.60691
    -81.839348 36.60711
    -81.839015 36.607276
    -81.838547 36.607511
    -81.837999 36.607594
    -81.837841 36.607616
    -81.837532 36.607738
    -81.83734 36.607818
    -81.837318 36.607854
    -81.837057 36.608294
    -81.837046 36.608313
    -81.836547 36.608711
    -81.835245 36.609313
    -81.833922 36.608931
    -81.833306 36.608541
    -81.833101 36.608443
    -81.832892 36.608148
    -81.832281 36.607954
    -81.831774 36.607957
    -81.83117 36.608159
    -81.830773 36.608459
    -81.82997 36.608762
    -81.829171 36.609263
    -81.828974 36.609461
    -81.828778 36.609759
    -81.828687 36.610255
    -81.828697 36.610748
    -81.828708 36.611242
    -81.828773 36.611303
    -81.828811 36.611339
    -81.828813 36.611439
    -81.828818 36.611636
    -81.828718 36.611735
    -81.828323 36.612231
    -81.828128 36.612627
    -81.827932 36.612924
    -81.827634 36.613222
    -81.827438 36.613519
    -81.827241 36.613816
    -81.827141 36.613916
    -81.826842 36.614115
    -81.826742 36.614215
    -81.826549 36.61421
    -81.826247 36.614204
    -81.82597 36.614197
    -81.825778 36.614193
    -81.823374 36.614135
    -81.816164 36.613962
    -81.813761 36.613905
    -81.81189 36.61386
    -81.80628 36.613725
    -81.80441 36.613681
    -81.804326 36.613678
    -81.804074 36.613672
    -81.803991 36.61367
    -81.803983 36.613669
    -81.803959 36.613669
    -81.803951 36.613669
    -81.803898 36.613667
    -81.803859 36.613666
    -81.80374 36.613662
    -81.803688 36.613661
    -81.803661 36.613661
    -81.803583 36.613662
    -81.803557 36.613663
    -81.801716 36.613618
    -81.801247 36.613607
    -81.796196 36.613493
    -81.794356 36.613452
    -81.794324 36.613452
    -81.79423 36.613452
    -81.794199 36.613453
    -81.793169 36.613428
    -81.790079 36.613356
    -81.78905 36.613332
    -81.785953 36.613263
    -81.785557 36.613254
    -81.771415 36.612942
    -81.770529 36.612922
    -81.770224 36.612916
    -81.765642 36.612849
    -81.764712 36.612835
    -81.761923 36.612793
    -81.760994 36.61278
    -81.754872 36.61269
    -81.754568 36.612687
    -81.754061 36.612679
    -81.753743 36.612674
    -81.753475 36.61267
    -81.753176 36.612666
    -81.752674 36.612658
    -81.752408 36.612655
    -81.750485 36.612626
    -81.749839 36.612617
    -81.744718 36.612522
    -81.742796 36.612487
    -81.73694 36.612379
    -81.736895 36.612379
    -81.736602 36.612378
    -81.735113 36.612375
    -81.734829 36.612375
    -81.727741 36.612352
    -81.71582 36.61232
    -81.715695 36.612318
    -81.715644 36.612317
    -81.715623 36.612316
    -81.715025 36.612317
    -81.713781 36.612311
    -81.704597 36.612257
    -81.704524 36.612256
    -81.704305 36.612255
    -81.704233 36.612255
    -81.704218 36.612255
    -81.704173 36.612255
    -81.704158 36.612255
    -81.704109 36.612254
    -81.703964 36.612254
    -81.703916 36.612254
    -81.70173 36.612221
    -81.695172 36.612123
    -81.692986 36.612091
    -81.692886 36.611966
    -81.692241 36.611993
    -81.689829 36.612095
    -81.689025 36.612129
    -81.688189 36.612164
    -81.687172 36.612162
    -81.682289 36.612134
    -81.681725 36.61213
    -81.681483 36.612128
    -81.67457 36.61209
    -81.671246 36.612071
    -81.666478 36.612045
    -81.661274 36.612015
    -81.658397 36.611999
    -81.657951 36.611987
    -81.657858 36.611986
    -81.653628 36.611959
    -81.652968 36.611955
    -81.6469 36.611918
    -81.648127 36.610968
    -81.648581 36.610616
    -81.649942 36.609562
    -81.650397 36.609211
    -81.651509 36.608343
    -81.654846 36.60574
    -81.655959 36.604873
    -81.65694 36.604107
    -81.659884 36.601811
    -81.660866 36.601046
    -81.66237 36.599872
    -81.666884 36.596352
    -81.668389 36.595179
    -81.669199 36.594546
    -81.671631 36.59265
    -81.672442 36.592018
    -81.673432 36.591245
    -81.676402 36.588928
    -81.677393 36.588156
    -81.677459 36.588157
    -81.677684 36.587991
    -81.677968 36.587772
    -81.67839 36.58734
    -81.678624 36.58711
    -81.678864 36.586875
    -81.679083 36.58672
    -81.679275 36.5866
    -81.679557 36.58641
    -81.680213 36.585929
    -81.680197 36.585869
    -81.680037 36.585757
    -81.679744 36.585588
    -81.679499 36.585421
    -81.67934 36.585273
    -81.679268 36.585148
    -81.679156 36.585023
    -81.678993 36.58488
    -81.678731 36.584706
    -81.678555 36.584507
    -81.678412 36.584222
    -81.678283 36.583991
    -81.678227 36.583881
    -81.678124 36.583679
    -81.67808 36.583504
    -81.678073 36.583401
    -81.67807 36.583247
    -81.678133 36.582938
    -81.678225 36.582653
    -81.678327 36.582311
    -81.678344 36.582255
    -81.678396 36.582067
    -81.678425 36.581965
    -81.678497 36.581613
    -81.678567 36.581326
    -81.678569 36.581322
    -81.678598 36.581143
    -81.678598 36.581076
    -81.678597 36.580705
    -81.678602 36.580471
    -81.678631 36.580185
    -81.678737 36.579711
    -81.678834 36.579506
    -81.679003 36.579296
    -81.679252 36.579142
    -81.679469 36.578995
    -81.679536 36.578923
    -81.679538 36.578822
    -81.679518 36.578721
    -81.679462 36.578596
    -81.679437 36.578497
    -81.679398 36.578393
    -81.679336 36.578331
    -81.679258 36.578201
    -81.679236 36.578141
    -81.679177 36.577928
    -81.679082 36.577679
    -81.679038 36.577529
    -81.67894 36.577131
    -81.678871 36.576755
    -81.678665 36.576265
    -81.678353 36.575866
    -81.677974 36.575416
    -81.677636 36.574952
    -81.677194 36.574408
    -81.677553 36.573174
    -81.677093 36.572779
    -81.67703 36.572731
    -81.676868 36.57261
    -81.676805 36.572384
    -81.676723 36.57216
    -81.676686 36.572009
    -81.676821 36.571787
    -81.677068 36.571607
    -81.677198 36.571465
    -81.677279 36.571295
    -81.67757 36.570797
    -81.677831 36.570471
    -81.678041 36.570367
    -81.678131 36.570159
    -81.678388 36.569953
    -81.678561 36.569872
    -81.678637 36.569786
    -81.678661 36.56959
    -81.679115 36.569047
    -81.679311 36.568981
    -81.679456 36.568855
    -81.679573 36.568847
    -81.679947 36.568779
    -81.681372 36.568732
    -81.682072 36.568721
    -81.682257 36.568754
    -81.683463 36.568681
    -81.683746 36.568602
    -81.683844 36.568569
    -81.685067 36.568423
    -81.685527 36.568335
    -81.686078 36.568111
    -81.689794 36.568671
    -81.689876 36.568676
    -81.68999 36.56864
    -81.69009 36.568595
    -81.690173 36.568563
    -81.69025 36.568512
    -81.690359 36.568449
    -81.690486 36.568385
    -81.690625 36.568263
    -81.690762 36.568163
    -81.690867 36.568065
    -81.690953 36.567968
    -81.69107 36.567857
    -81.691206 36.567701
    -81.691394 36.567417
    -81.691473 36.567265
    -81.691558 36.567122
    -81.691605 36.567034
    -81.691782 36.566668
    -81.691827 36.566557
    -81.691873 36.566394
    -81.69189 36.566283
    -81.691891 36.566171
    -81.69188 36.566041
    -81.691851 36.565923
    -81.69185 36.565881
    -81.691802 36.5658
    -81.691768 36.565722
    -81.69172 36.565639
    -81.691651 36.565587
    -81.691418 36.565347
    -81.691325 36.565239
    -81.691302 36.565201
    -81.691125 36.564986
    -81.691091 36.564935
    -81.691054 36.56485
    -81.691049 36.56477
    -81.691056 36.564718
    -81.69106 36.564602
    -81.691075 36.564534
    -81.69111 36.564445
    -81.691131 36.564378
    -81.691149 36.564283
    -81.691154 36.564217
    -81.69117 36.564124
    -81.691191 36.564037
    -81.691217 36.563749
    -81.691216 36.563683
    -81.691203 36.563621
    -81.691126 36.563469
    -81.691062 36.563386
    -81.691006 36.563305
    -81.690907 36.563188
    -81.690862 36.563146
    -81.690755 36.563
    -81.690635 36.56286
    -81.690535 36.562703
    -81.690452 36.562604
    -81.689806 36.56188
    -81.689629 36.561661
    -81.689585 36.56159
    -81.689575 36.561519
    -81.689565 36.561376
    -81.689692 36.56097
    -81.689758 36.56084
    -81.689867 36.560529
    -81.689948 36.560379
    -81.690054 36.560093
    -81.690193 36.559664
    -81.69038 36.559129
    -81.690445 36.558895
    -81.690475 36.558731
    -81.690568 36.558505
    -81.690572 36.558395
    -81.690562 36.55822
    -81.690529 36.558085
    -81.690482 36.557928
    -81.690441 36.557828
    -81.690418 36.557692
    -81.690444 36.5576
    -81.690488 36.557549
    -81.690603 36.557465
    -81.690662 36.557432
    -81.690707 36.557418
    -81.690727 36.557412
    -81.690773 36.557377
    -81.69081 36.557343
    -81.69084 36.557292
    -81.690894 36.55723
    -81.691194 36.556683
    -81.691296 36.556396
    -81.691335 36.556266
    -81.69136 36.55606
    -81.69139 36.555939
    -81.691378 36.555802
    -81.691363 36.555524
    -81.691295 36.555148
    -81.691256 36.554991
    -81.69125 36.554839
    -81.691255 36.55472
    -81.691252 36.554641
    -81.691232 36.55455
    -81.691259 36.554456
    -81.691255 36.554338
    -81.691232 36.554245
    -81.691184 36.554162
    -81.691121 36.554102
    -81.691085 36.554007
    -81.691036 36.553924
    -81.690969 36.553737
    -81.690924 36.553633
    -81.690882 36.553496
    -81.690693 36.553023
    -81.690629 36.552841
    -81.690536 36.552619
    -81.69047 36.552436
    -81.690352 36.552213
    -81.690249 36.551895
    -81.690223 36.551778
    -81.690225 36.551693
    -81.690233 36.551632
    -81.690285 36.551579
    -81.690359 36.551522
    -81.690422 36.551496
    -81.690691 36.551453
    -81.691323 36.551428
    -81.691471 36.551446
    -81.691702 36.551428
    -81.69198 36.551449
    -81.692255 36.551451
    -81.692398 36.55142
    -81.692577 36.551413
    -81.692892 36.551338
    -81.693099 36.551243
    -81.693159 36.551204
    -81.693279 36.551112
    -81.69333 36.551025
    -81.69341 36.550928
    -81.693441 36.550851
    -81.69349 36.550728
    -81.693585 36.550546
    -81.693626 36.550358
    -81.693707 36.550172
    -81.693785 36.549961
    -81.693798 36.549714
    -81.693797 36.549656
    -81.69379 36.54896
    -81.693764 36.548773
    -81.693733 36.548495
    -81.693682 36.548256
    -81.69369 36.548135
    -81.693975 36.54784
    -81.694221 36.547638
    -81.694267 36.547597
    -81.694392 36.547484
    -81.694658 36.54729
    -81.694807 36.547154
    -81.695002 36.546968
    -81.695348 36.546608
    -81.695416 36.546539
    -81.695484 36.546413
    -81.695651 36.546219
    -81.695875 36.545998
    -81.696077 36.545806
    -81.696208 36.545692
    -81.696293 36.545618
    -81.696502 36.545464
    -81.696724 36.545267
    -81.696945 36.54505
    -81.697136 36.544874
    -81.69735 36.544654
    -81.697437 36.544523
    -81.697469 36.544477
    -81.69759 36.544243
    -81.697703 36.544038
    -81.697791 36.543805
    -81.697824 36.543597
    -81.697896 36.54337
    -81.697939 36.543135
    -81.698017 36.542969
    -81.698085 36.54277
    -81.698163 36.542564
    -81.698201 36.542354
    -81.698298 36.542106
    -81.698513 36.541697
    -81.698656 36.541459
    -81.698857 36.54123
    -81.69905 36.540999
    -81.699269 36.540722
    -81.699467 36.540425
    -81.699646 36.540092
    -81.699675 36.540008
    -81.699738 36.539836
    -81.699851 36.53946
    -81.699896 36.539094
    -81.699934 36.53887
    -81.699958 36.538612
    -81.699938 36.538342
    -81.699936 36.538067
    -81.699898 36.537847
    -81.699844 36.537632
    -81.699754 36.537411
    -81.699692 36.537069
    -81.699697 36.537023
    -81.699711 36.536912
    -81.699795 36.536774
    -81.699927 36.536659
    -81.700206 36.536578
    -81.70054 36.536518
    -81.700847 36.536475
    -81.701129 36.536446
    -81.70153 36.536432
    -81.701898 36.536391
    -81.702362 36.536372
    -81.702709 36.536345
    -81.70306 36.53635
    -81.703498 36.536349
    -81.703508 36.536349
    -81.703968 36.536377
    -81.704401 36.536397
    -81.704715 36.536421
    -81.704858 36.536419
    -81.704964 36.536418
    -81.705129 36.536425
    -81.705469 36.53641
    -81.705547 36.536407
    -81.705752 36.53636
    -81.706016 36.536262
    -81.706274 36.536144
    -81.7066 36.536037
    -81.706957 36.535955
    -81.707175 36.53594
    -81.707227 36.535938
    -81.707322 36.535937
    -81.70756 36.535922
    -81.707838 36.535899
    -81.70798 36.535836
    -81.708021 36.535799
    -81.708067 36.535705
    -81.708084 36.535573
    -81.708091 36.535405
    -81.708089 36.535199
    -81.708123 36.534944
    -81.708067 36.53478
    -81.708091 36.534476
    -81.708108 36.533984
    -81.708104 36.533813
    -81.708082 36.533625
    -81.708092 36.533522
    -81.708095 36.533496
    -81.708214 36.533122
    -81.708278 36.532879
    -81.708341 36.532506
    -81.708399 36.532309
    -81.708423 36.532183
    -81.708469 36.531732
    -81.708459 36.531596
    -81.708448 36.531333
    -81.708447 36.531067
    -81.708342 36.53081
    -81.708203 36.530513
    -81.707967 36.530259
    -81.707824 36.530117
    -81.707691 36.529882
    -81.707595 36.529614
    -81.707489 36.529442
    -81.707328 36.52912
    -81.707158 36.528841
    -81.707089 36.528645
    -81.707122 36.528439
    -81.707221 36.528271
    -81.707359 36.528091
    -81.707475 36.527901
    -81.707561 36.527696
    -81.707572 36.527582
    -81.707543 36.527399
    -81.707521 36.5271
    -81.707465 36.526741
    -81.707447 36.526543
    -81.707435 36.526412
    -81.707393 36.526149
    -81.70751 36.525883
    -81.707621 36.525572
    -81.707767 36.525241
    -81.707907 36.52497
    -81.708028 36.524659
    -81.708067 36.524425
    -81.70804 36.524259
    -81.707982 36.524192
    -81.707941 36.524142
    -81.707771 36.524028
    -81.707545 36.523917
    -81.706977 36.523601
    -81.706172 36.523216
    -81.705709 36.522945
    -81.70552 36.522834
    -81.704986 36.522558
    -81.704596 36.522337
    -81.704115 36.522093
    -81.70379 36.521976
    -81.703453 36.521824
    -81.703359 36.5218
    -81.703267 36.521717
    -81.703164 36.521614
    -81.702961 36.521351
    -81.702891 36.521217
    -81.702849 36.520982
    -81.702794 36.520787
    -81.702634 36.520469
    -81.702387 36.519994
    -81.702427 36.519668
    -81.702373 36.51944
    -81.702222 36.519269
    -81.701963 36.519101
    -81.70182 36.518911
    -81.701742 36.518608
    -81.701726 36.5183
    -81.701646 36.518167
    -81.70166 36.518049
    -81.701749 36.517821
    -81.701797 36.517648
    -81.701806 36.517404
    -81.701805 36.517214
    -81.701805 36.517146
    -81.701829 36.516963
    -81.70178 36.516748
    -81.701717 36.516575
    -81.7015 36.516279
    -81.701313 36.516034
    -81.701196 36.515946
    -81.70108 36.515845
    -81.700894 36.515728
    -81.700768 36.515641
    -81.700393 36.515279
    -81.700379 36.515208
    -81.700346 36.515032
    -81.700336 36.514998
    -81.700291 36.514832
    -81.70023 36.514653
    -81.700238 36.514523
    -81.700224 36.514372
    -81.700223 36.514358
    -81.700263 36.51424
    -81.700268 36.514165
    -81.700277 36.514016
    -81.700305 36.513887
    -81.700324 36.513855
    -81.70036 36.513796
    -81.700372 36.513696
    -81.700233 36.513486
    -81.700078 36.513338
    -81.700031 36.513278
    -81.699951 36.513175
    -81.699873 36.513092
    -81.699767 36.512979
    -81.699667 36.51285
    -81.699595 36.512756
    -81.699473 36.512628
    -81.699412 36.512565
    -81.699336 36.512357
    -81.6993 36.512121
    -81.699291 36.511996
    -81.69923 36.511819
    -81.69922 36.511799
    -81.699114 36.51157
    -81.699109 36.511529
    -81.699049 36.511069
    -81.699025 36.510883
    -81.698917 36.510673
    -81.698818 36.510541
    -81.698704 36.510411
    -81.698525 36.510229
    -81.698366 36.509893
    -81.698365 36.50989
    -81.698318 36.509689
    -81.698334 36.509492
    -81.698319 36.509439
    -81.698305 36.509388
    -81.69831 36.50929
    -81.698299 36.509211
    -81.698298 36.509197
    -81.698277 36.509103
    -81.698219 36.508987
    -81.698114 36.508836
    -81.698062 36.508761
    -81.697942 36.508643
    -81.697939 36.508638
    -81.697896 36.508561
    -81.697852 36.508427
    -81.69783 36.508322
    -81.697808 36.508252
    -81.697805 36.508242
    -81.697796 36.508117
    -81.697821 36.507988
    -81.697868 36.507838
    -81.697883 36.507771
    -81.697873 36.507724
    -81.697865 36.507683
    -81.697872 36.507545
    -81.697879 36.507394
    -81.697949 36.50729
    -81.698007 36.507192
    -81.698054 36.507091
    -81.698168 36.506969
    -81.69826 36.506892
    -81.698286 36.506871
    -81.69837 36.506753
    -81.698329 36.506651
    -81.698218 36.506566
    -81.697983 36.506433
    -81.697864 36.506411
    -81.697658 36.506349
    -81.697455 36.506332
    -81.697311 36.506293
    -81.69721 36.50627
    -81.697 36.506205
    -81.696823 36.506112
    -81.696767 36.506024
    -81.69675 36.505949
    -81.696778 36.505879
    -81.696811 36.505764
    -81.696848 36.505694
    -81.696868 36.505658
    -81.696895 36.505519
    -81.696893 36.505279
    -81.696869 36.505036
    -81.696867 36.504915
    -81.696857 36.504843
    -81.69681 36.504774
    -81.696839 36.504632
    -81.696843 36.504618
    -81.696925 36.504523
    -81.697044 36.504433
    -81.697226 36.504341
    -81.697386 36.504238
    -81.697513 36.504167
    -81.697572 36.504123
    -81.697609 36.504097
    -81.697729 36.504023
    -81.697814 36.503945
    -81.697862 36.503868
    -81.6979 36.503735
    -81.6978 36.503586
    -81.697713 36.503457
    -81.697701 36.503364
    -81.697686 36.503158
    -81.697671 36.503037
    -81.697624 36.502911
    -81.697597 36.502818
    -81.697456 36.502429
    -81.697449 36.502408
    -81.697413 36.502342
    -81.697394 36.502265
    -81.697319 36.502153
    -81.697325 36.502092
    -81.697344 36.502063
    -81.697372 36.502021
    -81.697571 36.501896
    -81.697757 36.501845
    -81.697801 36.501836
    -81.697879 36.501821
    -81.698033 36.501725
    -81.698314 36.501635
    -81.698503 36.501617
    -81.69856 36.501601
    -81.698733 36.501472
    -81.698786 36.501419
    -81.698859 36.5013
    -81.699053 36.501118
    -81.699107 36.50107
    -81.699264 36.500933
    -81.699357 36.500827
    -81.69951 36.500743
    -81.699583 36.500705
    -81.699601 36.500696
    -81.699762 36.500536
    -81.699821 36.500479
    -81.69984 36.500461
    -81.69986 36.500405
    -81.699926 36.500337
    -81.699968 36.500277
    -81.700058 36.500127
    -81.700107 36.49997
    -81.700128 36.499871
    -81.700159 36.499778
    -81.700179 36.499687
    -81.70017 36.499578
    -81.700134 36.499498
    -81.700072 36.4994
    -81.700026 36.499336
    -81.699966 36.499265
    -81.699955 36.499234
    -81.700245 36.498601
    -81.700128 36.498306
    -81.70015 36.498245
    -81.700151 36.498174
    -81.700141 36.498128
    -81.700037 36.497992
    -81.699979 36.497955
    -81.699702 36.49773
    -81.699613 36.497677
    -81.699546 36.497624
    -81.699469 36.497545
    -81.699345 36.497431
    -81.699179 36.497303
    -81.699064 36.49725
    -81.699027 36.497249
    -81.698552 36.497312
    -81.698457 36.497297
    -81.698373 36.497256
    -81.698311 36.497204
    -81.698193 36.497049
    -81.698143 36.497022
    -81.6981 36.497
    -81.697997 36.496924
    -81.697869 36.496785
    -81.69783 36.496729
    -81.69778 36.496669
    -81.697721 36.496608
    -81.697593 36.496515
    -81.697554 36.496487
    -81.697414 36.496341
    -81.697407 36.496333
    -81.697386 36.496312
    -81.697379 36.496305
    -81.697333 36.496252
    -81.697182 36.495825
    -81.697159 36.495704
    -81.697132 36.495562
    -81.697065 36.495029
    -81.69708 36.494892
    -81.697113 36.494683
    -81.697112 36.494048
    -81.6971 36.493936
    -81.697086 36.493884
    -81.697018 36.493805
    -81.696861 36.493622
    -81.696734 36.493251
    -81.696728 36.493242
    -81.696723 36.493217
    -81.696724 36.493079
    -81.696694 36.492971
    -81.69669 36.492956
    -81.696612 36.492836
    -81.69645 36.492528
    -81.696335 36.492395
    -81.696249 36.492283
    -81.696135 36.492136
    -81.696075 36.492072
    -81.696012 36.492006
    -81.696011 36.492004
    -81.695907 36.491803
    -81.695903 36.49175
    -81.695903 36.491738
    -81.695874 36.491663
    -81.695949 36.491609
    -81.695952 36.491608
    -81.696148 36.491417
    -81.696215 36.491353
    -81.696447 36.491128
    -81.696638 36.490958
    -81.696741 36.490868
    -81.696935 36.490653
    -81.696991 36.490577
    -81.697053 36.490427
    -81.697238 36.490239
    -81.697371 36.49009
    -81.69741 36.490014
    -81.697522 36.489757
    -81.697587 36.489678
    -81.697677 36.489596
    -81.697783 36.489503
    -81.697858 36.489334
    -81.697909 36.489173
    -81.697915 36.489089
    -81.697924 36.488949
    -81.697916 36.48877
    -81.697882 36.488642
    -81.697828 36.48852
    -81.697676 36.488271
    -81.697641 36.488214
    -81.697555 36.488038
    -81.697517 36.487896
    -81.697508 36.487779
    -81.697511 36.487658
    -81.697531 36.487567
    -81.697665 36.487251
    -81.697682 36.486946
    -81.697726 36.486577
    -81.69771 36.486395
    -81.697628 36.486216
    -81.697537 36.485905
    -81.697506 36.485745
    -81.697443 36.48542
    -81.697347 36.485132
    -81.69728 36.484901
    -81.697282 36.484896
    -81.697241 36.483788
    -81.697219 36.483676
    -81.6972 36.483533
    -81.697199 36.483523
    -81.697191 36.483413
    -81.697169 36.48332
    -81.697157 36.483248
    -81.697138 36.483194
    -81.697122 36.483109
    -81.697076 36.483038
    -81.697011 36.482962
    -81.696961 36.48288
    -81.6969 36.482818
    -81.696793 36.482673
    -81.696743 36.482574
    -81.696718 36.482478
    -81.696701 36.482334
    -81.696705 36.482259
    -81.696694 36.482163
    -81.696688 36.482021
    -81.696656 36.481892
    -81.696594 36.481739
    -81.696526 36.481611
    -81.696485 36.481469
    -81.696431 36.481328
    -81.696276 36.481041
    -81.696192 36.480865
    -81.696117 36.480726
    -81.696043 36.48062
    -81.695912 36.480453
    -81.695865 36.480365
    -81.695838 36.480164
    -81.695829 36.480059
    -81.695885 36.479945
    -81.695942 36.479785
    -81.696002 36.479619
    -81.696036 36.479487
    -81.696017 36.479406
    -81.695949 36.479313
    -81.695908 36.479231
    -81.695876 36.479108
    -81.695852 36.479035
    -81.695872 36.478944
    -81.695942 36.47885
    -81.696 36.478789
    -81.69608 36.478718
    -81.696208 36.478617
    -81.696414 36.478421
    -81.696475 36.478346
    -81.696541 36.478255
    -81.696605 36.478126
    -81.696645 36.478014
    -81.696663 36.477885
    -81.696669 36.477738
    -81.696655 36.477391
    -81.696612 36.477215
    -81.696579 36.477122
    -81.696599 36.476999
    -81.696615 36.476675
    -81.696574 36.476429
    -81.696537 36.476241
    -81.6965 36.476047
    -81.69643 36.475815
    -81.696383 36.475715
    -81.69635 36.475621
    -81.696364 36.475471
    -81.696336 36.475346
    -81.696235 36.475231
    -81.695973 36.475016
    -81.695792 36.474891
    -81.695643 36.474806
    -81.695445 36.474721
    -81.695308 36.474654
    -81.695093 36.474598
    -81.694935 36.474542
    -81.694784 36.474457
    -81.694697 36.474392
    -81.694744 36.4743
    -81.694791 36.474183
    -81.694798 36.474036
    -81.694714 36.473865
    -81.694654 36.473704
    -81.694532 36.473432
    -81.694515 36.473277
    -81.694514 36.473098
    -81.694524 36.472968
    -81.694568 36.472822
    -81.694583 36.472669
    -81.694729 36.472141
    -81.694757 36.471998
    -81.694788 36.47189
    -81.694877 36.471776
    -81.695014 36.471705
    -81.695185 36.471598
    -81.695354 36.47151
    -81.695522 36.47138
    -81.695732 36.471052
    -81.695758 36.470898
    -81.695795 36.47076
    -81.695925 36.470412
    -81.69599 36.470213
    -81.695991 36.470202
    -81.696006 36.470089
    -81.696038 36.469937
    -81.696043 36.469801
    -81.696041 36.469632
    -81.69605 36.469503
    -81.696024 36.469367
    -81.696029 36.469187
    -81.696028 36.469021
    -81.696009 36.468849
    -81.695998 36.468668
    -81.695956 36.468498
    -81.695927 36.468412
    -81.695779 36.468239
    -81.695714 36.468192
    -81.695603 36.46808
    -81.695401 36.467892
    -81.69528 36.467743
    -81.695153 36.467642
    -81.695111 36.467608
    -81.695006 36.467506
    -81.694988 36.467488
    -81.694948 36.467449
    -81.694942 36.467431
    -81.694936 36.467407
    -81.694931 36.46739
    -81.694949 36.467354
    -81.694982 36.467292
    -81.695079 36.467261
    -81.695134 36.467244
    -81.695361 36.467173
    -81.69563 36.467016
    -81.696401 36.46647
    -81.696549 36.466346
    -81.696695 36.466208
    -81.696752 36.466073
    -81.696769 36.466034
    -81.696786 36.466013
    -81.696792 36.46599
    -81.697107 36.465701
    -81.697364 36.465443
    -81.697532 36.465253
    -81.697704 36.46511
    -81.698035 36.464766
    -81.698141 36.464621
    -81.698249 36.464436
    -81.69835 36.464343
    -81.698634 36.464109
    -81.698801 36.464037
    -81.698935 36.464015
    -81.699073 36.464
    -81.699167 36.464032
    -81.699117 36.463935
    -81.69905 36.463776
    -81.698983 36.463536
    -81.698859 36.46327
    -81.698775 36.463119
    -81.69887 36.463117
    -81.701489 36.463317
    -81.701172 36.464003
    -81.701368 36.463947
    -81.70156 36.463928
    -81.701746 36.463878
    -81.701904 36.463818
    -81.702093 36.463771
    -81.702293 36.463778
    -81.702454 36.463805
    -81.702712 36.463718
    -81.70302 36.463589
    -81.703467 36.463461
    -81.703714 36.463405
    -81.704013 36.463283
    -81.70423 36.463167
    -81.704466 36.463084
    -81.704673 36.462994
    -81.704811 36.462947
    -81.705033 36.462853
    -81.705177 36.462786
    -81.705317 36.462726
    -81.705505 36.462672
    -81.705648 36.462654
    -81.7059 36.462667
    -81.706146 36.462693
    -81.706563 36.462688
    -81.706837 36.462652
    -81.707143 36.462588
    -81.707503 36.462454
    -81.707731 36.462377
    -81.707911 36.462261
    -81.708136 36.462092
    -81.70827 36.461921
    -81.708363 36.461696
    -81.708481 36.461331
    -81.708574 36.461109
    -81.708675 36.460919
    -81.708776 36.460756
    -81.708891 36.460545
    -81.709143 36.460063
    -81.709204 36.459899
    -81.709278 36.459745
    -81.70937 36.459602
    -81.709473 36.459502
    -81.709648 36.459405
    -81.709811 36.459333
    -81.710116 36.459187
    -81.710679 36.458938
    -81.711097 36.458821
    -81.711471 36.458862
    -81.711621 36.458893
    -81.711816 36.458961
    -81.711952 36.458971
    -81.712164 36.458923
    -81.712369 36.458818
    -81.712625 36.45874
    -81.712917 36.458629
    -81.713182 36.458548
    -81.713769 36.458358
    -81.713985 36.458272
    -81.71414 36.458201
    -81.71441 36.458053
    -81.714653 36.457928
    -81.715169 36.457711
    -81.715459 36.457584
    -81.715633 36.457491
    -81.715859 36.457334
    -81.716022 36.457188
    -81.716145 36.457069
    -81.716297 36.456909
    -81.716464 36.456794
    -81.716756 36.456474
    -81.7168 36.456403
    -81.7168 36.456322
    -81.716687 36.456249
    -81.716573 36.456155
    -81.716265 36.45595
    -81.715891 36.455812
    -81.715605 36.455684
    -81.715464 36.455653
    -81.715334 36.455526
    -81.715226 36.455429
    -81.715125 36.455291
    -81.715059 36.455052
    -81.715023 36.454899
    -81.715017 36.45477
    -81.71504 36.454518
    -81.715042 36.454326
    -81.715036 36.454168
    -81.715041 36.453998
    -81.715033 36.453736
    -81.715045 36.453648
    -81.715048 36.453452
    -81.715062 36.453358
    -81.71509 36.453278
    -81.715147 36.453202
    -81.715246 36.453032
    -81.715296 36.452959
    -81.715382 36.452817
    -81.715521 36.452558
    -81.71557 36.45244
    -81.715593 36.452316
    -81.715612 36.452069
    -81.715613 36.451987
    -81.715614 36.451946
    -81.7156 36.451611
    -81.715601 36.451503
    -81.715468 36.451389
    -81.715391 36.451322
    -81.715251 36.451257
    -81.715126 36.451191
    -81.714987 36.451132
    -81.714919 36.451085
    -81.714813 36.451048
    -81.714714 36.451021
    -81.714655 36.451006
    -81.714455 36.450912
    -81.714417 36.450894
    -81.714394 36.450884
    -81.714334 36.450807
    -81.714309 36.450775
    -81.714195 36.450633
    -81.714133 36.450428
    -81.714102 36.45004
    -81.714098 36.449404
    -81.714117 36.449191
    -81.714119 36.449175
    -81.714152 36.449008
    -81.714162 36.448866
    -81.714156 36.448716
    -81.71413 36.448567
    -81.714131 36.448462
    -81.714068 36.448107
    -81.714016 36.448001
    -81.713992 36.447938
    -81.71384 36.447708
    -81.713782 36.447574
    -81.713721 36.447467
    -81.713678 36.447379
    -81.713692 36.447253
    -81.713736 36.447114
    -81.713749 36.447058
    -81.713951 36.446846
    -81.714245 36.446558
    -81.714393 36.44645
    -81.714581 36.446365
    -81.714731 36.446292
    -81.715049 36.446165
    -81.715196 36.446121
    -81.715305 36.446033
    -81.715392 36.44598
    -81.715715 36.445767
    -81.715952 36.445683
    -81.715964 36.445678
    -81.716119 36.445629
    -81.716266 36.445558
    -81.716388 36.445542
    -81.716513 36.445498
    -81.716609 36.445457
    -81.716727 36.445453
    -81.716871 36.445432
    -81.717001 36.445391
    -81.717112 36.445327
    -81.717239 36.445276
    -81.717285 36.445212
    -81.717348 36.445194
    -81.717443 36.445159
    -81.717482 36.445154
    -81.717516 36.445149
    -81.717554 36.445085
    -81.717536 36.444843
    -81.717447 36.444557
    -81.717429 36.444421
    -81.717365 36.444264
    -81.717302 36.444128
    -81.717182 36.443894
    -81.717097 36.443818
    -81.716842 36.443614
    -81.716691 36.443542
    -81.716588 36.443454
    -81.716274 36.443215
    -81.716119 36.443078
    -81.7159 36.442924
    -81.715742 36.442833
    -81.71558 36.442708
    -81.71543 36.442571
    -81.714719 36.442009
    -81.714538 36.441873
    -81.714409 36.441792
    -81.714342 36.441737
    -81.714271 36.441658
    -81.714242 36.441617
    -81.714186 36.441458
    -81.714185 36.441221
    -81.714215 36.441106
    -81.714272 36.440944
    -81.714325 36.440844
    -81.714353 36.440793
    -81.714481 36.440574
    -81.714548 36.440468
    -81.714601 36.44036
    -81.714613 36.440274
    -81.714634 36.440185
    -81.714682 36.440072
    -81.714686 36.439994
    -81.714789 36.439678
    -81.71489 36.439453
    -81.714965 36.439334
    -81.71514 36.438995
    -81.715308 36.438746
    -81.715404 36.43863
    -81.715434 36.438571
    -81.715419 36.438467
    -81.715373 36.438351
    -81.715336 36.438233
    -81.715216 36.438058
    -81.715063 36.437893
    -81.714816 36.437608
    -81.714738 36.437411
    -81.714628 36.437194
    -81.714564 36.437107
    -81.714761 36.436909
    -81.714967 36.436795
    -81.715147 36.43668
    -81.71566 36.436448
    -81.715847 36.436371
    -81.716309 36.436142
    -81.716457 36.436057
    -81.716924 36.435767
    -81.717199 36.435633
    -81.717578 36.435375
    -81.717738 36.435281
    -81.71795 36.435185
    -81.718186 36.435092
    -81.718416 36.435011
    -81.718824 36.434903
    -81.719295 36.434817
    -81.719694 36.434775
    -81.721228 36.433947
    -81.719692 36.432649
    -81.719568 36.432492
    -81.719455 36.432337
    -81.719313 36.432165
    -81.719203 36.432082
    -81.71899 36.431815
    -81.718778 36.431641
    -81.718627 36.431528
    -81.718487 36.431361
    -81.718191 36.431114
    -81.718136 36.431031
    -81.718015 36.430915
    -81.717808 36.430698
    -81.71762 36.430434
    -81.717539 36.430242
    -81.717548 36.429921
    -81.717593 36.429536
    -81.71765 36.4293
    -81.717761 36.428841
    -81.717871 36.428414
    -81.718062 36.427866
    -81.718152 36.427431
    -81.71845 36.426715
    -81.71858 36.426371
    -81.71892 36.425724
    -81.718981 36.425546
    -81.719207 36.425191
    -81.719983 36.42402
    -81.720014 36.423974
    -81.72004 36.423937
    -81.72006 36.423919
    -81.720066 36.423905
    -81.720073 36.42389
    -81.720091 36.423866
    -81.720218 36.423666
    -81.72032 36.423482
    -81.720414 36.423337
    -81.720482 36.423203
    -81.720559 36.422962
    -81.720842 36.422454
    -81.722004 36.422438
    -81.72217 36.422266
    -81.722454 36.421975
    -81.722576 36.42204
    -81.723337 36.422326
    -81.723435 36.422237
    -81.723563 36.422138
    -81.723602 36.422044
    -81.723696 36.421848
    -81.72374 36.421664
    -81.723847 36.421449
    -81.723947 36.421066
    -81.723949 36.420899
    -81.724009 36.420622
    -81.723992 36.420502
    -81.724074 36.420474
    -81.724192 36.420444
    -81.724433 36.420463
    -81.724602 36.420466
    -81.724735 36.420459
    -81.724922 36.420422
    -81.72526 36.420308
    -81.725448 36.420234
    -81.725771 36.420068
    -81.725905 36.419991
    -81.726025 36.419914
    -81.726173 36.419893
    -81.7264 36.419878
    -81.726647 36.419874
    -81.726838 36.419893
    -81.727037 36.419919
    -81.727164 36.419925
    -81.727324 36.419939
    -81.72728 36.419641
    -81.727251 36.419343
    -81.727256 36.419037
    -81.727245 36.418867
    -81.727261 36.418745
    -81.72731 36.418633
    -81.727356 36.418566
    -81.727422 36.418438
    -81.727498 36.418371
    -81.727587 36.418277
    -81.727677 36.418198
    -81.727733 36.418158
    -81.728013 36.418066
    -81.728066 36.418034
    -81.728171 36.417973
    -81.728367 36.417864
    -81.728678 36.417726
    -81.728831 36.417681
    -81.729017 36.417655
    -81.729164 36.417669
    -81.729228 36.417444
    -81.729283 36.417101
    -81.729294 36.416921
    -81.729277 36.416648
    -81.729241 36.416459
    -81.729132 36.416093
    -81.729158 36.415927
    -81.729214 36.415851
    -81.729262 36.415786
    -81.729412 36.415708
    -81.729529 36.415675
    -81.729662 36.41559
    -81.729957 36.415472
    -81.730278 36.415337
    -81.730498 36.415238
    -81.73072 36.415116
    -81.730992 36.414973
    -81.731477 36.414867
    -81.731676 36.414838
    -81.731896 36.414837
    -81.732075 36.414844
    -81.732206 36.414823
    -81.732325 36.414805
    -81.732584 36.41482
    -81.732745 36.414844
    -81.732956 36.414868
    -81.733142 36.41487
    -81.733289 36.414903
    -81.733392 36.414887
    -81.733544 36.414797
    -81.733687 36.414677
    -81.733904 36.414388
    -81.734014 36.414151
    -81.73411 36.413855
    -81.734189 36.41364
    -81.734241 36.413369
    -81.734298 36.413175
    -81.734323 36.412974
    -81.734313 36.412811
    -81.734319 36.412672
    -81.734297 36.412597
    -81.7343 36.412534
    -81.734493 36.412514
    -81.734658 36.412485
    -81.734858 36.412409
    -81.735183 36.41233
    -81.735319 36.412326
    -81.735376 36.412306
    -81.735434 36.412302
    -81.73553 36.412322
    -81.735649 36.412339
    -81.735834 36.412412
    -81.736086 36.412544
    -81.736408 36.412836
    -81.736555 36.412993
    -81.736803 36.413174
    -81.736995 36.413363
    -81.737298 36.413591
    -81.737475 36.413637
    -81.737635 36.413595
    -81.73784 36.4135
    -81.738005 36.413382
    -81.738103 36.413326
    -81.738241 36.413269
    -81.738385 36.413219
    -81.738572 36.413136
    -81.738971 36.413036
    -81.739198 36.413021
    -81.739366 36.413047
    -81.739519 36.413084
    -81.739581 36.4131
    -81.739861 36.413175
    -81.740057 36.413215
    -81.74028 36.413225
    -81.740464 36.413192
    -81.740651 36.413141
    -81.74087 36.413074
    -81.741064 36.412994
    -81.741223 36.412908
    -81.741319 36.412826
    -81.741414 36.412731
    -81.741524 36.412653
    -81.74154 36.41255
    -81.741535 36.412238
    -81.741499 36.412154
    -81.741513 36.412113
    -81.741621 36.412032
    -81.741732 36.411984
    -81.741744 36.411915
    -81.741729 36.411779
    -81.741735 36.411738
    -81.741748 36.411644
    -81.74178 36.411517
    -81.741861 36.411351
    -81.741949 36.411219
    -81.741997 36.4111
    -81.741995 36.41096
    -81.741961 36.410821
    -81.741871 36.410724
    -81.741727 36.410586
    -81.741612 36.410491
    -81.741587 36.410384
    -81.741624 36.410204
    -81.741619 36.410065
    -81.741603 36.409916
    -81.741498 36.409768
    -81.741378 36.40962
    -81.741143 36.409357
    -81.741103 36.409312
    -81.740921 36.409134
    -81.740749 36.40895
    -81.740349 36.408609
    -81.740213 36.408465
    -81.740152 36.408353
    -81.740123 36.40811
    -81.740235 36.407622
    -81.740539 36.404868
    -81.740727 36.404743
    -81.741047 36.404565
    -81.741201 36.404433
    -81.741339 36.404297
    -81.741403 36.404115
    -81.741425 36.404014
    -81.741441 36.403909
    -81.741447 36.403677
    -81.741436 36.403556
    -81.741458 36.40343
    -81.741421 36.403315
    -81.741364 36.403169
    -81.741243 36.40304
    -81.741054 36.40286
    -81.740964 36.402709
    -81.740864 36.402633
    -81.740756 36.402519
    -81.740799 36.40225
    -81.740797 36.402201
    -81.740793 36.402066
    -81.740768 36.40193
    -81.74076 36.401862
    -81.740732 36.40181
    -81.740651 36.401743
    -81.7405 36.401689
    -81.739922 36.401565
    -81.739164 36.401476
    -81.738631 36.401361
    -81.738598 36.401277
    -81.738669 36.401218
    -81.738656 36.401205
    -81.738556 36.401109
    -81.738487 36.400894
    -81.73854 36.400643
    -81.738671 36.400229
    -81.73895 36.399353
    -81.739119 36.398884
    -81.739129 36.398738
    -81.739157 36.398562
    -81.739223 36.398218
    -81.739231 36.398041
    -81.739145 36.39789
    -81.739105 36.397776
    -81.739011 36.39762
    -81.738739 36.397305
    -81.738621 36.397168
    -81.738579 36.396981
    -81.738716 36.39682
    -81.738953 36.396414
    -81.739322 36.395783
    -81.739388 36.395623
    -81.739293 36.395438
    -81.739027 36.394969
    -81.738718 36.394803
    -81.738157 36.394556
    -81.737937 36.394547
    -81.737676 36.394538
    -81.737287 36.394662
    -81.736933 36.394713
    -81.736434 36.394724
    -81.736145 36.394615
    -81.735655 36.394367
    -81.735329 36.394216
    -81.734614 36.394145
    -81.734259 36.394211
    -81.733927 36.394391
    -81.733631 36.394599
    -81.733279 36.394751
    -81.73289 36.394832
    -81.732624 36.394881
    -81.732286 36.394889
    -81.732088 36.394835
    -81.731926 36.394781
    -81.731739 36.394526
    -81.731572 36.394328
    -81.731468 36.394239
    -81.730987 36.393909
    -81.730551 36.393674
    -81.730216 36.393483
    -81.730086 36.393409
    -81.729823 36.393154
    -81.729621 36.392891
    -81.729403 36.392529
    -81.72921 36.39199
    -81.72906 36.391748
    -81.728836 36.391479
    -81.72857 36.391242
    -81.728763 36.39066
    -81.729076 36.390216
    -81.729848 36.389758
    -81.730109 36.389451
    -81.730193 36.388812
    -81.730347 36.388278
    -81.73029 36.387857
    -81.730464 36.38721
    -81.73015 36.386301
    -81.729823 36.385918
    -81.729306 36.3856
    -81.729358 36.385341
    -81.729709 36.385067
    -81.730273 36.384422
    -81.730487 36.383848
    -81.730672 36.383007
    -81.730932 36.382839
    -81.731863 36.382714
    -81.733214 36.382301
    -81.733585 36.382034
    -81.734486 36.380192
    -81.734611 36.37957
    -81.734421 36.379326
    -81.733984 36.379113
    -81.7329 36.378515
    -81.732612 36.378246
    -81.732128 36.377466
    -81.731756 36.376411
    -81.731641 36.375714
    -81.731432 36.375168
    -81.731471 36.374817
    -81.731442 36.374622
    -81.731155 36.374103
    -81.730808 36.373689
    -81.730589 36.373591
    -81.730299 36.373533
    -81.72996 36.373572
    -81.729401 36.373683
    -81.729181 36.37365
    -81.728952 36.373568
    -81.728883 36.373398
    -81.728866 36.372564
    -81.72895 36.371569
    -81.728882 36.371237
    -81.728674 36.370977
    -81.728166 36.370732
    -81.727329 36.37035
    -81.7272 36.370244
    -81.727072 36.370073
    -81.726923 36.369774
    -81.726844 36.369676
    -81.726307 36.369196
    -81.726069 36.368896
    -81.725991 36.368718
    -81.725952 36.368411
    -81.726024 36.368111
    -81.726517 36.367085
    -81.72672 36.36649
    -81.726753 36.366394
    -81.726847 36.366117
    -81.727076 36.365713
    -81.727076 36.3656
    -81.725138 36.363605
    -81.725112 36.363579
    -81.724728 36.363301
    -81.724359 36.363132
    -81.723922 36.362914
    -81.723683 36.36268
    -81.723444 36.362342
    -81.722807 36.361228
    -81.722688 36.36093
    -81.722689 36.36072
    -81.722738 36.360357
    -81.722689 36.360107
    -81.72238 36.358719
    -81.7224 36.35855
    -81.722569 36.358356
    -81.722699 36.358251
    -81.722868 36.35821
    -81.723763 36.358113
    -81.724002 36.358033
    -81.72432 36.357758
    -81.7243 36.357669
    -81.724141 36.357218
    -81.724061 36.356273
    -81.723942 36.355838
    -81.723653 36.355225
    -81.723216 36.354765
    -81.722907 36.354345
    -81.722768 36.354023
    -81.722629 36.353264
    -81.722509 36.352941
    -81.72225 36.352353
    -81.721455 36.351167
    -81.720907 36.350707
    -81.72046 36.350465
    -81.719833 36.349828
    -81.719017 36.349005
    -81.717932 36.348142
    -81.717405 36.347779
    -81.715088 36.346954
    -81.71455 36.346763
    -81.713883 36.346675
    -81.713236 36.346659
    -81.71261 36.346664
    -81.712367 36.346666
    -81.712361 36.346667
    -81.711078 36.346635
    -81.708669 36.346402
    -81.708272 36.346273
    -81.708061 36.346157
    -81.707784 36.346007
    -81.707307 36.345514
    -81.705666 36.34299
    -81.705616 36.342538
    -81.705546 36.342296
    -81.705299 36.341852
    -81.705239 36.341514
    -81.705289 36.341296
    -81.705398 36.340989
    -81.705408 36.340828
    -81.705399 36.340537
    -81.705468 36.340376
    -81.705767 36.339609
    -81.705856 36.338867
    -81.705966 36.338496
    -81.706971 36.337253
    -81.707259 36.336664
    -81.70739 36.33584
    -81.707448 36.335477
    -81.707438 36.335171
    -81.707966 36.335122
    -81.70897 36.335122
    -81.709716 36.335235
    -81.712581 36.33592
    -81.713237 36.336049
    -81.713555 36.336049
    -81.71458 36.336048
    -81.716221 36.336169
    -81.717186 36.336169
    -81.717554 36.33612
    -81.717654 36.336105
    -81.718071 36.336047
    -81.71831 36.336055
    -81.718568 36.33612
    -81.718867 36.336289
    -81.719553 36.336926
    -81.719901 36.337338
    -81.720538 36.33833
    -81.720787 36.338516
    -81.721015 36.338645
    -81.721274 36.338725
    -81.722269 36.338765
    -81.723184 36.338845
    -81.723572 36.338942
    -81.72385 36.339071
    -81.724258 36.339491
    -81.724617 36.339966
    -81.724876 36.340111
    -81.725778 36.340326
    -81.725938 36.340364
    -81.726136 36.340616
    -81.72661 36.340852
    -81.727208 36.341102
    -81.727442 36.341188
    -81.727593 36.341255
    -81.727632 36.341269
    -81.727706 36.34131
    -81.727773 36.341368
    -81.727875 36.34144
    -81.727914 36.341457
    -81.727942 36.34146
    -81.72796 36.341462
    -81.727966 36.34146
    -81.728005 36.341451
    -81.728092 36.34144
    -81.728247 36.34143
    -81.728387 36.34144
    -81.728575 36.341441
    -81.728857 36.341401
    -81.728895 36.341394
    -81.728895 36.341393
    -81.728959 36.341384
    -81.729116 36.341348
    -81.729283 36.341315
    -81.72956 36.341296
    -81.729953 36.341281
    -81.730196 36.341279
    -81.730198 36.341279
    -81.730281 36.341278
    -81.730743 36.341331
    -81.730871 36.341341
    -81.731048 36.341362
    -81.731127 36.34136
    -81.731193 36.341347
    -81.731205 36.341342
    -81.73161 36.341617
    -81.731978 36.341722
    -81.733689 36.342003
    -81.734336 36.342221
    -81.735858 36.342979
    -81.735957 36.342987
    -81.736097 36.342922
    -81.736484 36.342438
    -81.736733 36.342292
    -81.737439 36.34188
    -81.738125 36.341348
    -81.738444 36.341017
    -81.739239 36.339959
    -81.739498 36.339757
    -81.739786 36.339628
    -81.740244 36.339525
    -81.74037 36.339479
    -81.740691 36.339353
    -81.742501 36.338424
    -81.742839 36.338384
    -81.743396 36.338303
    -81.743665 36.338206
    -81.744202 36.337875
    -81.744461 36.337778
    -81.744908 36.337761
    -81.745744 36.337543
    -81.746072 36.337543
    -81.747007 36.337575
    -81.747226 36.337542
    -81.747842 36.337356
    -81.747962 36.337364
    -81.748628 36.337654
    -81.749016 36.337751
    -81.749414 36.337775
    -81.749833 36.337791
    -81.750227 36.337857
    -81.750406 36.337825
    -81.750754 36.337535
    -81.751221 36.337285
    -81.751559 36.337172
    -81.752344 36.337076
    -81.753009 36.337076
    -81.753834 36.337044
    -81.75442 36.337044
    -81.754708 36.337132
    -81.754985 36.337439
    -81.755164 36.33789
    -81.755481 36.338196
    -81.755898 36.33847
    -81.756146 36.338623
    -81.756821 36.338954
    -81.757297 36.339405
    -81.757824 36.339695
    -81.758361 36.339873
    -81.759393 36.34005
    -81.760198 36.340115
    -81.760714 36.340187
    -81.761231 36.340276
    -81.762035 36.340187
    -81.76283 36.339913
    -81.763615 36.339406
    -81.764291 36.338906
    -81.764927 36.338672
    -81.765145 36.33897
    -81.765542 36.339325
    -81.766396 36.339672
    -81.767002 36.339978
    -81.7686 36.340832
    -81.768977 36.341042
    -81.768977 36.341259
    -81.768927 36.341775
    -81.769006 36.342283
    -81.769145 36.342581
    -81.769383 36.342557
    -81.769661 36.342492
    -81.770237 36.342524
    -81.770605 36.34267
    -81.770793 36.342944
    -81.771031 36.343218
    -81.771677 36.343572
    -81.771935 36.343588
    -81.772372 36.343491
    -81.772968 36.343306
    -81.773296 36.343379
    -81.773961 36.343741
    -81.774517 36.344313
    -81.774834 36.344644
    -81.775082 36.345248
    -81.775231 36.34545
    -81.775568 36.345691
    -81.776045 36.346207
    -81.776174 36.346562
    -81.776422 36.34665
    -81.777008 36.346988
    -81.777722 36.347536
    -81.778913 36.34864
    -81.779539 36.348309
    -81.780086 36.347995
    -81.780791 36.347777
    -81.781318 36.347656
    -81.782113 36.3476
    -81.782907 36.347648
    -81.783146 36.347721
    -81.783485 36.347632
    -81.784408 36.347479
    -81.785193 36.347422
    -81.785889 36.347446
    -81.786633 36.34772
    -81.78714 36.347954
    -81.787994 36.348219
    -81.788292 36.348252
    -81.78852 36.348211
    -81.788583 36.348199
    -81.788659 36.348186
    -81.789077 36.348097
    -81.789385 36.348154
    -81.789712 36.348323
    -81.79002 36.348726
    -81.790268 36.349209
    -81.790337 36.34962
    -81.790337 36.35045
    -81.790525 36.350845
    -81.790863 36.351022
    -81.790932 36.35153
    -81.791069 36.352016
    -81.791076 36.352041
    -81.79114 36.352265
    -81.791199 36.352837
    -81.79099 36.353248
    -81.790732 36.35365
    -81.790602 36.353972
    -81.790681 36.354375
    -81.79079 36.354755
    -81.790711 36.355101
    -81.790681 36.355448
    -81.7908 36.355907
    -81.790909 36.35602
    -81.791564 36.356028
    -81.791763 36.356109
    -81.791991 36.356455
    -81.79213 36.356576
    -81.792418 36.356785
    -81.793044 36.357801
    -81.793401 36.358494
    -81.793648 36.359421
    -81.793688 36.360428
    -81.793597 36.361363
    -81.793448 36.361903
    -81.793089 36.362462
    -81.793597 36.362209
    -81.793955 36.362161
    -81.794451 36.36204
    -81.794829 36.361951
    -81.795316 36.361717
    -81.795684 36.361241
    -81.796022 36.36025
    -81.796434 36.359679
    -81.797166 36.35867
    -81.797544 36.358428
    -81.7981 36.35846
    -81.799838 36.358379
    -81.800812 36.358073
    -81.801259 36.357799
    -81.801439 36.357379
    -81.801558 36.356727
    -81.801747 36.356445
    -81.80292 36.355622
    -81.803198 36.355396
    -81.803486 36.355429
    -81.803864 36.35567
    -81.804013 36.355718
    -81.80433 36.355606
    -81.80593 36.354807
    -81.806864 36.354492
    -81.80746 36.354428
    -81.808255 36.354121
    -81.808802 36.353702
    -81.809736 36.352291
    -81.810183 36.351904
    -81.8108 36.351719
    -81.811242 36.35166
    -81.811953 36.351565
    -81.812807 36.351492
    -81.814158 36.351387
    -81.815032 36.351403
    -81.816493 36.350998
    -81.817307 36.35078
    -81.81848 36.350498
    -81.818827 36.350377
    -81.819185 36.350022
    -81.819871 36.349546
    -81.820695 36.349239
    -81.82147 36.349118
    -81.822493 36.348819
    -81.823219 36.348819
    -81.824739 36.348625
    -81.825404 36.348697
    -81.825801 36.348963
    -81.82604 36.349003
    -81.826258 36.348938
    -81.826685 36.348817
    -81.827252 36.348664
    -81.827748 36.348511
    -81.82836 36.348205
    -81.829002 36.347949
    -81.829675 36.347702
    -81.830256 36.34764
    -81.830616 36.347609
    -81.831178 36.347442
    -81.831589 36.347298
    -81.832189 36.347334
    -81.832969 36.347453
    -81.83325 36.347365
    -81.833692 36.34701
    -81.834155 36.346575
    -81.834638 36.346301
    -81.835189 36.34602
    -81.835992 36.345732
    -81.836915 36.345438
    -81.837346 36.345229
    -81.83798 36.34486
    -81.838231 36.344682
    -81.838491 36.344554
    -81.838873 36.344466
    -81.839283 36.344347
    -81.840107 36.344003
    -81.841401 36.343369
    -81.841964 36.342999
    -81.842748 36.342411
    -81.843933 36.341776
    -81.844365 36.341567
    -81.844616 36.341439
    -81.844989 36.340937
    -81.845087 36.340878
    -81.845781 36.340409
    -81.846106 36.340283
    -81.846758 36.34007
    -81.847244 36.33987
    -81.847939 36.339163
    -81.848481 36.338845
    -81.848849 36.338905
    -81.848921 36.338922
    -81.849326 36.339018
    -81.849364 36.339027
    -81.849463 36.338962
    -81.849712 36.338785
    -81.850357 36.338374
    -81.850503 36.33829
    -81.850735 36.338156
    -81.851122 36.337979
    -81.851499 36.337559
    -81.851847 36.33714
    -81.852145 36.337067
    -81.852483 36.337003
    -81.852761 36.336793
    -81.853039 36.336559
    -81.853327 36.336438
    -81.853615 36.336462
    -81.854817 36.337218
    -81.855005 36.337259
    -81.855095 36.337186
    -81.856137 36.335984
    -81.857766 36.334097
    -81.858123 36.333839
    -81.85856 36.333492
    -81.859027 36.333
    -81.859236 36.332799
    -81.859385 36.33275
    -81.859901 36.332669
    -81.860308 36.332524
    -81.860666 36.33233
    -81.861033 36.331999
    -81.86148 36.331378
    -81.862344 36.33066
    -81.862613 36.330508
    -81.862998 36.330293
    -81.863148 36.330209
    -81.863913 36.329902
    -81.864449 36.329772
    -81.864975 36.329619
    -81.865472 36.329344
    -81.86569 36.328989
    -81.865859 36.328514
    -81.866137 36.328119
    -81.866355 36.327869
    -81.866464 36.327393
    -81.866474 36.326636
    -81.866613 36.326305
    -81.866901 36.326095
    -81.867397 36.32574
    -81.867725 36.325466
    -81.867904 36.325168
    -81.868231 36.324643
    -81.868847 36.324103
    -81.869383 36.323716
    -81.869939 36.323272
    -81.870515 36.322868
    -81.870882 36.322522
    -81.871219 36.322183
    -81.873076 36.3204
    -81.873403 36.32011
    -81.873483 36.319972
    -81.873572 36.319594
    -81.873701 36.319473
    -81.874029 36.319368
    -81.874336 36.31919
    -81.874837 36.318703
    -81.875121 36.318346
    -81.876182 36.316075
    -81.876571 36.315729
    -81.87688 36.315512
    -81.877518 36.315247
    -81.878046 36.315006
    -81.878355 36.314813
    -81.879043 36.313984
    -81.879382 36.313767
    -81.879641 36.313654
    -81.880606 36.313463
    -81.881333 36.313319
    -81.882199 36.312958
    -81.883145 36.312564
    -81.883922 36.312146
    -81.884441 36.311744
    -81.884849 36.311422
    -81.885329 36.310762
    -81.885658 36.310182
    -81.886834 36.309378
    -81.887243 36.309193
    -81.889085 36.308832
    -81.890218 36.30861
    -81.891631 36.308419
    -81.892179 36.308275
    -81.892746 36.308099
    -81.893753 36.307488
    -81.89425 36.307255
    -81.894569 36.307183
    -81.895116 36.307184
    -81.895683 36.307249
    -81.896438 36.307412
    -81.896766 36.307493
    -81.897164 36.307534
    -81.897701 36.307446
    -81.899433 36.306836
    -81.899702 36.306716
    -81.899851 36.306579
    -81.90023 36.30612
    -81.90047 36.305935
    -81.900679 36.305823
    -81.901305 36.305751
    -81.901793 36.305599
    -81.902241 36.305454
    -81.90261 36.305253
    -81.902978 36.304972
    -81.903248 36.304626
    -81.903528 36.304054
    -81.903677 36.303901
    -81.903807 36.303812
    -81.904254 36.303724
    -81.90503 36.303596
    -81.905577 36.303436
    -81.906294 36.303074
    -81.906423 36.30297
    -81.906474 36.302841
    -81.906434 36.302599
    -81.906425 36.30251
    -81.906524 36.302398
    -81.906664 36.302301
    -81.907251 36.3021
    -81.908136 36.302013
    -81.914419 36.292626
    -81.918051 36.287199
    -81.918113 36.28711
    -81.918162 36.287036
    -81.918466 36.286579
    -81.919529 36.28499
    -81.919884 36.284461
    -81.92002 36.284256
    -81.920431 36.283644
    -81.920568 36.28344
    -81.920607 36.283382
    -81.920724 36.283208
    -81.920755 36.283162
    -81.920763 36.28315
    -81.92311 36.279643
    -81.926212 36.275011
    -81.930153 36.269124
    -81.932501 36.265618
    -81.932599 36.26547
    -81.932895 36.265028
    -81.932994 36.264881
    -81.934337 36.264724
    -81.937191 36.264034
    -81.93816 36.264242
    -81.941423 36.264943
    -81.942661 36.264169
    -81.944847 36.262803
    -81.947115 36.262387
    -81.947911 36.262315
    -81.949233 36.262002
    -81.94979 36.261776
    -81.950645 36.261794
    -81.9515 36.261763
    -81.953364 36.264031
    -81.953482 36.264297
    -81.953512 36.264418
    -81.953442 36.264627
    -81.953092 36.265465
    -81.953032 36.265772
    -81.953111 36.266167
    -81.953575 36.267482
    -81.953575 36.267667
    -81.953475 36.267973
    -81.953494 36.268199
    -81.954313 36.271248
    -81.954461 36.271474
    -81.955602 36.272548
    -81.956159 36.272766
    -81.956506 36.272944
    -81.956655 36.273073
    -81.956843 36.27346
    -81.957012 36.273686
    -81.957359 36.273969
    -81.957806 36.27409
    -81.958164 36.274187
    -81.959396 36.27427
    -81.9603 36.274464
    -81.961453 36.274853
    -81.961671 36.274933
    -81.96189 36.274942
    -81.963441 36.274871
    -81.963819 36.274888
    -81.964216 36.275033
    -81.965825 36.275737
    -81.96648 36.276116
    -81.967156 36.276577
    -81.967424 36.276746
    -81.967713 36.276851
    -81.968349 36.2769
    -81.969501 36.277079
    -81.96969 36.277136
    -81.969829 36.277329
    -81.969908 36.277571
    -81.969856 36.278957
    -81.969825 36.279336
    -81.969655 36.279892
    -81.969754 36.280192
    -81.969829 36.280336
    -81.969878 36.280431
    -81.969913 36.280497
    -81.97001 36.280727
    -81.970012 36.280731
    -81.970028 36.280834
    -81.97006 36.281038
    -81.970131 36.281562
    -81.970207 36.282118
    -81.970453 36.282933
    -81.970701 36.283417
    -81.97085 36.283617
    -81.971008 36.283828
    -81.971318 36.284186
    -81.97216 36.285163
    -81.972427 36.285474
    -81.972536 36.28553
    -81.972675 36.28553
    -81.973719 36.285225
    -81.97508 36.286291
    -81.975273 36.286629
    -81.975319 36.28671
    -81.975507 36.286912
    -81.975944 36.287155
    -81.976349 36.287282
    -81.976509 36.287332
    -81.976679 36.287389
    -81.976958 36.287422
    -81.977236 36.287427
    -81.977834 36.287439
    -81.978589 36.287512
    -81.978768 36.287456
    -81.979395 36.287102
    -81.979582 36.287514
    -81.979692 36.287755
    -81.979821 36.287933
    -81.979969 36.288038
    -81.980148 36.28807
    -81.980207 36.28807
    -81.981487 36.288032
    -81.981491 36.288032
    -81.982535 36.288073
    -81.982555 36.288178
    -81.982046 36.289081
    -81.981827 36.289218
    -81.981668 36.289322
    -81.980892 36.289515
    -81.980673 36.289636
    -81.980571 36.28975
    -81.980494 36.289837
    -81.980344 36.290369
    -81.980382 36.29098
    -81.980384 36.291016
    -81.980402 36.291183
    -81.980182 36.291861
    -81.980338 36.292
    -81.980579 36.292216
    -81.980778 36.292272
    -81.980967 36.292273
    -81.981026 36.292426
    -81.981066 36.292764
    -81.981105 36.292974
    -81.981283 36.293321
    -81.981879 36.29366
    -81.982118 36.293822
    -81.982326 36.294032
    -81.982452 36.294283
    -81.982713 36.294798
    -81.982752 36.294919
    -81.982737 36.295341
    -81.982737 36.295386
    -81.982737 36.295524
    -81.982737 36.29557
    -81.982889 36.296354
    -81.982839 36.296701
    -81.982489 36.297878
    -81.981227 36.300314
    -81.980942 36.300867
    -81.982977 36.303964
    -81.98432 36.303498
    -81.984658 36.303418
    -81.985205 36.303434
    -81.985503 36.303499
    -81.985662 36.303636
    -81.985821 36.304056
    -81.98581 36.304145
    -81.985432 36.304572
    -81.985442 36.304684
    -81.986802 36.306016
    -81.989108 36.306615
    -81.990796 36.307987
    -81.990795 36.308507
    -81.990794 36.309511
    -81.990584 36.310067
    -81.990225 36.310567
    -81.989259 36.311574
    -81.989142 36.312785
    -81.989084 36.313074
    -81.988954 36.31371
    -81.988887 36.31404
    -81.988826 36.314644
    -81.988816 36.314742
    -81.989472 36.315
    -81.989652 36.315094
    -81.990228 36.315396
    -81.991032 36.315969
    -81.991191 36.316187
    -81.99136 36.316445
    -81.991638 36.316607
    -81.991986 36.31672
    -81.992434 36.316761
    -81.992841 36.31685
    -81.993746 36.31735
    -81.993924 36.317448
    -81.99401 36.317484
    -81.994537 36.317702
    -81.994779 36.317803
    -81.996042 36.318272
    -81.997135 36.318571
    -81.998527 36.318967
    -81.998984 36.319266
    -81.999252 36.319581
    -81.999421 36.319854
    -81.9995 36.320161
    -81.99947 36.320435
    -81.99935 36.320862
    -81.999039 36.322756
    -81.999156 36.324046
    -81.999275 36.324442
    -81.999353 36.325522
    -81.998495 36.326852
    -81.997629 36.327818
    -81.997386 36.328036
    -81.997309 36.328105
    -81.99691 36.328463
    -81.996732 36.328624
    -81.996652 36.328785
    -81.996592 36.328978
    -81.996592 36.329373
    -81.99676 36.32972
    -81.996909 36.329858
    -81.997208 36.329979
    -81.997595 36.330052
    -81.997805 36.330108
    -81.998489 36.330585
    -81.999775 36.331482
    -81.999842 36.331524
    -82.000542 36.331719
    -82.001042 36.332219
    -82.001342 36.332719
    -82.001742 36.333119
    -82.002042 36.333319
    -82.002142 36.333419
    -82.002236 36.333377
    -82.005142 36.332119
    -82.005975 36.331785
    -82.006142 36.331719
    -82.006712 36.331548
    -82.007142 36.331419
    -82.008842 36.331419
    -82.010842 36.331719
    -82.012242 36.332018
    -82.012285 36.332032
    -82.013442 36.332418
    -82.014161 36.332675
    -82.014842 36.332918
    -82.015843 36.333118
    -82.016643 36.333018
    -82.017743 36.332318
    -82.018743 36.331518
    -82.019543 36.330718
    -82.020443 36.329918
    -82.02105 36.329716
    -82.021643 36.329518
    -82.022843 36.330018
    -82.023343 36.330518
    -82.023743 36.331118
    -82.024043 36.331618
    -82.024086 36.331693
    -82.024443 36.332318
    -82.024689 36.332749
    -82.024843 36.333018
    -82.025343 36.333318
    -82.025943 36.333418
    -82.026543 36.333518
    -82.027043 36.333518
    -82.027643 36.333518
    -82.027943 36.333618
    -82.028443 36.333818
    -82.028464 36.333818
    -82.028643 36.333818
    -82.030543 36.333817
    -82.029715 36.334524
    -82.027672 36.336266
    -82.027143 36.336718
    -82.026443 36.340517
    -82.029407 36.342369
    -82.030444 36.343017
    -82.030844 36.342417
    -82.031473 36.34281
    -82.033689 36.344195
    -82.034044 36.344417
    -82.031844 36.346417
    -82.031884 36.346466
    -82.032837 36.347646
    -82.033373 36.348312
    -82.033384 36.348326
    -82.033928 36.349
    -82.034776 36.349707
    -82.0368 36.351398
    -82.036801 36.351398
    -82.036802 36.351398
    -82.036894 36.351354
    -82.037173 36.351223
    -82.037211 36.351206
    -82.037265 36.351177
    -82.037314 36.351157
    -82.037436 36.35111
    -82.037458 36.351091
    -82.0375 36.351058
    -82.037557 36.351031
    -82.037935 36.35084
    -82.03838 36.350617
    -82.038629 36.35049
    -82.039176 36.350226
    -82.039243 36.350191
    -82.039456 36.350083
    -82.03968 36.349976
    -82.040102 36.350295
    -82.040601 36.350673
    -82.041024 36.351096
    -82.041137 36.351209
    -82.041281 36.351353
    -82.041551 36.351623
    -82.041656 36.351728
    -82.041716 36.351788
    -82.041896 36.351968
    -82.041956 36.352028
    -82.041966 36.352038
    -82.041997 36.352069
    -82.042008 36.35208
    -82.042057 36.352129
    -82.042204 36.352276
    -82.042254 36.352326
    -82.042269 36.352341
    -82.042316 36.352388
    -82.042332 36.352404
    -82.043444 36.353516
    -82.043622 36.353753
    -82.044345 36.354716
    -82.04252 36.356751
    -82.041744 36.357616
    -82.041644 36.357416
    -82.041497 36.357171
    -82.041344 36.356916
    -82.041144 36.356616
    -82.041044 36.356316
    -82.040844 36.356016
    -82.040544 36.355816
    -82.040371 36.355816
    -82.040291 36.355816
    -82.040183 36.355789
    -82.040092 36.355767
    -82.040096 36.355633
    -82.040014 36.355598
    -82.040031 36.355346
    -82.040043 36.355158
    -82.039917 36.355152
    -82.039868 36.355149
    -82.039836 36.355147
    -82.039652 36.355137
    -82.039279 36.355105
    -82.039212 36.355095
    -82.039006 36.355067
    -82.038944 36.355316
    -82.038695 36.355354
    -82.037188 36.355586
    -82.036686 36.355664
    -82.036344 36.355717
    -82.036174 36.355787
    -82.035647 36.355906
    -82.035759 36.356085
    -82.035894 36.356275
    -82.036026 36.356427
    -82.036225 36.356603
    -82.036313 36.356684
    -82.036389 36.356764
    -82.036448 36.356834
    -82.036481 36.356888
    -82.036515 36.356966
    -82.038112 36.357624
    -82.038382 36.357737
    -82.038721 36.357909
    -82.038861 36.357985
    -82.038882 36.357997
    -82.03892 36.358016
    -82.038973 36.358042
    -82.039022 36.358065
    -82.039108 36.358098
    -82.039188 36.358132
    -82.039229 36.358194
    -82.039834 36.359001
    -82.040016 36.359275
    -82.040055 36.359334
    -82.040226 36.359557
    -82.040673 36.3602
    -82.041015 36.360648
    -82.041358 36.361097
    -82.041617 36.361665
    -82.041843 36.362309
    -82.042115 36.362766
    -82.042145 36.362816
    -82.042272 36.362848
    -82.042404 36.362881
    -82.042537 36.362914
    -82.042545 36.362916
    -82.043045 36.363116
    -82.043445 36.363516
    -82.044145 36.363716
    -82.044845 36.363616
    -82.045545 36.363716
    -82.046245 36.363816
    -82.046679 36.363878
    -82.046945 36.363916
    -82.047445 36.363616
    -82.048135 36.363616
    -82.048545 36.363816
    -82.049445 36.363816
    -82.049845 36.363716
    -82.050434 36.363863
    -82.050645 36.363916
    -82.051083 36.364061
    -82.051545 36.364215
    -82.052035 36.364276
    -82.052345 36.364315
    -82.053045 36.364415
    -82.053358 36.364679
    -82.053645 36.364915
    -82.054045 36.365515
    -82.054345 36.365915
    -82.055045 36.366415
    -82.056145 36.366815
    -82.057245 36.367015
    -82.057845 36.367115
    -82.058545 36.367215
    -82.058663 36.367254
    -82.058845 36.367315
    -82.058946 36.367415
    -82.058946 36.367515
    -82.058767 36.367603
    -82.058745 36.367615
    -82.058345 36.367915
    -82.058012 36.368081
    -82.057745 36.368215
    -82.057658 36.368272
    -82.057486 36.368386
    -82.057145 36.368615
    -82.056445 36.369215
    -82.055745 36.369715
    -82.055245 36.370315
    -82.054945 36.370815
    -82.054445 36.371615
    -82.053845 36.372115
    -82.053245 36.372315
    -82.052445 36.372815
    -82.052045 36.373215
    -82.051843 36.373416
    -82.051545 36.373715
    -82.051045 36.374215
    -82.050345 36.374615
    -82.050245 36.374615
    -82.050145 36.374715
    -82.050045 36.374915
    -82.049945 36.375015
    -82.049645 36.375115
    -82.049034 36.375444
    -82.048945 36.375515
    -82.048745 36.375615
    -82.048145 36.376215
    -82.047645 36.376815
    -82.047245 36.377315
    -82.046745 36.377915
    -82.046345 36.378315
    -82.045745 36.378715
    -82.045445 36.379015
    -82.045293 36.379268
    -82.045145 36.379515
    -82.044945 36.380215
    -82.044845 36.380515
    -82.044545 36.380515
    -82.044245 36.380515
    -82.043745 36.380315
    -82.043645 36.380215
    -82.043127 36.380415
    -82.042445 36.380915
    -82.041745 36.381215
    -82.041445 36.381415
    -82.041145 36.381615
    -82.040445 36.382115
    -82.039545 36.382816
    -82.039049 36.383229
    -82.038945 36.383316
    -82.038745 36.383416
    -82.038545 36.383716
    -82.038345 36.383916
    -82.038245 36.383916
    -82.038245 36.384016
    -82.037045 36.385016
    -82.036545 36.385416
    -82.036245 36.385616
    -82.036045 36.385816
    -82.035645 36.386216
    -82.035444 36.386516
    -82.034944 36.387216
    -82.03471 36.387606
    -82.034644 36.387716
    -82.034257 36.388102
    -82.034244 36.388116
    -82.033544 36.388716
    -82.032847 36.389114
    -82.032544 36.389416
    -82.032544 36.38954
    -82.032544 36.389616
    -82.032444 36.389816
    -82.032244 36.390416
    -82.032044 36.390916
    -82.031944 36.391416
    -82.031644 36.391816
    -82.031244 36.392316
    -82.030881 36.392752
    -82.030775 36.392879
    -82.030744 36.392916
    -82.030144 36.393516
    -82.030115 36.393552
    -82.029644 36.394116
    -82.029546 36.39428
    -82.029344 36.394616
    -82.029144 36.395016
    -82.028644 36.395516
    -82.028144 36.395916
    -82.027144 36.396816
    -82.026834 36.397023
    -82.026544 36.397216
    -82.026144 36.397516
    -82.025744 36.397716
    -82.025444 36.398016
    -82.025288 36.398249
    -82.025244 36.398316
    -82.025244 36.398716
    -82.025144 36.399116
    -82.024844 36.399716
    -82.024544 36.400116
    -82.024244 36.400416
    -82.023844 36.400716
    -82.023644 36.401016
    -82.023444 36.401216
    -82.023444 36.401416
    -82.023244 36.402016
    -82.022936 36.402554
    -82.022844 36.402716
    -82.022544 36.403216
    -82.022344 36.403616
    -82.022144 36.403816
    -82.022071 36.40386
    -82.021644 36.404116
    -82.021044 36.404416
    -82.020444 36.404816
    -82.020246 36.405014
    -82.019944 36.406416
    -82.020044 36.406416
    -82.019744 36.406616
    -82.019344 36.406716
    -82.018944 36.406816
    -82.018444 36.406916
    -82.018244 36.406916
    -82.018122 36.406916
    -82.017944 36.406916
    -82.01791 36.40695
    -82.017844 36.407016
    -82.013897 36.4101
    -82.013582 36.410347
    -82.013244 36.410516
    -82.012844 36.410816
    -82.012644 36.410916
    -82.012544 36.411016
    -82.012144 36.411316
    -82.012044 36.411416
    -82.011844 36.411616
    -82.011544 36.411916
    -82.011344 36.412116
    -82.010944 36.412516
    -82.010844 36.412716
    -82.010844 36.412916
    -82.010644 36.413216
    -82.010594 36.413253
    -82.010244 36.413516
    -82.009644 36.414016
    -82.009397 36.414262
    -82.009244 36.414416
    -82.008844 36.414516
    -82.008549 36.41481
    -82.008444 36.414916
    -82.008444 36.415116
    -82.008244 36.415516
    -82.008044 36.415716
    -82.007944 36.415716
    -82.007643 36.415816
    -82.007443 36.415916
    -82.006843 36.416316
    -82.006543 36.416716
    -82.006543 36.416916
    -82.005778 36.417872
    -82.005743 36.417916
    -82.005478 36.418358
    -82.005443 36.418416
    -82.005143 36.419116
    -82.005143 36.419916
    -82.005737 36.420411
    -82.005843 36.420716
    -82.005715 36.420973
    -82.005643 36.421116
    -82.005643 36.42125
    -82.005643 36.421816
    -82.005543 36.422416
    -82.005544 36.422516
    -82.005544 36.422616
    -82.005143 36.423016
    -82.004943 36.423216
    -82.004843 36.423316
    -82.004743 36.423416
    -82.00448 36.423641
    -82.004043 36.424016
    -82.003759 36.4243
    -82.003643 36.424416
    -82.003243 36.424816
    -82.002643 36.425116
    -82.002243 36.425316
    -82.001943 36.425416
    -82.001143 36.425516
    -82.000443 36.425616
    -81.999943 36.425616
    -81.999922 36.425606
    -81.999843 36.425597
    -81.999781 36.425592
    -81.997716 36.425433
    -81.996279 36.425879
    -81.996002 36.426221
    -81.995464 36.426842
    -81.995161 36.427795
    -81.995082 36.428044
    -81.995032 36.428416
    -81.99492 36.4299
    -81.994849 36.430401
    -81.994429 36.430949
    -81.993619 36.431319
    -81.993028 36.431794
    -81.992838 36.432252
    -81.992828 36.432278
    -81.992968 36.433112
    -81.992976 36.433158
    -81.993425 36.433764
    -81.993505 36.433888
END
END
