37057 Davidson County
1
    -80.369114 35.930373
    -80.369586 35.931036
    -80.370031 35.931662
    -80.370179 35.93187
    -80.370625 35.932496
    -80.370638 35.932514
    -80.370779 35.932701
    -80.371376 35.933491
    -80.373167 35.935864
    -80.373527 35.936341
    -80.373761 35.936658
    -80.373818 35.936735
    -80.373905 35.936852
    -80.373991 35.936968
    -80.374049 35.937046
    -80.374241 35.937305
    -80.374486 35.937637
    -80.374682 35.938158
    -80.374776 35.938409
    -80.374786 35.938464
    -80.374829 35.938707
    -80.374855 35.938775
    -80.375203 35.939672
    -80.375319 35.939971
    -80.375357 35.940068
    -80.375414 35.940215
    -80.37547 35.940361
    -80.375509 35.940459
    -80.375534 35.940524
    -80.375552 35.940784
    -80.375607 35.941551
    -80.375558 35.941769
    -80.375487 35.942093
    -80.375373 35.942607
    -80.375329 35.942825
    -80.375168 35.943632
    -80.375023 35.944656
    -80.374922 35.945033
    -80.374776 35.945584
    -80.37473 35.945757
    -80.374686 35.945924
    -80.374685 35.945993
    -80.374679 35.946611
    -80.374683 35.946719
    -80.374692 35.946962
    -80.37464 35.947334
    -80.374634 35.947457
    -80.374619 35.947829
    -80.37462 35.948202
    -80.374632 35.94843
    -80.374652 35.948955
    -80.374654 35.948986
    -80.374716 35.949451
    -80.374702 35.94956
    -80.374663 35.949887
    -80.374661 35.94991
    -80.374636 35.949994
    -80.374558 35.950256
    -80.374539 35.950331
    -80.374351 35.95109
    -80.374292 35.951354
    -80.374217 35.951697
    -80.374184 35.951785
    -80.374178 35.951807
    -80.374094 35.95215
    -80.374066 35.952265
    -80.374082 35.952451
    -80.374056 35.952609
    -80.374034 35.952744
    -80.374097 35.952972
    -80.374076 35.953167
    -80.374207 35.953619
    -80.374305 35.953953
    -80.374329 35.954039
    -80.374367 35.95417
    -80.374404 35.9543
    -80.374429 35.954387
    -80.374561 35.954845
    -80.374631 35.955084
    -80.374778 35.955589
    -80.375051 35.956189
    -80.375249 35.956624
    -80.3753 35.956735
    -80.375454 35.957071
    -80.375461 35.957085
    -80.375506 35.957183
    -80.3759 35.958036
    -80.37643 35.959185
    -80.377079 35.960598
    -80.377432 35.961366
    -80.377488 35.961444
    -80.377502 35.961464
    -80.377547 35.961524
    -80.377562 35.961545
    -80.377712 35.961751
    -80.37794 35.962064
    -80.378164 35.96237
    -80.378316 35.962576
    -80.378412 35.962707
    -80.378633 35.963008
    -80.378804 35.963137
    -80.380179 35.964173
    -80.380645 35.964423
    -80.381307 35.964779
    -80.381359 35.964807
    -80.382395 35.965358
    -80.382585 35.965417
    -80.385216 35.966236
    -80.385416 35.966299
    -80.386713 35.966509
    -80.386729 35.966511
    -80.388008 35.966714
    -80.388143 35.96674
    -80.388295 35.966756
    -80.38898 35.966827
    -80.389026 35.96684
    -80.389708 35.967043
    -80.390165 35.967255
    -80.390481 35.967404
    -80.39108 35.968117
    -80.391159 35.968273
    -80.391425 35.968801
    -80.391561 35.969068
    -80.391708 35.969357
    -80.391751 35.96944
    -80.391948 35.9703
    -80.391964 35.97037
    -80.392021 35.970617
    -80.392085 35.970899
    -80.392368 35.971424
    -80.392425 35.971529
    -80.393731 35.972418
    -80.394124 35.972681
    -80.394571 35.972868
    -80.395007 35.97305
    -80.395389 35.97321
    -80.395306 35.973209
    -80.39506 35.973208
    -80.394978 35.973208
    -80.394931 35.973223
    -80.394792 35.973272
    -80.394774 35.973279
    -80.394746 35.973288
    -80.393865 35.973576
    -80.392433 35.974045
    -80.39123 35.974454
    -80.390354 35.974753
    -80.390346 35.974755
    -80.390322 35.974763
    -80.390315 35.974766
    -80.390237 35.974792
    -80.390004 35.974872
    -80.389927 35.9749
    -80.389861 35.974922
    -80.389664 35.974987
    -80.389599 35.97501
    -80.389394 35.975079
    -80.38934 35.975097
    -80.38925 35.975128
    -80.389164 35.975158
    -80.388814 35.975277
    -80.387766 35.975633
    -80.387417 35.975753
    -80.38732 35.975785
    -80.387029 35.975884
    -80.386933 35.975917
    -80.386837 35.975949
    -80.386716 35.97599
    -80.386067 35.976211
    -80.385851 35.976286
    -80.385709 35.976334
    -80.385283 35.976479
    -80.385187 35.976512
    -80.385143 35.976532
    -80.385098 35.976542
    -80.384619 35.976705
    -80.383052 35.977239
    -80.38253 35.977418
    -80.382396 35.977462
    -80.382296 35.977496
    -80.382196 35.977529
    -80.381199 35.97787
    -80.380867 35.977985
    -80.380389 35.978148
    -80.380386 35.978149
    -80.378572 35.978764
    -80.377581 35.979116
    -80.377532 35.979127
    -80.377527 35.979128
    -80.377492 35.979148
    -80.377449 35.979163
    -80.374692 35.980142
    -80.374383 35.980251
    -80.373459 35.98058
    -80.373151 35.98069
    -80.372272 35.981002
    -80.36885 35.982231
    -80.368791 35.982252
    -80.366108 35.983216
    -80.366081 35.983236
    -80.366049 35.983238
    -80.363624 35.984106
    -80.362295 35.984584
    -80.360354 35.98528
    -80.354534 35.987372
    -80.352595 35.98807
    -80.352466 35.988116
    -80.352079 35.988255
    -80.351951 35.988302
    -80.351496 35.988464
    -80.350132 35.988954
    -80.349678 35.989118
    -80.349386 35.989222
    -80.348514 35.989536
    -80.348223 35.989641
    -80.347963 35.989734
    -80.347183 35.990012
    -80.346924 35.990106
    -80.346249 35.990339
    -80.344468 35.990957
    -80.344213 35.990953
    -80.3435 35.990944
    -80.343457 35.990943
    -80.343329 35.990941
    -80.343287 35.990941
    -80.341755 35.990921
    -80.331871 35.990777
    -80.331122 35.99077
    -80.331047 35.990769
    -80.331021 35.990769
    -80.330868 35.990767
    -80.330015 35.990759
    -80.329979 35.990759
    -80.322907 35.990688
    -80.322904 35.99081
    -80.322893 35.991195
    -80.322888 35.991347
    -80.322875 35.991788
    -80.322863 35.992177
    -80.322775 35.995123
    -80.322746 35.996106
    -80.322738 35.996365
    -80.322728 35.996714
    -80.322297 35.996712
    -80.322038 35.996711
    -80.320951 35.996704
    -80.317693 35.996685
    -80.316607 35.996679
    -80.315304 35.996671
    -80.311396 35.996648
    -80.310094 35.996641
    -80.309062 35.996631
    -80.305968 35.996603
    -80.304937 35.996594
    -80.304746 35.996594
    -80.304448 35.996595
    -80.304173 35.996598
    -80.303983 35.996601
    -80.303703 35.996603
    -80.302865 35.996608
    -80.302586 35.996611
    -80.302488 35.996611
    -80.302194 35.996611
    -80.302097 35.996611
    -80.301851 35.996613
    -80.301846 35.996614
    -80.30154 35.996619
    -80.301113 35.996619
    -80.300867 35.99662
    -80.300712 35.99662
    -80.300316 35.99662
    -80.30025 35.996618
    -80.300096 35.996615
    -80.299819 35.996611
    -80.298988 35.996601
    -80.298712 35.996598
    -80.298515 35.996588
    -80.298218 35.996574
    -80.298068 35.996558
    -80.297926 35.996536
    -80.29782 35.996521
    -80.297732 35.996503
    -80.297543 35.996514
    -80.296977 35.996548
    -80.296835 35.996557
    -80.296789 35.996557
    -80.29615 35.996552
    -80.294233 35.99654
    -80.293594 35.996536
    -80.293321 35.996534
    -80.292502 35.996528
    -80.29223 35.996527
    -80.292095 35.996526
    -80.292063 35.996526
    -80.291562 35.996523
    -80.291396 35.996522
    -80.29134 35.996521
    -80.291172 35.996518
    -80.291117 35.996518
    -80.290762 35.996512
    -80.290738 35.996512
    -80.290136 35.996502
    -80.290096 35.996502
    -80.288996 35.996509
    -80.287768 35.996518
    -80.287737 35.996518
    -80.287193 35.996523
    -80.286213 35.996531
    -80.284615 35.996543
    -80.283863 35.996554
    -80.283777 35.996555
    -80.283691 35.996556
    -80.282984 35.996567
    -80.281922 35.996582
    -80.281807 35.996583
    -80.281462 35.996588
    -80.281348 35.99659
    -80.281188 35.996592
    -80.280711 35.996599
    -80.280552 35.996602
    -80.280426 35.996604
    -80.280356 35.996605
    -80.280323 35.996604
    -80.279636 35.996601
    -80.279408 35.9966
    -80.279303 35.996599
    -80.278988 35.996597
    -80.278883 35.996597
    -80.277394 35.996589
    -80.272927 35.996565
    -80.271481 35.996558
    -80.271439 35.996552
    -80.271363 35.996563
    -80.271186 35.996573
    -80.271089 35.99658
    -80.270424 35.99658
    -80.27017 35.99658
    -80.269954 35.99658
    -80.269894 35.996581
    -80.269306 35.996568
    -80.269291 35.996568
    -80.269091 35.99657
    -80.268656 35.996566
    -80.267354 35.996555
    -80.26692 35.996552
    -80.266798 35.996552
    -80.26669 35.996553
    -80.266354 35.996554
    -80.264657 35.99656
    -80.264092 35.996563
    -80.264045 35.996563
    -80.263905 35.996563
    -80.263859 35.996564
    -80.262373 35.996569
    -80.257917 35.996585
    -80.256432 35.996591
    -80.255773 35.996593
    -80.253797 35.9966
    -80.253139 35.996603
    -80.252267 35.996606
    -80.250828 35.996611
    -80.249653 35.996608
    -80.248782 35.996606
    -80.248666 35.996605
    -80.248321 35.996605
    -80.248206 35.996605
    -80.248141 35.996605
    -80.247859 35.996603
    -80.247771 35.996602
    -80.246819 35.9966
    -80.246473 35.996599
    -80.245651 35.996596
    -80.24441 35.996591
    -80.24411 35.99659
    -80.243602 35.996589
    -80.243565 35.996598
    -80.243538 35.996593
    -80.243513 35.996588
    -80.242923 35.996586
    -80.242903 35.996586
    -80.242846 35.996586
    -80.242827 35.996586
    -80.242221 35.996583
    -80.240403 35.996577
    -80.239797 35.996575
    -80.239505 35.996576
    -80.238963 35.996579
    -80.238629 35.996574
    -80.238338 35.99657
    -80.238209 35.996569
    -80.237825 35.996567
    -80.237697 35.996567
    -80.237272 35.996567
    -80.237111 35.996567
    -80.236987 35.996567
    -80.236893 35.996566
    -80.235355 35.996565
    -80.23477 35.996565
    -80.234729 35.996564
    -80.232597 35.996564
    -80.230678 35.996638
    -80.230543 35.996643
    -80.229924 35.996651
    -80.229921 35.996661
    -80.2299 35.99666
    -80.228537 35.996588
    -80.228209 35.996582
    -80.227885 35.996576
    -80.225808 35.99661
    -80.22511 35.996613
    -80.224527 35.996632
    -80.224382 35.996641
    -80.224297 35.996653
    -80.224186 35.996682
    -80.224131 35.996704
    -80.224076 35.996734
    -80.223528 35.99674
    -80.221884 35.996762
    -80.221337 35.996769
    -80.221078 35.996772
    -80.220301 35.996782
    -80.220043 35.996786
    -80.219567 35.996793
    -80.218139 35.996815
    -80.217745 35.996822
    -80.217664 35.996823
    -80.217638 35.996824
    -80.21761 35.996823
    -80.217582 35.996823
    -80.217451 35.996824
    -80.217398 35.996825
    -80.21724 35.996827
    -80.217153 35.996828
    -80.216131 35.996843
    -80.213906 35.996876
    -80.213905 35.997115
    -80.213902 35.998448
    -80.213899 35.999715
    -80.213929 36.000768
    -80.214008 36.003463
    -80.214012 36.003605
    -80.214021 36.003931
    -80.214023 36.004003
    -80.21405 36.004932
    -80.214052 36.004985
    -80.214048 36.00531
    -80.213976 36.00719
    -80.213974 36.007289
    -80.213992 36.007672
    -80.213876 36.00934
    -80.213876 36.009368
    -80.213876 36.009454
    -80.213877 36.009483
    -80.213876 36.009672
    -80.213873 36.01024
    -80.213873 36.010335
    -80.213873 36.01043
    -80.213872 36.010788
    -80.213869 36.011863
    -80.213869 36.012222
    -80.213869 36.012241
    -80.213868 36.012364
    -80.213867 36.012792
    -80.213867 36.012935
    -80.213866 36.013181
    -80.213864 36.013921
    -80.213864 36.014168
    -80.213863 36.014272
    -80.213863 36.014486
    -80.213863 36.014586
    -80.213863 36.014691
    -80.213862 36.014931
    -80.21386 36.015651
    -80.21386 36.015892
    -80.213856 36.017257
    -80.213854 36.018307
    -80.213852 36.019145
    -80.213846 36.021352
    -80.213843 36.022717
    -80.213843 36.022775
    -80.213843 36.022907
    -80.213843 36.022949
    -80.213843 36.023007
    -80.213842 36.02322
    -80.21384 36.023863
    -80.21384 36.024077
    -80.213833 36.02668
    -80.213833 36.026772
    -80.213753 36.026771
    -80.211837 36.026768
    -80.210711 36.026766
    -80.200763 36.026757
    -80.200446 36.026756
    -80.199496 36.026755
    -80.19918 36.026755
    -80.198715 36.026754
    -80.197323 36.026753
    -80.196859 36.026753
    -80.196669 36.026752
    -80.196099 36.026752
    -80.195909 36.026752
    -80.195613 36.026751
    -80.194724 36.02675
    -80.194429 36.02675
    -80.193824 36.026749
    -80.19289 36.026747
    -80.192009 36.026747
    -80.191405 36.026747
    -80.190821 36.026746
    -80.18907 36.026744
    -80.188487 36.026744
    -80.187218 36.026742
    -80.183414 36.026737
    -80.182146 36.026736
    -80.180821 36.026734
    -80.176846 36.026729
    -80.175521 36.026728
    -80.175143 36.026727
    -80.174009 36.026726
    -80.173631 36.026726
    -80.173486 36.02672
    -80.173054 36.026705
    -80.17291 36.0267
    -80.172785 36.026703
    -80.172705 36.026705
    -80.172413 36.02672
    -80.172289 36.026727
    -80.171577 36.026725
    -80.169441 36.026721
    -80.168729 36.02672
    -80.16856 36.026719
    -80.168054 36.026719
    -80.167886 36.026719
    -80.167634 36.026718
    -80.167258 36.026718
    -80.166881 36.026718
    -80.16663 36.026718
    -80.166133 36.026717
    -80.16539 36.026717
    -80.164645 36.026715
    -80.164149 36.026715
    -80.163716 36.026714
    -80.163077 36.026714
    -80.162417 36.026713
    -80.161984 36.026713
    -80.16149 36.026712
    -80.160008 36.02671
    -80.159515 36.02671
    -80.158323 36.026708
    -80.15475 36.026704
    -80.153559 36.026703
    -80.153198 36.026702
    -80.1527 36.026702
    -80.152116 36.0267
    -80.151793 36.0267
    -80.151756 36.0267
    -80.151427 36.026699
    -80.150953 36.026699
    -80.150441 36.026697
    -80.150113 36.026697
    -80.150046 36.026697
    -80.149845 36.026697
    -80.149779 36.026697
    -80.149775 36.026697
    -80.149443 36.026647
    -80.148437 36.026495
    -80.148102 36.026445
    -80.147274 36.02632
    -80.14671 36.026236
    -80.144793 36.025947
    -80.143967 36.025823
    -80.143052 36.025685
    -80.141484 36.02545
    -80.140307 36.025273
    -80.139392 36.025136
    -80.139023 36.025079
    -80.138466 36.024995
    -80.137917 36.024912
    -80.137549 36.024857
    -80.136392 36.024683
    -80.133892 36.024307
    -80.132923 36.024161
    -80.131767 36.023987
    -80.13106 36.02388
    -80.128939 36.023559
    -80.128233 36.023453
    -80.12816 36.023442
    -80.127945 36.023409
    -80.127873 36.023399
    -80.127845 36.023394
    -80.127765 36.023382
    -80.127738 36.023379
    -80.127173 36.023293
    -80.125478 36.023037
    -80.124913 36.022952
    -80.124506 36.02289
    -80.123285 36.022707
    -80.122878 36.022646
    -80.122466 36.022583
    -80.12123 36.022397
    -80.120819 36.022335
    -80.120675 36.022313
    -80.120243 36.022247
    -80.120099 36.022226
    -80.119464 36.02213
    -80.117559 36.021845
    -80.116924 36.02175
    -80.115636 36.021555
    -80.112164 36.02103
    -80.11205 36.021012
    -80.111935 36.020995
    -80.111775 36.02097
    -80.110488 36.020776
    -80.108576 36.020488
    -80.108064 36.020411
    -80.107847 36.020379
    -80.107631 36.020346
    -80.105916 36.020088
    -80.10284 36.019625
    -80.100928 36.019338
    -80.0992 36.019076
    -80.096958 36.018738
    -80.094016 36.018293
    -80.092289 36.018033
    -80.09151 36.017915
    -80.089951 36.017679
    -80.089176 36.017561
    -80.088398 36.017444
    -80.087304 36.017278
    -80.084236 36.016815
    -80.084025 36.016783
    -80.082933 36.016618
    -80.082577 36.016564
    -80.082031 36.016481
    -80.079328 36.016072
    -80.078427 36.015936
    -80.077224 36.015754
    -80.073616 36.015208
    -80.072414 36.015027
    -80.071803 36.014934
    -80.06997 36.014658
    -80.069359 36.014566
    -80.068708 36.014467
    -80.066758 36.014171
    -80.066108 36.014073
    -80.06529 36.013949
    -80.064211 36.013787
    -80.062839 36.013578
    -80.062681 36.013555
    -80.062022 36.013456
    -80.061694 36.013406
    -80.060713 36.013257
    -80.060386 36.013208
    -80.059913 36.013136
    -80.058495 36.01292
    -80.058023 36.012849
    -80.057246 36.012732
    -80.057056 36.012703
    -80.055123 36.012411
    -80.055013 36.012394
    -80.054903 36.012377
    -80.054158 36.012264
    -80.054087 36.012253
    -80.053192 36.012119
    -80.053111 36.012107
    -80.052871 36.012071
    -80.052791 36.012059
    -80.051798 36.011908
    -80.048819 36.011457
    -80.048174 36.01136
    -80.047827 36.011307
    -80.047476 36.011253
    -80.046422 36.011091
    -80.046072 36.011038
    -80.046009 36.011028
    -80.045819 36.010999
    -80.045757 36.01099
    -80.045632 36.010971
    -80.045373 36.010931
    -80.045259 36.010914
    -80.045135 36.010895
    -80.045053 36.010882
    -80.044807 36.010844
    -80.044726 36.010832
    -80.044435 36.010787
    -80.043562 36.010654
    -80.043272 36.01061
    -80.04327 36.010606
    -80.043264 36.010597
    -80.043262 36.010594
    -80.043236 36.010553
    -80.043194 36.010482
    -80.043342 36.009593
    -80.043363 36.008936
    -80.043363 36.008515
    -80.043363 36.008316
    -80.043363 36.00783
    -80.043363 36.007436
    -80.043381 36.007012
    -80.043388 36.006861
    -80.043424 36.006031
    -80.043436 36.00574
    -80.043455 36.005317
    -80.043463 36.005136
    -80.043472 36.004997
    -80.043538 36.004037
    -80.04356 36.003718
    -80.04357 36.003548
    -80.043603 36.00304
    -80.043614 36.002871
    -80.043995 36.002873
    -80.043999 36.002789
    -80.044069 36.001398
    -80.044074 36.001303
    -80.04371 36.001243
    -80.043739 36.000657
    -80.04383 35.998899
    -80.04386 35.998314
    -80.043878 35.997862
    -80.043934 35.996507
    -80.043952 35.996072
    -80.043953 35.996056
    -80.043955 35.995982
    -80.043964 35.99576
    -80.043967 35.995687
    -80.043983 35.995266
    -80.044032 35.994005
    -80.044049 35.993585
    -80.044049 35.993558
    -80.044053 35.993478
    -80.044054 35.993452
    -80.044062 35.993237
    -80.044062 35.992936
    -80.044062 35.99139
    -80.044062 35.991101
    -80.044062 35.990931
    -80.044063 35.990875
    -80.044063 35.990772
    -80.044063 35.990636
    -80.044093 35.990468
    -80.044112 35.990368
    -80.044114 35.990353
    -80.044122 35.990311
    -80.044125 35.990297
    -80.044152 35.990144
    -80.044235 35.989688
    -80.044263 35.989536
    -80.044347 35.987972
    -80.044463 35.985836
    -80.044458 35.985769
    -80.044457 35.985757
    -80.044376 35.984704
    -80.044363 35.984536
    -80.044414 35.983559
    -80.044419 35.983463
    -80.044427 35.983301
    -80.044454 35.982819
    -80.044463 35.982658
    -80.044463 35.982525
    -80.044463 35.98213
    -80.044464 35.981998
    -80.044473 35.981837
    -80.044502 35.981357
    -80.044512 35.981197
    -80.044593 35.979811
    -80.044838 35.975654
    -80.04492 35.974269
    -80.044924 35.974197
    -80.044936 35.973985
    -80.044941 35.973914
    -80.044943 35.973885
    -80.044948 35.973796
    -80.044963 35.973536
    -80.044963 35.973442
    -80.044963 35.973324
    -80.044963 35.973246
    -80.044962 35.972669
    -80.044962 35.972534
    -80.045054 35.970542
    -80.045063 35.970336
    -80.045085 35.96897
    -80.04509 35.968634
    -80.045091 35.96861
    -80.045153 35.966855
    -80.045178 35.966192
    -80.045179 35.966173
    -80.045225 35.964878
    -80.045232 35.964678
    -80.04524 35.964458
    -80.045242 35.964378
    -80.045252 35.964139
    -80.045256 35.96406
    -80.045265 35.963835
    -80.045264 35.963623
    -80.045264 35.962312
    -80.045264 35.961983
    -80.045264 35.961937
    -80.045266 35.96188
    -80.045266 35.961876
    -80.045268 35.961807
    -80.045278 35.961603
    -80.045281 35.961535
    -80.045288 35.961358
    -80.045313 35.960829
    -80.045321 35.960653
    -80.045324 35.960569
    -80.045326 35.960508
    -80.045336 35.960318
    -80.045341 35.960235
    -80.04537 35.959728
    -80.045375 35.959633
    -80.045459 35.958209
    -80.045489 35.957703
    -80.045503 35.957449
    -80.045548 35.956689
    -80.045563 35.956436
    -80.045581 35.956353
    -80.045636 35.956104
    -80.045655 35.956022
    -80.045673 35.955936
    -80.04573 35.955681
    -80.04575 35.955596
    -80.045762 35.955543
    -80.045764 35.955536
    -80.045763 35.955382
    -80.045763 35.955329
    -80.045763 35.955194
    -80.045763 35.955078
    -80.045763 35.954826
    -80.045763 35.953317
    -80.045763 35.952815
    -80.045763 35.9527
    -80.045763 35.952355
    -80.045763 35.952241
    -80.045813 35.951509
    -80.045967 35.949314
    -80.046018 35.948583
    -80.046033 35.948366
    -80.046064 35.947935
    -80.046071 35.947768
    -80.046115 35.946648
    -80.046119 35.946547
    -80.046134 35.946247
    -80.046139 35.946147
    -80.046146 35.946002
    -80.046175 35.945421
    -80.046462 35.939776
    -80.046463 35.939736
    -80.046462 35.937135
    -80.046464 35.937095
    -80.046463 35.936937
    -80.046463 35.936436
    -80.046503 35.936188
    -80.046627 35.935447
    -80.046663 35.935236
    -80.046664 35.9352
    -80.046682 35.934334
    -80.046739 35.93174
    -80.046758 35.930875
    -80.046762 35.930646
    -80.046763 35.930636
    -80.046754 35.930557
    -80.046688 35.929963
    -80.046663 35.929736
    -80.046669 35.929267
    -80.046691 35.92786
    -80.046698 35.927392
    -80.046749 35.927061
    -80.046903 35.926071
    -80.046955 35.925741
    -80.046936 35.925345
    -80.046882 35.924159
    -80.046878 35.924071
    -80.046864 35.923764
    -80.046833 35.923143
    -80.04674 35.921283
    -80.046709 35.920663
    -80.04673 35.92027
    -80.046796 35.919091
    -80.046818 35.918699
    -80.046821 35.918621
    -80.046826 35.918528
    -80.046834 35.918389
    -80.046839 35.918312
    -80.046849 35.918116
    -80.046883 35.917528
    -80.046894 35.917332
    -80.046897 35.917266
    -80.046908 35.917072
    -80.046912 35.917007
    -80.046913 35.916967
    -80.04692 35.916847
    -80.046923 35.916808
    -80.046931 35.916648
    -80.046958 35.916171
    -80.046967 35.916013
    -80.04698 35.915764
    -80.046983 35.915725
    -80.047022 35.91502
    -80.047037 35.914772
    -80.047052 35.9145
    -80.04706 35.914358
    -80.047092 35.913814
    -80.047102 35.913627
    -80.047134 35.913068
    -80.047138 35.913011
    -80.047146 35.912882
    -80.047151 35.912788
    -80.047167 35.912506
    -80.047173 35.912413
    -80.047179 35.9123
    -80.047188 35.912149
    -80.047199 35.911961
    -80.047206 35.911849
    -80.047209 35.911794
    -80.047213 35.911726
    -80.047214 35.911695
    -80.047218 35.911631
    -80.047222 35.911577
    -80.047223 35.911545
    -80.047229 35.911451
    -80.047231 35.91142
    -80.047232 35.911395
    -80.047234 35.911343
    -80.047246 35.911114
    -80.047251 35.911038
    -80.047289 35.910301
    -80.047395 35.908265
    -80.047403 35.908093
    -80.047418 35.907823
    -80.047443 35.907358
    -80.047443 35.907348
    -80.047444 35.907322
    -80.047445 35.90732
    -80.047445 35.907313
    -80.047458 35.907067
    -80.047491 35.90645
    -80.047631 35.903863
    -80.047678 35.903001
    -80.047715 35.902311
    -80.047829 35.900243
    -80.047868 35.899554
    -80.047878 35.899374
    -80.047892 35.899112
    -80.047965 35.89779
    -80.04799 35.897349
    -80.048005 35.897078
    -80.048012 35.896945
    -80.048025 35.896706
    -80.048131 35.89478
    -80.048167 35.894138
    -80.048178 35.893936
    -80.048211 35.893334
    -80.048222 35.893133
    -80.048278 35.89208
    -80.048449 35.888923
    -80.048507 35.887871
    -80.04851 35.887797
    -80.048523 35.887576
    -80.048528 35.887503
    -80.048529 35.887473
    -80.048534 35.887385
    -80.048536 35.887356
    -80.048541 35.887244
    -80.04856 35.886911
    -80.048567 35.8868
    -80.048594 35.886321
    -80.048676 35.884884
    -80.048701 35.884452
    -80.048703 35.884406
    -80.048714 35.884193
    -80.048742 35.883715
    -80.048745 35.883666
    -80.048746 35.883614
    -80.048775 35.88313
    -80.048783 35.883001
    -80.048795 35.882803
    -80.048805 35.882651
    -80.048818 35.88248
    -80.048839 35.882198
    -80.04885 35.882047
    -80.048853 35.882
    -80.048855 35.881978
    -80.048859 35.881859
    -80.048861 35.881812
    -80.048863 35.881725
    -80.048873 35.881466
    -80.048876 35.88138
    -80.048862 35.88133
    -80.04882 35.88118
    -80.048807 35.881131
    -80.048836 35.880875
    -80.048874 35.88022
    -80.048994 35.878172
    -80.049026 35.877665
    -80.049035 35.877487
    -80.049087 35.876576
    -80.049101 35.876315
    -80.049145 35.875534
    -80.049161 35.875274
    -80.049163 35.875236
    -80.049168 35.875124
    -80.049171 35.875087
    -80.049172 35.875066
    -80.049175 35.875005
    -80.049177 35.874985
    -80.04918 35.874922
    -80.049188 35.874736
    -80.049192 35.874674
    -80.049225 35.874002
    -80.049325 35.871988
    -80.049359 35.871317
    -80.049397 35.870549
    -80.049467 35.869187
    -80.049514 35.868248
    -80.049549 35.867563
    -80.049549 35.867481
    -80.049645 35.867463
    -80.04971 35.86632
    -80.049922 35.862601
    -80.049933 35.862417
    -80.049939 35.86136
    -80.049939 35.861342
    -80.049939 35.861331
    -80.049941 35.861246
    -80.049943 35.861218
    -80.049946 35.861117
    -80.049955 35.860816
    -80.049959 35.860716
    -80.049961 35.860646
    -80.049967 35.860437
    -80.049969 35.860385
    -80.04997 35.860368
    -80.049978 35.860101
    -80.050021 35.859426
    -80.050077 35.858541
    -80.050377 35.853876
    -80.050428 35.853063
    -80.050481 35.852249
    -80.050546 35.851237
    -80.050569 35.850803
    -80.050588 35.850477
    -80.050641 35.849503
    -80.050665 35.84907
    -80.050668 35.849001
    -80.050678 35.848831
    -80.05068 35.848797
    -80.050687 35.848729
    -80.050698 35.848506
    -80.050732 35.84784
    -80.050744 35.847618
    -80.05075 35.84751
    -80.050769 35.847188
    -80.050776 35.847081
    -80.050782 35.846958
    -80.0508 35.846588
    -80.050807 35.846466
    -80.050819 35.846246
    -80.050856 35.845585
    -80.050869 35.845366
    -80.050872 35.845294
    -80.050883 35.845081
    -80.050888 35.84501
    -80.050916 35.844494
    -80.050969 35.843523
    -80.051001 35.842947
    -80.05103 35.842432
    -80.051047 35.842121
    -80.051134 35.840527
    -80.051152 35.840201
    -80.051167 35.839935
    -80.051175 35.839781
    -80.05122 35.838953
    -80.051234 35.838698
    -80.051255 35.838317
    -80.051317 35.837177
    -80.051339 35.836797
    -80.051394 35.835764
    -80.051431 35.835085
    -80.051516 35.833633
    -80.051569 35.832668
    -80.051626 35.831636
    -80.051635 35.831465
    -80.051663 35.830952
    -80.051673 35.830782
    -80.051688 35.830498
    -80.051734 35.829648
    -80.05175 35.829365
    -80.051793 35.828581
    -80.051815 35.828182
    -80.051834 35.827841
    -80.051881 35.826978
    -80.052002 35.824635
    -80.052064 35.823453
    -80.052115 35.822464
    -80.052194 35.820947
    -80.052262 35.819498
    -80.052267 35.819389
    -80.052309 35.81851
    -80.052325 35.818188
    -80.052376 35.817222
    -80.052393 35.816901
    -80.05244 35.816046
    -80.052585 35.813482
    -80.052634 35.812628
    -80.052667 35.812047
    -80.052677 35.811866
    -80.052806 35.809581
    -80.052849 35.80882
    -80.052862 35.808572
    -80.052904 35.807829
    -80.052918 35.807582
    -80.052937 35.807238
    -80.052948 35.807053
    -80.05297 35.806654
    -80.053064 35.805006
    -80.053127 35.803872
    -80.05314 35.803656
    -80.053179 35.802945
    -80.053184 35.802865
    -80.053196 35.802641
    -80.053234 35.801969
    -80.053244 35.801801
    -80.053251 35.801783
    -80.053253 35.801747
    -80.053285 35.801133
    -80.053382 35.799291
    -80.053415 35.798678
    -80.053436 35.798287
    -80.053467 35.797651
    -80.053623 35.79457
    -80.053675 35.793543
    -80.053744 35.792165
    -80.053763 35.791787
    -80.053781 35.791753
    -80.053923 35.789081
    -80.053978 35.788036
    -80.053996 35.7877
    -80.054051 35.786659
    -80.054092 35.785868
    -80.054218 35.783498
    -80.054232 35.783237
    -80.054253 35.782708
    -80.054263 35.782414
    -80.054295 35.781534
    -80.054303 35.781334
    -80.05431 35.781241
    -80.054423 35.779127
    -80.0547 35.773999
    -80.054716 35.773654
    -80.054723 35.77352
    -80.05473 35.773387
    -80.054762 35.772785
    -80.054875 35.770671
    -80.054881 35.770549
    -80.054901 35.770183
    -80.054908 35.770062
    -80.054915 35.769921
    -80.054937 35.769501
    -80.054945 35.769361
    -80.054986 35.768577
    -80.055113 35.766226
    -80.055156 35.765443
    -80.055227 35.764091
    -80.055441 35.760035
    -80.055513 35.758684
    -80.055534 35.75828
    -80.055543 35.758126
    -80.0556 35.757069
    -80.05562 35.756722
    -80.055623 35.756666
    -80.055672 35.755718
    -80.055744 35.754363
    -80.055822 35.752877
    -80.055873 35.751931
    -80.055896 35.751569
    -80.055932 35.751008
    -80.055962 35.750483
    -80.055971 35.750331
    -80.055984 35.750122
    -80.056004 35.749775
    -80.056065 35.748735
    -80.056086 35.748389
    -80.056101 35.748127
    -80.056121 35.747809
    -80.056148 35.747344
    -80.056162 35.747104
    -80.056163 35.747083
    -80.056179 35.746866
    -80.056177 35.746848
    -80.056202 35.746417
    -80.056255 35.745519
    -80.056319 35.744419
    -80.056358 35.743754
    -80.056363 35.743672
    -80.056365 35.74363
    -80.056387 35.743258
    -80.056395 35.743135
    -80.05646 35.742022
    -80.056476 35.741752
    -80.056657 35.738686
    -80.056723 35.737574
    -80.056769 35.736781
    -80.05691 35.734401
    -80.056957 35.733609
    -80.056967 35.733433
    -80.056997 35.732905
    -80.057008 35.73273
    -80.057111 35.730968
    -80.057171 35.729962
    -80.057355 35.726841
    -80.057423 35.725684
    -80.057511 35.724198
    -80.057499 35.723923
    -80.057498 35.7239
    -80.057519 35.723661
    -80.057551 35.723316
    -80.057548 35.723282
    -80.057571 35.722876
    -80.057586 35.722626
    -80.057587 35.722614
    -80.057631 35.721826
    -80.057657 35.72138
    -80.057766 35.719465
    -80.057812 35.718678
    -80.057874 35.717585
    -80.057962 35.716065
    -80.058062 35.714309
    -80.058125 35.713217
    -80.058137 35.712999
    -80.058175 35.712346
    -80.058188 35.712129
    -80.058213 35.711695
    -80.058289 35.710393
    -80.058315 35.70996
    -80.058322 35.709832
    -80.058343 35.709449
    -80.058351 35.709322
    -80.058408 35.708305
    -80.058581 35.705253
    -80.058639 35.704237
    -80.058661 35.703852
    -80.058726 35.702699
    -80.058749 35.702315
    -80.058821 35.701056
    -80.058919 35.699348
    -80.059037 35.697282
    -80.05911 35.696025
    -80.059342 35.692093
    -80.059923 35.682259
    -80.060016 35.680297
    -80.0601 35.678548
    -80.060203 35.676363
    -80.060206 35.676266
    -80.060218 35.675974
    -80.060223 35.675878
    -80.060286 35.674579
    -80.060426 35.671698
    -80.060483 35.670684
    -80.0605 35.670395
    -80.06053 35.669446
    -80.060532 35.669386
    -80.060546 35.668919
    -80.06068 35.666557
    -80.060725 35.665776
    -80.060727 35.665738
    -80.061074 35.658078
    -80.061074 35.65807
    -80.061218 35.655407
    -80.061227 35.655242
    -80.061265 35.65453
    -80.061324 35.653246
    -80.061534 35.648743
    -80.061603 35.647259
    -80.061696 35.645264
    -80.061697 35.645231
    -80.0617 35.645131
    -80.061702 35.645099
    -80.061724 35.644763
    -80.061821 35.642103
    -80.061867 35.640711
    -80.062131 35.632841
    -80.062219 35.629111
    -80.062237 35.628332
    -80.062252 35.627691
    -80.062255 35.627544
    -80.062268 35.62705
    -80.062287 35.626227
    -80.062318 35.624932
    -80.062404 35.623157
    -80.062524 35.620676
    -80.062886 35.613236
    -80.062916 35.612616
    -80.062953 35.611883
    -80.062986 35.610755
    -80.062989 35.610632
    -80.063 35.610264
    -80.063005 35.610142
    -80.063008 35.610017
    -80.063009 35.610007
    -80.063019 35.609643
    -80.063023 35.609519
    -80.063059 35.608277
    -80.063138 35.605614
    -80.063169 35.604551
    -80.063198 35.603577
    -80.06321 35.60331
    -80.063264 35.602132
    -80.063428 35.598598
    -80.06343 35.598571
    -80.063457 35.59742
    -80.063509 35.595662
    -80.063591 35.592965
    -80.063687 35.59039
    -80.063701 35.590042
    -80.063711 35.589788
    -80.06372 35.589536
    -80.063754 35.588634
    -80.063891 35.585445
    -80.063908 35.585048
    -80.063958 35.58505
    -80.06397 35.584824
    -80.0641 35.582455
    -80.064121 35.582084
    -80.064169 35.581191
    -80.064169 35.581153
    -80.064181 35.58094
    -80.064209 35.580441
    -80.064225 35.580153
    -80.064228 35.58008
    -80.064254 35.579628
    -80.064284 35.579068
    -80.064341 35.578056
    -80.064353 35.57739
    -80.064361 35.576986
    -80.064364 35.576831
    -80.064372 35.576348
    -80.064379 35.576015
    -80.064389 35.575696
    -80.064414 35.574902
    -80.06443 35.574421
    -80.06444 35.574077
    -80.064473 35.573047
    -80.064478 35.572913
    -80.064485 35.572704
    -80.064491 35.572522
    -80.064535 35.571135
    -80.064635 35.568053
    -80.064687 35.566427
    -80.064711 35.565709
    -80.064733 35.565083
    -80.064738 35.564859
    -80.06474 35.564769
    -80.064746 35.564608
    -80.064751 35.5645
    -80.064756 35.564411
    -80.064787 35.563799
    -80.064882 35.561965
    -80.064914 35.561354
    -80.064981 35.560032
    -80.064983 35.560004
    -80.064925 35.560001
    -80.065059 35.55612
    -80.065106 35.554798
    -80.065107 35.554747
    -80.065112 35.554594
    -80.065114 35.554544
    -80.065141 35.553709
    -80.065223 35.551207
    -80.065227 35.551092
    -80.065251 35.550373
    -80.065257 35.550179
    -80.065277 35.549596
    -80.065284 35.549403
    -80.065299 35.549027
    -80.065343 35.5479
    -80.065359 35.547525
    -80.065433 35.545618
    -80.065434 35.545617
    -80.065646 35.539899
    -80.06567 35.539262
    -80.065737 35.537994
    -80.065752 35.537705
    -80.065798 35.536841
    -80.065807 35.536686
    -80.065811 35.536553
    -80.065825 35.5361
    -80.065833 35.535881
    -80.065869 35.534741
    -80.065884 35.534288
    -80.065885 35.534237
    -80.06589 35.534086
    -80.065892 35.534036
    -80.065911 35.533418
    -80.06597 35.531566
    -80.065991 35.530949
    -80.066003 35.530557
    -80.066041 35.529384
    -80.066054 35.528993
    -80.066065 35.528639
    -80.066082 35.52811
    -80.066103 35.52758
    -80.066112 35.527364
    -80.066122 35.527228
    -80.066128 35.527152
    -80.066203 35.524848
    -80.06622 35.524345
    -80.066301 35.521901
    -80.066305 35.521651
    -80.066451 35.517711
    -80.066462 35.517414
    -80.06654 35.515332
    -80.066546 35.515163
    -80.066555 35.514908
    -80.066602 35.513638
    -80.066618 35.513215
    -80.066622 35.51306
    -80.066631 35.512804
    -80.066641 35.512596
    -80.066649 35.512442
    -80.066652 35.512183
    -80.066654 35.512029
    -80.066672 35.511406
    -80.06668 35.511148
    -80.066682 35.511079
    -80.066687 35.510874
    -80.06669 35.510806
    -80.066695 35.510655
    -80.06672 35.509777
    -80.066811 35.506689
    -80.066842 35.505661
    -80.068436 35.505673
    -80.076741 35.505717
    -80.080814 35.505726
    -80.080992 35.505726
    -80.088489 35.505624
    -80.089979 35.505591
    -80.09533 35.505456
    -80.096938 35.505417
    -80.099158 35.505373
    -80.099165 35.505373
    -80.099851 35.505361
    -80.099939 35.505359
    -80.101315 35.505333
    -80.101565 35.505328
    -80.102731 35.505358
    -80.102947 35.505363
    -80.103734 35.505357
    -80.103868 35.505356
    -80.105029 35.505346
    -80.105251 35.505344
    -80.105663 35.505341
    -80.105802 35.50534
    -80.106011 35.505338
    -80.106408 35.505335
    -80.106517 35.505334
    -80.107284 35.505328
    -80.107298 35.505328
    -80.107909 35.505322
    -80.108923 35.505314
    -80.109367 35.50531
    -80.111051 35.505296
    -80.113375 35.505276
    -80.118286 35.505164
    -80.11856 35.505158
    -80.121364 35.505095
    -80.121579 35.50509
    -80.123561 35.505045
    -80.124773 35.505018
    -80.124773 35.505217
    -80.127827 35.505169
    -80.129592 35.505133
    -80.1296 35.505133
    -80.134146 35.505042
    -80.137992 35.505037
    -80.138007 35.505037
    -80.141956 35.505032
    -80.149496 35.504938
    -80.149715 35.504935
    -80.153721 35.504886
    -80.163445 35.504735
    -80.174299 35.504417
    -80.177816 35.504378
    -80.177845 35.504378
    -80.178114 35.504374
    -80.178398 35.504371
    -80.18054 35.504348
    -80.180582 35.504348
    -80.180922 35.504347
    -80.181145 35.504346
    -80.181368 35.504346
    -80.181662 35.504344
    -80.182682 35.504335
    -80.182923 35.504693
    -80.18338 35.505372
    -80.183642 35.505769
    -80.183768 35.505959
    -80.183824 35.506044
    -80.183881 35.50613
    -80.183944 35.506226
    -80.184404 35.506922
    -80.184564 35.507395
    -80.184927 35.508463
    -80.184618 35.511921
    -80.184424 35.513565
    -80.184411 35.51365
    -80.184149 35.515379
    -80.184091 35.515765
    -80.184072 35.515985
    -80.184029 35.516498
    -80.184339 35.517466
    -80.186553 35.520559
    -80.18909 35.523918
    -80.190105 35.525226
    -80.190337 35.525544
    -80.190384 35.525608
    -80.190431 35.525673
    -80.190476 35.525735
    -80.191004 35.526091
    -80.191512 35.5266
    -80.193031 35.527216
    -80.194227 35.527509
    -80.195451 35.528068
    -80.196322 35.528852
    -80.196946 35.529813
    -80.197177 35.530781
    -80.196858 35.53211
    -80.195844 35.535138
    -80.195584 35.536458
    -80.195553 35.536613
    -80.1955 35.537395
    -80.195607 35.537826
    -80.195665 35.538056
    -80.197426 35.541615
    -80.198272 35.543592
    -80.198533 35.544158
    -80.19862 35.544348
    -80.198708 35.544538
    -80.198913 35.544981
    -80.199118 35.545424
    -80.199158 35.545495
    -80.199197 35.545565
    -80.199595 35.546271
    -80.19973 35.546407
    -80.200163 35.546845
    -80.201014 35.547419
    -80.20325 35.548109
    -80.204684 35.548584
    -80.205946 35.549002
    -80.206158 35.549084
    -80.207269 35.549513
    -80.208706 35.550927
    -80.209012 35.551381
    -80.209069 35.551466
    -80.2095 35.552105
    -80.209931 35.552745
    -80.209985 35.552824
    -80.210808 35.555727
    -80.210461 35.557054
    -80.210169 35.558169
    -80.209756 35.559681
    -80.209145 35.561918
    -80.208634 35.563792
    -80.208189 35.565339
    -80.208165 35.565425
    -80.20814 35.565511
    -80.207777 35.566772
    -80.207726 35.56722
    -80.207652 35.567869
    -80.207526 35.568971
    -80.207329 35.570713
    -80.207225 35.572104
    -80.207111 35.573639
    -80.207122 35.57424
    -80.207155 35.576003
    -80.207159 35.576194
    -80.207276 35.576873
    -80.207562 35.578517
    -80.207864 35.579444
    -80.208137 35.580282
    -80.208176 35.580401
    -80.211318 35.58291
    -80.211864 35.583346
    -80.212149 35.583691
    -80.212445 35.584049
    -80.21334 35.585131
    -80.215232 35.585982
    -80.216785 35.586691
    -80.217997 35.587245
    -80.221346 35.589606
    -80.224864 35.591927
    -80.226491 35.593053
    -80.226873 35.593318
    -80.226931 35.593358
    -80.228941 35.594466
    -80.230694 35.595921
    -80.23157 35.59661
    -80.231689 35.596704
    -80.232349 35.597223
    -80.232378 35.597246
    -80.232805 35.597664
    -80.233807 35.598644
    -80.234097 35.599536
    -80.234115 35.599591
    -80.234142 35.599682
    -80.234166 35.599749
    -80.234343 35.600497
    -80.234366 35.600593
    -80.234423 35.600832
    -80.234656 35.601816
    -80.234853 35.602643
    -80.235247 35.603685
    -80.235582 35.604571
    -80.235899 35.605101
    -80.23596 35.605204
    -80.236022 35.605307
    -80.236175 35.605564
    -80.236446 35.606018
    -80.23687 35.606729
    -80.23692 35.606812
    -80.237037 35.607008
    -80.237073 35.607061
    -80.237128 35.607142
    -80.237455 35.607622
    -80.237782 35.608102
    -80.237885 35.608253
    -80.238571 35.60926
    -80.240262 35.611514
    -80.24037 35.611658
    -80.240945 35.612197
    -80.241082 35.612326
    -80.24122 35.612455
    -80.242661 35.613806
    -80.242951 35.614061
    -80.245736 35.616513
    -80.247726 35.617879
    -80.248484 35.618474
    -80.249578 35.619333
    -80.24975 35.61926
    -80.249775 35.61925
    -80.25044 35.619616
    -80.251443 35.620064
    -80.251945 35.620245
    -80.25511 35.621386
    -80.256381 35.622244
    -80.257149 35.622763
    -80.257575 35.623326
    -80.258559 35.624627
    -80.258599 35.625138
    -80.258832 35.625783
    -80.259991 35.626526
    -80.261438 35.627585
    -80.261533 35.627655
    -80.262593 35.628518
    -80.264853 35.629825
    -80.266808 35.63064
    -80.26891 35.63127
    -80.271701 35.631924
    -80.275544 35.632233
    -80.277629 35.632412
    -80.2784 35.632512
    -80.279486 35.632654
    -80.281462 35.633123
    -80.282982 35.633468
    -80.283565 35.6336
    -80.284154 35.633817
    -80.284239 35.633849
    -80.285 35.63414
    -80.28617 35.634649
    -80.287594 35.635463
    -80.288813 35.636302
    -80.288986 35.636451
    -80.289765 35.637124
    -80.290561 35.638027
    -80.291219 35.638905
    -80.291257 35.638969
    -80.291287 35.63902
    -80.291317 35.63907
    -80.2917 35.639711
    -80.29222 35.64096
    -80.292878 35.642516
    -80.294047 35.644111
    -80.294941 35.645175
    -80.296404 35.64665
    -80.298163 35.648125
    -80.299114 35.648963
    -80.299902 35.649657
    -80.300207 35.649963
    -80.300216 35.649971
    -80.301072 35.650858
    -80.302713 35.65218
    -80.303168 35.65258
    -80.3035 35.652873
    -80.304237 35.653582
    -80.304993 35.655009
    -80.305239 35.655535
    -80.305838 35.656814
    -80.306201 35.658628
    -80.306279 35.66007
    -80.306278 35.662189
    -80.306277 35.664293
    -80.306679 35.665671
    -80.307058 35.666163
    -80.30778 35.667097
    -80.309805 35.668532
    -80.310031 35.668742
    -80.311279 35.669572
    -80.311284 35.669575
    -80.313373 35.671007
    -80.314035 35.671341
    -80.314956 35.671805
    -80.31602 35.672208
    -80.316657 35.67245
    -80.317767 35.67268
    -80.318485 35.672831
    -80.32117 35.673363
    -80.322664 35.673774
    -80.32411 35.674274
    -80.325457 35.674863
    -80.326578 35.675475
    -80.328206 35.676776
    -80.328485 35.676999
    -80.330068 35.678747
    -80.331189 35.680166
    -80.331555 35.680738
    -80.331965 35.681381
    -80.33258 35.682567
    -80.332634 35.682671
    -80.333049 35.683633
    -80.333283 35.684177
    -80.333843 35.686006
    -80.334054 35.687483
    -80.334059 35.687521
    -80.334194 35.688741
    -80.334256 35.689302
    -80.334206 35.689632
    -80.334285 35.69134
    -80.334108 35.692388
    -80.33395 35.693209
    -80.333527 35.694136
    -80.332828 35.695562
    -80.332445 35.696195
    -80.332179 35.696633
    -80.331529 35.697479
    -80.331521 35.697488
    -80.33029 35.698873
    -80.330051 35.699066
    -80.328883 35.700009
    -80.327014 35.701555
    -80.325942 35.702393
    -80.324692 35.703657
    -80.324101 35.704882
    -80.324084 35.705267
    -80.324032 35.706542
    -80.324022 35.707114
    -80.3241 35.708105
    -80.324611 35.709684
    -80.325192 35.711126
    -80.32589 35.711964
    -80.326519 35.712778
    -80.327641 35.713625
    -80.328239 35.714212
    -80.328897 35.714915
    -80.329174 35.71521
    -80.329423 35.715472
    -80.329617 35.715677
    -80.33056 35.716944
    -80.330766 35.71722
    -80.330821 35.717297
    -80.331268 35.717921
    -80.33144 35.718162
    -80.331594 35.718377
    -80.332024 35.718831
    -80.332228 35.719047
    -80.332382 35.719211
    -80.332538 35.719375
    -80.333059 35.719925
    -80.334243 35.720527
    -80.334496 35.720659
    -80.334879 35.720788
    -80.336847 35.721247
    -80.338405 35.721329
    -80.339465 35.721385
    -80.341335 35.721151
    -80.342004 35.721071
    -80.342309 35.720994
    -80.34348 35.720701
    -80.345084 35.72025
    -80.347052 35.719912
    -80.348617 35.719678
    -80.349995 35.719396
    -80.35213 35.719042
    -80.353812 35.718647
    -80.355967 35.717963
    -80.357128 35.717665
    -80.358393 35.717462
    -80.359442 35.717295
    -80.361301 35.717319
    -80.363338 35.717125
    -80.365168 35.716942
    -80.36517 35.716941
    -80.365424 35.716916
    -80.365852 35.716793
    -80.366496 35.716608
    -80.367913 35.716386
    -80.368307 35.716325
    -80.368609 35.716308
    -80.369852 35.716236
    -80.3712 35.716332
    -80.371967 35.716461
    -80.372666 35.716549
    -80.373266 35.716783
    -80.373638 35.716885
    -80.373935 35.717045
    -80.374018 35.717081
    -80.37413 35.717128
    -80.374218 35.717165
    -80.37425 35.717178
    -80.374325 35.717259
    -80.374365 35.717278
    -80.375256 35.717581
    -80.376813 35.71807
    -80.37788 35.718332
    -80.37835 35.718449
    -80.378992 35.718739
    -80.37954 35.718945
    -80.379998 35.719029
    -80.380425 35.719166
    -80.380944 35.719273
    -80.381403 35.719354
    -80.381463 35.719365
    -80.38186 35.71941
    -80.382531 35.719594
    -80.382974 35.719632
    -80.383508 35.719624
    -80.383996 35.71954
    -80.384378 35.719464
    -80.38476 35.719349
    -80.385157 35.719159
    -80.38563 35.719052
    -80.386057 35.719006
    -80.386591 35.718983
    -80.386803 35.718996
    -80.38711 35.719014
    -80.387415 35.719021
    -80.387842 35.71909
    -80.388269 35.719151
    -80.388605 35.719258
    -80.38874 35.719296
    -80.388956 35.719357
    -80.389119 35.71942
    -80.389414 35.719533
    -80.389765 35.719754
    -80.390146 35.71999
    -80.390755 35.720395
    -80.390826 35.720441
    -80.390847 35.720455
    -80.390884 35.720523
    -80.391043 35.720864
    -80.391071 35.720922
    -80.391295 35.721387
    -80.391535 35.721885
    -80.391685 35.722195
    -80.391705 35.722222
    -80.391729 35.722258
    -80.391741 35.722275
    -80.391838 35.722418
    -80.391849 35.722436
    -80.391884 35.722492
    -80.391896 35.722515
    -80.391934 35.722584
    -80.391947 35.722608
    -80.392006 35.722694
    -80.392039 35.722742
    -80.392164 35.722924
    -80.392316 35.723146
    -80.392322 35.723154
    -80.392366 35.723218
    -80.392409 35.723281
    -80.392526 35.723454
    -80.392723 35.723654
    -80.39309 35.724026
    -80.393442 35.724354
    -80.393686 35.724522
    -80.393976 35.724637
    -80.394327 35.724774
    -80.3948 35.724965
    -80.395121 35.725056
    -80.395682 35.725202
    -80.396003 35.725233
    -80.396738 35.72514
    -80.397104 35.725094
    -80.397577 35.72501
    -80.398172 35.724881
    -80.398259 35.724844
    -80.399179 35.724461
    -80.400064 35.724087
    -80.400996 35.723515
    -80.401541 35.723181
    -80.401729 35.723065
    -80.401958 35.722973
    -80.402293 35.722867
    -80.402721 35.722752
    -80.403346 35.722554
    -80.403773 35.722447
    -80.404185 35.722355
    -80.404567 35.722271
    -80.405131 35.722218
    -80.405543 35.722172
    -80.405705 35.722153
    -80.406001 35.722119
    -80.406596 35.722043
    -80.4071 35.722027
    -80.407756 35.722027
    -80.408275 35.722028
    -80.408778 35.722089
    -80.40919 35.722143
    -80.409831 35.722097
    -80.410411 35.722089
    -80.410899 35.722196
    -80.411784 35.722234
    -80.412944 35.722334
    -80.413051 35.722318
    -80.413432 35.722395
    -80.413818 35.722466
    -80.413844 35.722471
    -80.414332 35.722623
    -80.414367 35.722629
    -80.414851 35.722707
    -80.414945 35.722731
    -80.415416 35.722852
    -80.415797 35.722944
    -80.416225 35.723066
    -80.416448 35.723136
    -80.416637 35.723196
    -80.417003 35.723325
    -80.417084 35.723354
    -80.417628 35.723547
    -80.418178 35.723692
    -80.418529 35.723775
    -80.418925 35.723913
    -80.419368 35.724119
    -80.419826 35.724294
    -80.420314 35.7245
    -80.420772 35.724691
    -80.421168 35.724836
    -80.421611 35.725027
    -80.422008 35.725195
    -80.422227 35.725244
    -80.422282 35.725256
    -80.423183 35.725622
    -80.423241 35.725657
    -80.423248 35.725662
    -80.423416 35.725764
    -80.423476 35.725801
    -80.423545 35.725843
    -80.423614 35.725885
    -80.423793 35.725995
    -80.424022 35.72614
    -80.424312 35.726368
    -80.424663 35.726582
    -80.425121 35.726803
    -80.425533 35.72704
    -80.425884 35.727223
    -80.426296 35.727498
    -80.426586 35.727665
    -80.426891 35.727818
    -80.427242 35.728016
    -80.427593 35.7282
    -80.427853 35.728329
    -80.428127 35.72855
    -80.428372 35.728695
    -80.428677 35.728886
    -80.428829 35.728932
    -80.429028 35.729039
    -80.429085 35.729055
    -80.429318 35.729123
    -80.42973 35.729336
    -80.430294 35.729535
    -80.430996 35.729916
    -80.431408 35.730046
    -80.431759 35.730183
    -80.432217 35.730366
    -80.432613 35.730542
    -80.433025 35.730656
    -80.433575 35.730786
    -80.434033 35.730924
    -80.43446 35.731031
    -80.434716 35.731139
    -80.434841 35.731191
    -80.435223 35.731306
    -80.43568 35.731489
    -80.436199 35.731687
    -80.43655 35.731832
    -80.436871 35.731954
    -80.437489 35.732257
    -80.437603 35.732313
    -80.438838 35.732958
    -80.439223 35.733164
    -80.43977 35.733442
    -80.440304 35.733724
    -80.440899 35.733945
    -80.441448 35.734159
    -80.441982 35.734365
    -80.442684 35.734617
    -80.443203 35.734785
    -80.443722 35.73493
    -80.444225 35.735075
    -80.444576 35.735136
    -80.445034 35.735197
    -80.445278 35.735234
    -80.445583 35.735281
    -80.446102 35.735265
    -80.446636 35.735265
    -80.447292 35.735189
    -80.44737 35.735171
    -80.447888 35.735059
    -80.448376 35.734953
    -80.448834 35.734815
    -80.449166 35.734703
    -80.449581 35.734563
    -80.4498 35.734531
    -80.450268 35.734464
    -80.450649 35.734342
    -80.450909 35.734312
    -80.45126 35.734251
    -80.451468 35.734254
    -80.451748 35.734258
    -80.452129 35.734251
    -80.452435 35.734266
    -80.452801 35.734303
    -80.453152 35.734395
    -80.453438 35.734503
    -80.453518 35.734533
    -80.4537 35.734615
    -80.453838 35.734678
    -80.454159 35.734899
    -80.454403 35.735128
    -80.454617 35.735265
    -80.454952 35.735593
    -80.455206 35.73587
    -80.455212 35.735876
    -80.45538 35.736097
    -80.45567 35.736471
    -80.455914 35.736776
    -80.456057 35.737016
    -80.456082 35.737058
    -80.456249 35.737333
    -80.456493 35.73773
    -80.456738 35.738142
    -80.456921 35.738515
    -80.456966 35.738616
    -80.457134 35.738988
    -80.457207 35.739103
    -80.457226 35.739133
    -80.45747 35.739568
    -80.457913 35.740352
    -80.458035 35.740568
    -80.45809 35.740709
    -80.45819 35.740968
    -80.458497 35.74176
    -80.458904 35.742811
    -80.459022 35.743038
    -80.45914 35.743265
    -80.459228 35.743475
    -80.459273 35.743757
    -80.459282 35.743808
    -80.45933 35.744007
    -80.459346 35.744076
    -80.459397 35.744286
    -80.459414 35.744356
    -80.459419 35.744378
    -80.459435 35.744446
    -80.459441 35.744469
    -80.45947 35.744587
    -80.459498 35.744836
    -80.459546 35.745242
    -80.459556 35.745951
    -80.459558 35.746073
    -80.459598 35.746321
    -80.459637 35.746564
    -80.459592 35.746948
    -80.459566 35.747172
    -80.459412 35.747754
    -80.459253 35.748168
    -80.459098 35.748776
    -80.459036 35.749023
    -80.459036 35.749402
    -80.459036 35.749442
    -80.459036 35.749511
    -80.459016 35.749559
    -80.459001 35.749597
    -80.458954 35.749711
    -80.458885 35.749883
    -80.458815 35.750054
    -80.458769 35.750169
    -80.458394 35.751393
    -80.458359 35.751511
    -80.457816 35.752868
    -80.456889 35.75459
    -80.456691 35.754815
    -80.45585 35.75578
    -80.455811 35.755825
    -80.455592 35.755988
    -80.455025 35.756415
    -80.454799 35.756592
    -80.454539 35.756798
    -80.454026 35.757203
    -80.452716 35.758239
    -80.452626 35.758515
    -80.452425 35.759137
    -80.452369 35.759303
    -80.452262 35.760222
    -80.452176 35.760972
    -80.451901 35.762552
    -80.45159 35.763444
    -80.451229 35.764485
    -80.451165 35.764668
    -80.45111 35.765075
    -80.451057 35.765475
    -80.450915 35.76655
    -80.450994 35.766866
    -80.451141 35.767453
    -80.451297 35.768082
    -80.451307 35.76812
    -80.452276 35.769763
    -80.452335 35.769862
    -80.452686 35.770265
    -80.45304 35.770672
    -80.453563 35.771273
    -80.454093 35.771905
    -80.45444 35.77232
    -80.454514 35.772409
    -80.454626 35.772542
    -80.454738 35.772676
    -80.454813 35.772765
    -80.454967 35.772948
    -80.455105 35.773036
    -80.45597 35.773592
    -80.45614 35.773658
    -80.456517 35.773804
    -80.456586 35.773831
    -80.456692 35.773872
    -80.456796 35.773912
    -80.456867 35.773939
    -80.457064 35.774015
    -80.45736 35.77413
    -80.457655 35.774244
    -80.457852 35.774321
    -80.457924 35.774349
    -80.458034 35.774392
    -80.458143 35.774434
    -80.458217 35.774462
    -80.45886 35.774711
    -80.459515 35.774964
    -80.459596 35.774996
    -80.460807 35.775817
    -80.462002 35.776644
    -80.462971 35.777308
    -80.464091 35.778075
    -80.464121 35.778095
    -80.464638 35.77845
    -80.465453 35.779011
    -80.466192 35.779514
    -80.466711 35.779868
    -80.466905 35.78
    -80.467197 35.780199
    -80.467488 35.780397
    -80.467683 35.78053
    -80.468203 35.780889
    -80.468561 35.781133
    -80.469818 35.781991
    -80.471167 35.782985
    -80.471911 35.783534
    -80.472026 35.783617
    -80.47242 35.783901
    -80.473457 35.784646
    -80.473541 35.784808
    -80.473765 35.785241
    -80.473776 35.785266
    -80.473782 35.785277
    -80.473815 35.785339
    -80.473829 35.785364
    -80.473991 35.785663
    -80.474076 35.785827
    -80.474426 35.786498
    -80.474752 35.786833
    -80.474978 35.787101
    -80.475149 35.787303
    -80.47527 35.787423
    -80.475327 35.787494
    -80.475927 35.788235
    -80.475984 35.788305
    -80.476686 35.789183
    -80.476953 35.79006
    -80.476949 35.79079
    -80.476949 35.791011
    -80.476929 35.791744
    -80.476924 35.79192
    -80.47691 35.792451
    -80.476909 35.792496
    -80.476862 35.79262
    -80.476592 35.793331
    -80.475955 35.795017
    -80.475682 35.795411
    -80.475251 35.796037
    -80.475034 35.79635
    -80.474727 35.796795
    -80.474389 35.797292
    -80.474175 35.797607
    -80.473862 35.798066
    -80.473754 35.798136
    -80.472036 35.799257
    -80.471801 35.799412
    -80.471415 35.799525
    -80.471322 35.799552
    -80.47123 35.799579
    -80.471045 35.799634
    -80.470953 35.799662
    -80.470889 35.799681
    -80.470794 35.79971
    -80.470698 35.799738
    -80.470635 35.799758
    -80.4706 35.799768
    -80.470548 35.799784
    -80.470495 35.799799
    -80.470461 35.79981
    -80.470363 35.799839
    -80.470282 35.799864
    -80.470069 35.799925
    -80.469971 35.799954
    -80.469152 35.8002
    -80.468411 35.80042
    -80.46781 35.800509
    -80.467537 35.800551
    -80.467226 35.800642
    -80.466204 35.801012
    -80.465539 35.801638
    -80.464621 35.803112
    -80.464525 35.803989
    -80.464806 35.805447
    -80.465231 35.807642
    -80.465247 35.807726
    -80.465272 35.807854
    -80.465295 35.80798
    -80.465312 35.808065
    -80.465407 35.80856
    -80.465438 35.808721
    -80.465613 35.809623
    -80.46595 35.810598
    -80.465968 35.810652
    -80.466184 35.811286
    -80.46632 35.811688
    -80.46639 35.811893
    -80.466608 35.812527
    -80.466735 35.812895
    -80.466874 35.813298
    -80.466917 35.813424
    -80.466961 35.813549
    -80.467049 35.813805
    -80.467094 35.813932
    -80.467537 35.815317
    -80.468024 35.816273
    -80.468136 35.816495
    -80.468583 35.817373
    -80.469154 35.818503
    -80.46921 35.818615
    -80.469231 35.818657
    -80.469328 35.818847
    -80.469452 35.819091
    -80.469888 35.819949
    -80.470282 35.820726
    -80.470548 35.82146
    -80.470822 35.822213
    -80.470895 35.822413
    -80.471106 35.823347
    -80.471135 35.82348
    -80.471227 35.823873
    -80.471471 35.824476
    -80.471571 35.824722
    -80.471744 35.825144
    -80.473227 35.826892
    -80.47458 35.82811
    -80.475153 35.828718
    -80.476171 35.829675
    -80.47657 35.830064
    -80.47737 35.830686
    -80.477802 35.830961
    -80.47799 35.831081
    -80.47844 35.831259
    -80.480183 35.831512
    -80.480693 35.83145
    -80.481264 35.831382
    -80.482091 35.831193
    -80.482783 35.830907
    -80.482867 35.830892
    -80.483114 35.830849
    -80.483119 35.830847
    -80.4832 35.83082
    -80.483795 35.830749
    -80.485063 35.830509
    -80.485777 35.830595
    -80.486373 35.830872
    -80.487157 35.831509
    -80.487413 35.832226
    -80.48731 35.833188
    -80.487303 35.833256
    -80.486844 35.833913
    -80.486698 35.834302
    -80.486168 35.834958
    -80.485628 35.835562
    -80.48541 35.835852
    -80.48464 35.836978
    -80.484336 35.837541
    -80.483874 35.838288
    -80.483315 35.839093
    -80.482946 35.839567
    -80.48248 35.840048
    -80.481219 35.841022
    -80.47933 35.842304
    -80.478362 35.842909
    -80.476719 35.843404
    -80.475367 35.843011
    -80.474334 35.842561
    -80.474232 35.842517
    -80.474107 35.842462
    -80.474057 35.842415
    -80.473426 35.841818
    -80.473072 35.841484
    -80.473025 35.841414
    -80.472765 35.841025
    -80.472407 35.840485
    -80.471988 35.83987
    -80.471193 35.838675
    -80.470716 35.837969
    -80.47052 35.8376
    -80.470485 35.8376
    -80.470475 35.837596
    -80.47035 35.837547
    -80.470307 35.83753
    -80.470305 35.837458
    -80.4703 35.837436
    -80.470294 35.837404
    -80.470256 35.837206
    -80.470232 35.837177
    -80.470226 35.83717
    -80.470166 35.837099
    -80.470076 35.837028
    -80.470072 35.837019
    -80.469934 35.836672
    -80.46989 35.836562
    -80.46989 35.836557
    -80.469774 35.836361
    -80.469703 35.836247
    -80.469605 35.836088
    -80.469571 35.836025
    -80.469555 35.836
    -80.469272 35.835509
    -80.469156 35.835312
    -80.468973 35.835001
    -80.468965 35.834965
    -80.468959 35.834936
    -80.468908 35.834878
    -80.468885 35.834851
    -80.468809 35.83472
    -80.468587 35.83445
    -80.467634 35.833292
    -80.467335 35.832928
    -80.467317 35.832906
    -80.467165 35.832722
    -80.46691 35.832412
    -80.46668 35.832199
    -80.466506 35.832038
    -80.466353 35.831897
    -80.466295 35.831843
    -80.465937 35.831507
    -80.465781 35.831172
    -80.465661 35.830913
    -80.465513 35.830561
    -80.465505 35.830537
    -80.465273 35.829806
    -80.465143 35.829371
    -80.465045 35.82904
    -80.465013 35.828988
    -80.464945 35.828878
    -80.464511 35.828201
    -80.464416 35.828053
    -80.464086 35.827538
    -80.462453 35.826968
    -80.461735 35.826714
    -80.461512 35.826695
    -80.460408 35.826604
    -80.460122 35.826589
    -80.459038 35.826538
    -80.457444 35.826785
    -80.457204 35.826823
    -80.456644 35.826923
    -80.456235 35.827063
    -80.455255 35.827424
    -80.452258 35.82982
    -80.450919 35.831163
    -80.450265 35.831825
    -80.449682 35.832417
    -80.448663 35.833887
    -80.448505 35.834215
    -80.448354 35.834531
    -80.448287 35.834672
    -80.447963 35.835361
    -80.44745 35.83592
    -80.447188 35.836208
    -80.447108 35.836294
    -80.446927 35.836488
    -80.446759 35.836508
    -80.445933 35.836607
    -80.445502 35.836421
    -80.445104 35.83625
    -80.445079 35.836239
    -80.445047 35.836225
    -80.445004 35.836206
    -80.444979 35.836196
    -80.444617 35.836042
    -80.44452 35.835973
    -80.443263 35.835091
    -80.442844 35.834798
    -80.442362 35.834459
    -80.441649 35.833956
    -80.440917 35.833445
    -80.440435 35.833109
    -80.439852 35.832701
    -80.439178 35.832231
    -80.438105 35.831478
    -80.437749 35.831229
    -80.437569 35.83102
    -80.437315 35.830725
    -80.436755 35.829417
    -80.436743 35.829388
    -80.436396 35.829027
    -80.436174 35.828711
    -80.435621 35.828216
    -80.434645 35.828016
    -80.432695 35.828157
    -80.431899 35.828367
    -80.43178 35.828399
    -80.431404 35.828552
    -80.430978 35.828738
    -80.430297 35.829189
    -80.429906 35.829571
    -80.429535 35.829938
    -80.429164 35.830307
    -80.428093 35.832451
    -80.427975 35.83271
    -80.427535 35.833684
    -80.427433 35.833908
    -80.427339 35.8343
    -80.427095 35.835327
    -80.427039 35.836217
    -80.427003 35.836808
    -80.427 35.836865
    -80.426999 35.836869
    -80.426999 35.836884
    -80.426999 35.836889
    -80.426957 35.837644
    -80.4269 35.83868
    -80.426823 35.83991
    -80.426777 35.840666
    -80.426749 35.841143
    -80.426704 35.841912
    -80.426669 35.842575
    -80.426666 35.842634
    -80.42664 35.843053
    -80.426629 35.843229
    -80.426614 35.843474
    -80.426555 35.843753
    -80.426519 35.843926
    -80.426447 35.844266
    -80.42634 35.844783
    -80.426233 35.845286
    -80.426162 35.845627
    -80.42613 35.845952
    -80.426112 35.846096
    -80.426053 35.846602
    -80.425806 35.847477
    -80.425679 35.847932
    -80.425572 35.848443
    -80.425572 35.848446
    -80.424881 35.849715
    -80.424824 35.849819
    -80.424574 35.850278
    -80.424505 35.850483
    -80.4244 35.850803
    -80.42416 35.851003
    -80.423995 35.851142
    -80.423935 35.851216
    -80.423846 35.851329
    -80.423757 35.851441
    -80.423698 35.851516
    -80.423554 35.851696
    -80.422265 35.852416
    -80.421811 35.852457
    -80.419576 35.852663
    -80.417799 35.852494
    -80.41558 35.852072
    -80.415402 35.851982
    -80.41372 35.851129
    -80.413513 35.850947
    -80.413226 35.850695
    -80.412366 35.849942
    -80.412267 35.849856
    -80.41209 35.84968
    -80.408824 35.846431
    -80.408423 35.846032
    -80.404026 35.843561
    -80.402472 35.842798
    -80.401616 35.842449
    -80.400128 35.841857
    -80.399427 35.84164
    -80.398679 35.841448
    -80.398157 35.841364
    -80.396379 35.841244
    -80.396244 35.841267
    -80.394372 35.841598
    -80.393789 35.84178
    -80.391836 35.842537
    -80.39149 35.842665
    -80.391332 35.842763
    -80.389924 35.84365
    -80.389734 35.84377
    -80.389543 35.844039
    -80.38895 35.844876
    -80.388356 35.845716
    -80.387668 35.847647
    -80.387324 35.848614
    -80.3873 35.848719
    -80.387295 35.848743
    -80.387228 35.848914
    -80.387185 35.849023
    -80.387146 35.849124
    -80.3871 35.849264
    -80.387031 35.849475
    -80.386961 35.849684
    -80.386915 35.849825
    -80.386915 35.849837
    -80.386916 35.849865
    -80.386906 35.849872
    -80.386897 35.849881
    -80.386883 35.849921
    -80.386864 35.849982
    -80.386844 35.850041
    -80.386831 35.850082
    -80.386835 35.850365
    -80.386836 35.850371
    -80.386726 35.850628
    -80.386504 35.851146
    -80.386393 35.851407
    -80.386218 35.85193
    -80.386216 35.851933
    -80.385994 35.852596
    -80.385746 35.853531
    -80.385605 35.854068
    -80.385603 35.854159
    -80.3856 35.854317
    -80.385597 35.854433
    -80.385596 35.854525
    -80.3856 35.854569
    -80.385607 35.854635
    -80.385613 35.854701
    -80.385617 35.854746
    -80.385657 35.855177
    -80.385659 35.855193
    -80.386112 35.856396
    -80.386266 35.856802
    -80.386283 35.856848
    -80.38632 35.856946
    -80.386336 35.856988
    -80.386354 35.857035
    -80.386451 35.857266
    -80.386606 35.857632
    -80.386739 35.857963
    -80.386834 35.858196
    -80.38687 35.858285
    -80.386969 35.858531
    -80.386977 35.858553
    -80.387011 35.858644
    -80.387031 35.858931
    -80.387036 35.858987
    -80.387066 35.859174
    -80.387217 35.859716
    -80.387239 35.859769
    -80.387263 35.859826
    -80.387368 35.860028
    -80.387372 35.86006
    -80.387386 35.860157
    -80.387391 35.86019
    -80.387407 35.860337
    -80.387457 35.86078
    -80.387466 35.860855
    -80.387473 35.860928
    -80.387475 35.860953
    -80.387482 35.861028
    -80.387485 35.861054
    -80.387489 35.861057
    -80.387502 35.861068
    -80.387507 35.861072
    -80.387535 35.861165
    -80.387619 35.861445
    -80.387648 35.861539
    -80.387656 35.86158
    -80.38768 35.861706
    -80.387688 35.861748
    -80.387692 35.861769
    -80.387704 35.861834
    -80.387709 35.861856
    -80.387566 35.861882
    -80.387581 35.861986
    -80.387766 35.86253
    -80.387783 35.862583
    -80.388463 35.864611
    -80.38859 35.865098
    -80.388798 35.865895
    -80.388814 35.865951
    -80.388829 35.866005
    -80.388854 35.866088
    -80.388876 35.866168
    -80.388891 35.866223
    -80.389059 35.866355
    -80.389109 35.866679
    -80.389138 35.866756
    -80.389387 35.867397
    -80.389571 35.867675
    -80.389978 35.868291
    -80.390053 35.868374
    -80.39043 35.868791
    -80.390455 35.868849
    -80.390698 35.86911
    -80.391182 35.869627
    -80.391489 35.869822
    -80.391791 35.870014
    -80.392188 35.870266
    -80.393267 35.870951
    -80.393392 35.871001
    -80.39383 35.871176
    -80.394567 35.871471
    -80.395838 35.871979
    -80.39681 35.872271
    -80.397572 35.8725
    -80.398222 35.872695
    -80.399979 35.873223
    -80.400175 35.873269
    -80.400836 35.873424
    -80.402972 35.873923
    -80.404861 35.874366
    -80.407442 35.875137
    -80.409223 35.875925
    -80.41123 35.876813
    -80.411287 35.876838
    -80.411375 35.876878
    -80.411461 35.876916
    -80.41152 35.876942
    -80.412057 35.877179
    -80.412207 35.877289
    -80.413959 35.878579
    -80.414079 35.878657
    -80.414727 35.879081
    -80.415051 35.879295
    -80.415884 35.879847
    -80.415997 35.87997
    -80.416187 35.880177
    -80.41626 35.880257
    -80.416346 35.880352
    -80.41635 35.880356
    -80.41637 35.880735
    -80.416377 35.880864
    -80.416435 35.881932
    -80.41639 35.882068
    -80.41602 35.883205
    -80.414953 35.8849
    -80.414658 35.885226
    -80.413846 35.886127
    -80.412611 35.887493
    -80.41211 35.888049
    -80.410953 35.889832
    -80.409259 35.891036
    -80.408711 35.891202
    -80.407686 35.891514
    -80.406922 35.891605
    -80.406815 35.891617
    -80.406652 35.891637
    -80.406497 35.891655
    -80.406391 35.891668
    -80.405521 35.89177
    -80.405283 35.891799
    -80.402919 35.892139
    -80.402406 35.892214
    -80.402052 35.892262
    -80.402015 35.892265
    -80.401962 35.89227
    -80.401906 35.89228
    -80.401871 35.892287
    -80.401486 35.892339
    -80.401172 35.892377
    -80.399074 35.892631
    -80.398375 35.892717
    -80.397454 35.892829
    -80.397354 35.892826
    -80.395552 35.892779
    -80.394279 35.892658
    -80.393966 35.892629
    -80.393611 35.892597
    -80.393256 35.892565
    -80.392498 35.892492
    -80.391641 35.89241
    -80.390274 35.89201
    -80.389544 35.891797
    -80.38952 35.891789
    -80.389448 35.891767
    -80.389424 35.89176
    -80.389393 35.891751
    -80.388726 35.891339
    -80.388559 35.891236
    -80.386741 35.890125
    -80.386634 35.890075
    -80.385895 35.889732
    -80.385306 35.889458
    -80.383798 35.888756
    -80.383545 35.88863
    -80.382965 35.888341
    -80.382202 35.887961
    -80.380523 35.887124
    -80.379992 35.886702
    -80.379445 35.886267
    -80.379322 35.886177
    -80.378415 35.885518
    -80.377894 35.885246
    -80.377748 35.885194
    -80.376997 35.88493
    -80.374775 35.884532
    -80.372874 35.884535
    -80.372251 35.884658
    -80.372113 35.884685
    -80.372098 35.884689
    -80.370568 35.885598
    -80.370158 35.885872
    -80.369465 35.886491
    -80.368635 35.887385
    -80.367702 35.889281
    -80.367658 35.889371
    -80.366121 35.892272
    -80.365423 35.893461
    -80.365259 35.894152
    -80.365295 35.894801
    -80.365681 35.895787
    -80.366328 35.896715
    -80.366433 35.896865
    -80.366508 35.896972
    -80.366767 35.897305
    -80.36688 35.897451
    -80.367351 35.898058
    -80.368766 35.899879
    -80.369126 35.900343
    -80.369218 35.9005
    -80.369579 35.901116
    -80.370123 35.902041
    -80.370665 35.902965
    -80.371027 35.903582
    -80.371203 35.903882
    -80.371378 35.904279
    -80.372325 35.906427
    -80.372641 35.907143
    -80.372813 35.907534
    -80.373011 35.907982
    -80.373052 35.908075
    -80.373332 35.90871
    -80.373505 35.909103
    -80.373521 35.909139
    -80.37357 35.909248
    -80.373587 35.909285
    -80.373782 35.909714
    -80.374257 35.910756
    -80.374427 35.910965
    -80.374724 35.911332
    -80.374759 35.911375
    -80.374778 35.911399
    -80.374834 35.911524
    -80.374857 35.911575
    -80.374948 35.911831
    -80.37498 35.91192
    -80.375082 35.912406
    -80.375097 35.912633
    -80.375115 35.912906
    -80.375117 35.91295
    -80.375122 35.913016
    -80.375126 35.913082
    -80.37513 35.913126
    -80.375034 35.913569
    -80.375 35.913668
    -80.374776 35.914335
    -80.37449 35.915264
    -80.374327 35.915798
    -80.374229 35.916117
    -80.3742 35.916266
    -80.37419 35.91632
    -80.373656 35.917618
    -80.373472 35.918068
    -80.37342 35.918194
    -80.373376 35.918254
    -80.373008 35.91876
    -80.373004 35.918764
    -80.37288 35.918935
    -80.372679 35.919204
    -80.372317 35.91969
    -80.372087 35.920018
    -80.371895 35.920293
    -80.3706 35.92208
    -80.37012 35.922743
    -80.370053 35.922837
    -80.369066 35.924438
    -80.36853 35.926114
    -80.36836 35.928153
    -80.368355 35.928217
    -80.368757 35.929872
    -80.369114 35.930373
END
END
