37099 Jackson County
1
    -83.242869 35.239139
    -83.242934 35.239137
    -83.242669 35.238567
    -83.242573 35.238108
    -83.242564 35.237591
    -83.242741 35.237073
    -83.243134 35.236527
    -83.243322 35.236009
    -83.24367 35.23569
    -83.244125 35.235346
    -83.244628 35.234888
    -83.244924 35.234425
    -83.245063 35.233923
    -83.245238 35.233283
    -83.245367 35.232797
    -83.24525 35.23225
    -83.245104 35.231742
    -83.245266 35.231442
    -83.245924 35.231467
    -83.246629 35.231936
    -83.247641 35.232046
    -83.248223 35.232169
    -83.249232 35.232069
    -83.24987 35.231714
    -83.250728 35.231525
    -83.251427 35.231479
    -83.252531 35.231342
    -83.254222 35.231351
    -83.255516 35.231509
    -83.25695 35.231554
    -83.258027 35.231296
    -83.259113 35.23111
    -83.259307 35.231143
    -83.26015 35.231288
    -83.261521 35.23113
    -83.262584 35.230678
    -83.263123 35.230433
    -83.263448 35.230286
    -83.264065 35.229964
    -83.266071 35.229938
    -83.266754 35.22973
    -83.26742 35.229829
    -83.268047 35.229911
    -83.268415 35.229706
    -83.268491 35.229425
    -83.268996 35.228826
    -83.269628 35.228722
    -83.270281 35.228942
    -83.270825 35.228805
    -83.271273 35.228537
    -83.272114 35.228314
    -83.272767 35.228534
    -83.273504 35.228561
    -83.27399 35.228375
    -83.274429 35.228494
    -83.27494 35.228494
    -83.275466 35.2283
    -83.276061 35.228066
    -83.27662 35.228099
    -83.279632 35.228481
    -83.280157 35.22858
    -83.280858 35.228709
    -83.281452 35.228818
    -83.281733 35.22887
    -83.282414 35.229155
    -83.28277 35.229492
    -83.283877 35.231344
    -83.284308 35.231843
    -83.284736 35.23206
    -83.285521 35.232096
    -83.285877 35.232088
    -83.286358 35.232076
    -83.288883 35.232948
    -83.289049 35.233005
    -83.289937 35.23331
    -83.290999 35.23373
    -83.292005 35.234407
    -83.292789 35.234928
    -83.294058 35.236184
    -83.294116 35.236638
    -83.294175 35.239287
    -83.29421 35.240682
    -83.294267 35.241605
    -83.29455 35.241722
    -83.296618 35.242424
    -83.296809 35.242653
    -83.296711 35.243064
    -83.296569 35.243676
    -83.296328 35.244343
    -83.295972 35.245712
    -83.295735 35.246598
    -83.295508 35.247484
    -83.295407 35.24804
    -83.295575 35.248447
    -83.295897 35.248969
    -83.296017 35.249278
    -83.295913 35.249527
    -83.295789 35.2498
    -83.295737 35.250098
    -83.2963 35.252343
    -83.297868 35.254512
    -83.298419 35.255651
    -83.29842 35.255653
    -83.300008 35.255802
    -83.300675 35.2561
    -83.30075 35.256133
    -83.301416 35.256431
    -83.303048 35.256403
    -83.308257 35.257092
    -83.308837 35.257918
    -83.309912 35.258523
    -83.310038 35.258606
    -83.310052 35.258611
    -83.310325 35.258787
    -83.310823 35.259107
    -83.310748 35.259351
    -83.310695 35.259503
    -83.310637 35.259671
    -83.310634 35.259681
    -83.310577 35.259842
    -83.310306 35.260616
    -83.310041 35.263877
    -83.314753 35.264594
    -83.314888 35.264615
    -83.314962 35.264626
    -83.315592 35.264723
    -83.315803 35.264756
    -83.315829 35.26476
    -83.315907 35.264772
    -83.315933 35.264777
    -83.315978 35.265184
    -83.315982 35.265227
    -83.316037 35.265724
    -83.316044 35.265789
    -83.316059 35.265919
    -83.316064 35.265996
    -83.3161 35.266318
    -83.316115 35.266454
    -83.314801 35.268053
    -83.313971 35.269062
    -83.315857 35.272772
    -83.3156 35.274062
    -83.313531 35.276331
    -83.312477 35.280841
    -83.312013 35.281747
    -83.311944 35.28177
    -83.31546 35.285936
    -83.318283 35.289096
    -83.31684 35.291457
    -83.316289 35.295554
    -83.317221 35.298472
    -83.317408 35.298558
    -83.321061 35.300242
    -83.322547 35.301382
    -83.322297 35.302364
    -83.321932 35.304048
    -83.321966 35.306321
    -83.322923 35.307404
    -83.322771 35.307975
    -83.321575 35.3095
    -83.321385 35.310344
    -83.321035 35.311908
    -83.322479 35.313161
    -83.327196 35.314881
    -83.327793 35.314608
    -83.328515 35.314838
    -83.330383 35.314845
    -83.332004 35.31737
    -83.332681 35.318254
    -83.334195 35.320293
    -83.334301 35.322016
    -83.333768 35.32377
    -83.334682 35.325402
    -83.33608 35.326565
    -83.336822 35.328421
    -83.337201 35.329462
    -83.339707 35.331004
    -83.339542 35.331045
    -83.339676 35.331193
    -83.340414 35.332013
    -83.340416 35.332021
    -83.340509 35.33238
    -83.340572 35.332627
    -83.340738 35.333266
    -83.340707 35.333369
    -83.340634 35.333614
    -83.340544 35.333882
    -83.340189 35.335597
    -83.34008 35.336126
    -83.340302 35.33751
    -83.337459 35.34055
    -83.337457 35.340553
    -83.336419 35.342299
    -83.336306 35.342488
    -83.33597 35.343058
    -83.335858 35.343248
    -83.335855 35.343251
    -83.33585 35.34326
    -83.335848 35.343264
    -83.335856 35.343276
    -83.336063 35.343595
    -83.33655 35.344343
    -83.336574 35.344635
    -83.336607 35.345029
    -83.336608 35.345041
    -83.336611 35.345077
    -83.336612 35.34509
    -83.336672 35.3458
    -83.335949 35.346735
    -83.335069 35.347875
    -83.334957 35.348008
    -83.334473 35.34859
    -83.33278 35.350622
    -83.33275 35.350658
    -83.331635 35.352863
    -83.331641 35.353093
    -83.331693 35.354949
    -83.332905 35.356514
    -83.333257 35.356921
    -83.335317 35.359303
    -83.335248 35.359405
    -83.335116 35.359601
    -83.334591 35.360383
    -83.335 35.361362
    -83.33546 35.362872
    -83.335612 35.363367
    -83.334831 35.364445
    -83.334749 35.366097
    -83.33494 35.368014
    -83.3347 35.369001
    -83.335977 35.370099
    -83.336965 35.371336
    -83.337132 35.371931
    -83.337236 35.372332
    -83.33796 35.3751
    -83.338316 35.375727
    -83.338358 35.375806
    -83.338401 35.37605
    -83.338217 35.376664
    -83.338111 35.376946
    -83.338156 35.377971
    -83.338179 35.37811
    -83.338279 35.378701
    -83.338036 35.379037
    -83.337687 35.379251
    -83.337296 35.379707
    -83.337334 35.379978
    -83.337338 35.381301
    -83.337419 35.381998
    -83.337661 35.382392
    -83.338975 35.383497
    -83.339685 35.383946
    -83.339922 35.384097
    -83.340732 35.384764
    -83.341012 35.385505
    -83.341106 35.385703
    -83.341151 35.385799
    -83.341301 35.386116
    -83.342142 35.386927
    -83.342953 35.387826
    -83.344482 35.388557
    -83.344738 35.38868
    -83.345271 35.389073
    -83.345737 35.389772
    -83.345623 35.390306
    -83.343648 35.392312
    -83.343258 35.392831
    -83.342991 35.394229
    -83.342403 35.394523
    -83.340726 35.395235
    -83.340226 35.395561
    -83.340327 35.395932
    -83.341034 35.397462
    -83.341556 35.39754
    -83.341929 35.397454
    -83.342214 35.39739
    -83.343098 35.397377
    -83.343531 35.397351
    -83.343798 35.397543
    -83.34438 35.397984
    -83.344629 35.398523
    -83.344859 35.399119
    -83.345059 35.399603
    -83.346291 35.400112
    -83.347344 35.400259
    -83.349109 35.401162
    -83.349239 35.401419
    -83.349074 35.401848
    -83.347955 35.40548
    -83.34811 35.406002
    -83.348133 35.40608
    -83.348216 35.406358
    -83.348822 35.407283
    -83.349355 35.407692
    -83.349366 35.407829
    -83.349547 35.408579
    -83.349638 35.40899
    -83.349957 35.409618
    -83.351924 35.411302
    -83.352515 35.411372
    -83.353398 35.411148
    -83.353948 35.410895
    -83.354241 35.410562
    -83.355466 35.409917
    -83.356203 35.409913
    -83.35663 35.410588
    -83.357144 35.410739
    -83.35985 35.411086
    -83.360305 35.411431
    -83.360681 35.4118
    -83.360742 35.412139
    -83.360723 35.412542
    -83.360655 35.41402
    -83.360617 35.414214
    -83.360607 35.414526
    -83.360786 35.414757
    -83.360816 35.414796
    -83.361056 35.415139
    -83.361326 35.415525
    -83.361455 35.41571
    -83.361882 35.416321
    -83.362477 35.417522
    -83.362361 35.417902
    -83.362031 35.418582
    -83.361858 35.419302
    -83.361606 35.419796
    -83.361903 35.420174
    -83.36226 35.42064
    -83.362491 35.421494
    -83.362436 35.422011
    -83.362268 35.422594
    -83.362243 35.422683
    -83.362099 35.423281
    -83.362302 35.4242
    -83.362512 35.424877
    -83.362773 35.425594
    -83.363288 35.426245
    -83.363624 35.426501
    -83.363754 35.426856
    -83.363232 35.428223
    -83.362882 35.428896
    -83.362669 35.429583
    -83.362398 35.430231
    -83.361918 35.430597
    -83.361485 35.430792
    -83.361447 35.43081
    -83.361335 35.430868
    -83.361298 35.430887
    -83.361222 35.430924
    -83.361203 35.430926
    -83.360954 35.43096
    -83.360897 35.430968
    -83.360875 35.430972
    -83.360795 35.430982
    -83.360801 35.431
    -83.360819 35.431054
    -83.360825 35.431073
    -83.360856 35.431166
    -83.36087 35.431212
    -83.360886 35.43126
    -83.360898 35.431297
    -83.360913 35.431343
    -83.360945 35.431439
    -83.360972 35.43164
    -83.360992 35.431786
    -83.361037 35.432112
    -83.360965 35.432465
    -83.360863 35.432976
    -83.360516 35.43371
    -83.359955 35.434186
    -83.359431 35.434634
    -83.35916 35.434862
    -83.358349 35.435552
    -83.358247 35.43564
    -83.358255 35.435775
    -83.358206 35.435844
    -83.358205 35.435848
    -83.358178 35.435959
    -83.358117 35.43623
    -83.358075 35.436284
    -83.358012 35.436369
    -83.357869 35.4366
    -83.357804 35.436704
    -83.357698 35.436928
    -83.357615 35.437069
    -83.357593 35.43711
    -83.35747 35.437324
    -83.357364 35.437549
    -83.357363 35.437893
    -83.357376 35.438155
    -83.357382 35.438188
    -83.35754 35.43835
    -83.357662 35.438475
    -83.358152 35.438876
    -83.358316 35.43899
    -83.358606 35.439192
    -83.359002 35.439415
    -83.358988 35.439473
    -83.358985 35.439485
    -83.358975 35.439532
    -83.358951 35.439651
    -83.358941 35.439699
    -83.358929 35.439773
    -83.358874 35.439984
    -83.358016 35.443758
    -83.357474 35.44582
    -83.357436 35.44596
    -83.357326 35.44638
    -83.35729 35.446521
    -83.35722 35.446786
    -83.357011 35.447581
    -83.356942 35.447847
    -83.356905 35.447986
    -83.356794 35.448406
    -83.356758 35.448546
    -83.356707 35.448756
    -83.356558 35.449386
    -83.356509 35.449597
    -83.356355 35.450136
    -83.35628 35.4504
    -83.356179 35.450759
    -83.355661 35.45283
    -83.355494 35.453497
    -83.355459 35.453641
    -83.35532 35.454189
    -83.355281 35.454348
    -83.354908 35.455833
    -83.354773 35.456383
    -83.354766 35.456406
    -83.354747 35.456484
    -83.354742 35.45651
    -83.354727 35.456571
    -83.354684 35.456755
    -83.35467 35.456817
    -83.354591 35.45719
    -83.354357 35.458312
    -83.35428 35.458686
    -83.354189 35.459117
    -83.35392 35.460411
    -83.35383 35.460843
    -83.353676 35.461443
    -83.353562 35.461894
    -83.35348 35.462451
    -83.352613 35.465084
    -83.352528 35.465311
    -83.352408 35.465674
    -83.352403 35.46569
    -83.352269 35.466064
    -83.352177 35.466378
    -83.35206 35.46674
    -83.352024 35.466842
    -83.351893 35.467241
    -83.351872 35.467307
    -83.351873 35.467309
    -83.351804 35.467513
    -83.351719 35.467681
    -83.351555 35.468007
    -83.351475 35.46815
    -83.351457 35.468184
    -83.351424 35.468251
    -83.351373 35.468354
    -83.351349 35.468371
    -83.350646 35.468706
    -83.350327 35.468859
    -83.350169 35.469
    -83.349952 35.469053
    -83.349528 35.469384
    -83.349418 35.469388
    -83.348724 35.469819
    -83.348661 35.469874
    -83.348356 35.470148
    -83.348246 35.470152
    -83.348053 35.470324
    -83.347983 35.470387
    -83.34794 35.470614
    -83.347918 35.470632
    -83.347413 35.471084
    -83.347071 35.471255
    -83.34693 35.471327
    -83.346785 35.471457
    -83.34672 35.471514
    -83.346333 35.472472
    -83.346184 35.472842
    -83.345289 35.473641
    -83.344514 35.473578
    -83.343659 35.473223
    -83.343603 35.473199
    -83.343216 35.473038
    -83.342515 35.473061
    -83.342317 35.473067
    -83.342119 35.473074
    -83.342116 35.473078
    -83.34191 35.473124
    -83.340972 35.473336
    -83.340699 35.473399
    -83.340122 35.47353
    -83.339991 35.47356
    -83.339833 35.473702
    -83.339568 35.473711
    -83.339447 35.473715
    -83.339291 35.473759
    -83.338904 35.47387
    -83.33851 35.474077
    -83.33826 35.474209
    -83.337918 35.474328
    -83.337827 35.47436
    -83.336991 35.474888
    -83.33692 35.474934
    -83.336648 35.474988
    -83.336436 35.47503
    -83.336375 35.475043
    -83.335794 35.474978
    -83.335764 35.474975
    -83.335616 35.474864
    -83.335577 35.474834
    -83.33546 35.474747
    -83.335422 35.474718
    -83.335341 35.474657
    -83.335098 35.474475
    -83.335018 35.474415
    -83.334783 35.474153
    -83.334682 35.473779
    -83.334507 35.473125
    -83.334323 35.472771
    -83.334091 35.472554
    -83.333952 35.472017
    -83.333752 35.471838
    -83.333201 35.471346
    -83.33279 35.470979
    -83.332446 35.470672
    -83.331589 35.470116
    -83.331433 35.470052
    -83.331082 35.469909
    -83.330913 35.469881
    -83.330441 35.469802
    -83.329969 35.469723
    -83.329861 35.469772
    -83.329765 35.469744
    -83.329581 35.469692
    -83.328086 35.469565
    -83.327636 35.4694
    -83.327305 35.469412
    -83.326913 35.469291
    -83.326305 35.46922
    -83.326303 35.469219
    -83.326025 35.469187
    -83.325976 35.469151
    -83.32591 35.469101
    -83.325165 35.469007
    -83.325147 35.469004
    -83.325094 35.468998
    -83.325077 35.468996
    -83.325075 35.468936
    -83.325066 35.468785
    -83.325051 35.4685
    -83.324772 35.468291
    -83.324604 35.468165
    -83.32437 35.467989
    -83.324304 35.46794
    -83.323619 35.467541
    -83.323367 35.467395
    -83.323317 35.467366
    -83.323167 35.467279
    -83.323118 35.467251
    -83.32311 35.467246
    -83.323034 35.467201
    -83.322782 35.467054
    -83.322699 35.467007
    -83.322603 35.466989
    -83.32259 35.466986
    -83.322507 35.466972
    -83.322495 35.46697
    -83.32246 35.466963
    -83.322266 35.466929
    -83.322158 35.46691
    -83.321731 35.466841
    -83.320968 35.46672
    -83.320799 35.466693
    -83.320655 35.46667
    -83.319442 35.466328
    -83.319223 35.466267
    -83.318282 35.465348
    -83.317942 35.465231
    -83.31718 35.465663
    -83.316821 35.465905
    -83.316735 35.466472
    -83.316507 35.467011
    -83.316118 35.467241
    -83.315714 35.467394
    -83.314978 35.467671
    -83.314876 35.467945
    -83.314843 35.467983
    -83.314642 35.468219
    -83.314242 35.468483
    -83.313817 35.469091
    -83.313692 35.469502
    -83.313593 35.469834
    -83.313054 35.470568
    -83.312649 35.470922
    -83.311939 35.47147
    -83.311925 35.471559
    -83.311909 35.471597
    -83.311865 35.471714
    -83.311851 35.471754
    -83.310233 35.47581
    -83.3102 35.475853
    -83.309842 35.476337
    -83.309973 35.477047
    -83.309809 35.477863
    -83.308861 35.479289
    -83.308674 35.479225
    -83.308339 35.479203
    -83.305396 35.478545
    -83.303453 35.479523
    -83.303111 35.480065
    -83.302356 35.480723
    -83.301904 35.480773
    -83.301207 35.481018
    -83.300485 35.481436
    -83.300363 35.481507
    -83.299932 35.481888
    -83.299747 35.482519
    -83.299414 35.482778
    -83.298893 35.482894
    -83.298106 35.482873
    -83.297792 35.483084
    -83.297431 35.483651
    -83.297205 35.483765
    -83.296606 35.483953
    -83.295859 35.484021
    -83.295268 35.483814
    -83.294864 35.483605
    -83.294509 35.483389
    -83.293839 35.483182
    -83.292963 35.483105
    -83.292402 35.483091
    -83.292247 35.483069
    -83.29191 35.483021
    -83.291615 35.483078
    -83.291528 35.483386
    -83.291372 35.483798
    -83.291128 35.48413
    -83.290893 35.48443
    -83.290352 35.484553
    -83.28997 35.484894
    -83.285059 35.489283
    -83.284804 35.489511
    -83.284678 35.490012
    -83.284778 35.490455
    -83.284996 35.490729
    -83.285163 35.490793
    -83.285843 35.491073
    -83.28603 35.491185
    -83.286379 35.492532
    -83.285851 35.493366
    -83.285663 35.493822
    -83.285286 35.494741
    -83.284983 35.495267
    -83.284592 35.495963
    -83.28422 35.496449
    -83.283789 35.49683
    -83.283623 35.49713
    -83.283594 35.497324
    -83.283349 35.497632
    -83.282977 35.497867
    -83.282782 35.497956
    -83.282387 35.498136
    -83.281936 35.498356
    -83.281759 35.498567
    -83.281704 35.498633
    -83.281456 35.49894
    -83.281151 35.499054
    -83.280729 35.49912
    -83.280473 35.49917
    -83.280296 35.499227
    -83.280001 35.499261
    -83.279529 35.499368
    -83.279362 35.499304
    -83.278109 35.499775
    -83.27782 35.499884
    -83.276856 35.500099
    -83.275862 35.500263
    -83.275488 35.500317
    -83.275091 35.500613
    -83.274988 35.500739
    -83.274423 35.501438
    -83.273799 35.501878
    -83.273463 35.502109
    -83.273272 35.502471
    -83.272754 35.504256
    -83.272654 35.504433
    -83.272475 35.504569
    -83.271211 35.505079
    -83.270549 35.505347
    -83.269336 35.505693
    -83.269278 35.505728
    -83.268723 35.50607
    -83.268415 35.50626
    -83.26809 35.50633
    -83.26683 35.506397
    -83.266603 35.50641
    -83.266181 35.506452
    -83.265828 35.506487
    -83.264768 35.506593
    -83.264416 35.506629
    -83.264297 35.506814
    -83.264212 35.507442
    -83.264248 35.50774
    -83.264511 35.508409
    -83.264642 35.508742
    -83.264638 35.509169
    -83.264413 35.510078
    -83.264506 35.510667
    -83.264366 35.510948
    -83.263919 35.511365
    -83.263351 35.512118
    -83.262845 35.512558
    -83.262724 35.512832
    -83.262622 35.513194
    -83.262572 35.513269
    -83.262392 35.513547
    -83.262072 35.514117
    -83.261853 35.514381
    -83.261645 35.514541
    -83.261362 35.51454
    -83.261341 35.514539
    -83.261281 35.514539
    -83.261261 35.514539
    -83.260389 35.514138
    -83.259486 35.513867
    -83.258665 35.513281
    -83.258098 35.513098
    -83.258077 35.513092
    -83.257487 35.512969
    -83.256314 35.513251
    -83.255405 35.513568
    -83.254645 35.513764
    -83.253735 35.514314
    -83.252953 35.514632
    -83.252303 35.514724
    -83.25179 35.51489
    -83.251037 35.515345
    -83.250543 35.515575
    -83.24987 35.516055
    -83.249222 35.516424
    -83.248388 35.516518
    -83.247598 35.516609
    -83.246563 35.517479
    -83.245597 35.518108
    -83.24542 35.518003
    -83.244165 35.518601
    -83.24405 35.518656
    -83.243483 35.518741
    -83.243469 35.518744
    -83.242681 35.518679
    -83.241913 35.519017
    -83.240373 35.521162
    -83.2399 35.521605
    -83.239288 35.522355
    -83.239031 35.522621
    -83.238184 35.5235
    -83.237416 35.523909
    -83.237169 35.52404
    -83.237015 35.524099
    -83.236587 35.524265
    -83.236036 35.524467
    -83.235776 35.524346
    -83.235514 35.524224
    -83.235434 35.524186
    -83.235374 35.524158
    -83.235174 35.524063
    -83.234576 35.523778
    -83.234377 35.523683
    -83.234366 35.523678
    -83.234334 35.523663
    -83.234324 35.523658
    -83.234193 35.523594
    -83.233801 35.523404
    -83.233671 35.523341
    -83.233615 35.523313
    -83.233447 35.523232
    -83.233391 35.523205
    -83.233336 35.523205
    -83.232971 35.523223
    -83.232931 35.523226
    -83.232729 35.523246
    -83.232488 35.523277
    -83.232249 35.523317
    -83.232013 35.523364
    -83.231779 35.523421
    -83.231578 35.523478
    -83.231434 35.52352
    -83.231142 35.523622
    -83.231098 35.523637
    -83.230879 35.523726
    -83.230726 35.523795
    -83.23056 35.523872
    -83.230354 35.523979
    -83.230056 35.524152
    -83.229772 35.524341
    -83.229592 35.524475
    -83.229572 35.524491
    -83.229334 35.524688
    -83.22923 35.524783
    -83.229171 35.524837
    -83.229169 35.524838
    -83.228998 35.525013
    -83.228942 35.525072
    -83.22849 35.525093
    -83.22805 35.5251
    -83.227904 35.525099
    -83.227808 35.525095
    -83.226897 35.52506
    -83.225851 35.525004
    -83.224783 35.524923
    -83.224413 35.524887
    -83.223976 35.524846
    -83.223286 35.524765
    -83.223148 35.524749
    -83.223078 35.524741
    -83.222964 35.524728
    -83.222359 35.524663
    -83.221998 35.524637
    -83.22174 35.52462
    -83.221676 35.524619
    -83.221389 35.524613
    -83.22137 35.524613
    -83.221149 35.524617
    -83.220999 35.52462
    -83.220629 35.524641
    -83.219769 35.524706
    -83.219572 35.524706
    -83.219544 35.524706
    -83.219396 35.524695
    -83.21921 35.524672
    -83.219052 35.524636
    -83.218941 35.524599
    -83.218841 35.524556
    -83.218746 35.524506
    -83.218657 35.524449
    -83.218537 35.524351
    -83.218414 35.524232
    -83.218342 35.524148
    -83.218326 35.524125
    -83.218249 35.524013
    -83.218207 35.523935
    -83.218156 35.523821
    -83.218098 35.523658
    -83.218011 35.523471
    -83.217997 35.523447
    -83.217906 35.52329
    -83.217827 35.523174
    -83.21774 35.52306
    -83.217596 35.522899
    -83.217195 35.522543
    -83.216917 35.522285
    -83.216528 35.521924
    -83.216057 35.521487
    -83.215781 35.521231
    -83.21569 35.521135
    -83.215569 35.520982
    -83.215499 35.520875
    -83.215411 35.520708
    -83.215345 35.520534
    -83.215297 35.520352
    -83.215269 35.520168
    -83.215261 35.520045
    -83.215265 35.519861
    -83.215269 35.519826
    -83.215328 35.519348
    -83.215342 35.519189
    -83.215369 35.518894
    -83.215383 35.518638
    -83.215386 35.518592
    -83.215326 35.51825
    -83.215118 35.517925
    -83.214833 35.517727
    -83.214374 35.517551
    -83.214334 35.517544
    -83.214264 35.517532
    -83.214098 35.517518
    -83.21393 35.517519
    -83.213785 35.517535
    -83.213764 35.517537
    -83.213709 35.517546
    -83.213047 35.517712
    -83.212915 35.517746
    -83.212732 35.517777
    -83.212547 35.517794
    -83.21236 35.517796
    -83.212236 35.51779
    -83.212057 35.517753
    -83.211885 35.517699
    -83.211723 35.517628
    -83.211573 35.517541
    -83.21148 35.517475
    -83.211001 35.517062
    -83.210727 35.516826
    -83.210563 35.516668
    -83.21045 35.516542
    -83.210414 35.516501
    -83.210374 35.516453
    -83.210252 35.516306
    -83.21015 35.516183
    -83.210076 35.516094
    -83.209759 35.515712
    -83.209676 35.515587
    -83.20961 35.515455
    -83.209562 35.515318
    -83.209533 35.515176
    -83.209528 35.515129
    -83.209404 35.514398
    -83.209333 35.514255
    -83.209243 35.514118
    -83.209174 35.514032
    -83.209097 35.51395
    -83.209014 35.513872
    -83.208923 35.5138
    -83.208792 35.513725
    -83.208644 35.513661
    -83.20854 35.513626
    -83.208379 35.513587
    -83.208213 35.513564
    -83.208046 35.513559
    -83.207934 35.513564
    -83.207828 35.513577
    -83.207768 35.513586
    -83.20766 35.51361
    -83.207498 35.513668
    -83.207395 35.513714
    -83.20725 35.513796
    -83.207118 35.513892
    -83.207001 35.513999
    -83.206932 35.514077
    -83.206871 35.514159
    -83.206818 35.514245
    -83.206469 35.515196
    -83.206298 35.515589
    -83.206172 35.515848
    -83.205965 35.516229
    -83.205757 35.516579
    -83.205655 35.516722
    -83.205537 35.516856
    -83.205404 35.51698
    -83.205257 35.517094
    -83.205097 35.517196
    -83.204981 35.517256
    -83.204858 35.517309
    -83.20473 35.517356
    -83.204532 35.517411
    -83.204328 35.51745
    -83.20412 35.517471
    -83.20398 35.517476
    -83.203841 35.517472
    -83.201776 35.517467
    -83.200897 35.517471
    -83.200636 35.517489
    -83.200379 35.517525
    -83.200209 35.517559
    -83.200043 35.517602
    -83.1998 35.517681
    -83.199567 35.517778
    -83.199264 35.51792
    -83.198952 35.518048
    -83.198631 35.518161
    -83.198628 35.518161
    -83.198303 35.51826
    -83.197868 35.518367
    -83.197441 35.518462
    -83.196795 35.518589
    -83.196241 35.518681
    -83.196119 35.518693
    -83.195936 35.518696
    -83.195814 35.518689
    -83.195693 35.518676
    -83.195514 35.518642
    -83.195398 35.518611
    -83.195229 35.518551
    -83.195058 35.518475
    -83.194947 35.518416
    -83.194298 35.518066
    -83.193935 35.517579
    -83.192807 35.51718
    -83.191918 35.516868
    -83.191671 35.516781
    -83.191115 35.516585
    -83.19093 35.516521
    -83.190683 35.516435
    -83.189823 35.516134
    -83.18974 35.516103
    -83.187859 35.515407
    -83.186958 35.514994
    -83.186052 35.514573
    -83.186031 35.514154
    -83.186022 35.51397
    -83.185912 35.512372
    -83.185892 35.512069
    -83.185878 35.511767
    -83.185823 35.511576
    -83.185713 35.511364
    -83.185534 35.511128
    -83.185314 35.510848
    -83.185039 35.510714
    -83.184709 35.510669
    -83.183649 35.510747
    -83.183209 35.510815
    -83.182659 35.510971
    -83.182281 35.51106
    -83.182232 35.511072
    -83.181833 35.511128
    -83.180686 35.511104
    -83.180477 35.511065
    -83.18033 35.511038
    -83.179898 35.510874
    -83.179874 35.510863
    -83.17968 35.510779
    -83.179529 35.510608
    -83.179343 35.510533
    -83.179053 35.510485
    -83.178984 35.510474
    -83.175428 35.509264
    -83.17358 35.509206
    -83.171885 35.509404
    -83.171439 35.509312
    -83.170816 35.509279
    -83.170119 35.509242
    -83.169892 35.509301
    -83.16962 35.509325
    -83.166883 35.509584
    -83.166479 35.509618
    -83.165781 35.509678
    -83.163865 35.509156
    -83.163249 35.507062
    -83.162538 35.504505
    -83.161415 35.502922
    -83.160507 35.501642
    -83.160797 35.500428
    -83.160876 35.500101
    -83.160121 35.499345
    -83.157859 35.497077
    -83.157841 35.497059
    -83.157917 35.496282
    -83.157943 35.496022
    -83.157796 35.496026
    -83.157395 35.496037
    -83.157359 35.496028
    -83.157217 35.495993
    -83.157066 35.495955
    -83.156857 35.495903
    -83.15661 35.495853
    -83.156495 35.49583
    -83.156463 35.495811
    -83.156405 35.495777
    -83.156231 35.495675
    -83.156174 35.495642
    -83.156068 35.495548
    -83.155751 35.495269
    -83.155689 35.495215
    -83.155636 35.495191
    -83.155186 35.494991
    -83.155066 35.494935
    -83.154523 35.494684
    -83.154153 35.494589
    -83.153264 35.494526
    -83.153128 35.494517
    -83.15283 35.494364
    -83.152678 35.494366
    -83.152424 35.494357
    -83.15159 35.494298
    -83.151586 35.494298
    -83.150202 35.494291
    -83.149174 35.494359
    -83.148326 35.494393
    -83.147815 35.494414
    -83.147238 35.494383
    -83.146167 35.49427
    -83.144838 35.494081
    -83.143587 35.493812
    -83.142062 35.493524
    -83.140646 35.49278
    -83.140272 35.492183
    -83.139923 35.491891
    -83.139862 35.49184
    -83.138881 35.491395
    -83.138463 35.490923
    -83.137783 35.490199
    -83.137681 35.489045
    -83.138025 35.488601
    -83.138666 35.487806
    -83.139228 35.486994
    -83.13964 35.486335
    -83.139934 35.485626
    -83.140117 35.485103
    -83.140398 35.484677
    -83.140257 35.484045
    -83.139673 35.483434
    -83.139186 35.482872
    -83.138601 35.482334
    -83.138399 35.481879
    -83.138128 35.481432
    -83.13778 35.480775
    -83.137667 35.48037
    -83.137257 35.48001
    -83.136896 35.479644
    -83.136369 35.479235
    -83.136762 35.478495
    -83.137076 35.47773
    -83.137502 35.476739
    -83.137724 35.476256
    -83.137938 35.475716
    -83.137966 35.474957
    -83.137708 35.4743
    -83.13711 35.473883
    -83.136582 35.473499
    -83.136342 35.472964
    -83.136703 35.47239
    -83.136794 35.472248
    -83.136868 35.47098
    -83.137008 35.46989
    -83.13728 35.468583
    -83.137401 35.467574
    -83.137571 35.466411
    -83.137634 35.46524
    -83.137641 35.464468
    -83.137608 35.464149
    -83.136338 35.463928
    -83.135198 35.463675
    -83.13458 35.463403
    -83.133231 35.463303
    -83.132533 35.463119
    -83.132111 35.463115
    -83.131941 35.463114
    -83.131101 35.463276
    -83.129904 35.463621
    -83.128877 35.463734
    -83.127806 35.464217
    -83.127127 35.464179
    -83.126102 35.46409
    -83.125321 35.464325
    -83.124864 35.464498
    -83.122204 35.465586
    -83.121809 35.465248
    -83.120483 35.464787
    -83.11946 35.464544
    -83.118901 35.464307
    -83.118159 35.464211
    -83.115181 35.464355
    -83.115012 35.464364
    -83.113122 35.464457
    -83.11266 35.464232
    -83.112442 35.464125
    -83.111477 35.463849
    -83.110586 35.463716
    -83.109755 35.463959
    -83.109688 35.463979
    -83.109618 35.463967
    -83.109235 35.463901
    -83.108815 35.46383
    -83.105624 35.461906
    -83.105565 35.46187
    -83.105528 35.461847
    -83.105281 35.461796
    -83.103341 35.461398
    -83.103197 35.461368
    -83.103075 35.461374
    -83.102174 35.461414
    -83.101378 35.46145
    -83.100284 35.461164
    -83.100245 35.461154
    -83.098916 35.460603
    -83.097799 35.460185
    -83.097033 35.459826
    -83.096487 35.45957
    -83.096271 35.459462
    -83.094763 35.458624
    -83.093877 35.458366
    -83.093321 35.458205
    -83.092564 35.457642
    -83.09235 35.456823
    -83.092346 35.456804
    -83.09223 35.456188
    -83.092062 35.455065
    -83.092054 35.455014
    -83.091841 35.454677
    -83.091733 35.454505
    -83.091721 35.454458
    -83.091652 35.454176
    -83.091279 35.453337
    -83.090678 35.453028
    -83.090519 35.452874
    -83.090355 35.452717
    -83.09022 35.452587
    -83.090026 35.452376
    -83.089934 35.452278
    -83.090082 35.45167
    -83.090218 35.450703
    -83.090266 35.450366
    -83.090341 35.449049
    -83.090275 35.448542
    -83.089903 35.4483
    -83.088846 35.448211
    -83.087418 35.447937
    -83.087338 35.44794
    -83.086445 35.447984
    -83.085609 35.447883
    -83.085485 35.447869
    -83.084984 35.44766
    -83.084917 35.447632
    -83.084334 35.447534
    -83.084064 35.447709
    -83.083424 35.448067
    -83.083179 35.448202
    -83.083145 35.448221
    -83.082773 35.4483
    -83.082595 35.448338
    -83.082535 35.448312
    -83.081868 35.448004
    -83.080953 35.447757
    -83.080755 35.447796
    -83.080072 35.447931
    -83.079746 35.447898
    -83.079646 35.447545
    -83.079692 35.44737
    -83.079873 35.446691
    -83.080048 35.445428
    -83.080076 35.445218
    -83.080143 35.444723
    -83.079999 35.443653
    -83.07996 35.443344
    -83.079892 35.442792
    -83.080108 35.442172
    -83.08042 35.441578
    -83.080369 35.441467
    -83.080335 35.441384
    -83.080184 35.441014
    -83.080148 35.440894
    -83.08013 35.440836
    -83.079937 35.440488
    -83.079509 35.440224
    -83.07935 35.439827
    -83.079149 35.439321
    -83.079081 35.438209
    -83.07909 35.43753
    -83.079014 35.43704
    -83.079164 35.436578
    -83.079202 35.436463
    -83.079588 35.435905
    -83.079809 35.435692
    -83.079922 35.435583
    -83.080125 35.435363
    -83.080236 35.435245
    -83.080329 35.434774
    -83.079992 35.434363
    -83.079824 35.434265
    -83.07943 35.434036
    -83.079322 35.433968
    -83.079197 35.433889
    -83.078995 35.433775
    -83.078993 35.433773
    -83.078884 35.433708
    -83.078868 35.4337
    -83.078844 35.433689
    -83.078819 35.433677
    -83.078803 35.43367
    -83.07876 35.433645
    -83.078632 35.433572
    -83.078591 35.433548
    -83.078532 35.433517
    -83.078382 35.433438
    -83.078358 35.433425
    -83.0783 35.433395
    -83.078243 35.433358
    -83.078171 35.433313
    -83.078092 35.43326
    -83.078083 35.43324
    -83.078058 35.433178
    -83.07805 35.433113
    -83.078033 35.432982
    -83.078053 35.432841
    -83.078033 35.432718
    -83.078024 35.432683
    -83.077994 35.432562
    -83.077935 35.432452
    -83.077837 35.432354
    -83.077719 35.432281
    -83.077562 35.43222
    -83.076795 35.43198
    -83.076318 35.431831
    -83.076275 35.431509
    -83.076249 35.431307
    -83.075926 35.430798
    -83.075773 35.430731
    -83.075476 35.430601
    -83.074917 35.43036
    -83.073701 35.42992
    -83.071749 35.429536
    -83.071314 35.429485
    -83.069375 35.429259
    -83.068111 35.429135
    -83.067233 35.428774
    -83.067143 35.428737
    -83.066494 35.428179
    -83.065937 35.427408
    -83.065226 35.426417
    -83.064309 35.426082
    -83.063213 35.425688
    -83.060928 35.425053
    -83.059932 35.425003
    -83.059214 35.42506
    -83.058581 35.425252
    -83.057506 35.42551
    -83.056625 35.425675
    -83.056081 35.425607
    -83.055752 35.425493
    -83.05473 35.424612
    -83.053865 35.424358
    -83.053312 35.423999
    -83.053163 35.423042
    -83.053188 35.422283
    -83.053151 35.421759
    -83.052957 35.421214
    -83.052426 35.420928
    -83.051764 35.42058
    -83.050621 35.419943
    -83.049055 35.419026
    -83.047877 35.417625
    -83.047609 35.417155
    -83.047324 35.416653
    -83.046745 35.416101
    -83.046113 35.415736
    -83.045243 35.415586
    -83.044933 35.415432
    -83.044794 35.414499
    -83.044702 35.413153
    -83.044899 35.410719
    -83.044948 35.410294
    -83.044961 35.410179
    -83.044966 35.410131
    -83.045 35.409836
    -83.045014 35.409722
    -83.045068 35.409271
    -83.044958 35.408281
    -83.044678 35.407835
    -83.044342 35.40757
    -83.04393 35.407246
    -83.043626 35.406978
    -83.04354 35.406439
    -83.04367 35.405863
    -83.043441 35.404868
    -83.043399 35.404465
    -83.043591 35.40371
    -83.043814 35.402689
    -83.04388 35.402268
    -83.043442 35.400868
    -83.043431 35.400833
    -83.043154 35.39987
    -83.042989 35.39872
    -83.042975 35.398517
    -83.042966 35.398373
    -83.042962 35.398323
    -83.042928 35.397827
    -83.042945 35.397741
    -83.042988 35.397551
    -83.043126 35.396936
    -83.043567 35.395859
    -83.043702 35.395523
    -83.043908 35.395012
    -83.043953 35.394393
    -83.043798 35.394272
    -83.042968 35.393983
    -83.040546 35.393764
    -83.04018 35.393628
    -83.039891 35.392946
    -83.039399 35.39251
    -83.039119 35.392261
    -83.03824 35.391855
    -83.037462 35.391622
    -83.036479 35.391321
    -83.034742 35.390135
    -83.034018 35.38948
    -83.033939 35.389374
    -83.033364 35.388719
    -83.032525 35.388068
    -83.031583 35.387665
    -83.031448 35.387608
    -83.030757 35.387535
    -83.030125 35.387169
    -83.030046 35.38709
    -83.029809 35.386851
    -83.029629 35.386671
    -83.029332 35.386372
    -83.029112 35.386094
    -83.029066 35.386041
    -83.029018 35.386025
    -83.028322 35.385758
    -83.028318 35.385757
    -83.027744 35.38535
    -83.027572 35.384571
    -83.027671 35.383996
    -83.027713 35.383856
    -83.027858 35.383378
    -83.02798 35.383166
    -83.027818 35.383005
    -83.027332 35.382524
    -83.027171 35.382364
    -83.026449 35.381649
    -83.025072 35.380286
    -83.024283 35.379924
    -83.024046 35.379885
    -83.023333 35.379768
    -83.023181 35.379518
    -83.02298 35.379187
    -83.022884 35.379143
    -83.022271 35.378864
    -83.021482 35.378712
    -83.021133 35.378646
    -83.020996 35.378646
    -83.020232 35.378628
    -83.020012 35.378731
    -83.019946 35.37876
    -83.018879 35.379245
    -83.018116 35.379698
    -83.017545 35.379694
    -83.016966 35.379518
    -83.016531 35.379386
    -83.015948 35.379164
    -83.01544 35.378969
    -83.014945 35.378779
    -83.014718 35.378691
    -83.013887 35.378474
    -83.013805 35.378453
    -83.013363 35.37833
    -83.011886 35.37792
    -83.011381 35.37778
    -83.010064 35.377527
    -83.008333 35.377543
    -83.00735 35.377349
    -83.007224 35.377325
    -83.00593 35.376782
    -83.005359 35.376543
    -83.004572 35.375955
    -83.003188 35.375101
    -83.00273 35.37476
    -83.002546 35.374623
    -83.002307 35.374626
    -83.001263 35.37467
    -83.000687 35.374426
    -82.999858 35.373983
    -82.999558 35.373984
    -82.998462 35.373565
    -82.997405 35.373122
    -82.996829 35.372796
    -82.996257 35.372009
    -82.995606 35.371374
    -82.995129 35.370879
    -82.99486 35.370344
    -82.994475 35.369558
    -82.994194 35.369177
    -82.993841 35.3688
    -82.99367 35.368616
    -82.992811 35.36807
    -82.992429 35.36793
    -82.991713 35.367821
    -82.991113 35.367802
    -82.990641 35.367782
    -82.990348 35.367643
    -82.990069 35.367084
    -82.990096 35.366382
    -82.990138 35.365234
    -82.99008 35.364731
    -82.990048 35.36445
    -82.989936 35.363819
    -82.989648 35.36322
    -82.989328 35.362814
    -82.988714 35.362382
    -82.988175 35.362185
    -82.987803 35.362061
    -82.987405 35.361606
    -82.987107 35.360982
    -82.986946 35.360415
    -82.987017 35.359333
    -82.987053 35.35876
    -82.986886 35.357814
    -82.986736 35.357215
    -82.986594 35.356648
    -82.986354 35.356097
    -82.985728 35.355346
    -82.984973 35.355031
    -82.983073 35.354235
    -82.982126 35.353655
    -82.981054 35.35289
    -82.980785 35.352701
    -82.979572 35.351847
    -82.978595 35.351332
    -82.977772 35.351141
    -82.977147 35.350757
    -82.976941 35.349916
    -82.977039 35.349004
    -82.977276 35.348076
    -82.977609 35.347223
    -82.978013 35.346249
    -82.978208 35.345466
    -82.978285 35.344716
    -82.978153 35.344206
    -82.977611 35.343435
    -82.976134 35.342901
    -82.975167 35.342871
    -82.974788 35.34286
    -82.973462 35.342909
    -82.972371 35.342958
    -82.971607 35.342768
    -82.971202 35.34207
    -82.971045 35.341678
    -82.970972 35.341506
    -82.970329 35.340207
    -82.969703 35.339048
    -82.968844 35.338477
    -82.968119 35.33813
    -82.967816 35.337986
    -82.966929 35.337366
    -82.966688 35.336977
    -82.966522 35.336006
    -82.966253 35.335439
    -82.966217 35.33514
    -82.965869 35.334613
    -82.965162 35.33376
    -82.964658 35.333095
    -82.964722 35.332619
    -82.965134 35.331781
    -82.965298 35.331071
    -82.965207 35.330703
    -82.96517 35.330303
    -82.964876 35.329413
    -82.964524 35.32832
    -82.964372 35.327883
    -82.964239 35.327462
    -82.963921 35.32603
    -82.96387 35.325411
    -82.963721 35.32359
    -82.96407 35.322251
    -82.96474 35.321181
    -82.964897 35.320909
    -82.9655 35.319894
    -82.965508 35.319828
    -82.965683 35.318425
    -82.965669 35.3179
    -82.965187 35.317049
    -82.96473 35.316618
    -82.964741 35.316425
    -82.964815 35.315181
    -82.964302 35.315323
    -82.963041 35.31571
    -82.962283 35.315756
    -82.961862 35.315783
    -82.955707 35.316373
    -82.954991 35.316264
    -82.954745 35.315829
    -82.954606 35.315583
    -82.954691 35.314114
    -82.954578 35.313717
    -82.954144 35.313628
    -82.952647 35.313318
    -82.952599 35.313308
    -82.951765 35.313173
    -82.951228 35.312927
    -82.950942 35.311278
    -82.951035 35.309978
    -82.951031 35.309855
    -82.951015 35.309194
    -82.950827 35.308348
    -82.950697 35.307754
    -82.950035 35.306774
    -82.949799 35.306424
    -82.948002 35.306307
    -82.947262 35.306536
    -82.946564 35.306588
    -82.94576 35.306437
    -82.944908 35.306359
    -82.944524 35.306324
    -82.94318 35.305919
    -82.942523 35.30572
    -82.941929 35.305677
    -82.941427 35.30577
    -82.940369 35.305618
    -82.938802 35.305308
    -82.938634 35.305275
    -82.937919 35.305141
    -82.937188 35.304659
    -82.936576 35.304074
    -82.935507 35.303929
    -82.934237 35.304243
    -82.933243 35.305287
    -82.932808 35.305526
    -82.932331 35.305281
    -82.932037 35.304358
    -82.931645 35.30345
    -82.930893 35.303099
    -82.929758 35.302695
    -82.928766 35.302753
    -82.927877 35.302927
    -82.927732 35.302956
    -82.927467 35.303011
    -82.925709 35.299557
    -82.925695 35.299394
    -82.925684 35.299235
    -82.925176 35.298076
    -82.925034 35.297669
    -82.924824 35.297064
    -82.924622 35.296691
    -82.924419 35.296439
    -82.92396 35.29621
    -82.92364 35.295836
    -82.923492 35.295108
    -82.923214 35.294509
    -82.922651 35.293923
    -82.922255 35.293379
    -82.922086 35.293149
    -82.921569 35.292446
    -82.921288 35.292113
    -82.921006 35.291893
    -82.920819 35.291868
    -82.921132 35.291685
    -82.921344 35.291209
    -82.921441 35.289643
    -82.921376 35.288431
    -82.921518 35.287504
    -82.921535 35.287398
    -82.92149 35.286267
    -82.921499 35.285468
    -82.922067 35.28388
    -82.922245 35.282904
    -82.920622 35.278943
    -82.920439 35.278643
    -82.920234 35.276921
    -82.92015 35.276484
    -82.919922 35.275853
    -82.920137 35.275063
    -82.920707 35.274511
    -82.920842 35.274381
    -82.921153 35.273785
    -82.921183 35.27297
    -82.92099 35.272621
    -82.920328 35.272148
    -82.920105 35.271904
    -82.919745 35.271635
    -82.919416 35.271269
    -82.919234 35.270864
    -82.919284 35.270713
    -82.919437 35.27026
    -82.919488 35.27011
    -82.919517 35.270015
    -82.91953 35.269966
    -82.919606 35.269368
    -82.919643 35.268632
    -82.919656 35.26853
    -82.919719 35.268051
    -82.919878 35.267736
    -82.919819 35.266888
    -82.919943 35.266306
    -82.920147 35.265652
    -82.920785 35.264703
    -82.921269 35.264247
    -82.922215 35.263358
    -82.922292 35.263179
    -82.922294 35.263082
    -82.922293 35.263041
    -82.92206 35.262351
    -82.921999 35.26211
    -82.922079 35.261109
    -82.922365 35.260198
    -82.922777 35.259385
    -82.923116 35.258071
    -82.923412 35.257039
    -82.923863 35.256251
    -82.924498 35.255681
    -82.924875 35.255272
    -82.925139 35.254579
    -82.925231 35.253409
    -82.925277 35.252835
    -82.92545 35.252223
    -82.925469 35.25148
    -82.925398 35.250841
    -82.925335 35.250324
    -82.925357 35.250104
    -82.925502 35.249113
    -82.925543 35.248008
    -82.925175 35.247405
    -82.924718 35.24669
    -82.924692 35.245933
    -82.924839 35.245203
    -82.924926 35.24494
    -82.924965 35.244821
    -82.925007 35.244696
    -82.925175 35.244522
    -82.925262 35.244433
    -82.925922 35.243754
    -82.926419 35.243429
    -82.927098 35.242475
    -82.927975 35.241897
    -82.928395 35.24179
    -82.928161 35.241258
    -82.927379 35.240569
    -82.927262 35.239697
    -82.927127 35.238504
    -82.927481 35.237325
    -82.927624 35.236853
    -82.927787 35.236322
    -82.928446 35.235095
    -82.92902 35.234413
    -82.929497 35.233966
    -82.930524 35.233188
    -82.931264 35.23251
    -82.931332 35.232448
    -82.931616 35.231697
    -82.931502 35.230723
    -82.931557 35.230356
    -82.931723 35.229307
    -82.931792 35.229009
    -82.931819 35.228882
    -82.932435 35.228441
    -82.933488 35.22792
    -82.934423 35.226937
    -82.934965 35.226047
    -82.935404 35.225485
    -82.935544 35.225035
    -82.936036 35.224857
    -82.936587 35.224853
    -82.938055 35.224603
    -82.939621 35.224223
    -82.940876 35.223844
    -82.942401 35.223577
    -82.944271 35.223301
    -82.945553 35.223021
    -82.946504 35.222602
    -82.947677 35.222087
    -82.948333 35.221639
    -82.948476 35.221502
    -82.948695 35.221335
    -82.950228 35.220171
    -82.950633 35.219867
    -82.950651 35.219853
    -82.951218 35.219615
    -82.952047 35.219393
    -82.952375 35.219044
    -82.953331 35.21803
    -82.953945 35.217572
    -82.954681 35.217452
    -82.955717 35.217113
    -82.956052 35.217003
    -82.956659 35.216805
    -82.956879 35.216733
    -82.957716 35.216455
    -82.958285 35.216268
    -82.959346 35.215892
    -82.959768 35.215459
    -82.959571 35.215207
    -82.959492 35.215105
    -82.959218 35.214804
    -82.959337 35.214479
    -82.959383 35.214083
    -82.959446 35.213994
    -82.959829 35.213461
    -82.959965 35.213272
    -82.959846 35.212648
    -82.959832 35.212571
    -82.959613 35.212202
    -82.959754 35.212053
    -82.959973 35.21182
    -82.960284 35.211437
    -82.960565 35.211091
    -82.960803 35.210267
    -82.960507 35.209709
    -82.960475 35.209648
    -82.9604 35.209471
    -82.960064 35.208674
    -82.96005 35.208102
    -82.96005 35.207828
    -82.96005 35.207435
    -82.96005 35.206957
    -82.960177 35.205665
    -82.960183 35.20519
    -82.960862 35.204532
    -82.960903 35.204492
    -82.961777 35.203366
    -82.96197 35.203021
    -82.962019 35.202934
    -82.962046 35.202886
    -82.962425 35.202208
    -82.962819 35.20123
    -82.965087 35.200394
    -82.966556 35.199951
    -82.967356 35.19971
    -82.967676 35.199241
    -82.967855 35.198328
    -82.968198 35.197829
    -82.968378 35.197567
    -82.968285 35.197019
    -82.968238 35.196092
    -82.9683 35.195899
    -82.968496 35.1953
    -82.969104 35.194038
    -82.970225 35.193241
    -82.971288 35.192646
    -82.971945 35.192425
    -82.972324 35.192382
    -82.973336 35.192303
    -82.974257 35.192201
    -82.974388 35.192187
    -82.974991 35.192124
    -82.975382 35.191944
    -82.97635 35.191663
    -82.977303 35.191811
    -82.977918 35.191541
    -82.978288 35.1912
    -82.978599 35.190876
    -82.979079 35.190841
    -82.97948 35.190685
    -82.980154 35.190383
    -82.980664 35.190379
    -82.981143 35.190264
    -82.981215 35.190232
    -82.981671 35.190035
    -82.982229 35.190007
    -82.983142 35.190115
    -82.983328 35.190025
    -82.983542 35.189854
    -82.983841 35.189272
    -82.984551 35.188606
    -82.985623 35.187914
    -82.986309 35.187869
    -82.986779 35.187762
    -82.987069 35.187292
    -82.987329 35.186725
    -82.987365 35.18664
    -82.987608 35.18607
    -82.987738 35.185944
    -82.98793 35.185758
    -82.987962 35.185726
    -82.987977 35.185713
    -82.988465 35.185283
    -82.9886 35.185048
    -82.988476 35.184266
    -82.988358 35.183559
    -82.988342 35.183461
    -82.988365 35.182791
    -82.988257 35.182703
    -82.987303 35.182426
    -82.986145 35.182208
    -82.985905 35.181757
    -82.985526 35.180937
    -82.985196 35.180213
    -82.985301 35.179834
    -82.98565 35.179372
    -82.985803 35.178943
    -82.985856 35.178201
    -82.985995 35.177321
    -82.98618 35.177126
    -82.986492 35.176979
    -82.987089 35.176895
    -82.987392 35.176684
    -82.987613 35.176222
    -82.988272 35.175307
    -82.98862 35.174692
    -82.988509 35.174419
    -82.988281 35.174049
    -82.987697 35.173448
    -82.987007 35.173008
    -82.986396 35.172617
    -82.985475 35.171501
    -82.985416 35.171462
    -82.983799 35.170398
    -82.983308 35.170256
    -82.982857 35.170275
    -82.982346 35.170141
    -82.981795 35.169846
    -82.981439 35.169533
    -82.98122 35.169059
    -82.981245 35.168615
    -82.9811 35.167664
    -82.981424 35.167547
    -82.982397 35.167198
    -82.982722 35.167082
    -82.983425 35.166731
    -82.984463 35.166539
    -82.985607 35.166266
    -82.986469 35.166281
    -82.986636 35.166284
    -82.987959 35.166186
    -82.9888 35.165996
    -82.989433 35.16554
    -82.991095 35.164877
    -82.992749 35.164593
    -82.993591 35.164483
    -82.99457 35.164339
    -82.99497 35.164087
    -82.995242 35.163819
    -82.996123 35.163749
    -82.996613 35.163666
    -82.996631 35.163536
    -82.996559 35.163126
    -82.996361 35.16276
    -82.996111 35.162298
    -82.99584 35.161557
    -82.995807 35.161106
    -82.996301 35.160522
    -82.997128 35.159806
    -82.997316 35.159635
    -82.997343 35.15961
    -82.997425 35.159536
    -82.997453 35.159512
    -82.997461 35.159504
    -82.997488 35.15948
    -82.997497 35.159473
    -82.997566 35.159411
    -82.997587 35.159321
    -82.997689 35.158852
    -82.997693 35.158814
    -82.997744 35.158408
    -82.997495 35.157957
    -82.997238 35.157781
    -82.997206 35.157758
    -82.996893 35.157533
    -82.996636 35.157293
    -82.996622 35.157198
    -82.996525 35.156503
    -82.996349 35.155795
    -82.99616 35.155473
    -82.995619 35.155176
    -82.995609 35.15517
    -82.995164 35.154753
    -82.994926 35.154244
    -82.99485 35.153626
    -82.994516 35.153459
    -82.993789 35.153254
    -82.993279 35.153281
    -82.992876 35.153122
    -82.992648 35.152841
    -82.992272 35.152327
    -82.992116 35.152094
    -82.992063 35.152014
    -82.991767 35.151822
    -82.991423 35.151632
    -82.991381 35.151277
    -82.99124 35.15089
    -82.991161 35.150818
    -82.990688 35.150555
    -82.990363 35.150283
    -82.990326 35.150168
    -82.990301 35.15009
    -82.99005 35.149301
    -82.988904 35.148211
    -82.988633 35.148219
    -82.987601 35.148251
    -82.98603 35.148979
    -82.985847 35.149157
    -82.985602 35.149396
    -82.985174 35.149815
    -82.984758 35.150349
    -82.984227 35.150151
    -82.983684 35.149662
    -82.982796 35.149006
    -82.982505 35.148986
    -82.981815 35.14894
    -82.980791 35.148268
    -82.980598 35.147857
    -82.98032 35.147273
    -82.980277 35.147131
    -82.979999 35.146241
    -82.98013 35.145441
    -82.980909 35.144832
    -82.981539 35.144078
    -82.981534 35.143497
    -82.981363 35.143339
    -82.981021 35.143024
    -82.980192 35.142295
    -82.979618 35.141694
    -82.978553 35.140886
    -82.978471 35.140499
    -82.978695 35.14032
    -82.979193 35.139974
    -82.979221 35.139954
    -82.979521 35.139444
    -82.979597 35.139084
    -82.979606 35.139041
    -82.979406 35.138566
    -82.978677 35.138151
    -82.978037 35.137587
    -82.977986 35.137542
    -82.97757 35.136988
    -82.977567 35.136717
    -82.977566 35.136561
    -82.97749 35.136461
    -82.977259 35.136154
    -82.97716 35.136023
    -82.976414 35.134729
    -82.976308 35.133697
    -82.976596 35.132977
    -82.976637 35.132918
    -82.976886 35.132553
    -82.977283 35.131973
    -82.977828 35.131575
    -82.978396 35.131426
    -82.978617 35.130828
    -82.97896 35.130309
    -82.979013 35.130229
    -82.979538 35.130338
    -82.979573 35.130346
    -82.98024 35.130511
    -82.981176 35.131021
    -82.98128 35.131057
    -82.981766 35.131228
    -82.981875 35.131273
    -82.981957 35.131309
    -82.982206 35.131417
    -82.982289 35.131454
    -82.982422 35.131511
    -82.982817 35.131683
    -82.982822 35.131685
    -82.982956 35.131743
    -82.98303 35.131775
    -82.983254 35.131871
    -82.983329 35.131904
    -82.983369 35.131864
    -82.983491 35.131746
    -82.983532 35.131707
    -82.983611 35.131629
    -82.983848 35.131399
    -82.983928 35.131323
    -82.98594 35.129371
    -82.98772 35.127645
    -82.990353 35.125095
    -82.99074 35.124808
    -82.992006 35.123554
    -82.993408 35.122168
    -82.994008 35.121592
    -82.995084 35.120559
    -82.996025 35.119659
    -82.998076 35.117712
    -82.998338 35.117487
    -82.999457 35.116535
    -82.999475 35.11652
    -82.999641 35.116376
    -82.999844 35.116097
    -82.999863 35.116072
    -83.001081 35.114937
    -83.001445 35.114598
    -83.001496 35.114554
    -83.001527 35.114519
    -83.001635 35.114419
    -83.00206 35.114026
    -83.002204 35.113897
    -83.002416 35.113698
    -83.003058 35.113103
    -83.003274 35.112906
    -83.003367 35.112818
    -83.0036 35.112601
    -83.004582 35.111691
    -83.004887 35.111411
    -83.004911 35.111389
    -83.005361 35.110974
    -83.006713 35.10973
    -83.007114 35.109362
    -83.007164 35.109316
    -83.007795 35.108733
    -83.00969 35.106988
    -83.009736 35.106947
    -83.010323 35.106407
    -83.010683 35.106075
    -83.010713 35.106048
    -83.011436 35.105383
    -83.011763 35.105081
    -83.012124 35.10475
    -83.016584 35.100644
    -83.029966 35.088328
    -83.034427 35.084223
    -83.03617 35.082826
    -83.036212 35.081946
    -83.036317 35.08166
    -83.036424 35.081372
    -83.036811 35.080855
    -83.03719 35.080352
    -83.037448 35.079568
    -83.038093 35.079331
    -83.03911 35.079318
    -83.040129 35.07945
    -83.041694 35.079426
    -83.042462 35.07864
    -83.043771 35.078367
    -83.044033 35.077963
    -83.044764 35.077394
    -83.045085 35.075731
    -83.045044 35.074109
    -83.044934 35.073935
    -83.044321 35.072959
    -83.043387 35.07223
    -83.043362 35.071463
    -83.044023 35.070911
    -83.044016 35.070505
    -83.044444 35.069449
    -83.045204 35.068994
    -83.046038 35.067997
    -83.046561 35.06718
    -83.046809 35.066971
    -83.048 35.065971
    -83.048442 35.064824
    -83.048875 35.063732
    -83.04832 35.06275
    -83.048647 35.061941
    -83.048426 35.061168
    -83.048668 35.060852
    -83.049369 35.06034
    -83.050039 35.059667
    -83.050774 35.058421
    -83.051206 35.057145
    -83.051855 35.056247
    -83.052438 35.055703
    -83.052613 35.05567
    -83.053347 35.055537
    -83.054763 35.055151
    -83.056009 35.054378
    -83.056755 35.053806
    -83.056655 35.053809
    -83.056388 35.053847
    -83.056301 35.05388
    -83.056188 35.053879
    -83.055519 35.053875
    -83.055352 35.053865
    -83.055218 35.05382
    -83.055098 35.053822
    -83.054998 35.053799
    -83.054964 35.053772
    -83.054884 35.053767
    -83.054804 35.053712
    -83.054757 35.053717
    -83.054664 35.053662
    -83.054617 35.053661
    -83.054532 35.053606
    -83.05449 35.053579
    -83.054383 35.053552
    -83.054283 35.053497
    -83.054136 35.053437
    -83.054069 35.053442
    -83.054 35.053415
    -83.053915 35.053382
    -83.053781 35.053386
    -83.053728 35.053358
    -83.053615 35.053331
    -83.053528 35.053325
    -83.0533 35.053248
    -83.053167 35.053189
    -83.053087 35.053166
    -83.053026 35.053122
    -83.05298 35.053111
    -83.052786 35.052975
    -83.052559 35.052832
    -83.052512 35.052831
    -83.052378 35.052781
    -83.052312 35.052782
    -83.052058 35.05271
    -83.051991 35.052673
    -83.05179 35.052618
    -83.051543 35.052457
    -83.051341 35.052292
    -83.051276 35.052239
    -83.051022 35.051986
    -83.051009 35.051941
    -83.050882 35.051815
    -83.050875 35.05177
    -83.050741 35.051628
    -83.050447 35.05138
    -83.050247 35.051294
    -83.050174 35.051243
    -83.050107 35.051244
    -83.050006 35.051199
    -83.049906 35.051182
    -83.049519 35.051189
    -83.049405 35.051161
    -83.049352 35.051133
    -83.049031 35.051023
    -83.048964 35.050975
    -83.048717 35.050914
    -83.04865 35.050863
    -83.048483 35.050859
    -83.048176 35.050788
    -83.048096 35.050787
    -83.047975 35.050744
    -83.047875 35.050748
    -83.047828 35.050733
    -83.047795 35.050704
    -83.047548 35.050665
    -83.047514 35.050639
    -83.047401 35.050639
    -83.047314 35.050606
    -83.047114 35.050612
    -83.047047 35.050638
    -83.046839 35.050693
    -83.046726 35.05076
    -83.046425 35.05098
    -83.046305 35.05109
    -83.046004 35.051293
    -83.045958 35.05131
    -83.045904 35.051353
    -83.045764 35.051408
    -83.04563 35.051408
    -83.045436 35.051352
    -83.045356 35.051347
    -83.045222 35.051297
    -83.045156 35.051298
    -83.045102 35.05127
    -83.044989 35.051243
    -83.044294 35.051198
    -83.043866 35.051214
    -83.043799 35.051188
    -83.043719 35.051187
    -83.043672 35.051143
    -83.043625 35.051133
    -83.043499 35.051018
    -83.043441 35.05093
    -83.043285 35.050692
    -83.042917 35.050254
    -83.042717 35.050089
    -83.04255 35.049979
    -83.042096 35.049759
    -83.042049 35.049714
    -83.041347 35.049375
    -83.041261 35.049302
    -83.041107 35.049237
    -83.040993 35.049137
    -83.040846 35.049056
    -83.040738 35.048969
    -83.040593 35.048851
    -83.040305 35.048687
    -83.040225 35.048659
    -83.040145 35.048588
    -83.039978 35.048505
    -83.039791 35.048391
    -83.039612 35.048207
    -83.039544 35.048138
    -83.03949 35.048011
    -83.03947 35.04779
    -83.039437 35.047642
    -83.039444 35.047545
    -83.03941 35.047462
    -83.039404 35.047379
    -83.039377 35.047314
    -83.039377 35.04723
    -83.03919 35.046654
    -83.03889 35.046224
    -83.038014 35.045554
    -83.037968 35.045482
    -83.037908 35.045335
    -83.037881 35.045236
    -83.037901 35.045015
    -83.037975 35.044824
    -83.038021 35.044537
    -83.038135 35.044258
    -83.038282 35.043852
    -83.038343 35.043522
    -83.038323 35.043218
    -83.038291 35.043077
    -83.038169 35.042542
    -83.038015 35.042229
    -83.037975 35.042176
    -83.037842 35.042081
    -83.037602 35.042011
    -83.036933 35.041981
    -83.03678 35.041955
    -83.036599 35.041955
    -83.036312 35.041899
    -83.036165 35.041899
    -83.035878 35.041789
    -83.035644 35.041635
    -83.035464 35.041472
    -83.035344 35.041307
    -83.035264 35.04102
    -83.035223 35.040642
    -83.035177 35.040525
    -83.03513 35.04047
    -83.035077 35.040428
    -83.034976 35.0404
    -83.034896 35.040399
    -83.034569 35.040646
    -83.034475 35.04069
    -83.034375 35.040757
    -83.034228 35.040812
    -83.034154 35.040811
    -83.034094 35.040839
    -83.033927 35.040839
    -83.033754 35.040799
    -83.03356 35.040701
    -83.033353 35.040554
    -83.033259 35.040427
    -83.033206 35.040333
    -83.033126 35.03996
    -83.033126 35.039865
    -83.033059 35.03952
    -83.032992 35.039327
    -83.032893 35.03874
    -83.032893 35.038603
    -83.032859 35.03852
    -83.032859 35.038436
    -83.032772 35.03819
    -83.032766 35.038107
    -83.032726 35.03797
    -83.032652 35.037834
    -83.032545 35.03775
    -83.032392 35.037696
    -83.032238 35.037696
    -83.032091 35.037732
    -83.031918 35.037821
    -83.031316 35.038162
    -83.031223 35.0382
    -83.030949 35.038342
    -83.030234 35.038557
    -83.02996 35.03869
    -83.029799 35.038821
    -83.029666 35.039001
    -83.029552 35.039287
    -83.029365 35.039563
    -83.029111 35.039782
    -83.028964 35.03987
    -83.028716 35.039876
    -83.028616 35.039864
    -83.028463 35.039811
    -83.028362 35.039814
    -83.028289 35.039782
    -83.028222 35.039783
    -83.028175 35.039754
    -83.028055 35.039761
    -83.027841 35.039699
    -83.027688 35.039688
    -83.027587 35.039645
    -83.027488 35.039644
    -83.027327 35.039595
    -83.02726 35.039589
    -83.027073 35.039541
    -83.026986 35.03954
    -83.02696 35.039528
    -83.026853 35.039479
    -83.026786 35.03948
    -83.026652 35.039431
    -83.026586 35.039425
    -83.026452 35.03938
    -83.026332 35.039375
    -83.026111 35.039374
    -83.025991 35.039342
    -83.025944 35.039314
    -83.025891 35.039315
    -83.02567 35.039222
    -83.025584 35.03916
    -83.025203 35.038846
    -83.025143 35.038764
    -83.024842 35.038539
    -83.024775 35.038522
    -83.024742 35.038496
    -83.024689 35.038496
    -83.024582 35.038435
    -83.024515 35.038434
    -83.024448 35.038397
    -83.024348 35.03838
    -83.024248 35.038326
    -83.024114 35.038303
    -83.024081 35.038274
    -83.02398 35.038254
    -83.0239 35.038214
    -83.023847 35.038215
    -83.023733 35.038165
    -83.02368 35.038159
    -83.023566 35.038105
    -83.0235 35.038111
    -83.023399 35.038056
    -83.023066 35.037946
    -83.022999 35.037941
    -83.022878 35.037884
    -83.022778 35.037875
    -83.022664 35.037813
    -83.022611 35.037814
    -83.022498 35.03778
    -83.022431 35.037736
    -83.022331 35.03772
    -83.022231 35.037665
    -83.022077 35.03762
    -83.022043 35.037609
    -83.021815 35.03752
    -83.021602 35.0374
    -83.021374 35.037334
    -83.021207 35.037257
    -83.020573 35.037065
    -83.020506 35.037064
    -83.020359 35.037003
    -83.020272 35.037005
    -83.020159 35.036966
    -83.019972 35.036949
    -83.019866 35.036924
    -83.019731 35.036894
    -83.019517 35.0369
    -83.01935 35.036867
    -83.018929 35.036856
    -83.018322 35.036958
    -83.018221 35.03701
    -83.018074 35.037003
    -83.018048 35.03692
    -83.018155 35.036706
    -83.018155 35.036553
    -83.018055 35.036273
    -83.017948 35.036139
    -83.017661 35.035941
    -83.017554 35.035893
    -83.017394 35.035766
    -83.0173 35.035661
    -83.017227 35.035552
    -83.0172 35.035415
    -83.017147 35.035283
    -83.016993 35.035101
    -83.016647 35.034946
    -83.016193 35.03481
    -83.016126 35.034804
    -83.015959 35.034755
    -83.015892 35.034754
    -83.015759 35.034695
    -83.015678 35.034699
    -83.015478 35.034646
    -83.015452 35.034612
    -83.015244 35.034573
    -83.015178 35.034536
    -83.015124 35.03453
    -83.015057 35.034486
    -83.014756 35.034419
    -83.01469 35.034382
    -83.014557 35.034348
    -83.014456 35.034304
    -83.014389 35.034287
    -83.014374 35.034277
    -83.014156 35.034138
    -83.014049 35.034007
    -83.014009 35.033913
    -83.013975 35.033886
    -83.013855 35.033656
    -83.013822 35.033623
    -83.013508 35.032974
    -83.013475 35.032946
    -83.013208 35.032501
    -83.013175 35.032423
    -83.013141 35.032385
    -83.013112 35.032363
    -83.012921 35.03221
    -83.012674 35.032056
    -83.00879 35.027953
    -83.008789 35.027947
    -83.008788 35.027941
    -83.008788 35.027937
    -83.00879 35.027928
    -83.008792 35.027922
    -83.008796 35.027915
    -83.008798 35.027911
    -83.0088 35.027907
    -83.0088 35.027902
    -83.0088 35.027898
    -83.008799 35.027895
    -83.008789 35.027869
    -83.008788 35.027861
    -83.008789 35.027856
    -83.008795 35.027839
    -83.008694 35.027656
    -83.008597 35.027547
    -83.008639 35.027536
    -83.012546 35.026542
    -83.018598 35.025084
    -83.018656 35.025067
    -83.021343 35.024322
    -83.037654 35.019846
    -83.045913 35.017613
    -83.045953 35.017603
    -83.052674 35.015788
    -83.055648 35.014792
    -83.055689 35.014778
    -83.056189 35.014645
    -83.056543 35.01455
    -83.063751 35.012638
    -83.063975 35.012579
    -83.076887 35.009147
    -83.093755 35.004745
    -83.093819 35.004726
    -83.096476 35.003933
    -83.108305 35.000663
    -83.10855 35.00066
    -83.108606 35.000659
    -83.108614 35.000659
    -83.108646 35.000688
    -83.108663 35.000708
    -83.10872 35.000775
    -83.108843 35.000957
    -83.109011 35.001207
    -83.109066 35.001304
    -83.109201 35.001568
    -83.109385 35.001968
    -83.10941 35.002035
    -83.109427 35.002068
    -83.109451 35.002136
    -83.109511 35.002269
    -83.109601 35.002429
    -83.10965 35.002487
    -83.109719 35.002618
    -83.10975 35.00272
    -83.109743 35.002791
    -83.109727 35.00286
    -83.109673 35.002957
    -83.109631 35.003019
    -83.109606 35.003048
    -83.109564 35.00311
    -83.109322 35.003362
    -83.109046 35.003638
    -83.109027 35.003669
    -83.108978 35.003727
    -83.10892 35.003822
    -83.108814 35.004015
    -83.108742 35.004183
    -83.108697 35.004313
    -83.108668 35.004414
    -83.108663 35.00443
    -83.108667 35.004588
    -83.10868 35.004658
    -83.108684 35.004728
    -83.108692 35.004763
    -83.108703 35.004868
    -83.108706 35.004975
    -83.108705 35.005435
    -83.108711 35.00547
    -83.108713 35.005531
    -83.108713 35.005636
    -83.108719 35.005671
    -83.108711 35.005739
    -83.108716 35.005843
    -83.10871 35.005983
    -83.10867 35.006225
    -83.108666 35.006294
    -83.10864 35.006432
    -83.108635 35.006501
    -83.108628 35.006535
    -83.108609 35.006813
    -83.108612 35.006918
    -83.10862 35.006988
    -83.108619 35.007022
    -83.108639 35.007092
    -83.108656 35.007124
    -83.108681 35.007191
    -83.108779 35.007384
    -83.108834 35.007556
    -83.108843 35.007697
    -83.108819 35.007801
    -83.108762 35.007973
    -83.108745 35.008043
    -83.10873 35.008148
    -83.108725 35.008289
    -83.108709 35.008322
    -83.108706 35.008391
    -83.108692 35.008425
    -83.108678 35.008528
    -83.10867 35.00863
    -83.108659 35.008698
    -83.10866 35.008767
    -83.108647 35.0088
    -83.108649 35.008835
    -83.108636 35.008938
    -83.108624 35.008972
    -83.108589 35.009179
    -83.108576 35.009283
    -83.108576 35.009353
    -83.108571 35.009388
    -83.108577 35.009492
    -83.108589 35.009527
    -83.108636 35.009624
    -83.108709 35.009712
    -83.10877 35.009764
    -83.108843 35.0098
    -83.108922 35.009831
    -83.109169 35.009905
    -83.10942 35.009967
    -83.109885 35.010057
    -83.10997 35.010068
    -83.110054 35.010087
    -83.110258 35.010153
    -83.110377 35.010198
    -83.110451 35.010234
    -83.110607 35.010298
    -83.110824 35.010416
    -83.110929 35.01048
    -83.110962 35.010504
    -83.111034 35.010544
    -83.1112 35.010661
    -83.111451 35.010859
    -83.111629 35.011015
    -83.111794 35.01118
    -83.11187 35.011267
    -83.111891 35.011298
    -83.111943 35.011355
    -83.112026 35.011481
    -83.112127 35.011677
    -83.112168 35.011777
    -83.112187 35.011846
    -83.112201 35.011879
    -83.112315 35.012331
    -83.112345 35.012435
    -83.112382 35.012536
    -83.112398 35.012568
    -83.11242 35.012636
    -83.11245 35.012701
    -83.112465 35.012754
    -83.11251 35.012892
    -83.112529 35.012968
    -83.112576 35.013106
    -83.112634 35.013198
    -83.112717 35.013276
    -83.112784 35.013319
    -83.112898 35.013369
    -83.112977 35.013394
    -83.113017 35.013395
    -83.113053 35.013416
    -83.113093 35.013417
    -83.113131 35.013433
    -83.113172 35.013443
    -83.113212 35.013444
    -83.113249 35.013464
    -83.113329 35.013474
    -83.113367 35.01349
    -83.113409 35.013491
    -83.113448 35.013506
    -83.113488 35.013513
    -83.113531 35.01351
    -83.113571 35.013523
    -83.113612 35.013524
    -83.113696 35.013535
    -83.113739 35.013529
    -83.113824 35.013538
    -83.11404 35.01353
    -83.114127 35.013518
    -83.114212 35.0135
    -83.114255 35.013495
    -83.11434 35.013476
    -83.1145 35.013424
    -83.11465 35.013349
    -83.114785 35.013259
    -83.115068 35.013041
    -83.115133 35.012995
    -83.115192 35.012942
    -83.115344 35.012819
    -83.115381 35.012801
    -83.115439 35.012749
    -83.115534 35.012679
    -83.115843 35.012483
    -83.115949 35.01242
    -83.11631 35.012218
    -83.116371 35.012168
    -83.116601 35.012011
    -83.11681 35.011835
    -83.116938 35.01174
    -83.116974 35.01172
    -83.117057 35.011698
    -83.117144 35.011689
    -83.117232 35.011695
    -83.117354 35.011728
    -83.117394 35.011742
    -83.117468 35.011781
    -83.117543 35.011813
    -83.117885 35.012034
    -83.117984 35.012104
    -83.118044 35.012153
    -83.118219 35.012279
    -83.118251 35.012293
    -83.118377 35.012398
    -83.118518 35.012496
    -83.11858 35.01255
    -83.118613 35.012574
    -83.118865 35.012797
    -83.118996 35.012893
    -83.119206 35.013087
    -83.119238 35.013111
    -83.11941 35.013283
    -83.11952 35.013404
    -83.119612 35.013486
    -83.119717 35.013559
    -83.119874 35.01364
    -83.120047 35.013697
    -83.120182 35.013723
    -83.120414 35.013748
    -83.120694 35.013761
    -83.120831 35.013778
    -83.12092 35.013795
    -83.121004 35.013825
    -83.121048 35.013835
    -83.12138 35.013958
    -83.121543 35.014025
    -83.121586 35.014038
    -83.121669 35.014071
    -83.121712 35.014081
    -83.121794 35.014113
    -83.121882 35.014136
    -83.122048 35.014196
    -83.122134 35.014222
    -83.122509 35.014362
    -83.122551 35.014374
    -83.122633 35.014408
    -83.122676 35.014419
    -83.122756 35.014455
    -83.123084 35.014584
    -83.123169 35.01461
    -83.12333 35.014683
    -83.123618 35.014803
    -83.123698 35.01484
    -83.12404 35.014958
    -83.124348 35.015047
    -83.124528 35.015089
    -83.124796 35.015157
    -83.125011 35.015229
    -83.125393 35.015366
    -83.125655 35.015437
    -83.126119 35.015604
    -83.126159 35.015634
    -83.126371 35.015795
    -83.126349 35.015892
    -83.126316 35.015972
    -83.126219 35.01626
    -83.126213 35.016277
    -83.126134 35.016494
    -83.125996 35.016998
    -83.12572 35.017862
    -83.125642 35.018041
    -83.125614 35.018278
    -83.12563 35.018679
    -83.125706 35.019105
    -83.125735 35.01932
    -83.125817 35.019473
    -83.125982 35.019655
    -83.126265 35.019883
    -83.126639 35.02027
    -83.126903 35.020641
    -83.126971 35.020802
    -83.126997 35.02093
    -83.126995 35.02105
    -83.12696 35.021257
    -83.126893 35.021514
    -83.126771 35.021847
    -83.126672 35.022047
    -83.126552 35.022303
    -83.126479 35.022492
    -83.126434 35.022684
    -83.126424 35.022924
    -83.12646 35.023168
    -83.126557 35.023366
    -83.12666 35.023637
    -83.126842 35.023969
    -83.126928 35.024089
    -83.127067 35.024182
    -83.127303 35.024265
    -83.127666 35.024349
    -83.128443 35.02448
    -83.128809 35.024585
    -83.129029 35.024657
    -83.129132 35.024714
    -83.129232 35.02479
    -83.129295 35.024877
    -83.129341 35.024973
    -83.12946 35.025375
    -83.129582 35.025658
    -83.129705 35.025809
    -83.129953 35.026052
    -83.130189 35.026412
    -83.130248 35.026541
    -83.130295 35.026719
    -83.130353 35.026971
    -83.130452 35.027266
    -83.130626 35.027542
    -83.130684 35.027707
    -83.130757 35.028157
    -83.130823 35.028517
    -83.130824 35.02854
    -83.130816 35.028548
    -83.131013 35.028983
    -83.131056 35.029084
    -83.131094 35.029165
    -83.131105 35.029293
    -83.131118 35.029689
    -83.131113 35.030204
    -83.131065 35.030521
    -83.131045 35.03057
    -83.131048 35.030627
    -83.131023 35.030793
    -83.131001 35.030907
    -83.13098 35.030937
    -83.130986 35.030991
    -83.130972 35.031064
    -83.130904 35.031421
    -83.132594 35.033725
    -83.13275 35.033962
    -83.130801 35.037022
    -83.129675 35.037913
    -83.129214 35.038443
    -83.128871 35.038836
    -83.128698 35.039355
    -83.128928 35.039875
    -83.128986 35.040442
    -83.128986 35.041151
    -83.129332 35.041528
    -83.130025 35.041528
    -83.134078 35.038505
    -83.134785 35.038299
    -83.135302 35.03815
    -83.136518 35.039297
    -83.137055 35.039803
    -83.137094 35.03984
    -83.137201 35.03994
    -83.137242 35.039979
    -83.138266 35.040946
    -83.139776 35.042179
    -83.139615 35.04406
    -83.140621 35.044855
    -83.142298 35.045436
    -83.147837 35.052694
    -83.148008 35.053885
    -83.150653 35.054541
    -83.155299 35.056317
    -83.155768 35.056496
    -83.15651 35.056618
    -83.15944 35.057094
    -83.159497 35.057103
    -83.159758 35.057145
    -83.16049 35.057264
    -83.160491 35.057265
    -83.160499 35.057249
    -83.160526 35.057219
    -83.16063 35.057151
    -83.160642 35.057143
    -83.161447 35.056908
    -83.161901 35.056792
    -83.16198 35.056782
    -83.162028 35.056781
    -83.162064 35.05679
    -83.162118 35.056816
    -83.162242 35.056886
    -83.162347 35.056934
    -83.162508 35.056975
    -83.162622 35.056978
    -83.16274 35.056976
    -83.162849 35.056963
    -83.162908 35.056947
    -83.163014 35.056906
    -83.163073 35.056872
    -83.163245 35.05676
    -83.163349 35.056701
    -83.163391 35.056681
    -83.163441 35.056664
    -83.163519 35.056645
    -83.163582 35.056629
    -83.163782 35.056592
    -83.163743 35.056627
    -83.163737 35.056645
    -83.163739 35.056672
    -83.163762 35.056708
    -83.163792 35.056734
    -83.163838 35.056766
    -83.164079 35.056902
    -83.164698 35.05728
    -83.164845 35.057375
    -83.164989 35.057483
    -83.165135 35.057611
    -83.165199 35.057656
    -83.1653 35.057707
    -83.165345 35.057723
    -83.165412 35.05774
    -83.165817 35.057796
    -83.16603 35.057839
    -83.166085 35.057857
    -83.166347 35.057987
    -83.16665 35.058101
    -83.166827 35.058191
    -83.16688 35.058213
    -83.166954 35.058229
    -83.167022 35.058233
    -83.167235 35.058221
    -83.167285 35.058225
    -83.167344 35.058237
    -83.167409 35.058259
    -83.167561 35.05833
    -83.167695 35.05838
    -83.167775 35.058416
    -83.167853 35.058471
    -83.167899 35.058482
    -83.170199 35.060059
    -83.170536 35.06025
    -83.171353 35.060707
    -83.169728 35.061283
    -83.169258 35.061866
    -83.169323 35.062236
    -83.169325 35.062251
    -83.169326 35.062259
    -83.169378 35.062587
    -83.169387 35.062647
    -83.169625 35.064116
    -83.16963 35.064129
    -83.169657 35.064327
    -83.169673 35.064433
    -83.170328 35.064778
    -83.171463 35.065092
    -83.171475 35.065154
    -83.171619 35.065968
    -83.171735 35.066633
    -83.171883 35.067492
    -83.171889 35.067525
    -83.17189 35.067526
    -83.171899 35.067576
    -83.17199 35.0681
    -83.17214 35.06896
    -83.171702 35.069406
    -83.171641 35.06944
    -83.171612 35.069461
    -83.171424 35.069714
    -83.170982 35.069831
    -83.170708 35.069653
    -83.170361 35.069726
    -83.170249 35.06975
    -83.170053 35.069791
    -83.169466 35.069914
    -83.169271 35.069956
    -83.169085 35.069995
    -83.16853 35.070113
    -83.168345 35.070153
    -83.168241 35.070179
    -83.168115 35.070201
    -83.167529 35.07012
    -83.167528 35.070119
    -83.167415 35.07011
    -83.167414 35.07011
    -83.167329 35.070102
    -83.167328 35.070102
    -83.167325 35.070101
    -83.167278 35.070098
    -83.167192 35.070103
    -83.167181 35.070103
    -83.167181 35.070104
    -83.167145 35.070105
    -83.167143 35.070106
    -83.167142 35.070106
    -83.167093 35.070109
    -83.167042 35.070122
    -83.167015 35.070127
    -83.167009 35.070129
    -83.167003 35.07013
    -83.166972 35.070138
    -83.166853 35.070178
    -83.1668 35.070204
    -83.166797 35.070206
    -83.166791 35.070208
    -83.166752 35.07023
    -83.166655 35.070301
    -83.166651 35.070303
    -83.166038 35.070604
    -83.165944 35.070653
    -83.165425 35.070924
    -83.165162 35.071061
    -83.164997 35.071147
    -83.164837 35.07123
    -83.164608 35.071349
    -83.164048 35.072462
    -83.163853 35.072587
    -83.163837 35.072584
    -83.163798 35.072588
    -83.16377 35.072603
    -83.163752 35.072624
    -83.163742 35.072658
    -83.163742 35.072735
    -83.163688 35.072818
    -83.163649 35.072846
    -83.163612 35.072872
    -83.163535 35.07293
    -83.163417 35.072992
    -83.163286 35.073062
    -83.163199 35.073121
    -83.163114 35.073201
    -83.163016 35.073379
    -83.162792 35.073475
    -83.162729 35.073506
    -83.162677 35.073544
    -83.162614 35.073569
    -83.162372 35.073622
    -83.162343 35.073635
    -83.162315 35.073653
    -83.162142 35.073797
    -83.162048 35.073865
    -83.161921 35.073932
    -83.161786 35.073991
    -83.161667 35.074034
    -83.161652 35.074038
    -83.161524 35.07407
    -83.161524 35.074071
    -83.161501 35.074078
    -83.161364 35.074115
    -83.16117 35.074185
    -83.161102 35.074218
    -83.160996 35.074269
    -83.160932 35.07431
    -83.160859 35.074368
    -83.160799 35.074432
    -83.160788 35.074449
    -83.160766 35.074483
    -83.160725 35.074569
    -83.160619 35.074811
    -83.160501 35.075083
    -83.160307 35.075652
    -83.160123 35.076176
    -83.160122 35.07618
    -83.159926 35.076765
    -83.159639 35.077602
    -83.15937 35.077844
    -83.159301 35.077906
    -83.158974 35.078202
    -83.158854 35.07831
    -83.158434 35.078521
    -83.158139 35.078669
    -83.158133 35.078672
    -83.157592 35.078946
    -83.157111 35.078942
    -83.156286 35.078926
    -83.155809 35.078931
    -83.155803 35.078929
    -83.155327 35.078928
    -83.154791 35.078928
    -83.154487 35.078928
    -83.154316 35.078742
    -83.154299 35.078737
    -83.154281 35.078732
    -83.153354 35.078484
    -83.151739 35.078422
    -83.149855 35.07934
    -83.148209 35.079204
    -83.146289 35.078527
    -83.144903 35.078645
    -83.144752 35.078658
    -83.144709 35.078666
    -83.143442 35.078777
    -83.143661 35.079868
    -83.143871 35.080902
    -83.144151 35.081939
    -83.144207 35.08215
    -83.144504 35.08322
    -83.144508 35.083232
    -83.144426 35.083434
    -83.144544 35.083688
    -83.144549 35.083697
    -83.144616 35.083834
    -83.145025 35.084682
    -83.145026 35.084686
    -83.145214 35.085077
    -83.145323 35.085231
    -83.145331 35.085243
    -83.145647 35.085692
    -83.146672 35.086188
    -83.146682 35.086194
    -83.146903 35.086296
    -83.146856 35.086588
    -83.146856 35.086593
    -83.14671 35.087417
    -83.147433 35.088484
    -83.14772 35.090431
    -83.147614 35.090984
    -83.147612 35.090989
    -83.147487 35.091632
    -83.147456 35.091775
    -83.147421 35.091961
    -83.14737 35.092398
    -83.147342 35.092647
    -83.147532 35.093201
    -83.1477 35.093371
    -83.148693 35.094378
    -83.149128 35.094673
    -83.149203 35.094723
    -83.149264 35.094764
    -83.149309 35.094794
    -83.151957 35.095189
    -83.152035 35.095347
    -83.152063 35.095388
    -83.151966 35.095802
    -83.15196 35.09583
    -83.1518 35.095959
    -83.151789 35.095968
    -83.151785 35.096063
    -83.151736 35.097102
    -83.152278 35.097841
    -83.15228 35.097842
    -83.152388 35.097917
    -83.1524 35.097926
    -83.152744 35.098167
    -83.152884 35.098265
    -83.153388 35.098327
    -83.154182 35.098451
    -83.154687 35.098518
    -83.154693 35.098518
    -83.155255 35.098594
    -83.155302 35.098618
    -83.155314 35.098624
    -83.1557 35.098819
    -83.158788 35.098101
    -83.160954 35.098415
    -83.160965 35.098428
    -83.163885 35.101785
    -83.165686 35.10339
    -83.165929 35.103607
    -83.166035 35.103701
    -83.166977 35.105045
    -83.16782 35.105292
    -83.169095 35.105666
    -83.171041 35.105144
    -83.173036 35.107008
    -83.175179 35.108147
    -83.177915 35.109807
    -83.178152 35.113885
    -83.178196 35.11406
    -83.178841 35.116565
    -83.181723 35.117619
    -83.183125 35.119367
    -83.182766 35.120613
    -83.182886 35.122815
    -83.182901 35.123288
    -83.182956 35.125093
    -83.18313 35.125431
    -83.183255 35.125906
    -83.183301 35.126325
    -83.183348 35.126841
    -83.183665 35.127072
    -83.183963 35.127295
    -83.184532 35.127354
    -83.18532 35.127588
    -83.18566 35.127996
    -83.185938 35.128235
    -83.185975 35.128711
    -83.186005 35.129341
    -83.186063 35.130057
    -83.186078 35.130236
    -83.186158 35.131584
    -83.186397 35.132445
    -83.186525 35.133082
    -83.186786 35.13345
    -83.186966 35.13365
    -83.187262 35.133776
    -83.187522 35.13408
    -83.188036 35.134374
    -83.188403 35.134628
    -83.188882 35.135172
    -83.189489 35.13511
    -83.190139 35.13528
    -83.19072 35.135493
    -83.190929 35.135636
    -83.191286 35.135883
    -83.191427 35.136124
    -83.191475 35.136306
    -83.191605 35.1368
    -83.192083 35.137312
    -83.192313 35.138149
    -83.192655 35.13867
    -83.19331 35.139172
    -83.193582 35.139597
    -83.193883 35.140006
    -83.194399 35.140396
    -83.194915 35.140778
    -83.195783 35.141132
    -83.196566 35.141293
    -83.196797 35.14134
    -83.197447 35.14214
    -83.197874 35.142467
    -83.198428 35.142776
    -83.198986 35.143311
    -83.199414 35.143686
    -83.2001 35.144292
    -83.200478 35.144595
    -83.200701 35.145037
    -83.200963 35.145454
    -83.201348 35.145643
    -83.201811 35.145752
    -83.20241 35.145802
    -83.203224 35.14585
    -83.203832 35.145843
    -83.20402 35.145979
    -83.204364 35.146581
    -83.204633 35.146877
    -83.205072 35.147341
    -83.205579 35.147739
    -83.205966 35.148042
    -83.206305 35.148369
    -83.206459 35.148755
    -83.206455 35.149111
    -83.206493 35.149619
    -83.206909 35.149889
    -83.207411 35.150013
    -83.20813 35.150175
    -83.208894 35.150175
    -83.209476 35.150378
    -83.209788 35.150835
    -83.2099 35.151109
    -83.210089 35.151882
    -83.21009 35.152479
    -83.21004 35.152733
    -83.2099 35.15345
    -83.209903 35.154084
    -83.209903 35.154086
    -83.209893 35.154251
    -83.209903 35.154261
    -83.209975 35.15455
    -83.209976 35.154552
    -83.210177 35.154749
    -83.210369 35.154936
    -83.210438 35.154999
    -83.211005 35.155518
    -83.211365 35.155935
    -83.21187 35.156858
    -83.212469 35.157572
    -83.212936 35.15793
    -83.213263 35.158228
    -83.213463 35.15841
    -83.21449 35.158213
    -83.215157 35.158254
    -83.215803 35.158183
    -83.216654 35.158069
    -83.21706 35.158307
    -83.217377 35.158489
    -83.217616 35.15868
    -83.218021 35.158854
    -83.218902 35.15878
    -83.219511 35.158838
    -83.220404 35.158877
    -83.221236 35.158779
    -83.221919 35.158546
    -83.222483 35.158257
    -83.223191 35.157741
    -83.223705 35.157437
    -83.223527 35.157923
    -83.223326 35.158813
    -83.223164 35.159646
    -83.2232 35.160066
    -83.223422 35.160451
    -83.223682 35.160747
    -83.223647 35.160965
    -83.223548 35.161483
    -83.223514 35.161847
    -83.223705 35.162111
    -83.223544 35.1625
    -83.223395 35.162954
    -83.22348 35.163373
    -83.223587 35.16388
    -83.223644 35.164364
    -83.223734 35.165058
    -83.223488 35.165601
    -83.22335 35.166144
    -83.22315 35.166493
    -83.222841 35.166787
    -83.222839 35.167255
    -83.222935 35.16769
    -83.222932 35.168094
    -83.222941 35.168444
    -83.222802 35.16881
    -83.222594 35.169026
    -83.222579 35.169292
    -83.222693 35.169655
    -83.222897 35.170122
    -83.223161 35.170619
    -83.223343 35.171123
    -83.22348 35.171507
    -83.223481 35.171509
    -83.223511 35.171588
    -83.223694 35.172091
    -83.223895 35.172929
    -83.224135 35.173806
    -83.224174 35.174379
    -83.224252 35.174927
    -83.224189 35.175283
    -83.224261 35.175825
    -83.224279 35.17596
    -83.224548 35.176216
    -83.224897 35.176527
    -83.225358 35.177119
    -83.225294 35.177427
    -83.224944 35.178173
    -83.224462 35.178655
    -83.224164 35.179635
    -83.224026 35.180177
    -83.223872 35.180897
    -83.223984 35.181171
    -83.224198 35.181661
    -83.224156 35.182041
    -83.224095 35.182534
    -83.223909 35.183101
    -83.223813 35.183861
    -83.223774 35.184031
    -83.223723 35.18425
    -83.223951 35.18495
    -83.224002 35.1851
    -83.224095 35.185368
    -83.224187 35.186174
    -83.224303 35.186641
    -83.224422 35.187342
    -83.224434 35.188045
    -83.224336 35.188619
    -83.224064 35.189365
    -83.223884 35.18973
    -83.223776 35.190345
    -83.223871 35.190731
    -83.223839 35.191175
    -83.223271 35.191803
    -83.223185 35.191932
    -83.222874 35.192394
    -83.222802 35.192503
    -83.222592 35.19286
    -83.221754 35.193192
    -83.221129 35.193329
    -83.219862 35.193278
    -83.21897 35.193295
    -83.218587 35.193316
    -83.218483 35.193591
    -83.218502 35.194148
    -83.218466 35.194891
    -83.2184 35.195659
    -83.218589 35.195794
    -83.218995 35.196032
    -83.219128 35.196346
    -83.219228 35.197063
    -83.219186 35.197188
    -83.219186 35.197189
    -83.219147 35.197516
    -83.218566 35.197942
    -83.217944 35.19828
    -83.217668 35.198799
    -83.217592 35.199511
    -83.217591 35.200084
    -83.217792 35.200356
    -83.218187 35.200481
    -83.218798 35.200676
    -83.219204 35.200882
    -83.219486 35.201331
    -83.219269 35.201858
    -83.219169 35.202336
    -83.219119 35.202821
    -83.219188 35.203458
    -83.21929 35.204248
    -83.219365 35.2052
    -83.219344 35.206314
    -83.219012 35.206963
    -83.218526 35.207267
    -83.217738 35.207671
    -83.217176 35.208089
    -83.216564 35.208435
    -83.21617 35.208956
    -83.21616 35.209553
    -83.216319 35.210214
    -83.21636 35.21094
    -83.216242 35.212661
    -83.216281 35.213258
    -83.216631 35.213625
    -83.217019 35.213944
    -83.217637 35.214535
    -83.217885 35.215243
    -83.218006 35.216073
    -83.218212 35.216645
    -83.218333 35.217427
    -83.218195 35.218526
    -83.218319 35.21951
    -83.218344 35.220422
    -83.218464 35.221123
    -83.218249 35.221747
    -83.217392 35.222176
    -83.216742 35.222595
    -83.216513 35.222993
    -83.21671 35.223629
    -83.217002 35.22407
    -83.217406 35.224768
    -83.21767 35.225257
    -83.218296 35.225719
    -83.218783 35.226117
    -83.219087 35.226663
    -83.219292 35.227218
    -83.219823 35.227842
    -83.22034 35.228124
    -83.220635 35.228285
    -83.221382 35.228931
    -83.221749 35.229225
    -83.221583 35.229824
    -83.221444 35.230901
    -83.22175 35.231575
    -83.221831 35.231965
    -83.221921 35.232422
    -83.222191 35.233032
    -83.222194 35.233036
    -83.222247 35.233159
    -83.222681 35.233737
    -83.22301 35.234
    -83.223235 35.234571
    -83.223295 35.2352
    -83.22334 35.236167
    -83.223295 35.236991
    -83.223502 35.237643
    -83.223695 35.238012
    -83.224033 35.238316
    -83.224191 35.238474
    -83.224532 35.238812
    -83.224956 35.238904
    -83.22625 35.238769
    -83.226838 35.238763
    -83.227655 35.238891
    -83.228444 35.239109
    -83.229262 35.239302
    -83.230011 35.239455
    -83.230399 35.239798
    -83.230746 35.23998
    -83.231323 35.239837
    -83.231705 35.2398
    -83.232032 35.240006
    -83.232724 35.240273
    -83.233176 35.240285
    -83.233505 35.240023
    -83.234003 35.239856
    -83.234404 35.239755
    -83.235063 35.239844
    -83.235447 35.239953
    -83.235707 35.240241
    -83.235951 35.240109
    -83.236527 35.23995
    -83.237427 35.239762
    -83.238277 35.239355
    -83.238299 35.239345
    -83.23846 35.239269
    -83.239381 35.239216
    -83.240586 35.239114
    -83.241146 35.239116
    -83.242148 35.239162
    -83.242869 35.239139
END
END
