37091 Hertford County
1
    -77.042158 36.239931
    -77.048756 36.240075
    -77.063965 36.240407
    -77.064017 36.240408
    -77.06704 36.240475
    -77.068787 36.240514
    -77.08289 36.240823
    -77.090905 36.240999
    -77.090972 36.241
    -77.091041 36.241002
    -77.091042 36.241002
    -77.091369 36.241008
    -77.092353 36.241029
    -77.092683 36.241037
    -77.096415 36.241118
    -77.10484 36.241303
    -77.104917 36.241305
    -77.107698 36.241366
    -77.115503 36.241536
    -77.115603 36.241539
    -77.115605 36.241539
    -77.116041 36.241548
    -77.11735 36.241577
    -77.117698 36.241585
    -77.117786 36.241586
    -77.117788 36.241586
    -77.12193 36.241653
    -77.124684 36.241698
    -77.134359 36.241847
    -77.138503 36.241912
    -77.140385 36.241953
    -77.146034 36.242076
    -77.147917 36.242118
    -77.14931 36.242147
    -77.153489 36.242238
    -77.154855 36.242269
    -77.154883 36.242272
    -77.154886 36.242272
    -77.155698 36.242324
    -77.158144 36.242481
    -77.158961 36.242535
    -77.170338 36.242702
    -77.176505 36.24269
    -77.176815 36.242688
    -77.183194 36.242692
    -77.183337 36.242715
    -77.183348 36.242717
    -77.185262 36.243023
    -77.191009 36.243944
    -77.192926 36.244251
    -77.195995 36.244754
    -77.205204 36.246265
    -77.208245 36.246765
    -77.208273 36.246771
    -77.208289 36.246774
    -77.208377 36.246791
    -77.208686 36.246854
    -77.20879 36.246875
    -77.206736 36.251085
    -77.199136 36.26775
    -77.19913 36.267764
    -77.199094 36.267842
    -77.197288 36.271803
    -77.192781 36.281686
    -77.191329 36.28487
    -77.190491 36.286633
    -77.190476 36.286666
    -77.190464 36.286692
    -77.190436 36.286826
    -77.190308 36.287182
    -77.187185 36.295792
    -77.185472 36.299697
    -77.180871 36.31077
    -77.179238 36.31556
    -77.178851 36.316695
    -77.178694 36.317157
    -77.178679 36.317194
    -77.175684 36.324592
    -77.174565 36.327358
    -77.171291 36.335451
    -77.170896 36.336644
    -77.171005 36.336658
    -77.171095 36.33677
    -77.17082 36.336878
    -77.170814 36.336894
    -77.167794 36.344784
    -77.167778 36.344827
    -77.164832 36.352562
    -77.164285 36.353998
    -77.164228 36.354148
    -77.164123 36.354175
    -77.16023 36.363905
    -77.159483 36.365771
    -77.158558 36.367923
    -77.153544 36.381025
    -77.15354 36.381035
    -77.151747 36.38553
    -77.150806 36.388025
    -77.145176 36.403221
    -77.144661 36.404598
    -77.143663 36.407271
    -77.143419 36.407923
    -77.143345 36.408121
    -77.140498 36.415742
    -77.138505 36.420708
    -77.134793 36.429961
    -77.133286 36.433717
    -77.133216 36.43389
    -77.132259 36.436278
    -77.131454 36.437782
    -77.131429 36.437826
    -77.131421 36.437859
    -77.131272 36.438459
    -77.131412 36.440885
    -77.131468 36.441595
    -77.132826 36.443747
    -77.135091 36.446038
    -77.136223 36.44748
    -77.136421 36.447961
    -77.13656 36.451027
    -77.136843 36.451965
    -77.136956 36.452675
    -77.136983 36.454323
    -77.137125 36.454666
    -77.137124 36.455604
    -77.136812 36.456177
    -77.136387 36.456451
    -77.135735 36.456703
    -77.135083 36.457183
    -77.133666 36.457777
    -77.133212 36.458166
    -77.1329 36.458647
    -77.132759 36.459128
    -77.132729 36.460432
    -77.132417 36.46073
    -77.131114 36.461507
    -77.130263 36.462217
    -77.129724 36.462811
    -77.129072 36.463338
    -77.128958 36.463389
    -77.128956 36.46339
    -77.12791 36.463863
    -77.126691 36.464069
    -77.126266 36.464252
    -77.125529 36.465121
    -77.125217 36.465808
    -77.125017 36.467318
    -77.124687 36.467317
    -77.123653 36.468986
    -77.123512 36.469833
    -77.123343 36.470314
    -77.122805 36.47123
    -77.121757 36.472032
    -77.121361 36.472261
    -77.120823 36.472833
    -77.120172 36.473726
    -77.119577 36.474139
    -77.118783 36.474047
    -77.117735 36.473773
    -77.117253 36.473728
    -77.114929 36.473981
    -77.114476 36.474256
    -77.114108 36.474851
    -77.113513 36.475423
    -77.113032 36.476225
    -77.112743 36.476824
    -77.112381 36.477576
    -77.112098 36.477827
    -77.111418 36.477828
    -77.110907 36.477576
    -77.109887 36.476776
    -77.109546 36.476638
    -77.108753 36.476456
    -77.108157 36.476181
    -77.107619 36.476021
    -77.106967 36.476113
    -77.106514 36.476365
    -77.105522 36.476411
    -77.105295 36.476571
    -77.104984 36.477144
    -77.104049 36.477533
    -77.103299 36.477496
    -77.103142 36.477488
    -77.102093 36.477305
    -77.101385 36.477397
    -77.101015 36.477695
    -77.100789 36.478061
    -77.100592 36.478656
    -77.100394 36.478954
    -77.099826 36.479275
    -77.099344 36.479252
    -77.098862 36.479092
    -77.098579 36.478886
    -77.098579 36.478794
    -77.09855 36.478611
    -77.098748 36.478428
    -77.098805 36.47813
    -77.098521 36.477833
    -77.097926 36.477673
    -77.097671 36.477353
    -77.096792 36.476987
    -77.096622 36.476849
    -77.096565 36.476414
    -77.096197 36.476277
    -77.096055 36.476117
    -77.096055 36.475911
    -77.096225 36.475751
    -77.096225 36.475522
    -77.095686 36.475064
    -77.095487 36.474629
    -77.09543 36.474011
    -77.09526 36.473806
    -77.094807 36.473531
    -77.094155 36.473531
    -77.093673 36.473257
    -77.093418 36.472639
    -77.093078 36.472707
    -77.092596 36.472685
    -77.092256 36.472342
    -77.092227 36.472181
    -77.091887 36.471884
    -77.091547 36.471907
    -77.090924 36.472205
    -77.089989 36.472983
    -77.089535 36.473555
    -77.08911 36.473807
    -77.088459 36.473945
    -77.088034 36.473945
    -77.087495 36.473808
    -77.087155 36.473876
    -77.086503 36.47454
    -77.086249 36.474998
    -77.085937 36.475342
    -77.085739 36.475479
    -77.085143 36.475571
    -77.084775 36.475296
    -77.084548 36.474678
    -77.084434 36.474037
    -77.084293 36.473671
    -77.084264 36.473305
    -77.084151 36.473213
    -77.084122 36.472985
    -77.084066 36.472733
    -77.083782 36.472504
    -77.083187 36.472481
    -77.08245 36.473099
    -77.081346 36.474679
    -77.081232 36.47516
    -77.081232 36.475549
    -77.081374 36.4758
    -77.081998 36.476189
    -77.082196 36.476212
    -77.08282 36.476647
    -77.082792 36.476876
    -77.082565 36.477036
    -77.081573 36.476785
    -77.080978 36.476853
    -77.080298 36.478479
    -77.079845 36.478891
    -77.078995 36.478914
    -77.078399 36.4788
    -77.078059 36.478891
    -77.077011 36.480471
    -77.076671 36.480677
    -77.076387 36.480677
    -77.076246 36.480562
    -77.076274 36.479876
    -77.076075 36.479395
    -77.07582 36.479052
    -77.07531 36.478663
    -77.074573 36.478251
    -77.07412 36.478274
    -77.073978 36.478388
    -77.074006 36.478686
    -77.074828 36.479556
    -77.075084 36.480265
    -77.075027 36.480952
    -77.074914 36.481135
    -77.074687 36.481272
    -77.07395 36.481066
    -77.072476 36.479785
    -77.071767 36.47951
    -77.070832 36.479556
    -77.070464 36.479831
    -77.070237 36.480197
    -77.070152 36.480609
    -77.070152 36.48109
    -77.070549 36.481982
    -77.070861 36.482349
    -77.071059 36.482806
    -77.07089 36.483493
    -77.070663 36.483699
    -77.070464 36.483768
    -77.069699 36.483745
    -77.068622 36.483333
    -77.067998 36.482944
    -77.067261 36.482692
    -77.066723 36.482715
    -77.066383 36.482967
    -77.066269 36.483196
    -77.066383 36.483768
    -77.066638 36.483974
    -77.06729 36.484295
    -77.067488 36.484546
    -77.067545 36.485073
    -77.067375 36.485393
    -77.06627 36.486629
    -77.0661 36.486996
    -77.066185 36.487385
    -77.066355 36.487591
    -77.066752 36.487591
    -77.067744 36.487224
    -77.068141 36.487179
    -77.068538 36.487293
    -77.068793 36.487545
    -77.06885 36.488186
    -77.068736 36.488369
    -77.068765 36.488666
    -77.069105 36.489078
    -77.069105 36.489513
    -77.068991 36.489696
    -77.068198 36.4902
    -77.067971 36.490932
    -77.067121 36.491642
    -77.066979 36.491963
    -77.066979 36.492558
    -77.067291 36.492855
    -77.068709 36.493748
    -77.069021 36.493839
    -77.069162 36.494
    -77.069389 36.494114
    -77.069786 36.494595
    -77.069701 36.494915
    -77.069531 36.495144
    -77.069219 36.495258
    -77.068 36.495167
    -77.067717 36.495213
    -77.067348 36.49551
    -77.067292 36.495671
    -77.066413 36.496541
    -77.0663 36.496998
    -77.06664 36.497227
    -77.067689 36.49725
    -77.068341 36.497433
    -77.068908 36.497776
    -77.069446 36.498371
    -77.069645 36.498738
    -77.069872 36.498921
    -77.070212 36.498898
    -77.070467 36.498623
    -77.070524 36.498028
    -77.070722 36.497753
    -77.071091 36.497524
    -77.071516 36.497547
    -77.072225 36.497867
    -77.07282 36.498348
    -77.07299 36.4986
    -77.073075 36.499081
    -77.073245 36.499332
    -77.073614 36.499561
    -77.073954 36.499515
    -77.074153 36.499332
    -77.074323 36.498966
    -77.074719 36.498645
    -77.075003 36.498279
    -77.07506 36.498004
    -77.074861 36.497684
    -77.074209 36.497226
    -77.073982 36.49686
    -77.074265 36.496471
    -77.075172 36.496059
    -77.076391 36.496036
    -77.07676 36.496127
    -77.077299 36.496493
    -77.077355 36.496745
    -77.07744 36.496814
    -77.077497 36.497478
    -77.077724 36.497615
    -77.078234 36.497569
    -77.078433 36.497065
    -77.07934 36.49647
    -77.079822 36.496447
    -77.080219 36.496584
    -77.080842 36.497088
    -77.081211 36.497523
    -77.08192 36.498118
    -77.083763 36.498918
    -77.084897 36.499628
    -77.085771 36.500152
    -77.085771 36.500564
    -77.084496 36.500575
    -77.084184 36.500751
    -77.084156 36.501552
    -77.084411 36.502788
    -77.084723 36.503291
    -77.085205 36.504024
    -77.085347 36.504481
    -77.085376 36.505168
    -77.085234 36.505397
    -77.084809 36.505649
    -77.084299 36.505649
    -77.083675 36.505374
    -77.083335 36.505466
    -77.082739 36.505878
    -77.081719 36.506313
    -77.081152 36.50684
    -77.08101 36.507092
    -77.080897 36.507641
    -77.081039 36.508053
    -77.081351 36.508236
    -77.081748 36.508144
    -77.082173 36.507801
    -77.082598 36.507343
    -77.083165 36.50732
    -77.083279 36.507457
    -77.083222 36.507755
    -77.082825 36.508602
    -77.082429 36.509907
    -77.082429 36.511257
    -77.082543 36.511738
    -77.083166 36.51231
    -77.08328 36.512607
    -77.083167 36.512745
    -77.083138 36.51318
    -77.083422 36.513317
    -77.084471 36.5135
    -77.08484 36.513775
    -77.084897 36.514026
    -77.08518 36.514209
    -77.085407 36.514209
    -77.086031 36.514026
    -77.086626 36.513637
    -77.087136 36.513728
    -77.087563 36.514094
    -77.08796 36.51485
    -77.087932 36.514941
    -77.088414 36.515445
    -77.088499 36.515605
    -77.089577 36.516589
    -77.090144 36.516955
    -77.091619 36.517641
    -77.092555 36.518236
    -77.092867 36.518351
    -77.093718 36.51819
    -77.094256 36.517961
    -77.095418 36.516725
    -77.095645 36.51661
    -77.095985 36.516587
    -77.096269 36.516679
    -77.096524 36.516885
    -77.097177 36.517136
    -77.098764 36.517136
    -77.099445 36.517433
    -77.099757 36.517799
    -77.099842 36.518097
    -77.100467 36.518783
    -77.101006 36.519309
    -77.101942 36.519973
    -77.102679 36.520842
    -77.10336 36.521071
    -77.103615 36.521002
    -77.103672 36.52043
    -77.103501 36.519995
    -77.103331 36.518851
    -77.10265 36.518073
    -77.102593 36.517867
    -77.102592 36.517226
    -77.103046 36.516951
    -77.105201 36.516767
    -77.107157 36.516744
    -77.108036 36.516789
    -77.109029 36.516972
    -77.112915 36.518206
    -77.114077 36.518366
    -77.114531 36.518549
    -77.114985 36.519235
    -77.115071 36.519785
    -77.114107 36.520655
    -77.113994 36.520907
    -77.113966 36.521387
    -77.114306 36.521776
    -77.115186 36.522119
    -77.115696 36.522142
    -77.117199 36.521981
    -77.117539 36.522164
    -77.118107 36.522873
    -77.118674 36.523193
    -77.119242 36.523193
    -77.120007 36.522895
    -77.121056 36.52278
    -77.121396 36.522597
    -77.121651 36.521819
    -77.12165 36.521201
    -77.121537 36.520995
    -77.120856 36.520217
    -77.120827 36.519622
    -77.12111 36.519347
    -77.121677 36.519278
    -77.121848 36.519369
    -77.122046 36.519621
    -77.122104 36.520376
    -77.122416 36.520582
    -77.122898 36.520582
    -77.123663 36.520078
    -77.124687 36.519919
    -77.125511 36.519829
    -77.125823 36.519646
    -77.126164 36.519051
    -77.126249 36.518662
    -77.12659 36.518251
    -77.126874 36.518205
    -77.127327 36.518251
    -77.128092 36.518915
    -77.128121 36.519144
    -77.128517 36.519762
    -77.129764 36.521182
    -77.131324 36.52235
    -77.131749 36.522556
    -77.133847 36.523129
    -77.135349 36.523656
    -77.137022 36.524046
    -77.139347 36.524322
    -77.14187 36.524345
    -77.143912 36.524208
    -77.144394 36.52446
    -77.144791 36.524941
    -77.145216 36.525124
    -77.14618 36.525239
    -77.148789 36.525125
    -77.149016 36.525171
    -77.148988 36.5254
    -77.14859 36.525949
    -77.148562 36.526636
    -77.149072 36.527117
    -77.149951 36.527621
    -77.150101 36.527679
    -77.150113 36.527684
    -77.151368 36.528171
    -77.152247 36.528743
    -77.152587 36.529475
    -77.15253 36.529864
    -77.15236 36.530185
    -77.151991 36.530389
    -77.151169 36.530275
    -77.150687 36.530366
    -77.150545 36.530458
    -77.15046 36.530687
    -77.150743 36.531808
    -77.150742 36.533365
    -77.150175 36.533639
    -77.149125 36.533753
    -77.148728 36.533982
    -77.148615 36.534165
    -77.148643 36.534348
    -77.149182 36.534898
    -77.149266 36.535516
    -77.149209 36.536179
    -77.149266 36.53634
    -77.149748 36.536752
    -77.15074 36.53721
    -77.151846 36.537416
    -77.152811 36.537485
    -77.153123 36.537668
    -77.153378 36.538058
    -77.153321 36.538515
    -77.153236 36.538675
    -77.15298 36.538744
    -77.152498 36.538652
    -77.151874 36.53824
    -77.151421 36.538423
    -77.151108 36.538812
    -77.151052 36.539911
    -77.150882 36.540414
    -77.150995 36.540575
    -77.151222 36.540666
    -77.151648 36.540529
    -77.151903 36.540071
    -77.152244 36.53982
    -77.152726 36.539751
    -77.153265 36.539957
    -77.153803 36.540553
    -77.15403 36.54101
    -77.154455 36.541285
    -77.154796 36.541331
    -77.155391 36.541194
    -77.156072 36.540622
    -77.156044 36.540507
    -77.156583 36.540027
    -77.157207 36.539935
    -77.157774 36.54021
    -77.158143 36.54076
    -77.158142 36.541767
    -77.157688 36.542362
    -77.157688 36.542751
    -77.157887 36.54298
    -77.158114 36.543026
    -77.158653 36.542934
    -77.159135 36.542637
    -77.159646 36.542065
    -77.160071 36.541882
    -77.160411 36.541927
    -77.160837 36.542225
    -77.161262 36.542706
    -77.161631 36.543278
    -77.161999 36.543553
    -77.163786 36.544218
    -77.16407 36.544493
    -77.164183 36.544882
    -77.164098 36.545202
    -77.164268 36.546048
    -77.1645 36.54633
    -77.159408 36.545361
    -77.152661 36.544078
    -77.143982 36.544048
    -77.1388 36.544031
    -77.136267 36.544022
    -77.12867 36.543998
    -77.126138 36.54399
    -77.125872 36.543989
    -77.125077 36.543986
    -77.124812 36.543986
    -77.124787 36.543987
    -77.124711 36.543989
    -77.124687 36.543991
    -77.124687 36.544005
    -77.124687 36.544051
    -77.124687 36.544066
    -77.124452 36.544074
    -77.123747 36.544099
    -77.123513 36.544108
    -77.123382 36.544107
    -77.12299 36.544107
    -77.12286 36.544107
    -77.120258 36.544165
    -77.112456 36.544341
    -77.109855 36.5444
    -77.10849 36.54443
    -77.104397 36.544523
    -77.103033 36.544554
    -77.101438 36.544577
    -77.098908 36.544614
    -77.096656 36.544621
    -77.095062 36.544626
    -77.091458 36.544616
    -77.080649 36.544587
    -77.077046 36.544578
    -77.075487 36.544577
    -77.070812 36.544574
    -77.069254 36.544574
    -77.060873 36.544504
    -77.049734 36.544413
    -77.03573 36.544359
    -77.034644 36.544355
    -77.027349 36.544327
    -77.026262 36.544323
    -77.023001 36.544311
    -77.021914 36.544307
    -77.019788 36.544298
    -77.013412 36.544274
    -77.011287 36.544266
    -77.010466 36.544263
    -77.008003 36.544256
    -77.007182 36.544254
    -77.006558 36.544246
    -77.004686 36.544223
    -77.004108 36.544217
    -77.004063 36.544216
    -77.001441 36.54413
    -76.999685 36.544074
    -76.993574 36.544059
    -76.990952 36.544053
    -76.986638 36.544042
    -76.973698 36.54401
    -76.969385 36.544
    -76.969029 36.543998
    -76.967962 36.543992
    -76.967607 36.543991
    -76.967463 36.543983
    -76.967031 36.543959
    -76.966887 36.543951
    -76.966171 36.543976
    -76.964023 36.544055
    -76.963308 36.544081
    -76.958449 36.544055
    -76.943873 36.543978
    -76.939015 36.543953
    -76.922733 36.543879
    -76.922691 36.543879
    -76.921605 36.543873
    -76.921424 36.543872
    -76.921244 36.543871
    -76.921231 36.54387
    -76.920491 36.543868
    -76.920111 36.543865
    -76.919738 36.543864
    -76.919464 36.543863
    -76.919113 36.543853
    -76.91724 36.543801
    -76.916792 36.543789
    -76.916616 36.543795
    -76.916445 36.543801
    -76.916001 36.543818
    -76.921637 36.53787
    -76.921446 36.537178
    -76.920174 36.534683
    -76.91992 36.533572
    -76.919909 36.532823
    -76.920227 36.532397
    -76.920745 36.532161
    -76.921365 36.532153
    -76.922827 36.532376
    -76.923446 36.532351
    -76.924312 36.532091
    -76.924759 36.53152
    -76.924926 36.530761
    -76.924635 36.52999
    -76.92275 36.528914
    -76.921296 36.529012
    -76.920438 36.529335
    -76.919393 36.529812
    -76.918528 36.530441
    -76.918009 36.5307
    -76.917223 36.530878
    -76.916566 36.53079
    -76.915957 36.530606
    -76.915717 36.530219
    -76.915377 36.529552
    -76.914668 36.528763
    -76.914099 36.528233
    -76.913431 36.527879
    -76.912544 36.527711
    -76.911687 36.527447
    -76.91064 36.527142
    -76.910311 36.526973
    -76.904741 36.522277
    -76.903772 36.521022
    -76.903251 36.519758
    -76.903121 36.5193
    -76.90321 36.518816
    -76.903646 36.517898
    -76.905328 36.517018
    -76.905696 36.516663
    -76.906153 36.516091
    -76.90654 36.515309
    -76.906618 36.514753
    -76.906405 36.512627
    -76.90661 36.510614
    -76.906698 36.509945
    -76.907254 36.508882
    -76.909986 36.505778
    -76.911927 36.504543
    -76.912714 36.504308
    -76.913499 36.504244
    -76.914406 36.504323
    -76.915921 36.50482
    -76.917247 36.505318
    -76.918154 36.505462
    -76.918881 36.505372
    -76.919737 36.504904
    -76.920214 36.504436
    -76.920561 36.503872
    -76.920828 36.50309
    -76.920977 36.502454
    -76.921105 36.501785
    -76.921193 36.501165
    -76.921343 36.500155
    -76.921355 36.499038
    -76.921578 36.497893
    -76.922012 36.496288
    -76.922413 36.495651
    -76.922684 36.495127
    -76.92329 36.492772
    -76.923582 36.491893
    -76.924667 36.489474
    -76.925198 36.488677
    -76.92597 36.487798
    -76.926771 36.486993
    -76.927891 36.48618
    -76.92901 36.485666
    -76.930189 36.485385
    -76.931777 36.485186
    -76.933175 36.485084
    -76.934244 36.484755
    -76.935045 36.483917
    -76.935687 36.482748
    -76.935919 36.481967
    -76.936121 36.48108
    -76.936213 36.480337
    -76.935935 36.479538
    -76.935717 36.478658
    -76.935646 36.478344
    -76.935569 36.478004
    -76.934844 36.476898
    -76.934188 36.475743
    -76.933354 36.474079
    -76.933357 36.473208
    -76.933739 36.472272
    -76.9343 36.47137
    -76.935229 36.470968
    -76.936617 36.470647
    -76.938323 36.470973
    -76.946495 36.472205
    -76.947682 36.472239
    -76.94907 36.472064
    -76.94988 36.471605
    -76.95056 36.470856
    -76.950552 36.470049
    -76.950384 36.469621
    -76.949647 36.46895
    -76.947954 36.4676
    -76.947256 36.467147
    -76.94682 36.465968
    -76.946822 36.464726
    -76.947134 36.463701
    -76.948643 36.459201
    -76.949066 36.457483
    -76.948871 36.455724
    -76.948407 36.453811
    -76.946927 36.451097
    -76.946364 36.449152
    -76.945158 36.441081
    -76.945425 36.438096
    -76.946676 36.432466
    -76.946593 36.431075
    -76.946275 36.425679
    -76.946857 36.420387
    -76.947256 36.41649
    -76.947239 36.41549
    -76.946416 36.413883
    -76.944866 36.411524
    -76.941852 36.408429
    -76.935902 36.403804
    -76.934177 36.402648
    -76.93294 36.401819
    -76.931821 36.40107
    -76.929031 36.399816
    -76.924412 36.39774
    -76.919091 36.395801
    -76.910797 36.392082
    -76.909489 36.391505
    -76.906167 36.390039
    -76.905747 36.389971
    -76.903945 36.38968
    -76.897054 36.390198
    -76.895408 36.390397
    -76.894143 36.390192
    -76.892758 36.38981
    -76.888708 36.387228
    -76.887428 36.386157
    -76.886947 36.385755
    -76.884781 36.383943
    -76.88248 36.382717
    -76.881047 36.382571
    -76.879711 36.382568
    -76.878105 36.382832
    -76.87664 36.382889
    -76.875442 36.38301
    -76.874679 36.383158
    -76.873553 36.383106
    -76.872945 36.382992
    -76.87188 36.382634
    -76.870238 36.382202
    -76.867739 36.38143
    -76.866256 36.380885
    -76.864206 36.380081
    -76.861648 36.379098
    -76.860592 36.378862
    -76.859209 36.378277
    -76.857847 36.377644
    -76.856255 36.376905
    -76.854613 36.376417
    -76.85317 36.3758
    -76.851846 36.375417
    -76.849764 36.375154
    -76.84886 36.375021
    -76.848184 36.374913
    -76.847139 36.3749
    -76.845178 36.374906
    -76.844191 36.37491
    -76.842489 36.374878
    -76.841226 36.374702
    -76.840132 36.374543
    -76.83888 36.374271
    -76.837767 36.374015
    -76.836397 36.373436
    -76.83466 36.372814
    -76.833498 36.372421
    -76.832607 36.371877
    -76.831466 36.37125
    -76.830316 36.370575
    -76.829158 36.369786
    -76.827663 36.368771
    -76.826428 36.367651
    -76.825413 36.36642
    -76.824563 36.365633
    -76.823672 36.365016
    -76.822879 36.3646
    -76.821886 36.364313
    -76.820764 36.364017
    -76.812507 36.363281
    -76.809652 36.363008
    -76.807862 36.362733
    -76.804762 36.361999
    -76.801741 36.36133
    -76.79881 36.360669
    -76.795132 36.359948
    -76.794503 36.359915
    -76.794017 36.359891
    -76.793908 36.359885
    -76.791709 36.359849
    -76.790144 36.359994
    -76.789315 36.360401
    -76.788662 36.361002
    -76.787439 36.36194
    -76.785573 36.362535
    -76.783578 36.362879
    -76.781867 36.362813
    -76.77967 36.362462
    -76.778161 36.361954
    -76.776752 36.361374
    -76.775555 36.360609
    -76.774447 36.359837
    -76.773075 36.35849
    -76.770489 36.35587
    -76.769175 36.354855
    -76.768165 36.35426
    -76.765992 36.353386
    -76.764859 36.353186
    -76.763726 36.352986
    -76.762861 36.352877
    -76.762156 36.352687
    -76.761304 36.352271
    -76.76076 36.351937
    -76.760038 36.351393
    -76.759386 36.350873
    -76.758142 36.349688
    -76.757129 36.34844
    -76.755927 36.347046
    -76.755594 36.34652
    -76.754758 36.345337
    -76.753825 36.344033
    -76.75202 36.342208
    -76.750729 36.34091
    -76.750253 36.340569
    -76.749674 36.340243
    -76.742308 36.332524
    -76.740983 36.331163
    -76.740006 36.329924
    -76.739177 36.328864
    -76.738498 36.327603
    -76.73776 36.326357
    -76.737079 36.325483
    -76.736446 36.324891
    -76.735248 36.324039
    -76.734267 36.32343
    -76.732731 36.322608
    -76.730619 36.321445
    -76.729103 36.320608
    -76.727765 36.319739
    -76.72638 36.318692
    -76.725115 36.317452
    -76.723849 36.316236
    -76.722447 36.314625
    -76.720937 36.312867
    -76.718299 36.310153
    -76.715414 36.307268
    -76.714731 36.306733
    -76.713543 36.305808
    -76.71282 36.305328
    -76.711583 36.304451
    -76.710266 36.303711
    -76.709037 36.30306
    -76.707034 36.302236
    -76.705359 36.301535
    -76.703623 36.300914
    -76.702541 36.300602
    -76.701112 36.300273
    -76.699922 36.29984
    -76.698882 36.299181
    -76.698071 36.298516
    -76.697598 36.297893
    -76.696977 36.297123
    -76.696601 36.296211
    -76.696488 36.295935
    -76.696325 36.295007
    -76.696176 36.293409
    -76.696029 36.291528
    -76.695752 36.28972
    -76.695397 36.287726
    -76.694971 36.285901
    -76.694621 36.284689
    -76.694598 36.284616
    -76.693978 36.282661
    -76.693292 36.281262
    -76.692792 36.280122
    -76.692369 36.279427
    -76.6918 36.278432
    -76.691043 36.277121
    -76.690386 36.275763
    -76.689917 36.274462
    -76.68948 36.272967
    -76.689338 36.271821
    -76.689376 36.270692
    -76.689462 36.269651
    -76.689786 36.268767
    -76.690392 36.267269
    -76.690884 36.266392
    -76.691666 36.265339
    -76.692698 36.264118
    -76.69385 36.262663
    -76.694973 36.261119
    -76.696286 36.259246
    -76.697 36.257975
    -76.698387 36.255521
    -76.699802 36.253477
    -76.700031 36.253149
    -76.701464 36.251332
    -76.702384 36.250156
    -76.703868 36.24855
    -76.704977 36.246483
    -76.706104 36.24448
    -76.706556 36.243869
    -76.709862 36.243859
    -76.719781 36.243828
    -76.723088 36.243819
    -76.723169 36.243818
    -76.723411 36.243818
    -76.723493 36.243818
    -76.724696 36.243818
    -76.728305 36.243821
    -76.729509 36.243822
    -76.72987 36.243819
    -76.730954 36.243812
    -76.731316 36.243811
    -76.73233 36.243805
    -76.735374 36.243787
    -76.736389 36.243782
    -76.740815 36.243787
    -76.749672 36.243799
    -76.754095 36.243761
    -76.758312 36.243725
    -76.758519 36.243723
    -76.758522 36.243723
    -76.76024 36.243708
    -76.765393 36.243663
    -76.767108 36.24365
    -76.767112 36.24365
    -76.767129 36.24365
    -76.769181 36.243632
    -76.775387 36.24358
    -76.777458 36.243563
    -76.780381 36.24355
    -76.78915 36.24351
    -76.792074 36.243498
    -76.792655 36.243495
    -76.794401 36.243487
    -76.794983 36.243485
    -76.795117 36.243478
    -76.795475 36.243463
    -76.795519 36.243462
    -76.795654 36.243462
    -76.795662 36.243462
    -76.798761 36.243452
    -76.808084 36.243422
    -76.811192 36.243413
    -76.81487 36.243386
    -76.825904 36.243305
    -76.829479 36.243279
    -76.829583 36.243279
    -76.829597 36.243279
    -76.831214 36.243275
    -76.836107 36.243264
    -76.837693 36.243261
    -76.837733 36.24326
    -76.837738 36.24326
    -76.838579 36.243245
    -76.841105 36.243202
    -76.841947 36.243189
    -76.844889 36.243173
    -76.853715 36.243124
    -76.856658 36.243109
    -76.860753 36.243131
    -76.863998 36.243149
    -76.872273 36.243068
    -76.873037 36.242991
    -76.874676 36.242826
    -76.877125 36.242849
    -76.878331 36.24286
    -76.88195 36.242896
    -76.883157 36.242909
    -76.885016 36.242927
    -76.890594 36.242981
    -76.892454 36.243
    -76.893978 36.243015
    -76.89855 36.24306
    -76.899949 36.243074
    -76.900074 36.243069
    -76.901104 36.243027
    -76.903456 36.242932
    -76.904191 36.242852
    -76.905217 36.242741
    -76.907255 36.242519
    -76.91337 36.241857
    -76.915303 36.241648
    -76.915409 36.241635
    -76.919267 36.241152
    -76.928146 36.240043
    -76.930855 36.240268
    -76.934731 36.240591
    -76.943944 36.241359
    -76.943971 36.241361
    -76.948106 36.24087
    -76.950945 36.240547
    -76.959485 36.239579
    -76.962332 36.239256
    -76.964125 36.239052
    -76.969505 36.238442
    -76.971299 36.238239
    -76.971302 36.238238
    -76.971343 36.238234
    -76.97245 36.238499
    -76.9759 36.239328
    -76.977051 36.239605
    -76.977769 36.23981
    -76.979925 36.240425
    -76.980644 36.24063
    -76.981676 36.240924
    -76.984771 36.241807
    -76.98577 36.242092
    -76.985805 36.242087
    -76.999688 36.240248
    -77.008765 36.239395
    -77.008875 36.239398
    -77.014433 36.239487
    -77.017851 36.239541
    -77.028105 36.239706
    -77.031313 36.239758
    -77.031523 36.239764
    -77.031531 36.239764
    -77.033055 36.239801
    -77.037651 36.239915
    -77.039183 36.239954
    -77.039777 36.239949
    -77.041563 36.239935
    -77.042158 36.239931
END
END
