37097 Iredell County
1
    -80.757239 35.616265
    -80.75635 35.612637
    -80.756263 35.612282
    -80.756246 35.612212
    -80.756081 35.611536
    -80.755586 35.609508
    -80.755421 35.608832
    -80.755361 35.608589
    -80.755182 35.607863
    -80.755123 35.607621
    -80.754991 35.607083
    -80.754596 35.60547
    -80.754465 35.604933
    -80.754325 35.60436
    -80.753905 35.602641
    -80.753766 35.602068
    -80.752708 35.597761
    -80.752473 35.596806
    -80.752106 35.595305
    -80.751005 35.590802
    -80.750639 35.589301
    -80.750115 35.587136
    -80.749793 35.585805
    -80.748548 35.580641
    -80.748027 35.578477
    -80.747527 35.576418
    -80.746425 35.571874
    -80.746424 35.57187
    -80.746028 35.570241
    -80.745982 35.570052
    -80.745744 35.569067
    -80.745734 35.569026
    -80.745544 35.568179
    -80.745546 35.568171
    -80.745554 35.56815
    -80.745557 35.568143
    -80.745448 35.56778
    -80.745122 35.566694
    -80.745014 35.566332
    -80.744086 35.562638
    -80.743676 35.560176
    -80.743586 35.559636
    -80.742315 35.554974
    -80.742133 35.554669
    -80.742183 35.553983
    -80.742205 35.553637
    -80.741977 35.5528
    -80.739924 35.544491
    -80.739927 35.54442
    -80.739939 35.544209
    -80.739944 35.544139
    -80.739955 35.54395
    -80.740084 35.543699
    -80.74047 35.542877
    -80.740838 35.542283
    -80.741026 35.541704
    -80.741057 35.541424
    -80.741014 35.541189
    -80.740868 35.540385
    -80.740841 35.540231
    -80.740768 35.539704
    -80.740777 35.53936
    -80.740826 35.539095
    -80.741057 35.537528
    -80.741048 35.537009
    -80.740886 35.536318
    -80.740671 35.535719
    -80.740427 35.535142
    -80.740321 35.534105
    -80.740029 35.532303
    -80.739908 35.531977
    -80.739728 35.531595
    -80.739525 35.531261
    -80.739123 35.530756
    -80.738825 35.530311
    -80.738607 35.529798
    -80.738366 35.529103
    -80.738293 35.528924
    -80.738029 35.528269
    -80.737695 35.527474
    -80.737101 35.525552
    -80.737025 35.525305
    -80.737025 35.52512
    -80.737239 35.524907
    -80.737284 35.524785
    -80.73716 35.523053
    -80.736964 35.520306
    -80.73675 35.517597
    -80.736705 35.51691
    -80.736625 35.516575
    -80.736552 35.516269
    -80.736369 35.515567
    -80.736308 35.515285
    -80.736415 35.514453
    -80.736445 35.514255
    -80.736522 35.51382
    -80.736659 35.513286
    -80.736679 35.513155
    -80.73672 35.512889
    -80.736796 35.512462
    -80.736979 35.511966
    -80.737254 35.511135
    -80.737498 35.510067
    -80.737574 35.509616
    -80.737574 35.5093
    -80.737574 35.509006
    -80.737605 35.508396
    -80.73762 35.507976
    -80.737545 35.507958
    -80.73743 35.507877
    -80.737405 35.507859
    -80.737217 35.507711
    -80.737104 35.507537
    -80.737036 35.507377
    -80.737036 35.507375
    -80.737069 35.507163
    -80.737226 35.506715
    -80.737203 35.506356
    -80.737262 35.506159
    -80.737277 35.505991
    -80.737289 35.505633
    -80.742395 35.50565
    -80.742735 35.505651
    -80.746975 35.50567
    -80.747318 35.505664
    -80.752168 35.505686
    -80.754604 35.505697
    -80.754654 35.505697
    -80.75615 35.505704
    -80.760435 35.505724
    -80.76336 35.505737
    -80.764136 35.505741
    -80.766463 35.505763
    -80.766858 35.505767
    -80.768082 35.505764
    -80.768185 35.505765
    -80.768287 35.505764
    -80.774936 35.505791
    -80.781589 35.505828
    -80.784339 35.50584
    -80.787859 35.507093
    -80.794448 35.507089
    -80.796479 35.507088
    -80.796654 35.507087
    -80.801108 35.507087
    -80.801273 35.507098
    -80.810306 35.507753
    -80.811604 35.507848
    -80.812213 35.507892
    -80.815224 35.508111
    -80.820287 35.508479
    -80.823886 35.508741
    -80.833505 35.50944
    -80.833925 35.509471
    -80.834488 35.509512
    -80.839292 35.509861
    -80.839817 35.5099
    -80.840494 35.50995
    -80.841369 35.510014
    -80.84531 35.510301
    -80.845847 35.51034
    -80.852924 35.510855
    -80.85559 35.511049
    -80.855793 35.511064
    -80.859163 35.511309
    -80.86022 35.511386
    -80.861298 35.511475
    -80.861955 35.511529
    -80.862102 35.511541
    -80.865196 35.511767
    -80.865526 35.51179
    -80.86565 35.511799
    -80.865882 35.511816
    -80.866037 35.511828
    -80.874382 35.512469
    -80.874796 35.512501
    -80.890046 35.513651
    -80.890672 35.513697
    -80.906062 35.514826
    -80.909825 35.515103
    -80.910066 35.514926
    -80.910319 35.514739
    -80.918208 35.508928
    -80.930146 35.500135
    -80.936339 35.495573
    -80.940497 35.492511
    -80.94703 35.487699
    -80.94713 35.488174
    -80.947259 35.488593
    -80.947339 35.489045
    -80.947538 35.489593
    -80.947519 35.489883
    -80.947658 35.490415
    -80.947714 35.490524
    -80.947807 35.490705
    -80.947985 35.491027
    -80.948182 35.491357
    -80.948547 35.491751
    -80.949097 35.492182
    -80.949316 35.492354
    -80.949798 35.492579
    -80.950712 35.492835
    -80.951333 35.492979
    -80.951705 35.493066
    -80.952915 35.493354
    -80.953918 35.493618
    -80.955078 35.493856
    -80.955198 35.49389
    -80.956091 35.494144
    -80.956966 35.494416
    -80.957616 35.494697
    -80.958609 35.495017
    -80.959603 35.495595
    -80.959975 35.495873
    -80.960529 35.496286
    -80.961229 35.496938
    -80.961526 35.497461
    -80.961892 35.498234
    -80.96215 35.498774
    -80.963484 35.500134
    -80.963922 35.504121
    -80.964079 35.506108
    -80.963128 35.507174
    -80.961634 35.508851
    -80.958758 35.511602
    -80.957051 35.513235
    -80.956459 35.513801
    -80.954922 35.516505
    -80.955703 35.518335
    -80.955984 35.518993
    -80.956922 35.521514
    -80.95753 35.52582
    -80.957564 35.526059
    -80.957399 35.526649
    -80.956015 35.531594
    -80.955456 35.532504
    -80.955351 35.532676
    -80.9537 35.532753
    -80.953001 35.532083
    -80.951152 35.53051
    -80.948478 35.528639
    -80.946298 35.527204
    -80.944567 35.526843
    -80.94304 35.526852
    -80.941467 35.528276
    -80.941951 35.530901
    -80.944042 35.53382
    -80.944747 35.534573
    -80.945181 35.535037
    -80.947492 35.537506
    -80.953005 35.541315
    -80.954087 35.541875
    -80.954379 35.542026
    -80.958028 35.543914
    -80.958291 35.54423
    -80.959739 35.545964
    -80.959959 35.546227
    -80.960029 35.54781
    -80.960034 35.547912
    -80.959954 35.548
    -80.959039 35.548996
    -80.957175 35.550691
    -80.955478 35.552082
    -80.953824 35.552867
    -80.953405 35.554453
    -80.954529 35.558816
    -80.956776 35.56754
    -80.956685 35.569731
    -80.95602 35.571635
    -80.95468 35.57547
    -80.950197 35.581494
    -80.945559 35.584992
    -80.94312 35.585983
    -80.938119 35.587292
    -80.937333 35.58778
    -80.936642 35.588208
    -80.936623 35.58822
    -80.936612 35.588227
    -80.936606 35.58823
    -80.936601 35.588233
    -80.936571 35.588252
    -80.936511 35.58829
    -80.934394 35.589604
    -80.933817 35.590438
    -80.933478 35.590928
    -80.932732 35.592006
    -80.93293 35.593959
    -80.933458 35.59591
    -80.934689 35.597722
    -80.935925 35.598254
    -80.940065 35.600999
    -80.940152 35.601057
    -80.940207 35.601094
    -80.942095 35.60361
    -80.942436 35.605132
    -80.942447 35.605179
    -80.942541 35.605596
    -80.941952 35.608193
    -80.940662 35.610424
    -80.937388 35.613138
    -80.934906 35.614096
    -80.932053 35.614921
    -80.929407 35.615812
    -80.927378 35.617036
    -80.925515 35.618023
    -80.924019 35.620087
    -80.924002 35.620363
    -80.923974 35.620862
    -80.924548 35.621735
    -80.92566 35.62247
    -80.92572 35.622531
    -80.926474 35.622966
    -80.92712 35.623339
    -80.928408 35.624083
    -80.93023 35.625135
    -80.932919 35.627779
    -80.933558 35.628156
    -80.937212 35.630312
    -80.940356 35.633956
    -80.942577 35.636437
    -80.94264 35.636507
    -80.943445 35.637408
    -80.943656 35.637643
    -80.943735 35.637692
    -80.953454 35.64365
    -80.955034 35.650148
    -80.958799 35.653832
    -80.95893 35.654272
    -80.959516 35.656235
    -80.959519 35.656245
    -80.960169 35.658422
    -80.96019 35.658492
    -80.960653 35.660041
    -80.960665 35.660081
    -80.960753 35.660375
    -80.961871 35.661345
    -80.961879 35.661352
    -80.964065 35.663248
    -80.965568 35.663865
    -80.965679 35.664872
    -80.965977 35.667585
    -80.96612 35.66889
    -80.966654 35.670919
    -80.969107 35.672446
    -80.973074 35.674915
    -80.973773 35.67535
    -80.977327 35.678296
    -80.980483 35.680913
    -80.980531 35.680952
    -80.981111 35.682309
    -80.981709 35.683707
    -80.982587 35.685329
    -80.984647 35.689135
    -80.984803 35.689344
    -80.985276 35.689978
    -80.98528 35.689984
    -80.985284 35.68999
    -80.985288 35.689995
    -80.98641 35.691496
    -80.986808 35.692031
    -80.987143 35.692479
    -80.989474 35.692986
    -80.990223 35.693149
    -80.990604 35.693991
    -80.990701 35.694205
    -80.990768 35.694353
    -80.991215 35.695353
    -80.991256 35.695445
    -80.99178 35.696599
    -80.99517 35.7018
    -80.9957 35.702612
    -80.996946 35.704522
    -80.998173 35.705316
    -80.998303 35.705399
    -80.999788 35.706343
    -80.999799 35.70635
    -81.000176 35.706688
    -81.000923 35.707359
    -81.001939 35.708353
    -81.003382 35.709304
    -81.003967 35.709651
    -81.004605 35.710029
    -81.005302 35.710229
    -81.006152 35.710475
    -81.006447 35.710564
    -81.006475 35.710572
    -81.007722 35.710946
    -81.008269 35.711054
    -81.009651 35.711326
    -81.009837 35.71137
    -81.011667 35.711802
    -81.013772 35.712237
    -81.014897 35.712372
    -81.017016 35.712604
    -81.018375 35.712577
    -81.020377 35.7123
    -81.022727 35.711872
    -81.023087 35.7118
    -81.025176 35.711389
    -81.027521 35.71077
    -81.028726 35.710477
    -81.029078 35.710392
    -81.030393 35.709988
    -81.031752 35.709426
    -81.03398 35.708596
    -81.035308 35.70803
    -81.036757 35.707641
    -81.038058 35.707381
    -81.038438 35.707328
    -81.039088 35.707239
    -81.040366 35.707196
    -81.041707 35.707125
    -81.042953 35.70727
    -81.044047 35.707453
    -81.045603 35.70751
    -81.046693 35.707536
    -81.046755 35.707538
    -81.047943 35.70782
    -81.047999 35.70783
    -81.049054 35.708013
    -81.050386 35.708366
    -81.050891 35.708435
    -81.051447 35.708511
    -81.053993 35.709138
    -81.05469 35.70939
    -81.056391 35.710005
    -81.057921 35.710214
    -81.058524 35.710318
    -81.059253 35.71026
    -81.060188 35.710298
    -81.06094 35.710528
    -81.061408 35.710764
    -81.062127 35.711297
    -81.062752 35.711773
    -81.063274 35.712265
    -81.063407 35.712377
    -81.064133 35.712985
    -81.064663 35.713838
    -81.064982 35.714632
    -81.065162 35.71561
    -81.065354 35.716894
    -81.065471 35.717905
    -81.065521 35.718343
    -81.06553 35.718419
    -81.065619 35.719178
    -81.065677 35.720285
    -81.065586 35.721402
    -81.065455 35.722428
    -81.065112 35.723523
    -81.064495 35.725138
    -81.063931 35.726938
    -81.063957 35.727871
    -81.064204 35.728989
    -81.06455 35.729805
    -81.064932 35.730676
    -81.065399 35.731561
    -81.065404 35.73157
    -81.06562 35.73223
    -81.065727 35.732652
    -81.065728 35.732657
    -81.066 35.73373
    -81.066161 35.734782
    -81.066468 35.735675
    -81.066839 35.736565
    -81.067282 35.737327
    -81.067434 35.737553
    -81.067443 35.737567
    -81.067677 35.737915
    -81.068375 35.738745
    -81.069092 35.73942
    -81.069573 35.739762
    -81.070256 35.74027
    -81.071 35.740829
    -81.072031 35.741515
    -81.072819 35.741948
    -81.072852 35.741966
    -81.073014 35.742061
    -81.073029 35.74207
    -81.0739 35.742583
    -81.073913 35.74259
    -81.073918 35.742593
    -81.07393 35.7426
    -81.073945 35.742609
    -81.073996 35.742639
    -81.074333 35.742838
    -81.074701 35.74308
    -81.074713 35.743088
    -81.074803 35.743146
    -81.074892 35.743205
    -81.074912 35.743218
    -81.075434 35.743554
    -81.076362 35.744252
    -81.077527 35.745169
    -81.078584 35.746376
    -81.079219 35.747174
    -81.079835 35.74782
    -81.08038 35.748463
    -81.080766 35.748965
    -81.08127 35.749575
    -81.081725 35.750133
    -81.082609 35.750912
    -81.083196 35.751383
    -81.085778 35.752893
    -81.085949 35.752993
    -81.087524 35.754353
    -81.088854 35.755485
    -81.08929 35.755856
    -81.090421 35.75727
    -81.090435 35.757324
    -81.090442 35.757351
    -81.090489 35.757534
    -81.09073 35.758469
    -81.090431 35.759884
    -81.090366 35.760005
    -81.090363 35.760011
    -81.090314 35.760102
    -81.089418 35.761772
    -81.088992 35.762812
    -81.08888 35.763086
    -81.088679 35.763578
    -81.088639 35.764378
    -81.088945 35.765175
    -81.089467 35.765897
    -81.093478 35.768747
    -81.094288 35.768862
    -81.095394 35.768894
    -81.097166 35.768617
    -81.098015 35.768485
    -81.099424 35.768234
    -81.100487 35.768046
    -81.102127 35.768186
    -81.10337 35.769016
    -81.10404 35.769737
    -81.104527 35.770693
    -81.104626 35.770887
    -81.104716 35.771067
    -81.105102 35.771836
    -81.105806 35.77292
    -81.106174 35.773299
    -81.10771 35.77488
    -81.107889 35.775065
    -81.109416 35.776638
    -81.1074 35.777885
    -81.107251 35.777978
    -81.10704 35.778095
    -81.106834 35.778257
    -81.106697 35.778346
    -81.106569 35.778593
    -81.106482 35.778704
    -81.106399 35.778645
    -81.106409 35.778699
    -81.106331 35.779425
    -81.106223 35.780132
    -81.106126 35.780917
    -81.1061 35.781136
    -81.106069 35.781484
    -81.105954 35.781769
    -81.105823 35.781902
    -81.105573 35.782068
    -81.105215 35.782252
    -81.104768 35.782409
    -81.104381 35.782487
    -81.104001 35.782503
    -81.103059 35.782562
    -81.102811 35.782624
    -81.102559 35.782764
    -81.102386 35.782926
    -81.102009 35.783382
    -81.10166 35.783914
    -81.101491 35.78433
    -81.101421 35.784619
    -81.10141 35.784894
    -81.101433 35.786383
    -81.101431 35.7864
    -81.101356 35.786854
    -81.1013 35.78705
    -81.101214 35.787221
    -81.101135 35.787342
    -81.101117 35.787367
    -81.101036 35.787477
    -81.100936 35.787581
    -81.100745 35.787763
    -81.100443 35.788035
    -81.099028 35.789269
    -81.098147 35.790026
    -81.098099 35.790067
    -81.097822 35.790305
    -81.096541 35.791398
    -81.096279 35.791622
    -81.095724 35.79217
    -81.09539 35.792472
    -81.094742 35.793072
    -81.094254 35.793519
    -81.093888 35.793854
    -81.093699 35.794033
    -81.093484 35.794184
    -81.09326 35.79433
    -81.092246 35.794918
    -81.091713 35.795245
    -81.091354 35.795443
    -81.091157 35.795525
    -81.090949 35.795595
    -81.090237 35.795774
    -81.089593 35.795956
    -81.08882 35.796169
    -81.088004 35.796415
    -81.087419 35.796578
    -81.087326 35.796604
    -81.087069 35.796682
    -81.086955 35.796723
    -81.08679 35.796649
    -81.086731 35.796681
    -81.086623 35.79675
    -81.08643 35.796886
    -81.08617 35.797106
    -81.086141 35.79713
    -81.085752 35.797499
    -81.085512 35.797739
    -81.085504 35.797747
    -81.085252 35.79799
    -81.08503 35.79818
    -81.084758 35.798398
    -81.084134 35.798882
    -81.083483 35.799387
    -81.083426 35.799431
    -81.083111 35.799675
    -81.082374 35.80024
    -81.082232 35.800343
    -81.082117 35.800426
    -81.081745 35.800664
    -81.081683 35.800701
    -81.081603 35.800749
    -81.081159 35.801012
    -81.080761 35.801237
    -81.080538 35.801392
    -81.079792 35.80201
    -81.079415 35.80233
    -81.079107 35.802605
    -81.078943 35.802775
    -81.078846 35.802911
    -81.078778 35.803059
    -81.078728 35.803248
    -81.078697 35.803491
    -81.078658 35.803894
    -81.078644 35.804202
    -81.078647 35.804285
    -81.078652 35.804416
    -81.078696 35.804712
    -81.0788 35.805268
    -81.078916 35.805852
    -81.078959 35.8061
    -81.079035 35.806617
    -81.079218 35.807979
    -81.079267 35.808421
    -81.079275 35.808726
    -81.079265 35.808994
    -81.079231 35.809203
    -81.079148 35.809495
    -81.07904 35.809824
    -81.079003 35.809923
    -81.078935 35.810107
    -81.078806 35.810413
    -81.078771 35.810496
    -81.078411 35.811228
    -81.078367 35.811318
    -81.078201 35.811635
    -81.078093 35.811824
    -81.07805 35.8119
    -81.07781 35.812269
    -81.077777 35.812319
    -81.077703 35.812434
    -81.07768 35.812469
    -81.077647 35.81252
    -81.077505 35.812734
    -81.077274 35.813044
    -81.076562 35.813961
    -81.076518 35.814018
    -81.076119 35.814491
    -81.075857 35.814779
    -81.075682 35.814955
    -81.075482 35.815101
    -81.07529 35.815207
    -81.074405 35.815578
    -81.074266 35.815647
    -81.074214 35.815673
    -81.07363 35.815966
    -81.071854 35.816886
    -81.071189 35.817263
    -81.070919 35.817443
    -81.07062 35.81767
    -81.070318 35.817912
    -81.070174 35.818039
    -81.070125 35.818082
    -81.070057 35.818141
    -81.06983 35.818371
    -81.069682 35.81854
    -81.069564 35.818701
    -81.069517 35.818766
    -81.069137 35.819318
    -81.068832 35.819723
    -81.068692 35.819897
    -81.068616 35.819992
    -81.06827 35.820423
    -81.06727 35.82167
    -81.067011 35.821982
    -81.06661 35.82244
    -81.066403 35.822664
    -81.066149 35.822948
    -81.065941 35.823163
    -81.065896 35.823209
    -81.065352 35.823771
    -81.064891 35.824236
    -81.064816 35.824315
    -81.064742 35.824393
    -81.064603 35.824561
    -81.064455 35.824758
    -81.064122 35.825254
    -81.063265 35.826557
    -81.063086 35.826853
    -81.062947 35.827158
    -81.062757 35.82764
    -81.062556 35.828171
    -81.06249 35.828378
    -81.062426 35.828627
    -81.062384 35.828846
    -81.062334 35.829285
    -81.062324 35.829433
    -81.062302 35.829712
    -81.062269 35.829882
    -81.062229 35.83004
    -81.062162 35.830209
    -81.061842 35.830888
    -81.061686 35.831288
    -81.061109 35.83308
    -81.060992 35.833427
    -81.060917 35.833667
    -81.060766 35.83412
    -81.060556 35.834787
    -81.060508 35.834982
    -81.060483 35.835177
    -81.05213 35.844848
    -81.048299 35.849631
    -81.048116 35.84986
    -81.048045 35.849862
    -81.047497 35.850518
    -81.044773 35.853734
    -81.044621 35.853915
    -81.043748 35.854979
    -81.04358 35.855181
    -81.043441 35.855351
    -81.04165 35.857471
    -81.041347 35.857848
    -81.041276 35.857906
    -81.041194 35.857973
    -81.040829 35.859192
    -81.040684 35.859672
    -81.040379 35.860536
    -81.039861 35.861999
    -81.039567 35.862827
    -81.038644 35.865427
    -81.036306 35.871982
    -81.035959 35.87293
    -81.034727 35.876382
    -81.034668 35.876553
    -81.033691 35.879292
    -81.033461 35.879957
    -81.029948 35.889708
    -81.029892 35.889869
    -81.029849 35.889988
    -81.02984 35.890012
    -81.029789 35.890155
    -81.029272 35.891608
    -81.027204 35.897416
    -81.027108 35.897685
    -81.026352 35.899808
    -81.023781 35.907031
    -81.02372 35.907202
    -81.023431 35.908014
    -81.021983 35.912083
    -81.021734 35.912784
    -81.021692 35.912863
    -81.02103 35.914764
    -81.020836 35.9154
    -81.019594 35.918899
    -81.019266 35.919851
    -81.018505 35.921873
    -81.016278 35.927958
    -81.013952 35.934496
    -81.010818 35.943164
    -81.008788 35.948781
    -81.007754 35.951641
    -81.007281 35.95295
    -81.005381 35.958205
    -81.005364 35.959513
    -81.005327 35.962342
    -81.005 35.968185
    -81.004796 35.971541
    -81.004749 35.972304
    -81.00474 35.972431
    -81.004753 35.972862
    -81.004712 35.97287
    -81.004726 35.973243
    -81.004719 35.97335
    -81.004712 35.973459
    -81.004582 35.97552
    -81.004047 35.985307
    -81.004038 35.985668
    -81.004025 35.986172
    -81.003665 35.991942
    -81.003519 35.99675
    -81.00372 35.996935
    -81.00532 36.000697
    -81.006545 36.00357
    -81.010944 36.011489
    -81.011621 36.012694
    -81.011655 36.01276
    -81.012703 36.015827
    -81.0129 36.016106
    -81.016531 36.022458
    -81.016667 36.022696
    -81.017844 36.024745
    -81.019512 36.02768
    -81.020235 36.028937
    -81.024701 36.037612
    -81.025185 36.0386
    -81.02616 36.040378
    -81.02742 36.042765
    -81.028884 36.045762
    -81.024145 36.046874
    -81.023634 36.046995
    -81.020316 36.047775
    -81.018801 36.048131
    -81.011105 36.050048
    -81.00618 36.051261
    -80.997446 36.053423
    -80.989396 36.055417
    -80.98766 36.055828
    -80.979685 36.057824
    -80.975643 36.058814
    -80.97468 36.058758
    -80.971418 36.05856
    -80.971294 36.058467
    -80.97128 36.058466
    -80.971024 36.058444
    -80.97085 36.058429
    -80.970516 36.058403
    -80.97029 36.05842
    -80.959703 36.057807
    -80.9554 36.057529
    -80.95425 36.057398
    -80.95395 36.05739
    -80.953477 36.057381
    -80.946955 36.057291
    -80.946938 36.057291
    -80.938373 36.057056
    -80.930722 36.056892
    -80.910785 36.056462
    -80.91076 36.056462
    -80.901394 36.056207
    -80.900786 36.056194
    -80.897964 36.056131
    -80.89753 36.056121
    -80.897206 36.056115
    -80.892629 36.056013
    -80.892554 36.056012
    -80.892479 36.05601
    -80.892383 36.056008
    -80.88893 36.055932
    -80.888845 36.05593
    -80.88871 36.05592
    -80.888281 36.055887
    -80.888213 36.055882
    -80.888144 36.055877
    -80.887947 36.055861
    -80.887932 36.055861
    -80.886116 36.055821
    -80.886017 36.055819
    -80.885918 36.055817
    -80.885807 36.055814
    -80.885696 36.055812
    -80.88218 36.055731
    -80.87639 36.055601
    -80.874794 36.055565
    -80.874555 36.055546
    -80.872997 36.055511
    -80.871093 36.055467
    -80.865725 36.055344
    -80.862487 36.05527
    -80.859681 36.055205
    -80.857055 36.055147
    -80.854197 36.055067
    -80.854008 36.055062
    -80.849301 36.054979
    -80.846036 36.054922
    -80.845929 36.054936
    -80.84584 36.054949
    -80.845823 36.054951
    -80.845701 36.054907
    -80.841909 36.054805
    -80.84149 36.054793
    -80.840915 36.054777
    -80.83963 36.054742
    -80.835505 36.054625
    -80.834025 36.054591
    -80.833184 36.054572
    -80.832811 36.05458
    -80.83226 36.054608
    -80.83187 36.054607
    -80.831383 36.054588
    -80.831332 36.054577
    -80.82286 36.054388
    -80.822551 36.05438
    -80.817168 36.054244
    -80.813842 36.054159
    -80.810686 36.054078
    -80.805245 36.053939
    -80.804848 36.053929
    -80.80347 36.053894
    -80.803431 36.053893
    -80.803347 36.05389
    -80.797113 36.053727
    -80.792696 36.053612
    -80.791014 36.053568
    -80.78901 36.053515
    -80.788854 36.053511
    -80.784944 36.053247
    -80.784763 36.05324
    -80.779004 36.053368
    -80.778872 36.053371
    -80.778738 36.053363
    -80.775255 36.05316
    -80.768288 36.053
    -80.768216 36.052978
    -80.768144 36.052955
    -80.768071 36.052932
    -80.768035 36.052932
    -80.764893 36.052863
    -80.763147 36.052825
    -80.754111 36.052629
    -80.75394 36.052645
    -80.753846 36.052654
    -80.749753 36.052547
    -80.747536 36.05282
    -80.747498 36.052825
    -80.736582 36.052451
    -80.736278 36.05244
    -80.732753 36.052289
    -80.732614 36.052283
    -80.732105 36.052261
    -80.731855 36.05225
    -80.731586 36.052306
    -80.730653 36.052345
    -80.728156 36.052279
    -80.727979 36.052276
    -80.726053 36.052307
    -80.719771 36.052026
    -80.717336 36.051943
    -80.716299 36.051908
    -80.713148 36.05184
    -80.713039 36.051836
    -80.707379 36.05162
    -80.702643 36.051439
    -80.702592 36.051437
    -80.700889 36.051373
    -80.698707 36.051299
    -80.696886 36.051238
    -80.696082 36.051211
    -80.693198 36.051114
    -80.693596 36.046058
    -80.693665 36.045164
    -80.693965 36.040957
    -80.694224 36.037346
    -80.694269 36.036735
    -80.694517 36.033351
    -80.694692 36.031004
    -80.695344 36.021238
    -80.695462 36.020527
    -80.695254 36.020491
    -80.695466 36.020476
    -80.695541 36.019444
    -80.696178 36.010178
    -80.696491 36.006713
    -80.696575 36.005786
    -80.696576 36.005773
    -80.696604 36.005461
    -80.696612 36.005375
    -80.696613 36.005361
    -80.696616 36.005328
    -80.696617 36.005322
    -80.696618 36.005314
    -80.696619 36.005301
    -80.696639 36.005081
    -80.69672 36.004186
    -80.696847 36.00289
    -80.696888 36.00247
    -80.696894 36.00241
    -80.696898 36.002369
    -80.6969 36.00235
    -80.696901 36.002339
    -80.696901 36.002332
    -80.696926 36.002076
    -80.697096 36.000343
    -80.697463 35.996341
    -80.697464 35.996324
    -80.697528 35.995566
    -80.697562 35.995159
    -80.697563 35.995154
    -80.697564 35.995143
    -80.697566 35.995119
    -80.697567 35.995105
    -80.698153 35.988167
    -80.698717 35.979828
    -80.698884 35.977177
    -80.698886 35.977147
    -80.698887 35.977136
    -80.698887 35.977126
    -80.699021 35.974994
    -80.699043 35.974844
    -80.699044 35.974839
    -80.699106 35.97441
    -80.699111 35.974373
    -80.699293 35.97315
    -80.699735 35.96841
    -80.699916 35.965846
    -80.700163 35.962293
    -80.700163 35.962287
    -80.700272 35.960793
    -80.700333 35.959922
    -80.700337 35.959858
    -80.700379 35.959271
    -80.700381 35.959239
    -80.700389 35.959124
    -80.700471 35.957969
    -80.700486 35.957755
    -80.700489 35.957714
    -80.700493 35.957662
    -80.700498 35.957592
    -80.7005 35.957558
    -80.700502 35.957524
    -80.700891 35.952036
    -80.701131 35.948735
    -80.701263 35.946946
    -80.701271 35.946842
    -80.701304 35.946442
    -80.701348 35.945939
    -80.701357 35.94584
    -80.701363 35.945769
    -80.701369 35.945698
    -80.701629 35.942643
    -80.702148 35.936526
    -80.702151 35.936488
    -80.702157 35.936406
    -80.702157 35.936401
    -80.702158 35.936391
    -80.702254 35.935108
    -80.702405 35.933497
    -80.703034 35.926114
    -80.703068 35.925706
    -80.703069 35.9257
    -80.70307 35.925693
    -80.703071 35.92568
    -80.703071 35.925678
    -80.703072 35.925666
    -80.703075 35.925632
    -80.703076 35.925616
    -80.703039 35.924027
    -80.703408 35.91976
    -80.703778 35.915465
    -80.703786 35.915369
    -80.703859 35.914464
    -80.70386 35.914449
    -80.703862 35.914434
    -80.703862 35.914429
    -80.703863 35.91442
    -80.704151 35.910858
    -80.704402 35.907913
    -80.704404 35.907884
    -80.705305 35.897367
    -80.705356 35.896771
    -80.705445 35.895726
    -80.705789 35.890012
    -80.705791 35.88999
    -80.706303 35.883755
    -80.706304 35.883749
    -80.706305 35.883733
    -80.706308 35.883692
    -80.706699 35.877283
    -80.706707 35.877153
    -80.706715 35.877023
    -80.706719 35.876956
    -80.706717 35.876879
    -80.706717 35.876873
    -80.706706 35.876277
    -80.706703 35.876139
    -80.706801 35.875137
    -80.706797 35.874982
    -80.706796 35.874928
    -80.706796 35.874922
    -80.706779 35.874001
    -80.70682 35.872999
    -80.706823 35.872918
    -80.706823 35.87291
    -80.706824 35.872891
    -80.706825 35.872869
    -80.706827 35.87282
    -80.706828 35.872799
    -80.70689 35.87126
    -80.706936 35.870451
    -80.706943 35.870336
    -80.706956 35.870106
    -80.706957 35.870092
    -80.706964 35.869981
    -80.70697 35.869859
    -80.706972 35.869821
    -80.706979 35.869717
    -80.70701 35.86915
    -80.707011 35.869126
    -80.707022 35.86864
    -80.70703 35.868278
    -80.707062 35.866844
    -80.707068 35.866594
    -80.707127 35.865865
    -80.707131 35.865814
    -80.707132 35.865809
    -80.707132 35.865804
    -80.707133 35.865793
    -80.707134 35.865779
    -80.707156 35.865511
    -80.707156 35.865506
    -80.707158 35.865442
    -80.707159 35.86542
    -80.70727 35.863012
    -80.70727 35.863007
    -80.70727 35.862999
    -80.707271 35.862992
    -80.707444 35.85594
    -80.707453 35.855558
    -80.707453 35.85555
    -80.707453 35.855533
    -80.707454 35.855528
    -80.707454 35.855522
    -80.707454 35.855516
    -80.707454 35.855511
    -80.707456 35.855451
    -80.707458 35.85539
    -80.707459 35.85533
    -80.707493 35.853988
    -80.707496 35.853896
    -80.707498 35.853804
    -80.707529 35.853761
    -80.707604 35.853348
    -80.707606 35.853339
    -80.707647 35.853118
    -80.707672 35.852979
    -80.707666 35.852945
    -80.70767 35.852913
    -80.707771 35.852651
    -80.710508 35.845431
    -80.711364 35.843111
    -80.711672 35.842243
    -80.712599 35.839639
    -80.712908 35.838772
    -80.712913 35.838759
    -80.714112 35.835412
    -80.71437 35.834692
    -80.715589 35.831046
    -80.718026 35.823753
    -80.718116 35.823524
    -80.718248 35.823191
    -80.720819 35.816698
    -80.721576 35.814608
    -80.721812 35.813954
    -80.721862 35.813815
    -80.721913 35.813675
    -80.721987 35.813468
    -80.722061 35.813261
    -80.723172 35.810194
    -80.723183 35.810165
    -80.724158 35.807464
    -80.724289 35.807104
    -80.724525 35.806447
    -80.727416 35.798396
    -80.727847 35.797193
    -80.728953 35.794112
    -80.729141 35.793587
    -80.729572 35.792385
    -80.729859 35.79158
    -80.730722 35.789165
    -80.73101 35.788361
    -80.731612 35.786676
    -80.733214 35.782133
    -80.73345 35.781508
    -80.733663 35.780873
    -80.733687 35.780801
    -80.734249 35.779152
    -80.734935 35.777183
    -80.735293 35.776146
    -80.735812 35.774699
    -80.73628 35.773489
    -80.738538 35.76722
    -80.738909 35.766251
    -80.738932 35.766191
    -80.738971 35.766094
    -80.738993 35.766038
    -80.739286 35.765213
    -80.740228 35.76257
    -80.740542 35.76169
    -80.74182 35.758163
    -80.743521 35.753347
    -80.744656 35.750136
    -80.74481 35.749758
    -80.744902 35.749509
    -80.745179 35.748764
    -80.745272 35.748516
    -80.745284 35.748483
    -80.747986 35.741187
    -80.748585 35.73957
    -80.749346 35.737473
    -80.749768 35.736314
    -80.751571 35.731163
    -80.752308 35.729059
    -80.752385 35.728839
    -80.75247 35.728626
    -80.7525 35.728548
    -80.752522 35.728486
    -80.752528 35.728469
    -80.753015 35.727096
    -80.754498 35.722929
    -80.754993 35.721541
    -80.755405 35.720375
    -80.756645 35.716877
    -80.757059 35.715712
    -80.757352 35.714877
    -80.759118 35.70991
    -80.760173 35.706942
    -80.761881 35.702134
    -80.761884 35.702124
    -80.762052 35.701648
    -80.76256 35.700223
    -80.762729 35.699748
    -80.76333 35.698053
    -80.765135 35.692972
    -80.765737 35.691278
    -80.765883 35.690864
    -80.766322 35.689623
    -80.766469 35.68921
    -80.766716 35.688522
    -80.767351 35.686735
    -80.76739 35.686628
    -80.76797 35.684999
    -80.767976 35.684985
    -80.769887 35.679603
    -80.771188 35.675943
    -80.77124 35.675795
    -80.771518 35.674926
    -80.771381 35.674441
    -80.771374 35.674414
    -80.771341 35.674272
    -80.770322 35.66995
    -80.770308 35.669883
    -80.770305 35.66987
    -80.770296 35.669834
    -80.770293 35.669822
    -80.77 35.66864
    -80.769121 35.665095
    -80.768828 35.663914
    -80.768822 35.663892
    -80.768806 35.663828
    -80.768801 35.663807
    -80.768618 35.663064
    -80.768072 35.660838
    -80.76789 35.660096
    -80.767753 35.659539
    -80.767343 35.657868
    -80.767207 35.657311
    -80.766475 35.654323
    -80.764543 35.646362
    -80.764533 35.646319
    -80.764439 35.645947
    -80.764428 35.645903
    -80.764425 35.645893
    -80.762978 35.639944
    -80.762691 35.638781
    -80.762589 35.638365
    -80.762283 35.637119
    -80.762182 35.636704
    -80.761924 35.635671
    -80.761153 35.632604
    -80.759404 35.625646
    -80.759384 35.625408
    -80.759343 35.625122
    -80.759321 35.624961
    -80.759187 35.624271
    -80.759132 35.623988
    -80.758227 35.620294
    -80.757431 35.617046
    -80.757239 35.616265
END
END
