37123 Montgomery County
1
    -79.804573 35.511078
    -79.803364 35.511088
    -79.801922 35.511101
    -79.793772 35.511171
    -79.792934 35.511177
    -79.792337 35.511182
    -79.790081 35.51121
    -79.789807 35.511212
    -79.787626 35.511225
    -79.786331 35.511239
    -79.784671 35.511257
    -79.783985 35.511264
    -79.783552 35.511268
    -79.783239 35.511272
    -79.782866 35.511276
    -79.782734 35.511277
    -79.782445 35.51128
    -79.781437 35.511291
    -79.781371 35.51129
    -79.781026 35.511295
    -79.780876 35.511297
    -79.780241 35.511304
    -79.779353 35.511314
    -79.777322 35.511336
    -79.773651 35.511377
    -79.772809 35.511386
    -79.769285 35.511457
    -79.768951 35.508808
    -79.768862 35.508869
    -79.768251 35.504196
    -79.766993 35.493639
    -79.765277 35.482233
    -79.764341 35.476003
    -79.764274 35.475843
    -79.764195 35.475654
    -79.762179 35.470847
    -79.760757 35.467524
    -79.760661 35.467299
    -79.757994 35.461067
    -79.754455 35.452777
    -79.754051 35.451767
    -79.751574 35.443895
    -79.750331 35.439939
    -79.749758 35.437934
    -79.747437 35.4299
    -79.747433 35.429886
    -79.745897 35.424695
    -79.744599 35.42031
    -79.744184 35.418898
    -79.743894 35.417922
    -79.742715 35.413928
    -79.742659 35.413737
    -79.741929 35.41127
    -79.741272 35.409045
    -79.740366 35.405976
    -79.740364 35.40597
    -79.740313 35.4058
    -79.736326 35.392307
    -79.736002 35.391244
    -79.735915 35.390955
    -79.735838 35.390694
    -79.735152 35.388363
    -79.734733 35.386945
    -79.733061 35.381275
    -79.731851 35.377167
    -79.731769 35.376888
    -79.731226 35.37514
    -79.730425 35.371919
    -79.729891 35.37061
    -79.727457 35.363028
    -79.726523 35.359671
    -79.726517 35.359648
    -79.722506 35.345242
    -79.720695 35.338735
    -79.720692 35.338726
    -79.719832 35.335639
    -79.719449 35.334226
    -79.719318 35.33379
    -79.717252 35.326888
    -79.717113 35.326403
    -79.714708 35.317963
    -79.71438 35.316812
    -79.714375 35.316795
    -79.711395 35.307161
    -79.711155 35.305722
    -79.711143 35.30565
    -79.711171 35.305123
    -79.710314 35.302977
    -79.710222 35.302748
    -79.710137 35.302511
    -79.709811 35.301263
    -79.71089 35.300472
    -79.711188 35.300054
    -79.711418 35.299716
    -79.711421 35.299354
    -79.711349 35.299081
    -79.711114 35.298186
    -79.711086 35.297773
    -79.711449 35.296766
    -79.711475 35.295987
    -79.711028 35.295438
    -79.710946 35.295163
    -79.710665 35.293239
    -79.710525 35.292827
    -79.710525 35.292323
    -79.710665 35.291888
    -79.711195 35.291201
    -79.712006 35.290514
    -79.712144 35.289896
    -79.712089 35.289667
    -79.711725 35.289369
    -79.711641 35.28859
    -79.711753 35.288247
    -79.712117 35.287972
    -79.712256 35.287537
    -79.71245 35.286873
    -79.712507 35.286323
    -79.712255 35.285568
    -79.712255 35.284743
    -79.712786 35.28369
    -79.712785 35.283506
    -79.712724 35.28342
    -79.71265 35.283316
    -79.712645 35.283309
    -79.712478 35.283071
    -79.712366 35.282774
    -79.71231 35.282201
    -79.712394 35.282041
    -79.712198 35.281377
    -79.71231 35.280896
    -79.712057 35.275904
    -79.711909 35.275523
    -79.711834 35.275331
    -79.7108 35.274187
    -79.710102 35.273637
    -79.709906 35.273569
    -79.709152 35.27302
    -79.708789 35.272425
    -79.708286 35.271966
    -79.707141 35.27128
    -79.706946 35.270593
    -79.706275 35.269333
    -79.705186 35.268212
    -79.705186 35.266654
    -79.704907 35.266357
    -79.704879 35.266036
    -79.704962 35.265922
    -79.70499 35.264914
    -79.705325 35.264731
    -79.705465 35.264547
    -79.705297 35.264273
    -79.705381 35.263677
    -79.705348 35.26361
    -79.705306 35.263524
    -79.705269 35.263448
    -79.705241 35.26283
    -79.705129 35.262647
    -79.705101 35.262166
    -79.70337 35.259923
    -79.702979 35.259143
    -79.702476 35.25848
    -79.70175 35.257106
    -79.701499 35.256809
    -79.701499 35.256511
    -79.701694 35.255801
    -79.701638 35.254724
    -79.701443 35.254427
    -79.701107 35.254152
    -79.700465 35.253946
    -79.699767 35.253557
    -79.69946 35.25326
    -79.699432 35.253008
    -79.699237 35.252663
    -79.698678 35.252023
    -79.698036 35.251451
    -79.696641 35.251222
    -79.695077 35.250832
    -79.694659 35.25097
    -79.694044 35.251016
    -79.693347 35.250855
    -79.692565 35.250567
    -79.692368 35.250544
    -79.69217 35.250528
    -79.69195 35.25051
    -79.691224 35.250579
    -79.69061 35.250522
    -79.688377 35.250441
    -79.688208 35.250146
    -79.687089 35.249378
    -79.687062 35.249195
    -79.686364 35.248256
    -79.685917 35.247912
    -79.685108 35.247454
    -79.683907 35.247271
    -79.683237 35.247752
    -79.682392 35.247869
    -79.682375 35.247871
    -79.682113 35.247909
    -79.681424 35.248004
    -79.680781 35.247637
    -79.68053 35.247341
    -79.680055 35.247203
    -79.679637 35.24686
    -79.679441 35.246539
    -79.679023 35.246356
    -79.678437 35.24647
    -79.677237 35.246356
    -79.675031 35.245668
    -79.673496 35.245325
    -79.672911 35.245279
    -79.672742 35.245256
    -79.672128 35.24457
    -79.672073 35.244294
    -79.671878 35.244019
    -79.67185 35.243813
    -79.67171 35.24363
    -79.671403 35.241822
    -79.671293 35.241501
    -79.671181 35.240836
    -79.670734 35.240309
    -79.669814 35.239875
    -79.669619 35.239669
    -79.669312 35.236783
    -79.669006 35.235432
    -79.668894 35.234653
    -79.668816 35.234449
    -79.668763 35.234309
    -79.668448 35.233486
    -79.66842 35.233211
    -79.668281 35.233096
    -79.668504 35.232386
    -79.668421 35.231493
    -79.668337 35.23147
    -79.668281 35.231173
    -79.667974 35.230623
    -79.667472 35.230027
    -79.66591 35.228562
    -79.665408 35.227897
    -79.665157 35.227783
    -79.665157 35.2276
    -79.66485 35.227119
    -79.664778 35.226876
    -79.664599 35.226271
    -79.66379 35.225561
    -79.663874 35.224943
    -79.66446 35.224233
    -79.664516 35.223867
    -79.664739 35.223638
    -79.664739 35.22318
    -79.66449 35.222219
    -79.664545 35.221691
    -79.664852 35.220844
    -79.6648 35.220716
    -79.664741 35.220569
    -79.664154 35.219905
    -79.664099 35.219723
    -79.664089 35.219596
    -79.664044 35.219059
    -79.664294 35.218279
    -79.664324 35.217799
    -79.664155 35.217433
    -79.664072 35.216928
    -79.66371 35.216562
    -79.663654 35.216379
    -79.663236 35.215669
    -79.663152 35.214822
    -79.662818 35.2145
    -79.661953 35.214248
    -79.661422 35.214203
    -79.661087 35.213859
    -79.661059 35.213515
    -79.661256 35.213263
    -79.661256 35.212761
    -79.660475 35.212554
    -79.660334 35.21244
    -79.660391 35.212142
    -79.661061 35.21189
    -79.661173 35.211593
    -79.660671 35.211133
    -79.660558 35.210608
    -79.659918 35.210058
    -79.659806 35.209577
    -79.66003 35.208569
    -79.660951 35.207585
    -79.661202 35.207196
    -79.661537 35.206211
    -79.661582 35.205744
    -79.661593 35.205639
    -79.661733 35.205364
    -79.661705 35.204998
    -79.661454 35.204767
    -79.661372 35.204288
    -79.660813 35.203325
    -79.660804 35.203066
    -79.660803 35.203043
    -79.660803 35.203037
    -79.660802 35.203032
    -79.660802 35.203027
    -79.660801 35.202999
    -79.660801 35.202993
    -79.660799 35.202943
    -79.660799 35.202937
    -79.660785 35.202548
    -79.660674 35.202295
    -79.660675 35.201127
    -79.660452 35.200807
    -79.660453 35.199662
    -79.66023 35.19902
    -79.659951 35.198631
    -79.658863 35.197715
    -79.658583 35.197279
    -79.658388 35.196524
    -79.657915 35.196043
    -79.657692 35.195676
    -79.657553 35.195172
    -79.656967 35.194166
    -79.656883 35.194119
    -79.656855 35.193707
    -79.656939 35.193638
    -79.656968 35.193134
    -79.656048 35.19279
    -79.655573 35.19247
    -79.655239 35.191576
    -79.654877 35.191141
    -79.654402 35.19105
    -79.653901 35.190707
    -79.653343 35.190592
    -79.652728 35.190455
    -79.652087 35.189835
    -79.651837 35.189699
    -79.650693 35.189468
    -79.650052 35.18892
    -79.649383 35.188094
    -79.648881 35.187705
    -79.648714 35.187634
    -79.648673 35.187616
    -79.648568 35.187571
    -79.647543 35.187132
    -79.647431 35.186354
    -79.647291 35.186033
    -79.646679 35.185415
    -79.645898 35.185002
    -79.644922 35.184635
    -79.644615 35.184383
    -79.644504 35.184017
    -79.644615 35.183765
    -79.644588 35.183261
    -79.644253 35.183124
    -79.643891 35.182872
    -79.643806 35.182666
    -79.64325 35.182185
    -79.642079 35.181451
    -79.641994 35.180925
    -79.641828 35.180811
    -79.641438 35.180718
    -79.640796 35.180741
    -79.640657 35.179962
    -79.64049 35.179504
    -79.637981 35.177443
    -79.637926 35.177305
    -79.637758 35.177213
    -79.637341 35.176092
    -79.636755 35.175884
    -79.636337 35.175542
    -79.635612 35.175357
    -79.635027 35.17506
    -79.634079 35.1749
    -79.632226 35.175128
    -79.632199 35.175131
    -79.631317 35.175242
    -79.629449 35.17531
    -79.628668 35.175172
    -79.628333 35.174988
    -79.628138 35.174782
    -79.62797 35.17437
    -79.627805 35.173156
    -79.627777 35.172973
    -79.627303 35.172034
    -79.627164 35.171209
    -79.626831 35.170774
    -79.6263 35.17043
    -79.624761 35.170041
    -79.624198 35.170066
    -79.623764 35.170152
    -79.622804 35.170341
    -79.622469 35.170547
    -79.621997 35.171097
    -79.621271 35.171143
    -79.620546 35.171098
    -79.619736 35.17048
    -79.61929 35.169816
    -79.618369 35.169359
    -79.618062 35.169085
    -79.617839 35.168603
    -79.617114 35.167688
    -79.616834 35.167069
    -79.61622 35.166222
    -79.615578 35.165674
    -79.61516 35.165216
    -79.614853 35.165124
    -79.614534 35.164313
    -79.614306 35.163679
    -79.615431 35.163663
    -79.617107 35.163668
    -79.617601 35.163646
    -79.61787 35.163589
    -79.618783 35.163298
    -79.619952 35.162947
    -79.620347 35.162861
    -79.620815 35.162786
    -79.622138 35.162629
    -79.622148 35.162628
    -79.622297 35.16261
    -79.622306 35.162609
    -79.622453 35.162592
    -79.62259 35.162805
    -79.622619 35.162801
    -79.624761 35.162507
    -79.627005 35.162026
    -79.630232 35.161092
    -79.63024 35.161089
    -79.631913 35.160472
    -79.6342 35.159282
    -79.634842 35.159122
    -79.637491 35.15871
    -79.637557 35.158746
    -79.637575 35.158756
    -79.637726 35.158694
    -79.637792 35.158667
    -79.638021 35.158573
    -79.642069 35.157687
    -79.642096 35.157699
    -79.642129 35.157717
    -79.642269 35.157792
    -79.642513 35.157921
    -79.642529 35.157929
    -79.644592 35.159023
    -79.644609 35.159032
    -79.644631 35.159043
    -79.644637 35.159046
    -79.644643 35.159049
    -79.647473 35.160512
    -79.648357 35.160961
    -79.648363 35.160964
    -79.64837 35.160967
    -79.648389 35.160977
    -79.648404 35.160985
    -79.648443 35.161005
    -79.648678 35.161125
    -79.64973 35.161692
    -79.651195 35.162464
    -79.651201 35.162467
    -79.651216 35.162475
    -79.651837 35.162792
    -79.652322 35.163018
    -79.652487 35.163081
    -79.652807 35.163182
    -79.653769 35.16345
    -79.653778 35.163453
    -79.65381 35.163462
    -79.653817 35.163464
    -79.654969 35.163784
    -79.655184 35.163843
    -79.656222 35.164128
    -79.656258 35.164138
    -79.656266 35.16414
    -79.656273 35.164142
    -79.656286 35.164146
    -79.656296 35.164148
    -79.656307 35.164151
    -79.656713 35.164263
    -79.656869 35.164315
    -79.657063 35.16438
    -79.657291 35.164476
    -79.65741 35.164536
    -79.65757 35.164638
    -79.65759 35.164653
    -79.65762 35.164676
    -79.657841 35.164843
    -79.658038 35.16504
    -79.658399 35.165459
    -79.659069 35.166273
    -79.65935 35.166604
    -79.659381 35.166641
    -79.65945 35.166722
    -79.659459 35.166733
    -79.661084 35.168646
    -79.661089 35.168652
    -79.661338 35.168945
    -79.661451 35.169078
    -79.661965 35.169683
    -79.662253 35.169979
    -79.662257 35.169983
    -79.662274 35.170001
    -79.662284 35.170011
    -79.66261 35.170345
    -79.662726 35.170447
    -79.662971 35.170624
    -79.663297 35.170807
    -79.664145 35.171248
    -79.664311 35.171334
    -79.66462 35.171484
    -79.664764 35.171539
    -79.664863 35.171567
    -79.665088 35.171608
    -79.666768 35.171788
    -79.666808 35.171794
    -79.666869 35.171804
    -79.669483 35.17221
    -79.669489 35.172211
    -79.669506 35.172215
    -79.669948 35.172322
    -79.670068 35.17236
    -79.670082 35.172364
    -79.670227 35.17241
    -79.670248 35.172418
    -79.670448 35.172498
    -79.670574 35.172548
    -79.670581 35.172551
    -79.671112 35.17279
    -79.671478 35.172975
    -79.671487 35.17298
    -79.671501 35.172989
    -79.671693 35.173106
    -79.672029 35.173339
    -79.672055 35.173357
    -79.672214 35.173478
    -79.672505 35.173747
    -79.672723 35.173976
    -79.672802 35.174079
    -79.673134 35.174654
    -79.673387 35.175173
    -79.673494 35.175374
    -79.674405 35.175227
    -79.67457 35.175201
    -79.674702 35.175183
    -79.674793 35.175172
    -79.674887 35.17517
    -79.67497 35.175174
    -79.6751 35.175197
    -79.676833 35.175641
    -79.677427 35.175977
    -79.679426 35.17729
    -79.680207 35.17729
    -79.68149 35.177016
    -79.681741 35.177029
    -79.682183 35.176662
    -79.68315 35.176452
    -79.683824 35.176427
    -79.684363 35.176672
    -79.685085 35.177167
    -79.686062 35.177706
    -79.686258 35.177945
    -79.686455 35.177978
    -79.686845 35.177886
    -79.686936 35.177796
    -79.68824 35.177672
    -79.689439 35.177497
    -79.689746 35.178413
    -79.689829 35.178458
    -79.69128 35.17871
    -79.691782 35.17871
    -79.692451 35.178436
    -79.69273 35.178481
    -79.692871 35.17855
    -79.6933 35.178344
    -79.69379 35.178275
    -79.693985 35.178664
    -79.693985 35.178871
    -79.693984 35.179173
    -79.69399 35.179201
    -79.693991 35.179209
    -79.694109 35.179757
    -79.694691 35.179496
    -79.694893 35.179405
    -79.695153 35.179289
    -79.69549 35.179198
    -79.695496 35.179196
    -79.69555 35.179186
    -79.695789 35.179141
    -79.696107 35.179082
    -79.696423 35.179011
    -79.696925 35.178873
    -79.697136 35.178801
    -79.697696 35.178561
    -79.697979 35.178424
    -79.698182 35.178312
    -79.698213 35.178295
    -79.699764 35.17744
    -79.700755 35.176907
    -79.700791 35.176887
    -79.702767 35.175823
    -79.703129 35.175622
    -79.703553 35.175443
    -79.703962 35.175309
    -79.704558 35.175152
    -79.704587 35.175144
    -79.704599 35.175141
    -79.704812 35.175086
    -79.70745 35.174409
    -79.708921 35.174008
    -79.70894 35.174003
    -79.709618 35.173819
    -79.709639 35.173813
    -79.710688 35.173566
    -79.711476 35.173391
    -79.712114 35.173268
    -79.712721 35.173168
    -79.713273 35.173098
    -79.714044 35.173049
    -79.714476 35.173068
    -79.714567 35.173077
    -79.714574 35.173078
    -79.714777 35.173098
    -79.715015 35.173134
    -79.715028 35.173136
    -79.715437 35.173198
    -79.716274 35.173352
    -79.71726 35.173544
    -79.717526 35.173596
    -79.717834 35.173657
    -79.718135 35.173716
    -79.718624 35.173794
    -79.719112 35.173854
    -79.719195 35.173858
    -79.719227 35.173856
    -79.719234 35.173856
    -79.719361 35.173848
    -79.719369 35.173847
    -79.721057 35.174246
    -79.721813 35.174434
    -79.723076 35.174734
    -79.727269 35.175732
    -79.727797 35.17582
    -79.727829 35.175825
    -79.727882 35.175834
    -79.728219 35.175982
    -79.728226 35.175985
    -79.729613 35.176595
    -79.730462 35.176971
    -79.730483 35.17698
    -79.731604 35.177477
    -79.731754 35.177544
    -79.732181 35.177733
    -79.732194 35.177737
    -79.73334 35.178138
    -79.733372 35.178149
    -79.733651 35.17818
    -79.73488 35.178316
    -79.735768 35.178187
    -79.736597 35.178066
    -79.737424 35.177925
    -79.737674 35.177821
    -79.737684 35.177817
    -79.737984 35.177692
    -79.738225 35.177454
    -79.738229 35.17745
    -79.739278 35.176414
    -79.73971 35.175535
    -79.73975 35.175426
    -79.739752 35.17542
    -79.739755 35.175414
    -79.739757 35.175408
    -79.739766 35.175384
    -79.739795 35.175305
    -79.7398 35.17529
    -79.739883 35.17529
    -79.740363 35.175293
    -79.740607 35.175272
    -79.740824 35.175222
    -79.741099 35.175105
    -79.741458 35.174913
    -79.741822 35.17469
    -79.741831 35.174685
    -79.741842 35.174678
    -79.742091 35.17454
    -79.742317 35.174425
    -79.742636 35.174277
    -79.742677 35.174258
    -79.742789 35.174211
    -79.742844 35.174239
    -79.744963 35.173793
    -79.746272 35.173458
    -79.746586 35.173473
    -79.748287 35.173082
    -79.748622 35.173197
    -79.749766 35.172951
    -79.756244 35.173503
    -79.756252 35.173504
    -79.756279 35.173506
    -79.756314 35.173509
    -79.75774 35.17356
    -79.758432 35.173835
    -79.765026 35.176576
    -79.765523 35.176797
    -79.76593 35.176978
    -79.766992 35.17745
    -79.767189 35.177498
    -79.769227 35.177351
    -79.769322 35.177344
    -79.77112 35.177173
    -79.773667 35.177107
    -79.774021 35.17702
    -79.774482 35.176959
    -79.775205 35.177117
    -79.776268 35.176865
    -79.777064 35.17675
    -79.777359 35.176684
    -79.777655 35.176618
    -79.777795 35.17657
    -79.777911 35.176586
    -79.77835 35.176608
    -79.778813 35.176611
    -79.779158 35.176604
    -79.779165 35.176604
    -79.779635 35.176595
    -79.779904 35.176564
    -79.780691 35.176391
    -79.7811 35.176274
    -79.781184 35.176252
    -79.781199 35.176248
    -79.7838 35.17556
    -79.783949 35.175531
    -79.784022 35.175536
    -79.784179 35.175546
    -79.784216 35.175554
    -79.784222 35.175555
    -79.785364 35.17579
    -79.785747 35.175832
    -79.786368 35.175864
    -79.78642 35.175866
    -79.786429 35.175866
    -79.787734 35.17591
    -79.787742 35.17591
    -79.78775 35.17591
    -79.787757 35.17591
    -79.787764 35.17591
    -79.787776 35.17591
    -79.787786 35.17591
    -79.787795 35.17591
    -79.787803 35.17591
    -79.787812 35.17591
    -79.787819 35.17591
    -79.787827 35.17591
    -79.787835 35.17591
    -79.787843 35.175914
    -79.789203 35.175911
    -79.78929 35.175911
    -79.789346 35.175911
    -79.789383 35.175911
    -79.789408 35.175911
    -79.789426 35.175911
    -79.789438 35.175911
    -79.789447 35.175911
    -79.789457 35.175911
    -79.789464 35.175911
    -79.789473 35.175911
    -79.789483 35.175911
    -79.789498 35.175911
    -79.78951 35.175911
    -79.791276 35.17594
    -79.791706 35.175947
    -79.792011 35.175952
    -79.792126 35.175962
    -79.792133 35.175963
    -79.792374 35.175983
    -79.79269 35.176027
    -79.793068 35.176098
    -79.793461 35.176193
    -79.793808 35.176293
    -79.793815 35.176295
    -79.794144 35.17639
    -79.794594 35.176557
    -79.795087 35.176707
    -79.795182 35.176726
    -79.795219 35.176733
    -79.795411 35.176772
    -79.796672 35.176971
    -79.796724 35.176979
    -79.797086 35.177034
    -79.797201 35.177051
    -79.797863 35.177151
    -79.799812 35.17748
    -79.799934 35.177501
    -79.800039 35.177519
    -79.80041 35.177595
    -79.800924 35.177721
    -79.801399 35.17786
    -79.802172 35.178126
    -79.802772 35.178355
    -79.802791 35.178362
    -79.802832 35.178384
    -79.803008 35.178481
    -79.803585 35.178938
    -79.803683 35.179007
    -79.803865 35.179109
    -79.803974 35.179148
    -79.804078 35.179169
    -79.804085 35.179171
    -79.804093 35.179171
    -79.804101 35.179171
    -79.80439 35.179194
    -79.80456 35.179198
    -79.805068 35.179183
    -79.805076 35.179183
    -79.805296 35.179176
    -79.805491 35.179185
    -79.805523 35.179186
    -79.805917 35.179205
    -79.806264 35.179203
    -79.806507 35.179173
    -79.806727 35.179112
    -79.807152 35.178994
    -79.807281 35.178973
    -79.807417 35.178965
    -79.807567 35.17897
    -79.807785 35.178991
    -79.80877 35.17915
    -79.809139 35.179233
    -79.80929 35.179278
    -79.809455 35.179348
    -79.809986 35.179667
    -79.810217 35.179766
    -79.81033 35.1798
    -79.810645 35.17986
    -79.811062 35.179882
    -79.811069 35.179883
    -79.81187 35.179942
    -79.81211 35.179944
    -79.812141 35.179944
    -79.81248 35.179924
    -79.812509 35.179921
    -79.812517 35.179921
    -79.812533 35.179918
    -79.812701 35.179899
    -79.812892 35.179861
    -79.813059 35.179812
    -79.813109 35.179793
    -79.813182 35.179765
    -79.813208 35.179755
    -79.813477 35.17963
    -79.813966 35.179451
    -79.814328 35.179332
    -79.815297 35.179075
    -79.815357 35.179059
    -79.815609 35.178976
    -79.815789 35.178888
    -79.816249 35.178606
    -79.816293 35.178579
    -79.8165 35.17848
    -79.816519 35.178473
    -79.81678 35.178375
    -79.816882 35.178347
    -79.817103 35.17831
    -79.817571 35.178183
    -79.818055 35.178086
    -79.81821 35.178043
    -79.818557 35.177927
    -79.818653 35.177901
    -79.818749 35.177888
    -79.818873 35.177892
    -79.81902 35.177921
    -79.819165 35.17797
    -79.819478 35.178077
    -79.819873 35.178253
    -79.82072 35.178664
    -79.820887 35.178745
    -79.821167 35.178874
    -79.821202 35.17889
    -79.821278 35.178925
    -79.821674 35.179082
    -79.821887 35.179148
    -79.821992 35.179158
    -79.822024 35.17916
    -79.822439 35.179138
    -79.823141 35.179046
    -79.82341 35.179025
    -79.823584 35.179027
    -79.824258 35.179087
    -79.824265 35.179087
    -79.824492 35.179092
    -79.824592 35.179083
    -79.824628 35.17908
    -79.824731 35.17907
    -79.824957 35.179
    -79.825466 35.178773
    -79.825479 35.178767
    -79.825516 35.178751
    -79.826196 35.178404
    -79.826519 35.178258
    -79.826846 35.178137
    -79.827004 35.178092
    -79.82754 35.177972
    -79.827813 35.177882
    -79.828035 35.177783
    -79.828339 35.177633
    -79.828521 35.177543
    -79.828571 35.177518
    -79.82882 35.177413
    -79.828827 35.17741
    -79.829086 35.1773
    -79.829339 35.177214
    -79.829537 35.177159
    -79.829569 35.177152
    -79.829775 35.177107
    -79.830042 35.177061
    -79.830245 35.177046
    -79.831273 35.177037
    -79.831457 35.177051
    -79.831887 35.177104
    -79.831894 35.177104
    -79.831901 35.177105
    -79.832009 35.17712
    -79.832244 35.177137
    -79.832872 35.17715
    -79.833523 35.177142
    -79.833999 35.177136
    -79.834667 35.177143
    -79.835014 35.177153
    -79.835386 35.177179
    -79.835538 35.17719
    -79.835544 35.177191
    -79.835552 35.177191
    -79.836139 35.177232
    -79.836356 35.177267
    -79.836956 35.177452
    -79.837226 35.177555
    -79.837252 35.177565
    -79.837476 35.177665
    -79.837641 35.177754
    -79.837814 35.177855
    -79.837819 35.177858
    -79.83849 35.178248
    -79.838594 35.178308
    -79.838864 35.178476
    -79.839452 35.178877
    -79.83968 35.179011
    -79.839915 35.179148
    -79.840361 35.179426
    -79.841261 35.180053
    -79.841522 35.180257
    -79.841529 35.180263
    -79.841834 35.180502
    -79.841903 35.180556
    -79.842353 35.180884
    -79.842715 35.181122
    -79.843008 35.181283
    -79.843076 35.18131
    -79.843085 35.181313
    -79.843153 35.18134
    -79.843177 35.181346
    -79.843424 35.181406
    -79.843513 35.18142
    -79.843915 35.181446
    -79.844208 35.181482
    -79.844461 35.181528
    -79.844663 35.181576
    -79.844864 35.181636
    -79.8452 35.181744
    -79.845434 35.181819
    -79.846047 35.18194
    -79.846453 35.182034
    -79.846632 35.182089
    -79.846665 35.182102
    -79.846679 35.182107
    -79.846858 35.182173
    -79.847402 35.182402
    -79.847618 35.182482
    -79.848495 35.182775
    -79.848824 35.182918
    -79.849029 35.18304
    -79.849316 35.18316
    -79.849345 35.183168
    -79.849437 35.183194
    -79.849462 35.183201
    -79.849606 35.183221
    -79.849729 35.183208
    -79.849754 35.183201
    -79.849787 35.183192
    -79.849805 35.183187
    -79.84997 35.183108
    -79.84998 35.183101
    -79.85002 35.183072
    -79.850026 35.183073
    -79.850382 35.183144
    -79.851762 35.183418
    -79.854609 35.182019
    -79.858417 35.180131
    -79.858523 35.180078
    -79.860628 35.179035
    -79.861912 35.1784
    -79.867877 35.175469
    -79.872279 35.173305
    -79.874772 35.172114
    -79.89796 35.161997
    -79.898086 35.161942
    -79.898096 35.161938
    -79.898618 35.16171
    -79.901581 35.161869
    -79.901651 35.161873
    -79.901693 35.161875
    -79.901737 35.161877
    -79.901822 35.161882
    -79.901855 35.161884
    -79.901872 35.161885
    -79.902244 35.161905
    -79.902586 35.161923
    -79.909149 35.162277
    -79.909306 35.162286
    -79.909463 35.162294
    -79.909617 35.162303
    -79.909715 35.162308
    -79.914053 35.162543
    -79.9312 35.16353
    -79.93139 35.163541
    -79.944376 35.164289
    -79.945137 35.163145
    -79.945146 35.163132
    -79.948374 35.159023
    -79.948428 35.158954
    -79.948815 35.158545
    -79.949229 35.158108
    -79.949212 35.158033
    -79.94921 35.157975
    -79.949212 35.157916
    -79.949234 35.157869
    -79.949267 35.157819
    -79.949312 35.157766
    -79.949383 35.15773
    -79.950256 35.157279
    -79.951285 35.156834
    -79.951888 35.156677
    -79.953116 35.156583
    -79.953394 35.156562
    -79.95437 35.156379
    -79.954537 35.15631
    -79.957511 35.156566
    -79.958424 35.156604
    -79.959171 35.156456
    -79.959741 35.156291
    -79.960123 35.156414
    -79.961179 35.156745
    -79.961945 35.156653
    -79.962721 35.156586
    -79.963619 35.157085
    -79.964186 35.157371
    -79.965332 35.157476
    -79.969404 35.157351
    -79.970308 35.157212
    -79.971694 35.156826
    -79.972911 35.156656
    -79.973223 35.156715
    -79.973243 35.156719
    -79.97325 35.15672
    -79.973678 35.156801
    -79.97371 35.156807
    -79.973717 35.156809
    -79.973724 35.15681
    -79.974371 35.156836
    -79.97546 35.156868
    -79.976127 35.156913
    -79.977907 35.157474
    -79.980041 35.158078
    -79.981674 35.158824
    -79.983155 35.158167
    -79.983234 35.158132
    -79.983315 35.158096
    -79.983364 35.158074
    -79.984199 35.157704
    -79.985587 35.156828
    -79.987053 35.155382
    -79.987171 35.155279
    -79.986741 35.155175
    -79.987333 35.154412
    -79.987346 35.154416
    -79.988116 35.154634
    -79.988661 35.15405
    -79.988811 35.15398
    -79.990058 35.153401
    -79.990068 35.153396
    -79.990122 35.153371
    -79.990425 35.153231
    -79.993053 35.152465
    -79.995564 35.151198
    -79.998619 35.150221
    -79.99876 35.150177
    -79.998921 35.150107
    -79.999778 35.149719
    -80.00061 35.149371
    -80.000884 35.149355
    -80.001129 35.149339
    -80.001933 35.149026
    -80.002696 35.148632
    -80.003509 35.148222
    -80.004341 35.147908
    -80.004508 35.147852
    -80.004664 35.147731
    -80.0049 35.147296
    -80.005047 35.147208
    -80.005477 35.147007
    -80.005527 35.146902
    -80.005586 35.146571
    -80.005625 35.146499
    -80.005752 35.146451
    -80.006741 35.146202
    -80.007142 35.146057
    -80.007338 35.145912
    -80.007485 35.145703
    -80.008533 35.144906
    -80.008807 35.144769
    -80.009835 35.144489
    -80.010071 35.144384
    -80.010082 35.144379
    -80.010095 35.144373
    -80.010142 35.144352
    -80.011117 35.143918
    -80.014641 35.142213
    -80.017078 35.141425
    -80.017597 35.141087
    -80.018508 35.140725
    -80.018645 35.140613
    -80.018909 35.140258
    -80.019457 35.139868
    -80.019485 35.139813
    -80.019544 35.139739
    -80.019668 35.139582
    -80.020058 35.139087
    -80.020157 35.138981
    -80.020253 35.13888
    -80.020324 35.138818
    -80.020525 35.138642
    -80.021796 35.137633
    -80.021839 35.137599
    -80.021853 35.137588
    -80.021965 35.137499
    -80.022044 35.137435
    -80.022105 35.137387
    -80.022117 35.137377
    -80.022152 35.13735
    -80.02218 35.137328
    -80.023765 35.137121
    -80.024146 35.137098
    -80.024625 35.13713
    -80.025417 35.137317
    -80.026454 35.137826
    -80.026815 35.137947
    -80.027099 35.137939
    -80.027432 35.137883
    -80.027784 35.137819
    -80.028058 35.137819
    -80.028576 35.137892
    -80.029001 35.138026
    -80.029291 35.138118
    -80.029633 35.138497
    -80.029719 35.138568
    -80.02976 35.138602
    -80.030425 35.138853
    -80.031608 35.139418
    -80.031881 35.139555
    -80.032389 35.139999
    -80.032575 35.140153
    -80.03371 35.140331
    -80.034727 35.140332
    -80.0355 35.140357
    -80.036536 35.140584
    -80.037084 35.140641
    -80.038679 35.140336
    -80.039902 35.139829
    -80.040264 35.139733
    -80.041106 35.139693
    -80.04306 35.139887
    -80.043162 35.139897
    -80.044002 35.13998
    -80.050109 35.140589
    -80.053666 35.140943
    -80.058545 35.141415
    -80.061406 35.141698
    -80.06439 35.141993
    -80.071 35.142647
    -80.072023 35.142748
    -80.073706 35.142914
    -80.074554 35.142998
    -80.074644 35.143007
    -80.07539 35.143081
    -80.075125 35.143597
    -80.073529 35.146232
    -80.071648 35.149245
    -80.071286 35.14997
    -80.070335 35.152162
    -80.069648 35.153863
    -80.068757 35.155144
    -80.068189 35.155756
    -80.067337 35.156497
    -80.066534 35.156997
    -80.064949 35.157802
    -80.061239 35.159774
    -80.060612 35.160209
    -80.059261 35.161312
    -80.057468 35.163246
    -80.056861 35.164035
    -80.055409 35.16659
    -80.054045 35.170103
    -80.053064 35.172625
    -80.052985 35.173415
    -80.053302 35.178607
    -80.053556 35.17951
    -80.054063 35.180768
    -80.054435 35.181341
    -80.055314 35.182462
    -80.055461 35.182648
    -80.057886 35.185271
    -80.059235 35.18673
    -80.060466 35.188609
    -80.060799 35.18919
    -80.060955 35.189666
    -80.061208 35.190859
    -80.061305 35.191794
    -80.061186 35.194027
    -80.06094 35.195002
    -80.060832 35.195599
    -80.060802 35.196259
    -80.061035 35.19767
    -80.061715 35.200142
    -80.061747 35.200259
    -80.061917 35.200676
    -80.062032 35.200954
    -80.062188 35.201331
    -80.063077 35.202911
    -80.064221 35.204363
    -80.064376 35.204575
    -80.064408 35.204619
    -80.064413 35.204626
    -80.064453 35.204681
    -80.064704 35.205024
    -80.064813 35.205172
    -80.064825 35.205188
    -80.064831 35.205196
    -80.064836 35.205203
    -80.065061 35.205508
    -80.065355 35.206032
    -80.065381 35.206142
    -80.065382 35.206147
    -80.065383 35.206153
    -80.065385 35.206161
    -80.065387 35.206169
    -80.065419 35.206305
    -80.065466 35.206502
    -80.065541 35.20682
    -80.0659 35.207974
    -80.066144 35.209575
    -80.066562 35.211652
    -80.066924 35.212586
    -80.067784 35.214207
    -80.068243 35.214953
    -80.068322 35.215081
    -80.06838 35.215176
    -80.069076 35.216991
    -80.069181 35.217184
    -80.069799 35.218315
    -80.07106 35.220039
    -80.073875 35.224393
    -80.074189 35.224814
    -80.074298 35.22496
    -80.074311 35.224978
    -80.07432 35.22499
    -80.074324 35.224994
    -80.074329 35.225001
    -80.074364 35.225048
    -80.07511 35.226047
    -80.075246 35.226248
    -80.076012 35.226968
    -80.077398 35.228168
    -80.078036 35.228711
    -80.078758 35.229128
    -80.08187 35.230666
    -80.082353 35.230905
    -80.086074 35.232592
    -80.087131 35.233173
    -80.088561 35.234166
    -80.090136 35.23544
    -80.090174 35.235472
    -80.090253 35.235537
    -80.090801 35.235989
    -80.091467 35.236803
    -80.092006 35.237723
    -80.092289 35.238206
    -80.092768 35.239295
    -80.092993 35.240109
    -80.093843 35.24385
    -80.094283 35.245269
    -80.095006 35.247108
    -80.095877 35.249204
    -80.096274 35.250144
    -80.097251 35.252386
    -80.097649 35.253574
    -80.098185 35.255173
    -80.098411 35.258086
    -80.097871 35.261414
    -80.096364 35.26463
    -80.093992 35.268388
    -80.092241 35.271987
    -80.091768 35.275389
    -80.09265 35.279174
    -80.093651 35.282857
    -80.094142 35.28658
    -80.093966 35.287087
    -80.092888 35.290219
    -80.091424 35.292667
    -80.090469 35.294267
    -80.087045 35.299314
    -80.084695 35.302006
    -80.08382 35.303009
    -80.080483 35.307623
    -80.080354 35.308095
    -80.080237 35.308528
    -80.080208 35.308638
    -80.079537 35.311103
    -80.079916 35.314543
    -80.081958 35.318613
    -80.081938 35.321457
    -80.079372 35.325849
    -80.075182 35.331278
    -80.071086 35.335573
    -80.0676 35.33862
    -80.066335 35.340647
    -80.065873 35.343557
    -80.065958 35.345213
    -80.066387 35.353625
    -80.066371 35.357145
    -80.065388 35.360474
    -80.063439 35.361974
    -80.060616 35.362654
    -80.056742 35.364172
    -80.054138 35.365959
    -80.052666 35.367563
    -80.051624 35.36969
    -80.051225 35.371537
    -80.051739 35.372585
    -80.055167 35.375141
    -80.05564 35.375445
    -80.05565 35.375451
    -80.055658 35.375456
    -80.055694 35.375479
    -80.055748 35.375514
    -80.055903 35.375614
    -80.057925 35.377688
    -80.058815 35.379344
    -80.058823 35.379359
    -80.05897 35.379631
    -80.058995 35.379677
    -80.059033 35.379747
    -80.059139 35.379944
    -80.059241 35.380134
    -80.059328 35.380296
    -80.059428 35.380482
    -80.05978 35.381137
    -80.059787 35.381151
    -80.060824 35.383228
    -80.060873 35.383327
    -80.060918 35.383417
    -80.060932 35.383445
    -80.060936 35.383452
    -80.060939 35.383458
    -80.060947 35.383474
    -80.061457 35.384499
    -80.061466 35.384517
    -80.061479 35.384543
    -80.061498 35.384581
    -80.061515 35.384615
    -80.061521 35.384628
    -80.061524 35.384634
    -80.061531 35.384648
    -80.062271 35.386134
    -80.062757 35.386559
    -80.066137 35.389514
    -80.067198 35.390229
    -80.070923 35.392738
    -80.074262 35.394634
    -80.074743 35.394908
    -80.075033 35.395072
    -80.075423 35.395125
    -80.078323 35.395521
    -80.083904 35.395094
    -80.085084 35.396214
    -80.085556 35.396662
    -80.087272 35.398876
    -80.091993 35.400711
    -80.093711 35.40203
    -80.094102 35.403763
    -80.093718 35.405474
    -80.092083 35.409338
    -80.090513 35.412984
    -80.090119 35.415552
    -80.090458 35.416582
    -80.091481 35.418229
    -80.091592 35.41833
    -80.091813 35.418531
    -80.09258 35.419229
    -80.092831 35.419458
    -80.093082 35.419686
    -80.093097 35.419703
    -80.093116 35.419727
    -80.093127 35.419741
    -80.093148 35.419768
    -80.093272 35.419928
    -80.093744 35.420845
    -80.094189 35.421709
    -80.09463 35.422643
    -80.094662 35.422711
    -80.094665 35.422716
    -80.094667 35.422721
    -80.094682 35.422752
    -80.094691 35.422772
    -80.095114 35.423668
    -80.095939 35.425417
    -80.099077 35.428194
    -80.099718 35.428968
    -80.099986 35.429292
    -80.100004 35.429314
    -80.100009 35.42932
    -80.100491 35.429903
    -80.099835 35.431055
    -80.097714 35.43391
    -80.09696 35.436287
    -80.097468 35.438094
    -80.100225 35.440801
    -80.100923 35.441021
    -80.103562 35.441854
    -80.107025 35.442958
    -80.108656 35.44509
    -80.109381 35.448572
    -80.108872 35.45351
    -80.108165 35.457203
    -80.108495 35.459451
    -80.109914 35.460982
    -80.113694 35.463333
    -80.118251 35.465261
    -80.122604 35.466217
    -80.124774 35.466373
    -80.125899 35.466347
    -80.126882 35.466386
    -80.127639 35.466578
    -80.128327 35.466762
    -80.12934 35.467148
    -80.130137 35.46767
    -80.131132 35.468636
    -80.13247 35.469763
    -80.133445 35.470559
    -80.135425 35.472306
    -80.136537 35.473354
    -80.137007 35.473659
    -80.137016 35.473665
    -80.137023 35.473669
    -80.137454 35.473949
    -80.138289 35.474453
    -80.139293 35.474855
    -80.139921 35.475055
    -80.140393 35.47499
    -80.141092 35.474971
    -80.141869 35.474777
    -80.142839 35.474533
    -80.143574 35.47421
    -80.144638 35.473748
    -80.145025 35.473584
    -80.145263 35.473485
    -80.145322 35.47346
    -80.145366 35.473441
    -80.14541 35.473422
    -80.145454 35.473403
    -80.145474 35.473394
    -80.145494 35.473385
    -80.145513 35.473377
    -80.145735 35.47328
    -80.146016 35.473157
    -80.146297 35.473036
    -80.147722 35.472719
    -80.149117 35.472612
    -80.150218 35.472714
    -80.152362 35.473178
    -80.15439 35.473868
    -80.155806 35.474317
    -80.156878 35.474403
    -80.158569 35.474432
    -80.160103 35.47464
    -80.161736 35.475208
    -80.162741 35.476399
    -80.163747 35.478131
    -80.164269 35.478864
    -80.164801 35.479467
    -80.165865 35.480223
    -80.167488 35.480986
    -80.169171 35.481821
    -80.171474 35.482921
    -80.173295 35.48382
    -80.17483 35.484567
    -80.175751 35.485238
    -80.175763 35.485247
    -80.175774 35.485254
    -80.175779 35.485258
    -80.175824 35.48529
    -80.176243 35.485428
    -80.176534 35.485999
    -80.177037 35.486804
    -80.177473 35.488238
    -80.178125 35.489535
    -80.178747 35.490936
    -80.178828 35.491944
    -80.178939 35.492944
    -80.178962 35.494596
    -80.179122 35.495894
    -80.179203 35.497136
    -80.179531 35.498393
    -80.179798 35.499214
    -80.179986 35.499899
    -80.180311 35.500139
    -80.18186 35.503112
    -80.182682 35.504335
    -80.181662 35.504344
    -80.181368 35.504346
    -80.181145 35.504346
    -80.180922 35.504347
    -80.180582 35.504348
    -80.18054 35.504348
    -80.178398 35.504371
    -80.178114 35.504374
    -80.177845 35.504378
    -80.177816 35.504378
    -80.174299 35.504417
    -80.163445 35.504735
    -80.153721 35.504886
    -80.149715 35.504935
    -80.149496 35.504938
    -80.141956 35.505032
    -80.138007 35.505037
    -80.137992 35.505037
    -80.134146 35.505042
    -80.1296 35.505133
    -80.129592 35.505133
    -80.127827 35.505169
    -80.124773 35.505217
    -80.124773 35.505018
    -80.123561 35.505045
    -80.121579 35.50509
    -80.121364 35.505095
    -80.11856 35.505158
    -80.118286 35.505164
    -80.113375 35.505276
    -80.111051 35.505296
    -80.109367 35.50531
    -80.108923 35.505314
    -80.107909 35.505322
    -80.107298 35.505328
    -80.107284 35.505328
    -80.106517 35.505334
    -80.106408 35.505335
    -80.106011 35.505338
    -80.105802 35.50534
    -80.105663 35.505341
    -80.105251 35.505344
    -80.105029 35.505346
    -80.103868 35.505356
    -80.103734 35.505357
    -80.102947 35.505363
    -80.102731 35.505358
    -80.101565 35.505328
    -80.101315 35.505333
    -80.099939 35.505359
    -80.099851 35.505361
    -80.099165 35.505373
    -80.099158 35.505373
    -80.096938 35.505417
    -80.09533 35.505456
    -80.089979 35.505591
    -80.088489 35.505624
    -80.080992 35.505726
    -80.080814 35.505726
    -80.076741 35.505717
    -80.068436 35.505673
    -80.066842 35.505661
    -80.065626 35.505691
    -80.063712 35.505716
    -80.063665 35.50572
    -80.050258 35.505972
    -80.04263 35.506097
    -80.040524 35.506142
    -80.023273 35.506508
    -80.016761 35.506644
    -80.01321 35.506718
    -80.01112 35.506764
    -80.008746 35.506817
    -80.007799 35.506834
    -80.00695 35.506858
    -80.003351 35.506937
    -79.9956 35.507107
    -79.987001 35.507296
    -79.983617 35.50737
    -79.981946 35.507402
    -79.980754 35.507424
    -79.979283 35.507452
    -79.977253 35.507491
    -79.97538 35.507526
    -79.974958 35.507527
    -79.974204 35.507542
    -79.972201 35.50757
    -79.970799 35.507621
    -79.961656 35.507935
    -79.950468 35.508326
    -79.9409 35.508661
    -79.939811 35.508705
    -79.938028 35.508767
    -79.937046 35.508801
    -79.934329 35.508887
    -79.932372 35.508948
    -79.930348 35.509013
    -79.919602 35.509364
    -79.91851 35.5094
    -79.917693 35.509427
    -79.917476 35.509434
    -79.917218 35.509442
    -79.916085 35.509469
    -79.914611 35.509504
    -79.907428 35.509771
    -79.906762 35.509801
    -79.904759 35.509825
    -79.901482 35.509865
    -79.901452 35.509868
    -79.901363 35.509866
    -79.901027 35.509873
    -79.896878 35.509926
    -79.894958 35.509954
    -79.892653 35.509988
    -79.887899 35.510059
    -79.881539 35.510149
    -79.880434 35.510164
    -79.878942 35.510185
    -79.876988 35.510213
    -79.875547 35.510233
    -79.874167 35.510253
    -79.871022 35.510297
    -79.86979 35.510313
    -79.867358 35.510344
    -79.866159 35.510358
    -79.863003 35.510396
    -79.861343 35.510416
    -79.856371 35.510476
    -79.85426 35.510519
    -79.854183 35.510512
    -79.8541 35.510504
    -79.852875 35.510519
    -79.849965 35.510554
    -79.845886 35.510604
    -79.842875 35.510641
    -79.838388 35.510691
    -79.835931 35.510718
    -79.832907 35.510771
    -79.832229 35.510781
    -79.832201 35.510781
    -79.832149 35.510787
    -79.83143 35.510795
    -79.82806 35.510834
    -79.826478 35.510855
    -79.823468 35.510894
    -79.820652 35.510922
    -79.817471 35.510954
    -79.81507 35.510975
    -79.812786 35.510994
    -79.809148 35.51103
    -79.80622 35.511064
    -79.804573 35.511078
END
END
