37129 New Hanover County
1
    -77.936921 34.122845
    -77.93737 34.124255
    -77.937701 34.124879
    -77.93809 34.125171
    -77.940026 34.12888
    -77.94437 34.1372
    -77.945453 34.139275
    -77.945853 34.140107
    -77.946862 34.141419
    -77.948366 34.143771
    -77.949694 34.145787
    -77.951054 34.148059
    -77.952206 34.150347
    -77.95299 34.152411
    -77.953502 34.153547
    -77.953822 34.154826
    -77.954073 34.155817
    -77.954146 34.156104
    -77.954205 34.156338
    -77.954212 34.156366
    -77.954218 34.15639
    -77.954446 34.15729
    -77.954592 34.157964
    -77.95491 34.159434
    -77.955246 34.162714
    -77.955518 34.164906
    -77.956141 34.166877
    -77.95619 34.167034
    -77.957022 34.169578
    -77.95779 34.171242
    -77.95811 34.172244
    -77.958398 34.173146
    -77.95861 34.17377
    -77.958557 34.176666
    -77.958438 34.183124
    -77.95841 34.18467
    -77.957662 34.188202
    -77.957337 34.18902
    -77.956938 34.190503
    -77.95669 34.191996
    -77.956608 34.192488
    -77.956551 34.193062
    -77.956324 34.193573
    -77.955682 34.195015
    -77.956327 34.19706
    -77.956467 34.197504
    -77.957095 34.199164
    -77.959249 34.201345
    -77.959379 34.201621
    -77.959505 34.201889
    -77.959713 34.202331
    -77.959855 34.202632
    -77.959924 34.202716
    -77.960384 34.20328
    -77.960394 34.203331
    -77.96043 34.203413
    -77.960434 34.203422
    -77.960467 34.203553
    -77.960474 34.203685
    -77.960475 34.203831
    -77.960461 34.204077
    -77.960427 34.204208
    -77.960386 34.204343
    -77.960336 34.204814
    -77.960331 34.205061
    -77.960322 34.205173
    -77.960302 34.205311
    -77.960306 34.205453
    -77.960324 34.205622
    -77.960313 34.205713
    -77.960278 34.205877
    -77.960164 34.206257
    -77.960098 34.206456
    -77.960025 34.206732
    -77.96 34.206881
    -77.959916 34.207177
    -77.959871 34.207284
    -77.959778 34.207568
    -77.959746 34.207711
    -77.959732 34.207811
    -77.959703 34.207958
    -77.959627 34.208232
    -77.959616 34.208442
    -77.959625 34.208592
    -77.959645 34.208705
    -77.959678 34.208838
    -77.959717 34.208954
    -77.959742 34.209049
    -77.959762 34.209272
    -77.959749 34.209614
    -77.959603 34.210398
    -77.95956 34.210559
    -77.959508 34.210792
    -77.959458 34.210959
    -77.959399 34.211153
    -77.959367 34.211315
    -77.959358 34.211358
    -77.959267 34.21195
    -77.95925 34.212026
    -77.959248 34.212033
    -77.959235 34.212093
    -77.959128 34.212494
    -77.959117 34.212594
    -77.959133 34.21267
    -77.959142 34.212743
    -77.959063 34.213057
    -77.959024 34.213184
    -77.958943 34.213351
    -77.958595 34.214154
    -77.958562 34.214252
    -77.958556 34.214333
    -77.958523 34.214568
    -77.958503 34.214653
    -77.958496 34.214802
    -77.958396 34.214998
    -77.958286 34.215187
    -77.957984 34.215651
    -77.957677 34.216062
    -77.957615 34.216156
    -77.957545 34.21631
    -77.957472 34.21652
    -77.957452 34.216578
    -77.957394 34.21678
    -77.957339 34.216973
    -77.957148 34.217469
    -77.957105 34.21759
    -77.956998 34.217782
    -77.95686 34.217916
    -77.956811 34.217976
    -77.95678 34.21807
    -77.956764 34.218173
    -77.956758 34.218395
    -77.956747 34.218507
    -77.956685 34.218646
    -77.956574 34.218931
    -77.956548 34.219028
    -77.95651 34.219146
    -77.956364 34.219546
    -77.956331 34.219666
    -77.956251 34.219819
    -77.956125 34.220094
    -77.956015 34.220347
    -77.955959 34.220519
    -77.955877 34.220821
    -77.955854 34.220974
    -77.955736 34.221223
    -77.955606 34.221449
    -77.955538 34.221515
    -77.955503 34.221563
    -77.955468 34.221625
    -77.955452 34.221703
    -77.955474 34.22175
    -77.955497 34.221994
    -77.95549 34.222117
    -77.955479 34.222197
    -77.955444 34.222302
    -77.955425 34.222427
    -77.955384 34.222584
    -77.95528 34.222734
    -77.955005 34.223263
    -77.954955 34.223416
    -77.954938 34.223573
    -77.954873 34.223738
    -77.954847 34.22387
    -77.954741 34.22429
    -77.954595 34.224811
    -77.95444 34.224796
    -77.954105 34.226032
    -77.95403 34.226366
    -77.954032 34.226418
    -77.954058 34.22644
    -77.954408 34.22652
    -77.954675 34.226555
    -77.954827 34.226609
    -77.954763 34.226697
    -77.954721 34.226705
    -77.954678 34.226707
    -77.954484 34.226668
    -77.954266 34.226646
    -77.953904 34.226645
    -77.953829 34.226692
    -77.953742 34.22678
    -77.9536 34.227028
    -77.953533 34.227177
    -77.953459 34.227434
    -77.953477 34.227509
    -77.953516 34.22754
    -77.953689 34.227606
    -77.953912 34.227685
    -77.953921 34.227697
    -77.953964 34.227754
    -77.953955 34.227832
    -77.953943 34.227874
    -77.953947 34.227917
    -77.953983 34.227947
    -77.954009 34.228002
    -77.954003 34.228093
    -77.953919 34.228191
    -77.953907 34.228212
    -77.9539 34.228223
    -77.953835 34.228315
    -77.953789 34.228411
    -77.95377 34.228451
    -77.953698 34.228561
    -77.953586 34.22875
    -77.953474 34.228904
    -77.953167 34.229185
    -77.952966 34.229479
    -77.952892 34.229595
    -77.952661 34.229807
    -77.952578 34.229862
    -77.952516 34.229918
    -77.952483 34.230011
    -77.952452 34.230137
    -77.952393 34.230235
    -77.952372 34.230279
    -77.95237 34.230316
    -77.952415 34.230369
    -77.952458 34.230397
    -77.952545 34.230436
    -77.95258 34.230505
    -77.952575 34.23057
    -77.952554 34.230624
    -77.95249 34.2307
    -77.952393 34.230751
    -77.952317 34.230767
    -77.952227 34.230802
    -77.952193 34.230802
    -77.952175 34.230842
    -77.952175 34.230876
    -77.952188 34.230933
    -77.952227 34.230967
    -77.952265 34.231042
    -77.952273 34.231103
    -77.952265 34.231131
    -77.952225 34.231211
    -77.9522 34.231225
    -77.95216 34.231234
    -77.952112 34.231232
    -77.95206 34.231276
    -77.952056 34.231369
    -77.952089 34.231478
    -77.952106 34.231633
    -77.952093 34.2317
    -77.952073 34.231748
    -77.952016 34.231798
    -77.951972 34.231809
    -77.951841 34.231788
    -77.951771 34.231799
    -77.951741 34.231825
    -77.95172 34.231942
    -77.95172 34.23196
    -77.951753 34.232043
    -77.951745 34.232103
    -77.951718 34.232135
    -77.951669 34.232171
    -77.951629 34.232225
    -77.951625 34.232308
    -77.951628 34.232319
    -77.951639 34.232353
    -77.951643 34.232368
    -77.953214 34.232333
    -77.953229 34.232333
    -77.953337 34.23233
    -77.953502 34.232329
    -77.954067 34.232324
    -77.954676 34.232318
    -77.954678 34.232336
    -77.954736 34.232903
    -77.954893 34.234415
    -77.95636 34.234431
    -77.956375 34.234431
    -77.956389 34.234431
    -77.956406 34.234431
    -77.956421 34.234431
    -77.957793 34.234445
    -77.958434 34.235188
    -77.958699 34.235495
    -77.95877 34.235584
    -77.959131 34.236038
    -77.959132 34.23604
    -77.959133 34.236041
    -77.959134 34.236042
    -77.959176 34.236095
    -77.959278 34.236222
    -77.959298 34.236248
    -77.959556 34.236563
    -77.959562 34.236571
    -77.960454 34.237658
    -77.961195 34.238561
    -77.961234 34.23861
    -77.961273 34.238659
    -77.96193 34.239474
    -77.961867 34.239476
    -77.96016 34.239521
    -77.960098 34.239525
    -77.958323 34.239569
    -77.958266 34.23957
    -77.95781 34.239582
    -77.957781 34.239583
    -77.957615 34.239588
    -77.957449 34.239593
    -77.955982 34.239633
    -77.955881 34.239636
    -77.956067 34.239837
    -77.956185 34.239977
    -77.956601 34.240355
    -77.956737 34.240463
    -77.957042 34.240661
    -77.957084 34.240693
    -77.957108 34.240719
    -77.957151 34.240751
    -77.957413 34.240966
    -77.957419 34.240977
    -77.957488 34.241104
    -77.957865 34.24147
    -77.957872 34.241477
    -77.957968 34.24157
    -77.95808 34.241654
    -77.958163 34.241725
    -77.958337 34.241857
    -77.95846 34.241977
    -77.95857 34.242068
    -77.95867 34.242134
    -77.958825 34.242257
    -77.958948 34.242369
    -77.959084 34.242442
    -77.959208 34.242483
    -77.959309 34.242511
    -77.959545 34.242636
    -77.959693 34.242685
    -77.959892 34.242722
    -77.960276 34.242737
    -77.96077 34.242733
    -77.960924 34.242708
    -77.961003 34.242665
    -77.961088 34.242625
    -77.961287 34.242575
    -77.961506 34.242525
    -77.96166 34.242474
    -77.962132 34.242302
    -77.963153 34.241863
    -77.964089 34.241602
    -77.964273 34.241694
    -77.964379 34.241747
    -77.96509 34.242103
    -77.968491 34.242308
    -77.969491 34.244011
    -77.967993 34.245714
    -77.965195 34.247619
    -77.964996 34.249221
    -77.967797 34.252127
    -77.969998 34.25163
    -77.9717 34.248335
    -77.9731 34.247237
    -77.975196 34.249335
    -77.975202 34.249341
    -77.975207 34.249359
    -77.975208 34.249361
    -77.975209 34.249364
    -77.976204 34.253247
    -77.976207 34.253253
    -77.976225 34.253291
    -77.976226 34.253294
    -77.977806 34.256653
    -77.978808 34.260058
    -77.97886 34.260084
    -77.978863 34.260085
    -77.980409 34.26086
    -77.98561 34.259068
    -77.986361 34.259426
    -77.986516 34.2595
    -77.987712 34.260069
    -77.988912 34.262269
    -77.987912 34.264869
    -77.987512 34.268269
    -77.991012 34.270669
    -78.000812 34.271569
    -78.002012 34.273069
    -78.001112 34.274969
    -77.999312 34.276169
    -77.991412 34.278069
    -77.990312 34.278969
    -77.990212 34.281669
    -77.992512 34.283669
    -77.992599 34.283684
    -77.992606 34.283685
    -77.992612 34.283686
    -77.992614 34.283686
    -77.99262 34.283687
    -77.992622 34.283687
    -77.992623 34.283688
    -77.996512 34.284369
    -78.000012 34.283269
    -78.00481 34.28047
    -78.004812 34.280469
    -78.005912 34.281769
    -78.005514 34.283301
    -78.004612 34.286769
    -78.005912 34.288869
    -78.007813 34.290169
    -78.014313 34.289469
    -78.015913 34.290269
    -78.017113 34.292769
    -78.014213 34.302568
    -78.014813 34.307468
    -78.014572 34.308136
    -78.014571 34.308139
    -78.01457 34.308143
    -78.014569 34.308147
    -78.014568 34.308151
    -78.014567 34.308155
    -78.014566 34.308159
    -78.012993 34.312568
    -78.012705 34.312952
    -78.012545 34.313144
    -78.012321 34.313384
    -78.011969 34.313688
    -78.011489 34.314056
    -78.010577 34.314456
    -78.009633 34.31476
    -78.008515 34.315111
    -78.008514 34.315112
    -78.008511 34.315113
    -78.007489 34.315528
    -78.007265 34.315624
    -78.006929 34.316072
    -78.006657 34.316408
    -78.006401 34.316872
    -78.006225 34.317448
    -78.006161 34.318008
    -78.006177 34.318888
    -78.006241 34.319512
    -78.006625 34.320408
    -78.007217 34.321368
    -78.007281 34.321448
    -78.007969 34.322024
    -78.008657 34.322552
    -78.009537 34.322904
    -78.010224 34.323049
    -78.010449 34.323096
    -78.011102 34.323144
    -78.011105 34.323144
    -78.011792 34.323208
    -78.012721 34.323176
    -78.013617 34.323096
    -78.014257 34.323032
    -78.014372 34.323008
    -78.015009 34.322872
    -78.015825 34.322536
    -78.016737 34.32204
    -78.017745 34.321464
    -78.019041 34.320472
    -78.019905 34.31972
    -78.022465 34.318216
    -78.022913 34.318008
    -78.023617 34.317832
    -78.024273 34.317736
    -78.024929 34.317752
    -78.025633 34.317896
    -78.026033 34.317992
    -78.026212 34.318101
    -78.026401 34.318216
    -78.026929 34.318728
    -78.027201 34.319208
    -78.027457 34.319656
    -78.027521 34.320152
    -78.027393 34.320376
    -78.027249 34.320792
    -78.027089 34.321432
    -78.026913 34.322168
    -78.026817 34.322456
    -78.026593 34.32292
    -78.026576 34.322958
    -78.026449 34.32324
    -78.026225 34.323672
    -78.025953 34.324328
    -78.025697 34.324936
    -78.025617 34.32524
    -78.025617 34.325512
    -78.025601 34.326088
    -78.025585 34.326536
    -78.025585 34.327192
    -78.025697 34.327736
    -78.025823 34.328177
    -78.025921 34.32852
    -78.026289 34.329304
    -78.026561 34.329672
    -78.026977 34.330008
    -78.027521 34.3306
    -78.027985 34.330856
    -78.028149 34.330952
    -78.02815 34.330953
    -78.028156 34.330956
    -78.028449 34.331128
    -78.0285 34.331155
    -78.028962 34.3314
    -78.029458 34.331608
    -78.029922 34.331768
    -78.027839 34.332015
    -78.013969 34.333928
    -78.009678 34.334526
    -78.009526 34.334547
    -78.009373 34.334568
    -78.005362 34.335127
    -78.003689 34.335384
    -78.003813 34.335568
    -78.003213 34.335668
    -78.002922 34.33571
    -78.002873 34.335635
    -78.002785 34.335512
    -78.002733 34.335505
    -78.002574 34.335511
    -78.00254 34.335512
    -78.002506 34.335512
    -78.002465 34.335512
    -78.002607 34.335755
    -77.999667 34.336175
    -77.997504 34.336484
    -77.994115 34.336967
    -77.993457 34.337148
    -77.993323 34.337194
    -77.993768 34.337488
    -77.99482 34.33893
    -77.994871 34.33928
    -77.994896 34.339623
    -77.995073 34.340071
    -77.995107 34.341578
    -77.994928 34.342351
    -77.994642 34.342953
    -77.994174 34.343964
    -77.993711 34.344764
    -77.993155 34.345479
    -77.99221 34.346507
    -77.99092 34.34785
    -77.990313 34.348441
    -77.98988 34.34913
    -77.989465 34.349978
    -77.989048 34.350665
    -77.98836 34.351545
    -77.987672 34.352298
    -77.98708 34.352857
    -77.986183 34.353306
    -77.985352 34.353577
    -77.979847 34.355097
    -77.979078 34.355449
    -77.978758 34.355834
    -77.978535 34.356249
    -77.97839 34.356873
    -77.97823 34.357385
    -77.978022 34.357993
    -77.978358 34.358921
    -77.978726 34.359449
    -77.979173 34.359977
    -77.979766 34.360601
    -77.980437 34.361065
    -77.981109 34.361385
    -77.981638 34.361577
    -77.982405 34.361833
    -77.983557 34.362025
    -77.984901 34.362217
    -77.98618 34.362552
    -77.987333 34.362937
    -77.9881 34.363881
    -77.98834 34.365001
    -77.988451 34.366185
    -77.988404 34.36716
    -77.988355 34.368041
    -77.988243 34.368889
    -77.988179 34.369449
    -77.988051 34.370281
    -77.987666 34.371144
    -77.986995 34.372056
    -77.986114 34.372537
    -77.985139 34.372904
    -77.983922 34.37308
    -77.982658 34.373129
    -77.98149 34.372968
    -77.980161 34.372648
    -77.978433 34.372248
    -77.976689 34.372072
    -77.975553 34.372344
    -77.974369 34.372936
    -77.973328 34.373752
    -77.972543 34.374616
    -77.972103 34.375168
    -77.97166 34.37588
    -77.971138 34.376968
    -77.970268 34.377715
    -77.969679 34.378033
    -77.969127 34.378332
    -77.968026 34.378811
    -77.967542 34.379064
    -77.966299 34.379716
    -77.964657 34.381032
    -77.962957 34.382365
    -77.961885 34.382845
    -77.960854 34.382986
    -77.960204 34.382684
    -77.959507 34.382197
    -77.959191 34.381598
    -77.958943 34.380863
    -77.959034 34.378836
    -77.959313 34.377747
    -77.96001 34.376692
    -77.960291 34.376271
    -77.960598 34.37581
    -77.960638 34.37575
    -77.961153 34.375168
    -77.961311 34.374712
    -77.961535 34.374088
    -77.961663 34.373432
    -77.961423 34.372552
    -77.960943 34.371704
    -77.960143 34.370728
    -77.959311 34.369864
    -77.958543 34.369176
    -77.957807 34.368632
    -77.956863 34.36812
    -77.955951 34.367704
    -77.954911 34.367256
    -77.953759 34.366648
    -77.953039 34.365896
    -77.952351 34.365128
    -77.951774 34.364712
    -77.951038 34.364504
    -77.950654 34.36452
    -77.950398 34.364664
    -77.950254 34.36484
    -77.949982 34.365464
    -77.94971 34.366232
    -77.949566 34.367288
    -77.949678 34.36812
    -77.949918 34.369064
    -77.950094 34.369832
    -77.950062 34.370456
    -77.949726 34.371128
    -77.94907 34.371496
    -77.948398 34.371672
    -77.94739 34.371672
    -77.94627 34.371464
    -77.945502 34.37108
    -77.94443 34.370664
    -77.943358 34.370344
    -77.942174 34.370136
    -77.941118 34.370056
    -77.940446 34.370024
    -77.939902 34.369832
    -77.939486 34.369368
    -77.93923 34.368552
    -77.939262 34.367976
    -77.939582 34.367176
    -77.940174 34.366232
    -77.940798 34.365464
    -77.94123 34.364616
    -77.941246 34.363784
    -77.940894 34.36268
    -77.940126 34.361288
    -77.93955 34.360632
    -77.93883 34.359848
    -77.93787 34.359064
    -77.937166 34.358744
    -77.936318 34.358392
    -77.93563 34.35812
    -77.93499 34.358024
    -77.93427 34.358184
    -77.933598 34.358616
    -77.93323 34.359272
    -77.93323 34.360152
    -77.933534 34.361256
    -77.934126 34.36228
    -77.93427 34.362536
    -77.934574 34.363096
    -77.934926 34.363704
    -77.935102 34.364392
    -77.935118 34.365064
    -77.934926 34.365768
    -77.934462 34.3666
    -77.934078 34.367016
    -77.933598 34.367464
    -77.93307 34.367784
    -77.93219 34.36804
    -77.931726 34.368008
    -77.931294 34.3678
    -77.930846 34.367448
    -77.930574 34.366856
    -77.93051 34.365848
    -77.93083 34.364584
    -77.931342 34.36356
    -77.93179 34.362792
    -77.931966 34.36212
    -77.93179 34.361528
    -77.931294 34.36116
    -77.93043 34.361112
    -77.929581 34.361256
    -77.928781 34.361544
    -77.928157 34.361976
    -77.927277 34.362696
    -77.926333 34.363432
    -77.925229 34.36452
    -77.924365 34.365608
    -77.923357 34.366648
    -77.922333 34.367672
    -77.921357 34.36892
    -77.920765 34.369976
    -77.919997 34.371464
    -77.919469 34.372616
    -77.919069 34.373736
    -77.918493 34.37484
    -77.918197 34.375168
    -77.917752 34.375511
    -77.91733 34.375645
    -77.917079 34.375726
    -77.916988 34.375748
    -77.916514 34.375868
    -77.915756 34.375921
    -77.913969 34.375727
    -77.913937 34.375718
    -77.913027 34.375488
    -77.911697 34.375168
    -77.910845 34.374952
    -77.910557 34.37492
    -77.910269 34.374904
    -77.909901 34.374888
    -77.909549 34.374904
    -77.909069 34.37492
    -77.908749 34.374936
    -77.908429 34.375016
    -77.908045 34.375032
    -77.907753 34.375168
    -77.906874 34.375458
    -77.905275 34.37608
    -77.904357 34.3766
    -77.903596 34.377041
    -77.902737 34.377553
    -77.90219 34.37793
    -77.901751 34.37809
    -77.901158 34.378119
    -77.900605 34.377955
    -77.900375 34.377733
    -77.899958 34.37733
    -77.899706 34.376738
    -77.899353 34.375168
    -77.899388 34.374248
    -77.899372 34.373752
    -77.899356 34.37284
    -77.899372 34.371912
    -77.89942 34.371432
    -77.89942 34.371176
    -77.899449 34.370599
    -77.899445 34.369958
    -77.899633 34.369252
    -77.899678 34.368788
    -77.89985 34.368162
    -77.899895 34.36765
    -77.899909 34.367313
    -77.899683 34.366912
    -77.899391 34.366383
    -77.899342 34.366207
    -77.899036 34.365902
    -77.89881 34.365694
    -77.898601 34.365469
    -77.898295 34.365212
    -77.898069 34.36502
    -77.897924 34.364876
    -77.897666 34.364651
    -77.897644 34.36464
    -77.897321 34.364477
    -77.896805 34.364257
    -77.896445 34.364099
    -77.89574 34.363848
    -77.895228 34.363768
    -77.894252 34.36372
    -77.893164 34.363688
    -77.892364 34.36372
    -77.89174 34.36372
    -77.891356 34.363752
    -77.889981 34.363838
    -77.888675 34.364031
    -77.888433 34.364062
    -77.888316 34.364077
    -77.8882 34.364092
    -77.888064 34.36411
    -77.88704 34.364243
    -77.885655 34.364468
    -77.883898 34.364806
    -77.882447 34.365223
    -77.881142 34.365656
    -77.8799 34.366282
    -77.878689 34.367131
    -77.877671 34.368012
    -77.87683 34.368926
    -77.876038 34.369663
    -77.875504 34.370207
    -77.875067 34.370656
    -77.874777 34.370816
    -77.872354 34.372739
    -77.871466 34.373332
    -77.870773 34.373701
    -77.869096 34.374454
    -77.867432 34.375168
    -77.864669 34.376211
    -77.864017 34.3765
    -77.859723 34.379237
    -77.858642 34.379695
    -77.858049 34.379912
    -77.857183 34.380153
    -77.856454 34.380297
    -77.855608 34.38036
    -77.854422 34.380382
    -77.850426 34.380382
    -77.84712 34.380602
    -77.84469 34.380661
    -77.843805 34.380861
    -77.836632 34.383479
    -77.835103 34.384258
    -77.834402 34.384661
    -77.833497 34.385256
    -77.83299 34.385618
    -77.831968 34.386198
    -77.831549 34.386366
    -77.831111 34.386486
    -77.830625 34.386582
    -77.829507 34.386725
    -77.828057 34.387005
    -77.826161 34.387259
    -77.825801 34.387331
    -77.825022 34.387596
    -77.824418 34.387925
    -77.82397 34.388288
    -77.823102 34.389287
    -77.822995 34.389359
    -77.822893 34.389259
    -77.822773 34.389033
    -77.822371 34.387965
    -77.822358 34.387929
    -77.822291 34.387751
    -77.822238 34.387652
    -77.82205 34.387579
    -77.821757 34.387378
    -77.821407 34.387049
    -77.821148 34.386935
    -77.820907 34.386748
    -77.820821 34.386562
    -77.820734 34.38629
    -77.820679 34.38622
    -77.82055 34.385913
    -77.820467 34.385753
    -77.820608 34.385603
    -77.820792 34.385436
    -77.820802 34.384905
    -77.820866 34.384794
    -77.820871 34.384574
    -77.820654 34.384529
    -77.820465 34.384629
    -77.820206 34.384877
    -77.819885 34.385202
    -77.819517 34.385555
    -77.818914 34.385756
    -77.818231 34.385441
    -77.818036 34.385097
    -77.817858 34.384782
    -77.817732 34.384345
    -77.817725 34.383994
    -77.817235 34.383113
    -77.817189 34.382988
    -77.817144 34.382863
    -77.817058 34.38263
    -77.81694 34.382335
    -77.816675 34.382162
    -77.815865 34.381995
    -77.815618 34.381966
    -77.815256 34.381732
    -77.814877 34.381498
    -77.814493 34.38198
    -77.814068 34.382291
    -77.813775 34.382243
    -77.81362 34.382057
    -77.813486 34.381841
    -77.813425 34.381716
    -77.813137 34.381618
    -77.812942 34.381699
    -77.811845 34.382009
    -77.811064 34.381723
    -77.810892 34.381837
    -77.81053 34.382009
    -77.810275 34.381728
    -77.810235 34.381667
    -77.810126 34.381333
    -77.810186 34.38094
    -77.810002 34.380587
    -77.809933 34.380501
    -77.809411 34.380482
    -77.80906 34.380377
    -77.808911 34.380219
    -77.808772 34.380046
    -77.80871 34.379818
    -77.808434 34.379756
    -77.808193 34.379737
    -77.808107 34.379575
    -77.807878 34.378935
    -77.807671 34.378573
    -77.80751 34.378281
    -77.806631 34.377475
    -77.806407 34.377313
    -77.806201 34.377212
    -77.805678 34.37706
    -77.805333 34.376888
    -77.80488 34.37685
    -77.804639 34.376062
    -77.804603 34.375804
    -77.804613 34.375594
    -77.804702 34.375528
    -77.805018 34.375413
    -77.805142 34.37526
    -77.805059 34.37513
    -77.804972 34.374993
    -77.804949 34.374678
    -77.80496 34.37442
    -77.805109 34.37412
    -77.80527 34.373972
    -77.805488 34.373895
    -77.805793 34.373847
    -77.806379 34.373728
    -77.806465 34.373628
    -77.806562 34.373532
    -77.806683 34.373504
    -77.807045 34.373485
    -77.807234 34.37349
    -77.80736 34.373523
    -77.807504 34.373599
    -77.807762 34.373614
    -77.807854 34.373504
    -77.807923 34.373394
    -77.807935 34.373284
    -77.807923 34.373108
    -77.807906 34.372965
    -77.807935 34.372855
    -77.808009 34.372783
    -77.808073 34.372707
    -77.80821 34.372559
    -77.808365 34.372482
    -77.808802 34.372105
    -77.808957 34.371981
    -77.809019 34.371807
    -77.809067 34.371621
    -77.80925 34.371471
    -77.809248 34.371285
    -77.80925 34.371189
    -77.809336 34.371065
    -77.809373 34.370783
    -77.809371 34.370342
    -77.809463 34.370174
    -77.809577 34.370053
    -77.809555 34.369942
    -77.809496 34.369565
    -77.80946 34.369268
    -77.809504 34.369167
    -77.80962 34.369105
    -77.809703 34.369028
    -77.809773 34.368905
    -77.80982 34.368803
    -77.80995 34.368753
    -77.810215 34.368766
    -77.810267 34.368694
    -77.810314 34.368651
    -77.810382 34.368619
    -77.810433 34.368577
    -77.810474 34.36852
    -77.810535 34.368469
    -77.810605 34.368425
    -77.810682 34.368406
    -77.810829 34.368406
    -77.810939 34.368429
    -77.81097 34.368475
    -77.811003 34.368543
    -77.811098 34.368598
    -77.811211 34.368612
    -77.811324 34.368655
    -77.811472 34.36877
    -77.811549 34.368812
    -77.81162 34.368807
    -77.811742 34.36877
    -77.811911 34.368753
    -77.812013 34.368724
    -77.812236 34.368709
    -77.812321 34.368693
    -77.812432 34.36865
    -77.812532 34.368588
    -77.81263 34.368545
    -77.812738 34.368508
    -77.812829 34.368457
    -77.812886 34.368409
    -77.812986 34.368386
    -77.813082 34.368423
    -77.813173 34.368492
    -77.813259 34.36853
    -77.813386 34.368506
    -77.813525 34.368457
    -77.813691 34.368422
    -77.81383 34.368387
    -77.81392 34.368344
    -77.814005 34.368282
    -77.814034 34.368214
    -77.814079 34.368126
    -77.814133 34.368057
    -77.814361 34.367871
    -77.814471 34.367771
    -77.814576 34.367656
    -77.814733 34.367466
    -77.814744 34.367398
    -77.814749 34.367325
    -77.814828 34.367328
    -77.814884 34.367348
    -77.814957 34.367366
    -77.815037 34.367349
    -77.815169 34.367205
    -77.815159 34.367161
    -77.815181 34.367052
    -77.815179 34.367028
    -77.815176 34.366995
    -77.815169 34.366977
    -77.81502 34.366696
    -77.814932 34.366563
    -77.814744 34.36631
    -77.814631 34.36618
    -77.814508 34.366073
    -77.814288 34.365896
    -77.814213 34.365822
    -77.814148 34.36575
    -77.813983 34.365584
    -77.813878 34.365527
    -77.813768 34.36551
    -77.813647 34.365517
    -77.813542 34.365544
    -77.813423 34.36556
    -77.813332 34.36556
    -77.813223 34.365572
    -77.813126 34.365538
    -77.813048 34.365468
    -77.812936 34.365382
    -77.812827 34.365347
    -77.812656 34.365341
    -77.812531 34.365345
    -77.812509 34.365349
    -77.812457 34.365332
    -77.812376 34.365309
    -77.812338 34.365283
    -77.812277 34.365251
    -77.812224 34.365199
    -77.812162 34.365102
    -77.812128 34.365041
    -77.81209 34.365033
    -77.812228 34.364764
    -77.812293 34.364698
    -77.812314 34.364682
    -77.812533 34.364589
    -77.812672 34.364489
    -77.812774 34.364451
    -77.812809 34.364433
    -77.812837 34.364411
    -77.812861 34.364385
    -77.812893 34.364327
    -77.812925 34.364248
    -77.812935 34.364196
    -77.812933 34.364096
    -77.812907 34.363989
    -77.812882 34.363949
    -77.812828 34.363907
    -77.812817 34.363876
    -77.81282 34.363843
    -77.812866 34.363744
    -77.812881 34.363699
    -77.812898 34.363612
    -77.812897 34.36357
    -77.812884 34.363525
    -77.812864 34.363486
    -77.812794 34.363393
    -77.812776 34.36336
    -77.812764 34.363316
    -77.81273 34.363111
    -77.81268 34.362905
    -77.812667 34.362752
    -77.812658 34.362717
    -77.812625 34.362643
    -77.812585 34.36258
    -77.812541 34.362532
    -77.812428 34.362448
    -77.812408 34.362427
    -77.812277 34.362217
    -77.812256 34.362127
    -77.812247 34.362022
    -77.812222 34.361883
    -77.8122 34.361813
    -77.812154 34.361694
    -77.812107 34.361534
    -77.812104 34.361466
    -77.812115 34.361396
    -77.812138 34.361331
    -77.81221 34.361183
    -77.812251 34.361142
    -77.812316 34.3611
    -77.812417 34.361044
    -77.812479 34.360999
    -77.812548 34.36094
    -77.812599 34.360873
    -77.812521 34.360646
    -77.812463 34.360529
    -77.812383 34.360406
    -77.812327 34.360337
    -77.812229 34.360214
    -77.812178 34.360159
    -77.812075 34.36006
    -77.811983 34.359956
    -77.811898 34.359803
    -77.811883 34.359755
    -77.811881 34.359684
    -77.81189 34.359601
    -77.811913 34.359534
    -77.81193 34.359502
    -77.811958 34.359464
    -77.812063 34.359351
    -77.812131 34.359291
    -77.812177 34.35923
    -77.812189 34.359196
    -77.812188 34.359125
    -77.812161 34.358906
    -77.812152 34.358874
    -77.812135 34.358837
    -77.812088 34.358762
    -77.812045 34.35871
    -77.811767 34.358454
    -77.811507 34.358236
    -77.811374 34.358154
    -77.811211 34.358029
    -77.810531 34.357391
    -77.810434 34.3573
    -77.807588 34.354629
    -77.80697 34.354024
    -77.804198 34.351452
    -77.803868 34.351146
    -77.803746 34.351032
    -77.798205 34.345906
    -77.795843 34.343721
    -77.795479 34.343385
    -77.7951 34.343035
    -77.792934 34.340968
    -77.792635 34.341213
    -77.792065 34.340873
    -77.792479 34.340534
    -77.792184 34.340252
    -77.790561 34.338394
    -77.789429 34.337098
    -77.785987 34.333159
    -77.785585 34.332699
    -77.78486 34.331905
    -77.781814 34.328572
    -77.77845 34.325806
    -77.769696 34.318609
    -77.769428 34.318417
    -77.76934 34.318351
    -77.769271 34.318282
    -77.765738 34.315405
    -77.763919 34.314076
    -77.763634 34.313867
    -77.763513 34.313777
    -77.763297 34.313629
    -77.7632 34.313563
    -77.761823 34.312606
    -77.760851 34.311679
    -77.760849 34.311678
    -77.76047 34.311318
    -77.759354 34.310275
    -77.759297 34.31022
    -77.75879 34.309744
    -77.758739 34.309697
    -77.758635 34.3096
    -77.758584 34.309552
    -77.755233 34.306415
    -77.755229 34.306412
    -77.755018 34.306215
    -77.754804 34.306015
    -77.753237 34.304553
    -77.75199 34.303401
    -77.751488 34.303279
    -77.751299 34.303196
    -77.750134 34.302687
    -77.749693 34.302809
    -77.748326 34.303186
    -77.748266 34.3032
    -77.748072 34.303246
    -77.747877 34.303292
    -77.747742 34.30294
    -77.747597 34.302788
    -77.747325 34.302158
    -77.746738 34.301619
    -77.745892 34.301169
    -77.744763 34.300953
    -77.743308 34.301014
    -77.742512 34.301349
    -77.742436 34.301381
    -77.74236 34.301413
    -77.742202 34.301427
    -77.741893 34.301454
    -77.741352 34.301559
    -77.740762 34.301547
    -77.740276 34.30159
    -77.739853 34.301137
    -77.739772 34.300826
    -77.739743 34.300716
    -77.739784 34.300523
    -77.739826 34.300376
    -77.739895 34.300142
    -77.740557 34.299513
    -77.740874 34.298877
    -77.741195 34.297983
    -77.741248 34.297741
    -77.741296 34.297527
    -77.741458 34.297018
    -77.741469 34.296376
    -77.741296 34.295748
    -77.741079 34.295339
    -77.740766 34.294749
    -77.740121 34.293722
    -77.739657 34.293238
    -77.739051 34.29274
    -77.738093 34.292228
    -77.737442 34.292248
    -77.736491 34.292601
    -77.735299 34.293206
    -77.733768 34.293886
    -77.732729 34.294094
    -77.731638 34.293914
    -77.729772 34.29292
    -77.728787 34.29252
    -77.727472 34.292389
    -77.726238 34.292469
    -77.725178 34.292709
    -77.724024 34.293176
    -77.723923 34.293294
    -77.723044 34.293664
    -77.72266 34.293959
    -77.722406 34.294018
    -77.722147 34.294034
    -77.721852 34.294094
    -77.72099 34.29452
    -77.719872 34.295123
    -77.719342 34.295409
    -77.718963 34.295404
    -77.718553 34.295228
    -77.718387 34.295092
    -77.718197 34.294935
    -77.717625 34.294376
    -77.715816 34.292622
    -77.714842 34.291677
    -77.714466 34.291313
    -77.714379 34.291228
    -77.714378 34.291227
    -77.714332 34.291167
    -77.714219 34.291007
    -77.714109 34.290861
    -77.713975 34.290714
    -77.713419 34.290152
    -77.675276 34.25313
    -77.680321 34.250169
    -77.682935 34.24894
    -77.686547 34.247643
    -77.691093 34.245744
    -77.693417 34.242997
    -77.700826 34.235999
    -77.702421 34.233114
    -77.705897 34.227211
    -77.706005 34.227039
    -77.709288 34.221813
    -77.712623 34.218968
    -77.716896 34.214882
    -77.722953 34.209997
    -77.724325 34.203783
    -77.727113 34.197271
    -77.730756 34.189788
    -77.734093 34.186237
    -77.739828 34.180542
    -77.743928 34.177767
    -77.74742 34.175594
    -77.747305 34.174349
    -77.747121 34.171021
    -77.749306 34.163331
    -77.749702 34.161214
    -77.749702 34.161446
    -77.753507 34.155469
    -77.753791 34.155023
    -77.764377 34.146842
    -77.774966 34.138665
    -77.785555 34.125171
    -77.78531 34.125171
    -77.788031 34.119562
    -77.792335 34.109698
    -77.800253 34.090712
    -77.807795 34.075934
    -77.811523 34.068763
    -77.813741 34.064157
    -77.819711 34.051762
    -77.824617 34.040652
    -77.830206 34.030283
    -77.837138 34.012373
    -77.840419 34.004207
    -77.842041 34.000173
    -77.840936 34.000173
    -77.848873 33.978199
    -77.855252 33.960095
    -77.858395 33.954776
    -77.862169 33.948609
    -77.862537 33.940769
    -77.863534 33.93467
    -77.867736 33.927589
    -77.874706 33.919612
    -77.884519 33.90367
    -77.885189 33.900608
    -77.885265 33.895769
    -77.886109 33.891195
    -77.886143 33.891119
    -77.88723 33.888669
    -77.889272 33.886004
    -77.891458 33.882331
    -77.894246 33.878655
    -77.894316 33.875175
    -77.895107 33.867305
    -77.895646 33.863908
    -77.897775 33.857371
    -77.89897 33.854639
    -77.898975 33.848528
    -77.897812 33.846593
    -77.896654 33.842711
    -77.895775 33.838792
    -77.895307 33.835305
    -77.895496 33.830401
    -77.895889 33.825629
    -77.896782 33.81971
    -77.895322 33.814757
    -77.89453 33.811106
    -77.893686 33.804702
    -77.89426 33.798887
    -77.895202 33.793371
    -77.896659 33.787547
    -77.897011 33.7868
    -77.921318 33.875175
    -77.923748 33.883337
    -77.926178 33.891499
    -77.928053 33.897796
    -77.929928 33.904093
    -77.931703 33.910054
    -77.932512 33.912772
    -77.937008 33.927874
    -77.937053 33.928089
    -77.937116 33.928155
    -77.937105 33.928243
    -77.937214 33.928446
    -77.937214 33.928548
    -77.937308 33.928571
    -77.937314 33.928653
    -77.937414 33.928852
    -77.937412 33.92905
    -77.937511 33.929348
    -77.937609 33.929647
    -77.937608 33.929944
    -77.937705 33.930344
    -77.937805 33.930642
    -77.937902 33.931238
    -77.937999 33.931834
    -77.938097 33.932133
    -77.938107 33.932189
    -77.938209 33.932774
    -77.938409 33.933374
    -77.938509 33.933774
    -77.938555 33.933958
    -77.938609 33.934173
    -77.9387 33.934629
    -77.938709 33.934673
    -77.938742 33.934789
    -77.938909 33.935373
    -77.93903 33.935693
    -77.93907 33.9358
    -77.939111 33.935906
    -77.939113 33.935912
    -77.939186 33.936103
    -77.939516 33.937064
    -77.939713 33.937991
    -77.939805 33.938635
    -77.939873 33.938866
    -77.939888 33.938917
    -77.939928 33.939035
    -77.939967 33.939153
    -77.940039 33.939367
    -77.9401 33.939546
    -77.940141 33.939669
    -77.940142 33.939672
    -77.940143 33.939673
    -77.940148 33.939688
    -77.940155 33.93971
    -77.940234 33.939946
    -77.940408 33.94057
    -77.940435 33.940667
    -77.940531 33.941054
    -77.940573 33.941225
    -77.940615 33.941396
    -77.940706 33.941856
    -77.940851 33.94237
    -77.940862 33.942409
    -77.940898 33.942536
    -77.941106 33.943578
    -77.941332 33.944391
    -77.941336 33.944407
    -77.941352 33.944465
    -77.94136 33.944494
    -77.941361 33.944497
    -77.941363 33.944503
    -77.941365 33.944511
    -77.941398 33.944628
    -77.941402 33.944646
    -77.941402 33.944648
    -77.941418 33.944723
    -77.941531 33.945283
    -77.941546 33.945353
    -77.94161 33.945676
    -77.941611 33.945682
    -77.941764 33.946217
    -77.941802 33.94635
    -77.941804 33.946356
    -77.941806 33.946361
    -77.941824 33.946418
    -77.942003 33.94696
    -77.942204 33.947464
    -77.942277 33.94768
    -77.94237 33.947956
    -77.942463 33.948232
    -77.942466 33.948241
    -77.942467 33.948243
    -77.942467 33.948245
    -77.942468 33.948248
    -77.942473 33.948264
    -77.942528 33.948431
    -77.942608 33.948673
    -77.942659 33.948876
    -77.942673 33.948931
    -77.942677 33.948947
    -77.942683 33.948968
    -77.942692 33.949005
    -77.942795 33.949412
    -77.942812 33.949484
    -77.942828 33.949555
    -77.942852 33.949664
    -77.942871 33.949756
    -77.942872 33.949761
    -77.942875 33.949776
    -77.942877 33.949784
    -77.942879 33.949793
    -77.942885 33.949821
    -77.942976 33.950248
    -77.943178 33.951077
    -77.943387 33.952207
    -77.943595 33.953132
    -77.943803 33.953853
    -77.943928 33.954289
    -77.943937 33.954321
    -77.944009 33.954573
    -77.944209 33.955073
    -77.944408 33.955673
    -77.944608 33.956174
    -77.944808 33.956673
    -77.944908 33.957174
    -77.945108 33.957674
    -77.945307 33.958274
    -77.945311 33.958291
    -77.945312 33.958295
    -77.945433 33.958838
    -77.945445 33.958892
    -77.945483 33.959006
    -77.945595 33.959337
    -77.945597 33.959343
    -77.945607 33.959374
    -77.945708 33.960074
    -77.945908 33.960773
    -77.946109 33.961473
    -77.946414 33.962185
    -77.946609 33.962973
    -77.946809 33.963673
    -77.946909 33.964373
    -77.947109 33.965073
    -77.947209 33.965673
    -77.947409 33.966273
    -77.947509 33.966873
    -77.947609 33.967373
    -77.947709 33.967873
    -77.947809 33.968373
    -77.948009 33.968873
    -77.948109 33.969373
    -77.948309 33.969873
    -77.948409 33.970373
    -77.948409 33.970673
    -77.948509 33.970873
    -77.948509 33.971273
    -77.948509 33.971573
    -77.948309 33.971673
    -77.948109 33.972073
    -77.948009 33.972273
    -77.947709 33.972973
    -77.947409 33.973573
    -77.947109 33.974073
    -77.946709 33.974673
    -77.946109 33.975473
    -77.945509 33.976273
    -77.945109 33.977073
    -77.944609 33.977673
    -77.944109 33.978373
    -77.943609 33.978973
    -77.943109 33.979673
    -77.942809 33.980173
    -77.942409 33.980773
    -77.942109 33.981273
    -77.941909 33.981673
    -77.941709 33.982173
    -77.941509 33.982573
    -77.941209 33.983173
    -77.941109 33.983673
    -77.941009 33.984073
    -77.940809 33.984773
    -77.940709 33.985173
    -77.940609 33.985473
    -77.940509 33.985873
    -77.940409 33.986373
    -77.940409 33.986673
    -77.940309 33.987173
    -77.940209 33.987773
    -77.940109 33.988573
    -77.940009 33.989173
    -77.940009 33.989773
    -77.939962 33.989962
    -77.939954 33.989994
    -77.939809 33.990573
    -77.939713 33.991441
    -77.939712 33.991446
    -77.939709 33.991473
    -77.939697 33.991543
    -77.939609 33.992073
    -77.939511 33.992856
    -77.939409 33.993773
    -77.939309 33.994473
    -77.939209 33.995173
    -77.939176 33.995576
    -77.939053 33.995843
    -77.93902 33.99625
    -77.938781 33.996716
    -77.938648 33.99712
    -77.938515 33.997523
    -77.938388 33.997859
    -77.938328 33.998277
    -77.937934 33.998507
    -77.937956 33.998662
    -77.937875 33.998775
    -77.937764 33.998915
    -77.937646 33.999085
    -77.937527 33.999182
    -77.937512 33.999199
    -77.937435 33.9993
    -77.937383 33.999401
    -77.937294 33.999474
    -77.93723 33.999595
    -77.937209 33.999769
    -77.937164 33.99997
    -77.937154 34.000062
    -77.937142 34.000176
    -77.937109 34.000345
    -77.937078 34.000537
    -77.937046 34.000778
    -77.93701 34.000996
    -77.936945 34.001218
    -77.936914 34.001441
    -77.936908 34.001687
    -77.936834 34.001881
    -77.936733 34.002095
    -77.936647 34.002303
    -77.936566 34.002531
    -77.93651 34.002763
    -77.936432 34.002872
    -77.936393 34.002983
    -77.936405 34.003038
    -77.936431 34.003166
    -77.936406 34.003183
    -77.936372 34.003231
    -77.936413 34.003416
    -77.936291 34.00375
    -77.936236 34.003929
    -77.936217 34.004072
    -77.936232 34.00416
    -77.936272 34.00421
    -77.93621 34.004267
    -77.936161 34.004326
    -77.936218 34.004478
    -77.936215 34.004558
    -77.936195 34.004638
    -77.936119 34.00469
    -77.936098 34.004704
    -77.935967 34.004811
    -77.935866 34.004873
    -77.935755 34.004968
    -77.935419 34.007475
    -77.935327 34.008164
    -77.93532 34.008214
    -77.934367 34.014413
    -77.934032 34.016592
    -77.933954 34.017108
    -77.933953 34.017108
    -77.933516 34.020359
    -77.932687 34.026636
    -77.932416 34.028489
    -77.932305 34.029568
    -77.931603 34.036381
    -77.9312 34.044706
    -77.930956 34.050324
    -77.930954 34.050367
    -77.930937 34.050793
    -77.931103 34.058884
    -77.931287 34.060322
    -77.931318 34.060564
    -77.931737 34.064886
    -77.931737 34.064889
    -77.931836 34.065684
    -77.93221 34.068677
    -77.932221 34.068764
    -77.932337 34.070018
    -77.933083 34.074891
    -77.933743 34.078421
    -77.933713 34.079667
    -77.934398 34.085351
    -77.934623 34.087218
    -77.935012 34.094205
    -77.935222 34.097966
    -77.936914 34.122822
    -77.936921 34.122845
END
END
