37131 Northampton County
1
    -77.587085 36.545257
    -77.576406 36.54519
    -77.576372 36.54519
    -77.576162 36.545189
    -77.576075 36.545189
    -77.574818 36.545182
    -77.573602 36.545175
    -77.57005 36.545158
    -77.568839 36.545157
    -77.56881 36.545157
    -77.55917 36.545143
    -77.556516 36.545141
    -77.553662 36.545137
    -77.548959 36.545177
    -77.544097 36.545182
    -77.536572 36.54519
    -77.533043 36.545193
    -77.53034 36.545196
    -77.530027 36.545195
    -77.528197 36.545196
    -77.527588 36.545195
    -77.517977 36.545195
    -77.510636 36.545217
    -77.509728 36.545213
    -77.504231 36.5452
    -77.499693 36.545202
    -77.498709 36.545029
    -77.49861 36.545029
    -77.497641 36.54503
    -77.490078 36.545022
    -77.482433 36.545013
    -77.479644 36.544954
    -77.478441 36.544949
    -77.47445 36.544933
    -77.466047 36.544901
    -77.463311 36.544895
    -77.459412 36.544896
    -77.458667 36.544908
    -77.458234 36.544914
    -77.457358 36.544912
    -77.449212 36.544839
    -77.44801 36.544838
    -77.44659 36.544839
    -77.431994 36.54484
    -77.412505 36.544785
    -77.412427 36.544785
    -77.401107 36.544763
    -77.400886 36.544761
    -77.400838 36.54476
    -77.400693 36.544756
    -77.392124 36.544728
    -77.374695 36.544679
    -77.372744 36.544639
    -77.372351 36.544643
    -77.367293 36.544688
    -77.341779 36.544916
    -77.337354 36.544964
    -77.336338 36.544959
    -77.331455 36.544934
    -77.329576 36.544925
    -77.327175 36.54491
    -77.325889 36.544904
    -77.322554 36.544904
    -77.322349 36.544904
    -77.321929 36.544904
    -77.320398 36.544905
    -77.319895 36.544903
    -77.318886 36.544907
    -77.305366 36.54484
    -77.300916 36.544828
    -77.296875 36.544815
    -77.294903 36.544851
    -77.289888 36.544838
    -77.283786 36.544826
    -77.27938 36.544818
    -77.266238 36.544783
    -77.266194 36.544785
    -77.253055 36.544752
    -77.25298 36.544752
    -77.251795 36.544749
    -77.249738 36.544745
    -77.248408 36.544729
    -77.247875 36.544723
    -77.244348 36.544681
    -77.236202 36.544689
    -77.228603 36.544651
    -77.226182 36.544652
    -77.221538 36.544648
    -77.219833 36.544647
    -77.214995 36.544624
    -77.212784 36.544614
    -77.210204 36.544603
    -77.20497 36.544601
    -77.203548 36.544753
    -77.198603 36.545282
    -77.191575 36.546037
    -77.191495 36.546042
    -77.190109 36.54617
    -77.183983 36.546554
    -77.182411 36.546599
    -77.16966 36.547315
    -77.169334 36.547252
    -77.168828 36.547155
    -77.1645 36.54633
    -77.164268 36.546048
    -77.164098 36.545202
    -77.164183 36.544882
    -77.16407 36.544493
    -77.163786 36.544218
    -77.161999 36.543553
    -77.161631 36.543278
    -77.161262 36.542706
    -77.160837 36.542225
    -77.160411 36.541927
    -77.160071 36.541882
    -77.159646 36.542065
    -77.159135 36.542637
    -77.158653 36.542934
    -77.158114 36.543026
    -77.157887 36.54298
    -77.157688 36.542751
    -77.157688 36.542362
    -77.158142 36.541767
    -77.158143 36.54076
    -77.157774 36.54021
    -77.157207 36.539935
    -77.156583 36.540027
    -77.156044 36.540507
    -77.156072 36.540622
    -77.155391 36.541194
    -77.154796 36.541331
    -77.154455 36.541285
    -77.15403 36.54101
    -77.153803 36.540553
    -77.153265 36.539957
    -77.152726 36.539751
    -77.152244 36.53982
    -77.151903 36.540071
    -77.151648 36.540529
    -77.151222 36.540666
    -77.150995 36.540575
    -77.150882 36.540414
    -77.151052 36.539911
    -77.151108 36.538812
    -77.151421 36.538423
    -77.151874 36.53824
    -77.152498 36.538652
    -77.15298 36.538744
    -77.153236 36.538675
    -77.153321 36.538515
    -77.153378 36.538058
    -77.153123 36.537668
    -77.152811 36.537485
    -77.151846 36.537416
    -77.15074 36.53721
    -77.149748 36.536752
    -77.149266 36.53634
    -77.149209 36.536179
    -77.149266 36.535516
    -77.149182 36.534898
    -77.148643 36.534348
    -77.148615 36.534165
    -77.148728 36.533982
    -77.149125 36.533753
    -77.150175 36.533639
    -77.150742 36.533365
    -77.150743 36.531808
    -77.15046 36.530687
    -77.150545 36.530458
    -77.150687 36.530366
    -77.151169 36.530275
    -77.151991 36.530389
    -77.15236 36.530185
    -77.15253 36.529864
    -77.152587 36.529475
    -77.152247 36.528743
    -77.151368 36.528171
    -77.150113 36.527684
    -77.150101 36.527679
    -77.149951 36.527621
    -77.149072 36.527117
    -77.148562 36.526636
    -77.14859 36.525949
    -77.148988 36.5254
    -77.149016 36.525171
    -77.148789 36.525125
    -77.14618 36.525239
    -77.145216 36.525124
    -77.144791 36.524941
    -77.144394 36.52446
    -77.143912 36.524208
    -77.14187 36.524345
    -77.139347 36.524322
    -77.137022 36.524046
    -77.135349 36.523656
    -77.133847 36.523129
    -77.131749 36.522556
    -77.131324 36.52235
    -77.129764 36.521182
    -77.128517 36.519762
    -77.128121 36.519144
    -77.128092 36.518915
    -77.127327 36.518251
    -77.126874 36.518205
    -77.12659 36.518251
    -77.126249 36.518662
    -77.126164 36.519051
    -77.125823 36.519646
    -77.125511 36.519829
    -77.124687 36.519919
    -77.123663 36.520078
    -77.122898 36.520582
    -77.122416 36.520582
    -77.122104 36.520376
    -77.122046 36.519621
    -77.121848 36.519369
    -77.121677 36.519278
    -77.12111 36.519347
    -77.120827 36.519622
    -77.120856 36.520217
    -77.121537 36.520995
    -77.12165 36.521201
    -77.121651 36.521819
    -77.121396 36.522597
    -77.121056 36.52278
    -77.120007 36.522895
    -77.119242 36.523193
    -77.118674 36.523193
    -77.118107 36.522873
    -77.117539 36.522164
    -77.117199 36.521981
    -77.115696 36.522142
    -77.115186 36.522119
    -77.114306 36.521776
    -77.113966 36.521387
    -77.113994 36.520907
    -77.114107 36.520655
    -77.115071 36.519785
    -77.114985 36.519235
    -77.114531 36.518549
    -77.114077 36.518366
    -77.112915 36.518206
    -77.109029 36.516972
    -77.108036 36.516789
    -77.107157 36.516744
    -77.105201 36.516767
    -77.103046 36.516951
    -77.102592 36.517226
    -77.102593 36.517867
    -77.10265 36.518073
    -77.103331 36.518851
    -77.103501 36.519995
    -77.103672 36.52043
    -77.103615 36.521002
    -77.10336 36.521071
    -77.102679 36.520842
    -77.101942 36.519973
    -77.101006 36.519309
    -77.100467 36.518783
    -77.099842 36.518097
    -77.099757 36.517799
    -77.099445 36.517433
    -77.098764 36.517136
    -77.097177 36.517136
    -77.096524 36.516885
    -77.096269 36.516679
    -77.095985 36.516587
    -77.095645 36.51661
    -77.095418 36.516725
    -77.094256 36.517961
    -77.093718 36.51819
    -77.092867 36.518351
    -77.092555 36.518236
    -77.091619 36.517641
    -77.090144 36.516955
    -77.089577 36.516589
    -77.088499 36.515605
    -77.088414 36.515445
    -77.087932 36.514941
    -77.08796 36.51485
    -77.087563 36.514094
    -77.087136 36.513728
    -77.086626 36.513637
    -77.086031 36.514026
    -77.085407 36.514209
    -77.08518 36.514209
    -77.084897 36.514026
    -77.08484 36.513775
    -77.084471 36.5135
    -77.083422 36.513317
    -77.083138 36.51318
    -77.083167 36.512745
    -77.08328 36.512607
    -77.083166 36.51231
    -77.082543 36.511738
    -77.082429 36.511257
    -77.082429 36.509907
    -77.082825 36.508602
    -77.083222 36.507755
    -77.083279 36.507457
    -77.083165 36.50732
    -77.082598 36.507343
    -77.082173 36.507801
    -77.081748 36.508144
    -77.081351 36.508236
    -77.081039 36.508053
    -77.080897 36.507641
    -77.08101 36.507092
    -77.081152 36.50684
    -77.081719 36.506313
    -77.082739 36.505878
    -77.083335 36.505466
    -77.083675 36.505374
    -77.084299 36.505649
    -77.084809 36.505649
    -77.085234 36.505397
    -77.085376 36.505168
    -77.085347 36.504481
    -77.085205 36.504024
    -77.084723 36.503291
    -77.084411 36.502788
    -77.084156 36.501552
    -77.084184 36.500751
    -77.084496 36.500575
    -77.085771 36.500564
    -77.085771 36.500152
    -77.084897 36.499628
    -77.083763 36.498918
    -77.08192 36.498118
    -77.081211 36.497523
    -77.080842 36.497088
    -77.080219 36.496584
    -77.079822 36.496447
    -77.07934 36.49647
    -77.078433 36.497065
    -77.078234 36.497569
    -77.077724 36.497615
    -77.077497 36.497478
    -77.07744 36.496814
    -77.077355 36.496745
    -77.077299 36.496493
    -77.07676 36.496127
    -77.076391 36.496036
    -77.075172 36.496059
    -77.074265 36.496471
    -77.073982 36.49686
    -77.074209 36.497226
    -77.074861 36.497684
    -77.07506 36.498004
    -77.075003 36.498279
    -77.074719 36.498645
    -77.074323 36.498966
    -77.074153 36.499332
    -77.073954 36.499515
    -77.073614 36.499561
    -77.073245 36.499332
    -77.073075 36.499081
    -77.07299 36.4986
    -77.07282 36.498348
    -77.072225 36.497867
    -77.071516 36.497547
    -77.071091 36.497524
    -77.070722 36.497753
    -77.070524 36.498028
    -77.070467 36.498623
    -77.070212 36.498898
    -77.069872 36.498921
    -77.069645 36.498738
    -77.069446 36.498371
    -77.068908 36.497776
    -77.068341 36.497433
    -77.067689 36.49725
    -77.06664 36.497227
    -77.0663 36.496998
    -77.066413 36.496541
    -77.067292 36.495671
    -77.067348 36.49551
    -77.067717 36.495213
    -77.068 36.495167
    -77.069219 36.495258
    -77.069531 36.495144
    -77.069701 36.494915
    -77.069786 36.494595
    -77.069389 36.494114
    -77.069162 36.494
    -77.069021 36.493839
    -77.068709 36.493748
    -77.067291 36.492855
    -77.066979 36.492558
    -77.066979 36.491963
    -77.067121 36.491642
    -77.067971 36.490932
    -77.068198 36.4902
    -77.068991 36.489696
    -77.069105 36.489513
    -77.069105 36.489078
    -77.068765 36.488666
    -77.068736 36.488369
    -77.06885 36.488186
    -77.068793 36.487545
    -77.068538 36.487293
    -77.068141 36.487179
    -77.067744 36.487224
    -77.066752 36.487591
    -77.066355 36.487591
    -77.066185 36.487385
    -77.0661 36.486996
    -77.06627 36.486629
    -77.067375 36.485393
    -77.067545 36.485073
    -77.067488 36.484546
    -77.06729 36.484295
    -77.066638 36.483974
    -77.066383 36.483768
    -77.066269 36.483196
    -77.066383 36.482967
    -77.066723 36.482715
    -77.067261 36.482692
    -77.067998 36.482944
    -77.068622 36.483333
    -77.069699 36.483745
    -77.070464 36.483768
    -77.070663 36.483699
    -77.07089 36.483493
    -77.071059 36.482806
    -77.070861 36.482349
    -77.070549 36.481982
    -77.070152 36.48109
    -77.070152 36.480609
    -77.070237 36.480197
    -77.070464 36.479831
    -77.070832 36.479556
    -77.071767 36.47951
    -77.072476 36.479785
    -77.07395 36.481066
    -77.074687 36.481272
    -77.074914 36.481135
    -77.075027 36.480952
    -77.075084 36.480265
    -77.074828 36.479556
    -77.074006 36.478686
    -77.073978 36.478388
    -77.07412 36.478274
    -77.074573 36.478251
    -77.07531 36.478663
    -77.07582 36.479052
    -77.076075 36.479395
    -77.076274 36.479876
    -77.076246 36.480562
    -77.076387 36.480677
    -77.076671 36.480677
    -77.077011 36.480471
    -77.078059 36.478891
    -77.078399 36.4788
    -77.078995 36.478914
    -77.079845 36.478891
    -77.080298 36.478479
    -77.080978 36.476853
    -77.081573 36.476785
    -77.082565 36.477036
    -77.082792 36.476876
    -77.08282 36.476647
    -77.082196 36.476212
    -77.081998 36.476189
    -77.081374 36.4758
    -77.081232 36.475549
    -77.081232 36.47516
    -77.081346 36.474679
    -77.08245 36.473099
    -77.083187 36.472481
    -77.083782 36.472504
    -77.084066 36.472733
    -77.084122 36.472985
    -77.084151 36.473213
    -77.084264 36.473305
    -77.084293 36.473671
    -77.084434 36.474037
    -77.084548 36.474678
    -77.084775 36.475296
    -77.085143 36.475571
    -77.085739 36.475479
    -77.085937 36.475342
    -77.086249 36.474998
    -77.086503 36.47454
    -77.087155 36.473876
    -77.087495 36.473808
    -77.088034 36.473945
    -77.088459 36.473945
    -77.08911 36.473807
    -77.089535 36.473555
    -77.089989 36.472983
    -77.090924 36.472205
    -77.091547 36.471907
    -77.091887 36.471884
    -77.092227 36.472181
    -77.092256 36.472342
    -77.092596 36.472685
    -77.093078 36.472707
    -77.093418 36.472639
    -77.093673 36.473257
    -77.094155 36.473531
    -77.094807 36.473531
    -77.09526 36.473806
    -77.09543 36.474011
    -77.095487 36.474629
    -77.095686 36.475064
    -77.096225 36.475522
    -77.096225 36.475751
    -77.096055 36.475911
    -77.096055 36.476117
    -77.096197 36.476277
    -77.096565 36.476414
    -77.096622 36.476849
    -77.096792 36.476987
    -77.097671 36.477353
    -77.097926 36.477673
    -77.098521 36.477833
    -77.098805 36.47813
    -77.098748 36.478428
    -77.09855 36.478611
    -77.098579 36.478794
    -77.098579 36.478886
    -77.098862 36.479092
    -77.099344 36.479252
    -77.099826 36.479275
    -77.100394 36.478954
    -77.100592 36.478656
    -77.100789 36.478061
    -77.101015 36.477695
    -77.101385 36.477397
    -77.102093 36.477305
    -77.103142 36.477488
    -77.103299 36.477496
    -77.104049 36.477533
    -77.104984 36.477144
    -77.105295 36.476571
    -77.105522 36.476411
    -77.106514 36.476365
    -77.106967 36.476113
    -77.107619 36.476021
    -77.108157 36.476181
    -77.108753 36.476456
    -77.109546 36.476638
    -77.109887 36.476776
    -77.110907 36.477576
    -77.111418 36.477828
    -77.112098 36.477827
    -77.112381 36.477576
    -77.112743 36.476824
    -77.113032 36.476225
    -77.113513 36.475423
    -77.114108 36.474851
    -77.114476 36.474256
    -77.114929 36.473981
    -77.117253 36.473728
    -77.117735 36.473773
    -77.118783 36.474047
    -77.119577 36.474139
    -77.120172 36.473726
    -77.120823 36.472833
    -77.121361 36.472261
    -77.121757 36.472032
    -77.122805 36.47123
    -77.123343 36.470314
    -77.123512 36.469833
    -77.123653 36.468986
    -77.124687 36.467317
    -77.125017 36.467318
    -77.125217 36.465808
    -77.125529 36.465121
    -77.126266 36.464252
    -77.126691 36.464069
    -77.12791 36.463863
    -77.128956 36.46339
    -77.128958 36.463389
    -77.129072 36.463338
    -77.129724 36.462811
    -77.130263 36.462217
    -77.131114 36.461507
    -77.132417 36.46073
    -77.132729 36.460432
    -77.132759 36.459128
    -77.1329 36.458647
    -77.133212 36.458166
    -77.133666 36.457777
    -77.135083 36.457183
    -77.135735 36.456703
    -77.136387 36.456451
    -77.136812 36.456177
    -77.137124 36.455604
    -77.137125 36.454666
    -77.136983 36.454323
    -77.136956 36.452675
    -77.136843 36.451965
    -77.13656 36.451027
    -77.136421 36.447961
    -77.136223 36.44748
    -77.135091 36.446038
    -77.132826 36.443747
    -77.131468 36.441595
    -77.131412 36.440885
    -77.131272 36.438459
    -77.131421 36.437859
    -77.131429 36.437826
    -77.131454 36.437782
    -77.132259 36.436278
    -77.133216 36.43389
    -77.133286 36.433717
    -77.134793 36.429961
    -77.138505 36.420708
    -77.140498 36.415742
    -77.143345 36.408121
    -77.143419 36.407923
    -77.143663 36.407271
    -77.144661 36.404598
    -77.145176 36.403221
    -77.150806 36.388025
    -77.151747 36.38553
    -77.15354 36.381035
    -77.153544 36.381025
    -77.158558 36.367923
    -77.159483 36.365771
    -77.16023 36.363905
    -77.164123 36.354175
    -77.164228 36.354148
    -77.164285 36.353998
    -77.164832 36.352562
    -77.167778 36.344827
    -77.167794 36.344784
    -77.170814 36.336894
    -77.17082 36.336878
    -77.171095 36.33677
    -77.171005 36.336658
    -77.170896 36.336644
    -77.171291 36.335451
    -77.174565 36.327358
    -77.175684 36.324592
    -77.178679 36.317194
    -77.178694 36.317157
    -77.178851 36.316695
    -77.179238 36.31556
    -77.180871 36.31077
    -77.185472 36.299697
    -77.187185 36.295792
    -77.190308 36.287182
    -77.190436 36.286826
    -77.190464 36.286692
    -77.190476 36.286666
    -77.190491 36.286633
    -77.191329 36.28487
    -77.192781 36.281686
    -77.197288 36.271803
    -77.199094 36.267842
    -77.19913 36.267764
    -77.199136 36.26775
    -77.206736 36.251085
    -77.20879 36.246875
    -77.208836 36.246773
    -77.212924 36.240797
    -77.218627 36.232459
    -77.226032 36.221633
    -77.228282 36.218345
    -77.2289 36.217442
    -77.228656 36.214459
    -77.231736 36.214553
    -77.233137 36.214549
    -77.234467 36.214238
    -77.23529 36.214017
    -77.235796 36.214005
    -77.237068 36.214463
    -77.238621 36.214828
    -77.240825 36.215102
    -77.241219 36.215078
    -77.241689 36.21505
    -77.243536 36.21494
    -77.244694 36.215077
    -77.245231 36.215237
    -77.245796 36.21574
    -77.246277 36.216427
    -77.246447 36.216564
    -77.247097 36.217502
    -77.247973 36.218165
    -77.249687 36.219013
    -77.250175 36.219106
    -77.252449 36.2192
    -77.253048 36.219154
    -77.25499 36.218748
    -77.25595 36.218399
    -77.256147 36.218287
    -77.256615 36.218035
    -77.256857 36.217942
    -77.257055 36.217713
    -77.257451 36.217576
    -77.258298 36.217439
    -77.259597 36.217646
    -77.260812 36.217669
    -77.263863 36.217167
    -77.264597 36.216869
    -77.265417 36.216206
    -77.266829 36.215703
    -77.267366 36.215268
    -77.267959 36.214673
    -77.269881 36.213209
    -77.270869 36.213118
    -77.271801 36.213324
    -77.272987 36.213736
    -77.27406 36.214263
    -77.274795 36.214446
    -77.275388 36.214492
    -77.276659 36.214081
    -77.277167 36.213669
    -77.27793 36.213234
    -77.278693 36.212982
    -77.279992 36.212891
    -77.28276 36.21296
    -77.284709 36.212572
    -77.285754 36.21216
    -77.287279 36.21129
    -77.287872 36.211245
    -77.288239 36.211405
    -77.288945 36.212138
    -77.289566 36.212618
    -77.289935 36.212779
    -77.290443 36.212779
    -77.29098 36.21255
    -77.292166 36.211062
    -77.292985 36.210422
    -77.294821 36.209941
    -77.296177 36.2093
    -77.297052 36.208774
    -77.297758 36.208179
    -77.298295 36.207584
    -77.298493 36.207103
    -77.298408 36.205684
    -77.298041 36.203968
    -77.297815 36.203304
    -77.297731 36.203258
    -77.297759 36.203144
    -77.297138 36.202022
    -77.296234 36.200786
    -77.294766 36.199412
    -77.29389 36.198268
    -77.29341 36.197444
    -77.293354 36.196597
    -77.29358 36.195933
    -77.294964 36.193782
    -77.295614 36.193324
    -77.295812 36.193095
    -77.295812 36.192546
    -77.294964 36.190761
    -77.294852 36.190166
    -77.294936 36.188907
    -77.295219 36.188106
    -77.295953 36.187305
    -77.296603 36.187053
    -77.298072 36.18671
    -77.298721 36.186367
    -77.298891 36.186023
    -77.299117 36.183322
    -77.299399 36.182361
    -77.299738 36.181697
    -77.299738 36.181217
    -77.299257 36.180805
    -77.298495 36.180507
    -77.298043 36.180187
    -77.297901 36.179376
    -77.297818 36.178905
    -77.297507 36.178081
    -77.296661 36.177075
    -77.296068 36.176113
    -77.29587 36.175518
    -77.295971 36.175011
    -77.295837 36.174671
    -77.295463 36.174417
    -77.295588 36.174047
    -77.296106 36.173988
    -77.296853 36.173963
    -77.297907 36.17336
    -77.298134 36.172862
    -77.298053 36.172345
    -77.297805 36.172286
    -77.297581 36.172599
    -77.297123 36.172634
    -77.29694 36.172245
    -77.296578 36.171806
    -77.296357 36.171941
    -77.296053 36.172317
    -77.295635 36.17232
    -77.295582 36.171916
    -77.294849 36.17107
    -77.294553 36.170881
    -77.294188 36.170684
    -77.293931 36.170576
    -77.293528 36.170391
    -77.293274 36.170299
    -77.293265 36.170224
    -77.293246 36.17007
    -77.2935 36.16959
    -77.293388 36.169407
    -77.292851 36.169201
    -77.29223 36.168674
    -77.292025 36.16857
    -77.291876 36.168515
    -77.29181 36.16849
    -77.291389 36.168341
    -77.291408 36.168328
    -77.291454 36.168298
    -77.291462 36.168293
    -77.291504 36.168266
    -77.291803 36.168072
    -77.292005 36.167942
    -77.292739 36.167324
    -77.294376 36.166248
    -77.295336 36.16581
    -77.295731 36.16563
    -77.296804 36.165264
    -77.298667 36.164967
    -77.30034 36.164945
    -77.300445 36.164944
    -77.302223 36.165219
    -77.303267 36.165562
    -77.305301 36.166569
    -77.308349 36.167714
    -77.309098 36.16811
    -77.309817 36.168492
    -77.310833 36.169225
    -77.311708 36.170117
    -77.312809 36.17181
    -77.313091 36.172519
    -77.313317 36.173847
    -77.312753 36.175381
    -77.311849 36.176823
    -77.311002 36.177761
    -77.308772 36.179684
    -77.308688 36.179867
    -77.308688 36.180256
    -77.30928 36.180851
    -77.309817 36.181126
    -77.310551 36.181263
    -77.313656 36.181103
    -77.315774 36.181125
    -77.317411 36.18124
    -77.318738 36.181491
    -77.319895 36.181949
    -77.321025 36.182613
    -77.323171 36.184421
    -77.324724 36.185862
    -77.325571 36.186549
    -77.326249 36.187396
    -77.327068 36.188929
    -77.327153 36.189364
    -77.327237 36.18941
    -77.327237 36.189524
    -77.32752 36.190234
    -77.327605 36.190279
    -77.327802 36.190851
    -77.327887 36.191057
    -77.328537 36.191721
    -77.329497 36.192362
    -77.330401 36.192682
    -77.330993 36.192774
    -77.332237 36.192659
    -77.333479 36.192247
    -77.337093 36.190621
    -77.339012 36.190025
    -77.340283 36.189796
    -77.341892 36.189704
    -77.346692 36.190435
    -77.348415 36.190824
    -77.350899 36.19128
    -77.351831 36.191738
    -77.353639 36.193316
    -77.35412 36.194026
    -77.355024 36.195032
    -77.356888 36.196657
    -77.358273 36.197595
    -77.359431 36.198166
    -77.361238 36.198852
    -77.36265 36.199286
    -77.362792 36.199401
    -77.36443 36.199972
    -77.365814 36.200612
    -77.366888 36.200978
    -77.367086 36.200978
    -77.368272 36.201389
    -77.372707 36.203241
    -77.374691 36.204398
    -77.376986 36.205785
    -77.377184 36.205762
    -77.377297 36.205854
    -77.3782 36.206243
    -77.380221 36.20722
    -77.380269 36.207243
    -77.380854 36.207526
    -77.383508 36.208672
    -77.383558 36.208703
    -77.383575 36.208713
    -77.38358 36.208716
    -77.383795 36.208848
    -77.383814 36.208859
    -77.383825 36.208866
    -77.383831 36.20887
    -77.383846 36.208879
    -77.384552 36.209313
    -77.385145 36.209863
    -77.385625 36.210435
    -77.386443 36.211877
    -77.386662 36.212546
    -77.386781 36.212907
    -77.386724 36.213662
    -77.386102 36.215859
    -77.385649 36.216775
    -77.385366 36.217736
    -77.3848 36.219155
    -77.384546 36.219475
    -77.384263 36.220161
    -77.384234 36.221764
    -77.384036 36.221878
    -77.383809 36.223388
    -77.383328 36.224922
    -77.382876 36.22602
    -77.381659 36.228629
    -77.38149 36.22872
    -77.380953 36.229452
    -77.380953 36.229567
    -77.380755 36.22975
    -77.380217 36.230665
    -77.37886 36.23245
    -77.377842 36.23444
    -77.377276 36.235745
    -77.376596 36.238697
    -77.376481 36.241787
    -77.376875 36.243503
    -77.37696 36.243572
    -77.377242 36.244556
    -77.377693 36.245587
    -77.378004 36.246159
    -77.378681 36.247029
    -77.379754 36.248082
    -77.382265 36.250155
    -77.382474 36.250275
    -77.383081 36.250623
    -77.385849 36.251714
    -77.388653 36.253131
    -77.3902 36.253913
    -77.390596 36.254188
    -77.393986 36.255745
    -77.395083 36.256142
    -77.395313 36.256226
    -77.396811 36.256912
    -77.398534 36.257897
    -77.400568 36.258882
    -77.406614 36.261515
    -77.408168 36.262386
    -77.409298 36.263324
    -77.409948 36.26353
    -77.409834 36.264012
    -77.41037 36.264836
    -77.410681 36.26582
    -77.411076 36.266507
    -77.411698 36.268223
    -77.411839 36.269345
    -77.412121 36.27081
    -77.412798 36.27335
    -77.412883 36.273419
    -77.412911 36.273785
    -77.412996 36.273831
    -77.41325 36.274975
    -77.413476 36.277722
    -77.413307 36.278752
    -77.413363 36.279484
    -77.413462 36.279645
    -77.413477 36.279666
    -77.413357 36.279923
    -77.413166 36.28033
    -77.412968 36.281039
    -77.412883 36.282069
    -77.412741 36.283351
    -77.412769 36.284633
    -77.413136 36.286418
    -77.413333 36.289393
    -77.41353 36.290446
    -77.413559 36.291018
    -77.414293 36.292918
    -77.414886 36.293856
    -77.414983 36.293941
    -77.415565 36.294451
    -77.420144 36.297816
    -77.421981 36.299579
    -77.423649 36.301822
    -77.425685 36.304225
    -77.426646 36.305896
    -77.4269 36.306171
    -77.427381 36.30704
    -77.427861 36.307704
    -77.429954 36.309787
    -77.433574 36.313014
    -77.434451 36.313975
    -77.435949 36.316035
    -77.435949 36.316126
    -77.436487 36.317362
    -77.436741 36.318438
    -77.437137 36.319376
    -77.437279 36.319559
    -77.437279 36.319765
    -77.437873 36.320704
    -77.438382 36.321367
    -77.439258 36.322237
    -77.441747 36.32409
    -77.442539 36.324387
    -77.444236 36.324639
    -77.446386 36.324547
    -77.448422 36.324318
    -77.450175 36.323951
    -77.450882 36.323699
    -77.451589 36.323585
    -77.453851 36.322967
    -77.456255 36.322577
    -77.458404 36.322371
    -77.461968 36.322301
    -77.464768 36.322095
    -77.466903 36.321648
    -77.46819 36.32127
    -77.469603 36.320743
    -77.470789 36.320176
    -77.470847 36.320148
    -77.471724 36.319438
    -77.472713 36.318797
    -77.475003 36.317606
    -77.476332 36.317125
    -77.477208 36.316964
    -77.480941 36.316894
    -77.482412 36.316802
    -77.483599 36.316595
    -77.485013 36.316137
    -77.48668 36.31529
    -77.486956 36.315071
    -77.487726 36.314465
    -77.489393 36.312748
    -77.489421 36.312611
    -77.491653 36.310231
    -77.492812 36.309269
    -77.49414 36.308513
    -77.495469 36.3081
    -77.497109 36.307893
    -77.499695 36.307825
    -77.500097 36.307778
    -77.501631 36.307599
    -77.502225 36.30753
    -77.508305 36.307075
    -77.513169 36.307214
    -77.524054 36.306806
    -77.527589 36.306189
    -77.530247 36.305412
    -77.532424 36.304932
    -77.534601 36.304291
    -77.535301 36.304202
    -77.535676 36.304154
    -77.54003 36.303377
    -77.543564 36.303057
    -77.546504 36.303195
    -77.552413 36.304225
    -77.554251 36.304683
    -77.554844 36.304751
    -77.55494 36.30484
    -77.555042 36.304934
    -77.556314 36.305461
    -77.557361 36.30569
    -77.558661 36.30633
    -77.561488 36.308184
    -77.568389 36.312143
    -77.571556 36.314248
    -77.571669 36.314523
    -77.572008 36.314889
    -77.57314 36.316605
    -77.573195 36.316795
    -77.573394 36.317474
    -77.573791 36.319647
    -77.57396 36.320128
    -77.573989 36.320471
    -77.574272 36.321821
    -77.574385 36.322577
    -77.57447 36.322622
    -77.574781 36.323538
    -77.574923 36.323721
    -77.574979 36.324018
    -77.575489 36.324934
    -77.576026 36.325368
    -77.575941 36.32546
    -77.575913 36.325849
    -77.576139 36.326238
    -77.576111 36.32633
    -77.577214 36.328137
    -77.579449 36.330746
    -77.580751 36.331752
    -77.582867 36.332972
    -77.583212 36.333171
    -77.584544 36.334307
    -77.584768 36.334498
    -77.585438 36.335215
    -77.585645 36.335436
    -77.585928 36.335893
    -77.586069 36.336374
    -77.586041 36.337015
    -77.584289 36.34031
    -77.584317 36.340471
    -77.584176 36.340585
    -77.582367 36.344407
    -77.582225 36.344888
    -77.580247 36.349831
    -77.579512 36.351044
    -77.577419 36.353745
    -77.57592 36.355256
    -77.574365 36.356629
    -77.573657 36.357362
    -77.573092 36.357453
    -77.572102 36.35814
    -77.5708 36.358827
    -77.566525 36.36041
    -77.566104 36.360566
    -77.56353 36.361871
    -77.563049 36.362008
    -77.561747 36.362878
    -77.560785 36.363702
    -77.55988 36.364663
    -77.558805 36.366036
    -77.557786 36.367181
    -77.555551 36.368622
    -77.554702 36.369011
    -77.55009 36.370316
    -77.549326 36.370682
    -77.548562 36.371254
    -77.548024 36.371986
    -77.547571 36.372787
    -77.547118 36.374114
    -77.547002 36.375152
    -77.546943 36.376365
    -77.54691 36.377049
    -77.5468 36.379312
    -77.546913 36.379586
    -77.546913 36.379861
    -77.546602 36.380296
    -77.546262 36.382081
    -77.546035 36.383156
    -77.546007 36.383751
    -77.54595 36.383843
    -77.545889 36.38428
    -77.545298 36.388534
    -77.545157 36.388969
    -77.544534 36.394118
    -77.544619 36.394873
    -77.54493 36.395606
    -77.544986 36.395972
    -77.545637 36.397162
    -77.545863 36.397848
    -77.546684 36.4
    -77.547165 36.40151
    -77.547448 36.403387
    -77.547759 36.404531
    -77.548098 36.406957
    -77.548438 36.408261
    -77.549202 36.411008
    -77.549626 36.412266
    -77.550872 36.414303
    -77.552655 36.416248
    -77.553731 36.417049
    -77.555968 36.418194
    -77.557072 36.418606
    -77.562791 36.420138
    -77.566417 36.420801
    -77.568285 36.421213
    -77.569786 36.421694
    -77.571995 36.4227
    -77.573269 36.423135
    -77.575336 36.423478
    -77.576791 36.423566
    -77.577601 36.423615
    -77.579867 36.424095
    -77.580773 36.424187
    -77.581481 36.424095
    -77.582019 36.423935
    -77.584227 36.422698
    -77.585784 36.422057
    -77.586775 36.422217
    -77.587964 36.422743
    -77.589012 36.423521
    -77.589834 36.424436
    -77.590128 36.424965
    -77.590163 36.425028
    -77.590457 36.425558
    -77.590515 36.425849
    -77.590571 36.42613
    -77.590656 36.426175
    -77.590685 36.4278
    -77.590854 36.428372
    -77.590997 36.429814
    -77.591121 36.43012
    -77.591167 36.430234
    -77.591169 36.430239
    -77.591184 36.430276
    -77.591204 36.430326
    -77.591366 36.430729
    -77.59145 36.430752
    -77.591507 36.430935
    -77.59196 36.431393
    -77.592687 36.43177
    -77.592718 36.431786
    -77.593858 36.432376
    -77.594708 36.432559
    -77.595671 36.433337
    -77.596606 36.43384
    -77.599467 36.4348
    -77.599722 36.434777
    -77.60002 36.434874
    -77.601478 36.435349
    -77.60247 36.435554
    -77.605104 36.436285
    -77.608417 36.436536
    -77.609324 36.436764
    -77.609542 36.43688
    -77.6104 36.437336
    -77.610514 36.437336
    -77.612185 36.438502
    -77.61312 36.439463
    -77.613574 36.440126
    -77.613688 36.441293
    -77.613944 36.441957
    -77.614681 36.442941
    -77.615417 36.443581
    -77.616069 36.443855
    -77.616692 36.443992
    -77.617627 36.443923
    -77.618589 36.443442
    -77.6191 36.443349
    -77.619722 36.443236
    -77.621365 36.443303
    -77.622045 36.443509
    -77.6247 36.444791
    -77.624842 36.444896
    -77.624984 36.445
    -77.625044 36.445044
    -77.625105 36.445088
    -77.625184 36.445146
    -77.62573 36.445546
    -77.62578 36.445583
    -77.625786 36.445587
    -77.625793 36.445592
    -77.625808 36.445603
    -77.625834 36.445622
    -77.625908 36.445676
    -77.626703 36.446259
    -77.62705 36.44654
    -77.627081 36.446565
    -77.627949 36.447266
    -77.628063 36.447541
    -77.628176 36.448227
    -77.628343 36.448453
    -77.628431 36.448571
    -77.629336 36.44928
    -77.630158 36.449669
    -77.630837 36.450401
    -77.63095 36.450836
    -77.630978 36.451797
    -77.631175 36.452461
    -77.631684 36.453537
    -77.63191 36.454887
    -77.631995 36.454956
    -77.631967 36.455047
    -77.63225 36.455391
    -77.632476 36.455917
    -77.632674 36.456123
    -77.632929 36.457016
    -77.633268 36.457817
    -77.633635 36.45967
    -77.633635 36.460128
    -77.633861 36.460677
    -77.634201 36.461204
    -77.634531 36.462072
    -77.634766 36.462691
    -77.635334 36.463643
    -77.635531 36.463973
    -77.635672 36.464591
    -77.635728 36.465827
    -77.636095 36.467109
    -77.636577 36.467612
    -77.636661 36.468116
    -77.637312 36.469054
    -77.63785 36.469626
    -77.638105 36.470382
    -77.63819 36.470427
    -77.638161 36.47061
    -77.638473 36.47132
    -77.638926 36.471892
    -77.63901 36.473197
    -77.639321 36.47386
    -77.639377 36.474936
    -77.64051 36.476744
    -77.641672 36.478002
    -77.641927 36.478278
    -77.642857 36.478785
    -77.642975 36.47885
    -77.643994 36.479926
    -77.644533 36.480224
    -77.644929 36.480636
    -77.645496 36.480956
    -77.645622 36.480972
    -77.646465 36.481079
    -77.646771 36.481117
    -77.648074 36.481415
    -77.648555 36.481666
    -77.649179 36.481689
    -77.651446 36.481301
    -77.651814 36.481301
    -77.653656 36.480867
    -77.654393 36.480798
    -77.654534 36.48089
    -77.654874 36.48089
    -77.655696 36.48057
    -77.656915 36.480273
    -77.660145 36.479655
    -77.6621 36.479564
    -77.664254 36.479839
    -77.665585 36.48016
    -77.667229 36.480389
    -77.669127 36.480389
    -77.670154 36.480172
    -77.671082 36.479977
    -77.671314 36.479902
    -77.672163 36.47963
    -77.672584 36.479497
    -77.6774 36.479018
    -77.677814 36.478977
    -77.678062 36.478991
    -77.68027 36.479197
    -77.681018 36.479207
    -77.686089 36.480317
    -77.688061 36.4808
    -77.688711 36.480923
    -77.690426 36.480932
    -77.690698 36.481107
    -77.691319 36.481328
    -77.693421 36.481842
    -77.694157 36.481739
    -77.694678 36.48192
    -77.696273 36.482567
    -77.697447 36.482904
    -77.698045 36.483076
    -77.70146 36.48407
    -77.703781 36.484606
    -77.704355 36.485005
    -77.704943 36.485185
    -77.705507 36.485358
    -77.707591 36.486025
    -77.709562 36.487097
    -77.710013 36.487238
    -77.712777 36.487318
    -77.714601 36.487294
    -77.716908 36.486788
    -77.719399 36.48662
    -77.721954 36.486678
    -77.722855 36.486944
    -77.724907 36.487498
    -77.725846 36.487563
    -77.728682 36.487101
    -77.730619 36.486566
    -77.732718 36.485473
    -77.735119 36.483853
    -77.73581 36.483362
    -77.738482 36.481949
    -77.742671 36.47986
    -77.744258 36.47928
    -77.74592 36.479006
    -77.749704 36.478992
    -77.751079 36.478909
    -77.751541 36.478882
    -77.753325 36.478877
    -77.754884 36.479156
    -77.756536 36.47987
    -77.757509 36.480436
    -77.759461 36.481116
    -77.761662 36.481858
    -77.763071 36.48217
    -77.765145 36.4823
    -77.765882 36.482222
    -77.766069 36.482003
    -77.766164 36.481591
    -77.766498 36.481193
    -77.767429 36.480703
    -77.768464 36.480534
    -77.769673 36.480791
    -77.770594 36.481188
    -77.771616 36.481624
    -77.772645 36.481858
    -77.774242 36.482072
    -77.775423 36.482451
    -77.776166 36.482921
    -77.776766 36.483288
    -77.77721 36.483559
    -77.777649 36.483766
    -77.778593 36.48421
    -77.780934 36.485886
    -77.781971 36.486629
    -77.785462 36.489361
    -77.787471 36.490709
    -77.789364 36.491478
    -77.790375 36.491841
    -77.790975 36.491982
    -77.792431 36.492003
    -77.793847 36.492049
    -77.795187 36.492418
    -77.798935 36.494083
    -77.800237 36.49463
    -77.801702 36.495385
    -77.802607 36.495967
    -77.803712 36.496676
    -77.804754 36.497128
    -77.806015 36.497341
    -77.806772 36.497516
    -77.807372 36.497697
    -77.807974 36.497959
    -77.809247 36.498562
    -77.810436 36.498819
    -77.811503 36.498942
    -77.811894 36.499024
    -77.812055 36.499035
    -77.813151 36.499112
    -77.814141 36.499297
    -77.814821 36.499518
    -77.815622 36.49977
    -77.816508 36.500148
    -77.816808 36.500411
    -77.817196 36.500499
    -77.818913 36.500806
    -77.820383 36.501069
    -77.820702 36.500948
    -77.821349 36.501052
    -77.822756 36.501032
    -77.825014 36.501002
    -77.825591 36.500848
    -77.826039 36.500695
    -77.826547 36.500727
    -77.827244 36.500525
    -77.827653 36.500525
    -77.828401 36.501
    -77.828789 36.501169
    -77.829476 36.501047
    -77.830542 36.500869
    -77.83333 36.501004
    -77.837971 36.502161
    -77.838619 36.502676
    -77.84077 36.503061
    -77.841178 36.503302
    -77.841875 36.503487
    -77.842602 36.503519
    -77.845232 36.504185
    -77.845909 36.504032
    -77.846238 36.504297
    -77.846975 36.504538
    -77.849355 36.504448
    -77.850261 36.504326
    -77.851038 36.504559
    -77.851864 36.504542
    -77.856816 36.506334
    -77.858399 36.506655
    -77.859903 36.506428
    -77.863707 36.504829
    -77.864951 36.503894
    -77.865628 36.503426
    -77.866862 36.503344
    -77.870986 36.503944
    -77.874709 36.505285
    -77.876165 36.506235
    -77.876593 36.506412
    -77.877748 36.50617
    -77.878326 36.506202
    -77.879819 36.506668
    -77.880526 36.506797
    -77.881412 36.506748
    -77.883214 36.506255
    -77.8841 36.506247
    -77.885216 36.506504
    -77.885465 36.506826
    -77.885336 36.507406
    -77.885365 36.507825
    -77.885594 36.508204
    -77.891179 36.511914
    -77.891757 36.511938
    -77.892215 36.512034
    -77.892613 36.51201
    -77.894007 36.511405
    -77.896238 36.509558
    -77.897054 36.508059
    -77.89795 36.506849
    -77.898082 36.508361
    -77.898943 36.518158
    -77.898993 36.518805
    -77.899062 36.519694
    -77.899111 36.520327
    -77.899143 36.520734
    -77.899176 36.521155
    -77.899194 36.521383
    -77.899198 36.521541
    -77.899211 36.522044
    -77.899215 36.522359
    -77.899209 36.522606
    -77.899203 36.522852
    -77.899266 36.523624
    -77.900035 36.532966
    -77.900036 36.532992
    -77.900035 36.533016
    -77.899879 36.540078
    -77.899771 36.544663
    -77.897262 36.544674
    -77.893308 36.54469
    -77.893178 36.544691
    -77.893052 36.544692
    -77.891465 36.544698
    -77.887252 36.544715
    -77.886964 36.544716
    -77.886773 36.544718
    -77.882257 36.544455
    -77.882167 36.544472
    -77.882046 36.544495
    -77.879498 36.544532
    -77.87811 36.544563
    -77.877579 36.54457
    -77.875475 36.54457
    -77.875322 36.544567
    -77.875287 36.544566
    -77.875245 36.544564
    -77.874695 36.544691
    -77.874415 36.544725
    -77.873223 36.544836
    -77.871875 36.544847
    -77.871195 36.544852
    -77.870859 36.544855
    -77.870727 36.544856
    -77.87034 36.544859
    -77.86868 36.544872
    -77.868488 36.544874
    -77.867983 36.544878
    -77.862937 36.54492
    -77.862042 36.544923
    -77.860906 36.544927
    -77.859221 36.544932
    -77.858595 36.544934
    -77.858592 36.544934
    -77.854462 36.544948
    -77.852873 36.544953
    -77.852312 36.544955
    -77.851883 36.544956
    -77.850887 36.54496
    -77.850804 36.54496
    -77.849571 36.544964
    -77.847596 36.544971
    -77.846913 36.544975
    -77.83308 36.545051
    -77.832992 36.545051
    -77.832832 36.545052
    -77.829179 36.545072
    -77.828794 36.545075
    -77.827826 36.545081
    -77.827664 36.545082
    -77.81956 36.545127
    -77.818354 36.545134
    -77.818319 36.545134
    -77.815706 36.545149
    -77.811173 36.545174
    -77.80976 36.545182
    -77.802334 36.545223
    -77.795644 36.54526
    -77.784781 36.545321
    -77.784581 36.545322
    -77.783019 36.545331
    -77.780427 36.545345
    -77.776244 36.545369
    -77.772716 36.545389
    -77.772251 36.545392
    -77.76739 36.545421
    -77.767117 36.545422
    -77.759132 36.545461
    -77.757165 36.545478
    -77.756434 36.545482
    -77.749905 36.545518
    -77.749706 36.54552
    -77.749299 36.545507
    -77.745582 36.545495
    -77.738771 36.545473
    -77.737775 36.545463
    -77.736455 36.545459
    -77.736291 36.545458
    -77.732289 36.545443
    -77.722484 36.545407
    -77.719705 36.545397
    -77.712317 36.54537
    -77.71025 36.545363
    -77.705622 36.545399
    -77.696913 36.54538
    -77.695644 36.545375
    -77.694426 36.545373
    -77.694375 36.545373
    -77.692319 36.545369
    -77.689 36.545364
    -77.686202 36.545356
    -77.684541 36.545351
    -77.68042 36.545336
    -77.677089 36.545333
    -77.677006 36.545333
    -77.67671 36.545332
    -77.675343 36.545329
    -77.672544 36.545324
    -77.672535 36.545324
    -77.67241 36.54532
    -77.672374 36.545319
    -77.66399 36.545302
    -77.649289 36.545268
    -77.649253 36.545268
    -77.649103 36.545268
    -77.646757 36.545262
    -77.645866 36.545261
    -77.645835 36.545264
    -77.645559 36.545265
    -77.641694 36.545244
    -77.640331 36.545237
    -77.624753 36.545211
    -77.6194 36.545112
    -77.619333 36.545111
    -77.619157 36.545107
    -77.618155 36.545097
    -77.614354 36.545033
    -77.612262 36.545057
    -77.609758 36.545113
    -77.609466 36.545119
    -77.609298 36.545123
    -77.609219 36.545125
    -77.608474 36.545152
    -77.608275 36.545155
    -77.607891 36.545162
    -77.603685 36.545263
    -77.601621 36.545313
    -77.598414 36.545313
    -77.597832 36.545324
    -77.597474 36.545321
    -77.590868 36.54528
    -77.587085 36.545257
END
END
