37145 Person County
1
    -79.148737 36.344126
    -79.148732 36.344217
    -79.148718 36.344492
    -79.148714 36.344584
    -79.148678 36.345301
    -79.148572 36.347453
    -79.148537 36.348171
    -79.148512 36.348703
    -79.148439 36.350299
    -79.148415 36.350832
    -79.148399 36.35114
    -79.148355 36.352067
    -79.148341 36.352376
    -79.148337 36.352436
    -79.148328 36.352617
    -79.148326 36.352678
    -79.148229 36.354704
    -79.148179 36.35575
    -79.14814 36.356567
    -79.147711 36.364966
    -79.147555 36.368038
    -79.147343 36.372215
    -79.147317 36.372725
    -79.147291 36.373241
    -79.147273 36.373603
    -79.147255 36.373965
    -79.147195 36.37514
    -79.147011 36.379689
    -79.146919 36.381528
    -79.146654 36.386791
    -79.146582 36.388245
    -79.146354 36.391475
    -79.146337 36.391733
    -79.146289 36.39251
    -79.146273 36.392769
    -79.146265 36.392873
    -79.146245 36.393187
    -79.146239 36.393292
    -79.146234 36.393404
    -79.14622 36.393743
    -79.146216 36.393856
    -79.146203 36.394041
    -79.146166 36.394597
    -79.146154 36.394783
    -79.146147 36.394884
    -79.146127 36.395188
    -79.146121 36.39529
    -79.146087 36.395804
    -79.146009 36.397
    -79.145985 36.397349
    -79.145952 36.397864
    -79.145951 36.397869
    -79.14595 36.397888
    -79.14595 36.397894
    -79.14589 36.398812
    -79.14588 36.398981
    -79.145789 36.400378
    -79.145711 36.401569
    -79.145652 36.402488
    -79.145623 36.402977
    -79.145538 36.404446
    -79.14551 36.404936
    -79.145386 36.407082
    -79.145114 36.411794
    -79.145036 36.41315
    -79.145015 36.413522
    -79.144896 36.415669
    -79.144679 36.419591
    -79.144645 36.420223
    -79.144081 36.43136
    -79.143913 36.434692
    -79.143877 36.435283
    -79.143792 36.436682
    -79.143539 36.440881
    -79.143455 36.442281
    -79.143443 36.442465
    -79.143411 36.44302
    -79.1434 36.443206
    -79.143386 36.443431
    -79.143386 36.443438
    -79.143372 36.44367
    -79.143356 36.443922
    -79.143348 36.444051
    -79.143344 36.444109
    -79.14334 36.44418
    -79.143336 36.444258
    -79.143331 36.444335
    -79.143326 36.444418
    -79.143325 36.444439
    -79.143319 36.444543
    -79.143313 36.444648
    -79.143311 36.44467
    -79.143306 36.444754
    -79.143281 36.445171
    -79.143257 36.445573
    -79.14321 36.446423
    -79.143192 36.446746
    -79.143188 36.446841
    -79.143185 36.446886
    -79.143177 36.447022
    -79.143175 36.447068
    -79.143168 36.447189
    -79.143149 36.447552
    -79.143143 36.447674
    -79.14311 36.448271
    -79.143012 36.450065
    -79.14298 36.450663
    -79.142979 36.450696
    -79.142974 36.450745
    -79.142953 36.450994
    -79.142946 36.451077
    -79.142936 36.451188
    -79.14293 36.451252
    -79.142926 36.451299
    -79.142914 36.451436
    -79.142894 36.451781
    -79.142885 36.451958
    -79.142824 36.453064
    -79.142642 36.456386
    -79.142582 36.457493
    -79.142551 36.458008
    -79.142525 36.458425
    -79.142357 36.461224
    -79.142301 36.462157
    -79.142248 36.463026
    -79.142092 36.465634
    -79.14204 36.466504
    -79.141982 36.467468
    -79.141858 36.469547
    -79.141855 36.469592
    -79.141852 36.469639
    -79.141848 36.469706
    -79.141844 36.469773
    -79.141814 36.470274
    -79.141785 36.470775
    -79.14175 36.471352
    -79.141694 36.472299
    -79.141646 36.473083
    -79.141612 36.47366
    -79.141526 36.475089
    -79.141452 36.476328
    -79.141268 36.479377
    -79.141183 36.480807
    -79.14116 36.481178
    -79.141102 36.482172
    -79.141091 36.482293
    -79.14106 36.482665
    -79.141031 36.483018
    -79.140994 36.483637
    -79.140825 36.486556
    -79.140769 36.48753
    -79.140754 36.487768
    -79.14071 36.488486
    -79.140696 36.488725
    -79.140681 36.488964
    -79.140637 36.489683
    -79.140623 36.489923
    -79.140618 36.489997
    -79.140614 36.490058
    -79.140606 36.490194
    -79.140604 36.490219
    -79.1406 36.490294
    -79.140572 36.490732
    -79.140491 36.492048
    -79.140464 36.492487
    -79.140422 36.493167
    -79.140296 36.495211
    -79.140255 36.495892
    -79.140159 36.497291
    -79.139965 36.50014
    -79.139886 36.50149
    -79.139852 36.502094
    -79.139806 36.502891
    -79.13976 36.503829
    -79.139624 36.506645
    -79.139579 36.507584
    -79.139574 36.507673
    -79.139561 36.507941
    -79.139558 36.508031
    -79.139447 36.510329
    -79.139246 36.514515
    -79.139184 36.515809
    -79.139115 36.517225
    -79.139005 36.519524
    -79.138915 36.521377
    -79.138647 36.526937
    -79.138559 36.528791
    -79.138521 36.529587
    -79.138474 36.530548
    -79.138253 36.535157
    -79.13822 36.535821
    -79.138136 36.537579
    -79.138098 36.538376
    -79.138096 36.538411
    -79.137976 36.540907
    -79.13794 36.541662
    -79.137936 36.541739
    -79.137482 36.54173
    -79.136122 36.541704
    -79.135669 36.541696
    -79.13375 36.541663
    -79.127996 36.541565
    -79.126078 36.541533
    -79.125953 36.541551
    -79.125633 36.541598
    -79.125578 36.541605
    -79.125454 36.541624
    -79.125046 36.541592
    -79.124736 36.541568
    -79.122323 36.541605
    -79.117438 36.541638
    -79.117284 36.541639
    -79.111861 36.541639
    -79.110714 36.541639
    -79.107273 36.541639
    -79.106127 36.541639
    -79.104635 36.541639
    -79.104436 36.541639
    -79.100162 36.541687
    -79.098671 36.541704
    -79.095053 36.541745
    -79.091116 36.54179
    -79.08946 36.541809
    -79.086837 36.541839
    -79.085279 36.541858
    -79.079642 36.541923
    -79.070096 36.542034
    -79.069489 36.542039
    -79.069296 36.542039
    -79.066313 36.54204
    -79.062118 36.542039
    -79.055893 36.542036
    -79.048235 36.542037
    -79.044355 36.542039
    -79.042181 36.542039
    -79.04199 36.542039
    -79.034458 36.542039
    -79.029874 36.542039
    -79.02817 36.542039
    -79.027777 36.542039
    -79.023577 36.542039
    -79.023369 36.542039
    -79.023368 36.542039
    -79.022729 36.542039
    -79.020635 36.542039
    -79.01733 36.542054
    -79.01733 36.542055
    -79.014756 36.542068
    -79.013923 36.54207
    -79.013921 36.54207
    -79.006389 36.54209
    -79.006387 36.54209
    -78.999733 36.542107
    -78.994925 36.542104
    -78.994595 36.542105
    -78.993606 36.54211
    -78.993277 36.542112
    -78.99267 36.542111
    -78.990849 36.542111
    -78.990242 36.542111
    -78.983566 36.542107
    -78.979194 36.542104
    -78.97392 36.542118
    -78.971814 36.542123
    -78.971566 36.542129
    -78.970824 36.542147
    -78.970577 36.542154
    -78.964605 36.542138
    -78.964531 36.542138
    -78.964399 36.542137
    -78.964106 36.542136
    -78.963425 36.542134
    -78.963351 36.542131
    -78.962108 36.542076
    -78.961726 36.542079
    -78.96165 36.542079
    -78.961575 36.542081
    -78.961501 36.542081
    -78.961429 36.542081
    -78.954939 36.542123
    -78.954672 36.542122
    -78.949403 36.542103
    -78.949328 36.542102
    -78.949252 36.542102
    -78.949147 36.542102
    -78.946195 36.542092
    -78.94236 36.542078
    -78.942256 36.542079
    -78.942008 36.542114
    -78.942004 36.542113
    -78.941788 36.542112
    -78.941597 36.542109
    -78.941569 36.54211
    -78.941513 36.542104
    -78.9415 36.542109
    -78.9415 36.54211
    -78.94131 36.54211
    -78.941259 36.54211
    -78.941258 36.54211
    -78.939688 36.542103
    -78.939204 36.542101
    -78.937391 36.542094
    -78.93367 36.54208
    -78.933478 36.542078
    -78.930673 36.542065
    -78.927941 36.542056
    -78.927287 36.542053
    -78.925327 36.542047
    -78.924674 36.542045
    -78.920211 36.542029
    -78.917049 36.542017
    -78.916351 36.542015
    -78.916075 36.542003
    -78.91428 36.542013
    -78.914181 36.541974
    -78.913146 36.541977
    -78.913027 36.541978
    -78.90277 36.541995
    -78.9017 36.541993
    -78.901414 36.541992
    -78.893586 36.54202
    -78.888363 36.542028
    -78.888123 36.542028
    -78.880722 36.542042
    -78.874756 36.542027
    -78.871773 36.542072
    -78.866184 36.542074
    -78.85625 36.542082
    -78.848269 36.542088
    -78.848174 36.542088
    -78.847964 36.542088
    -78.845649 36.54209
    -78.835347 36.542033
    -78.835244 36.542032
    -78.83445 36.542027
    -78.832068 36.542014
    -78.831757 36.542013
    -78.831275 36.541996
    -78.830847 36.54198
    -78.829563 36.541934
    -78.829135 36.541919
    -78.828624 36.541921
    -78.827091 36.541928
    -78.826581 36.541931
    -78.826499 36.541931
    -78.821309 36.541957
    -78.820667 36.541965
    -78.820625 36.541966
    -78.818705 36.541869
    -78.818575 36.54187
    -78.812267 36.541892
    -78.80882 36.541905
    -78.808819 36.541905
    -78.807648 36.541909
    -78.801676 36.541869
    -78.801269 36.541858
    -78.79636 36.541713
    -78.7963 36.541713
    -78.796269 36.541579
    -78.796178 36.54118
    -78.796148 36.541047
    -78.796086 36.540379
    -78.795902 36.538376
    -78.795841 36.537709
    -78.795803 36.537299
    -78.795691 36.536071
    -78.795654 36.535662
    -78.795605 36.535131
    -78.795317 36.53201
    -78.795001 36.528522
    -78.794928 36.527713
    -78.794823 36.526689
    -78.794866 36.525556
    -78.794873 36.52533
    -78.794893 36.524834
    -78.794979 36.521345
    -78.794979 36.5213
    -78.795062 36.517906
    -78.795233 36.510891
    -78.795236 36.510826
    -78.795262 36.509787
    -78.795343 36.508981
    -78.795442 36.508259
    -78.795428 36.507537
    -78.795406 36.506365
    -78.795419 36.505981
    -78.795439 36.505372
    -78.795463 36.504651
    -78.795508 36.503297
    -78.795587 36.500982
    -78.795616 36.500141
    -78.795661 36.499236
    -78.795673 36.499002
    -78.795728 36.497884
    -78.795734 36.497773
    -78.796553 36.467346
    -78.796554 36.467294
    -78.7967 36.461878
    -78.796701 36.461809
    -78.796703 36.46174
    -78.796705 36.461678
    -78.796706 36.461615
    -78.79675 36.460021
    -78.796751 36.459983
    -78.796875 36.456701
    -78.796881 36.456565
    -78.796884 36.456456
    -78.797044 36.450399
    -78.797065 36.44957
    -78.797114 36.447661
    -78.79713 36.447083
    -78.797145 36.44655
    -78.797153 36.446255
    -78.797172 36.445521
    -78.797229 36.443321
    -78.797249 36.442588
    -78.797252 36.442453
    -78.797263 36.442049
    -78.797267 36.441915
    -78.797508 36.432806
    -78.797601 36.429301
    -78.797603 36.429189
    -78.797784 36.422344
    -78.797786 36.422305
    -78.797815 36.421217
    -78.79782 36.42103
    -78.797825 36.420843
    -78.797825 36.420768
    -78.797829 36.420694
    -78.79804 36.412717
    -78.798043 36.412601
    -78.798126 36.409579
    -78.798182 36.407587
    -78.798185 36.407482
    -78.798218 36.40618
    -78.798449 36.397391
    -78.798544 36.393796
    -78.798558 36.393199
    -78.79856 36.393138
    -78.798639 36.390152
    -78.798832 36.382814
    -78.798868 36.381485
    -78.798969 36.377683
    -78.79897 36.377663
    -78.799023 36.375603
    -78.799027 36.375458
    -78.799032 36.375317
    -78.799036 36.375142
    -78.799247 36.370074
    -78.799252 36.369927
    -78.799333 36.366183
    -78.799352 36.365355
    -78.799628 36.352541
    -78.79963 36.35251
    -78.799698 36.349343
    -78.799856 36.342025
    -78.799862 36.341744
    -78.799876 36.341083
    -78.79988 36.340904
    -78.799887 36.340625
    -78.799898 36.340104
    -78.800036 36.33365
    -78.800036 36.333644
    -78.800103 36.33054
    -78.80014 36.328788
    -78.800143 36.328634
    -78.800146 36.32848
    -78.800148 36.328401
    -78.80015 36.328322
    -78.800376 36.317844
    -78.800377 36.317842
    -78.800549 36.30989
    -78.800625 36.306379
    -78.800636 36.305875
    -78.800636 36.305854
    -78.800715 36.302175
    -78.800718 36.302048
    -78.800747 36.299793
    -78.800747 36.299717
    -78.800767 36.298849
    -78.800768 36.298799
    -78.800918 36.291956
    -78.800944 36.290789
    -78.800952 36.290445
    -78.801142 36.281809
    -78.801142 36.281771
    -78.801163 36.280853
    -78.801211 36.278616
    -78.801275 36.275766
    -78.801279 36.275592
    -78.801283 36.275419
    -78.80131 36.274197
    -78.801319 36.273768
    -78.801353 36.272187
    -78.801357 36.272015
    -78.801424 36.268988
    -78.801425 36.26893
    -78.801432 36.268564
    -78.80146 36.267292
    -78.80147 36.266869
    -78.801512 36.264936
    -78.801641 36.259138
    -78.801684 36.257235
    -78.801685 36.257206
    -78.801835 36.250363
    -78.801839 36.250251
    -78.801842 36.250143
    -78.801785 36.248202
    -78.801782 36.248122
    -78.801883 36.241105
    -78.801883 36.241092
    -78.802005 36.235937
    -78.806518 36.236024
    -78.810175 36.23611
    -78.815967 36.236247
    -78.818531 36.236308
    -78.818678 36.236312
    -78.818825 36.236315
    -78.818913 36.236317
    -78.823342 36.236423
    -78.825956 36.236485
    -78.826855 36.236506
    -78.826856 36.236506
    -78.828063 36.236533
    -78.829193 36.23656
    -78.830173 36.236583
    -78.831931 36.236625
    -78.832004 36.236627
    -78.8321 36.236629
    -78.833085 36.236652
    -78.842713 36.23688
    -78.850937 36.237095
    -78.856606 36.237225
    -78.863581 36.237385
    -78.867212 36.237469
    -78.868344 36.237495
    -78.872044 36.23758
    -78.874729 36.237644
    -78.874729 36.237793
    -78.874939 36.237797
    -78.879325 36.237885
    -78.879328 36.237885
    -78.881021 36.237918
    -78.882883 36.237973
    -78.883119 36.23798
    -78.888475 36.238047
    -78.888602 36.238049
    -78.888675 36.23805
    -78.8918 36.238113
    -78.905532 36.238392
    -78.905644 36.238394
    -78.905755 36.238397
    -78.905831 36.238399
    -78.905906 36.238401
    -78.906176 36.238407
    -78.918205 36.238653
    -78.918705 36.238664
    -78.919656 36.238684
    -78.921435 36.23872
    -78.92282 36.238748
    -78.927368 36.238843
    -78.929071 36.238878
    -78.930031 36.238898
    -78.932756 36.238855
    -78.933925 36.239002
    -78.933973 36.239008
    -78.934603 36.239028
    -78.936611 36.239077
    -78.937084 36.239088
    -78.938427 36.23911
    -78.938674 36.239113
    -78.939386 36.239123
    -78.940339 36.239135
    -78.941356 36.239155
    -78.942086 36.239163
    -78.944081 36.239188
    -78.944651 36.239201
    -78.94522 36.239198
    -78.946439 36.23926
    -78.948367 36.239385
    -78.948548 36.239397
    -78.94916 36.239428
    -78.949311 36.239435
    -78.949955 36.239482
    -78.95052 36.23954
    -78.950772 36.23927
    -78.95079 36.23916
    -78.950863 36.239161
    -78.950919 36.239161
    -78.952025 36.239161
    -78.962937 36.239391
    -78.965427 36.239438
    -78.965822 36.239446
    -78.966218 36.239453
    -78.970019 36.239526
    -78.973747 36.239597
    -78.973821 36.239598
    -78.978027 36.239678
    -78.982233 36.239758
    -78.983216 36.239777
    -78.984198 36.239795
    -78.985966 36.239829
    -78.986733 36.239844
    -78.987483 36.239858
    -78.987501 36.239858
    -78.988867 36.239884
    -78.990632 36.2399
    -78.993224 36.239924
    -78.993691 36.239925
    -78.993849 36.239936
    -78.994073 36.239954
    -78.994159 36.23996
    -78.999731 36.240386
    -79.006824 36.240676
    -79.008299 36.240736
    -79.009936 36.240749
    -79.009942 36.240749
    -79.01329 36.240774
    -79.014419 36.240782
    -79.015548 36.240791
    -79.022983 36.240847
    -79.022995 36.240847
    -79.02729 36.240879
    -79.029245 36.240894
    -79.0301 36.240902
    -79.032111 36.240922
    -79.032343 36.240924
    -79.032415 36.240924
    -79.035272 36.240953
    -79.035774 36.240959
    -79.036004 36.240962
    -79.042595 36.241008
    -79.042864 36.24101
    -79.043134 36.241012
    -79.044258 36.24102
    -79.045381 36.241029
    -79.046902 36.24104
    -79.047535 36.24105
    -79.049353 36.24106
    -79.05117 36.241071
    -79.051171 36.241071
    -79.056243 36.241108
    -79.057547 36.241117
    -79.063495 36.241161
    -79.065775 36.241177
    -79.071256 36.241217
    -79.0765 36.241255
    -79.077286 36.241261
    -79.087312 36.241381
    -79.096482 36.241489
    -79.097355 36.241496
    -79.097393 36.241495
    -79.112727 36.241627
    -79.112745 36.241627
    -79.113193 36.241631
    -79.114679 36.241644
    -79.116162 36.241662
    -79.117124 36.241668
    -79.118086 36.241674
    -79.118089 36.241674
    -79.123903 36.241722
    -79.124112 36.24174
    -79.124732 36.241792
    -79.129521 36.241836
    -79.13359 36.241886
    -79.133611 36.241886
    -79.14043 36.241968
    -79.142215 36.242015
    -79.145361 36.242161
    -79.145452 36.242166
    -79.145949 36.242188
    -79.146248 36.242209
    -79.147684 36.242187
    -79.149512 36.242159
    -79.152732 36.242111
    -79.152881 36.24211
    -79.153733 36.242117
    -79.15367 36.243889
    -79.153638 36.244765
    -79.153448 36.250138
    -79.153328 36.25271
    -79.153205 36.255358
    -79.153136 36.256711
    -79.152933 36.26077
    -79.152865 36.262124
    -79.152766 36.264074
    -79.152651 36.266324
    -79.15243 36.270668
    -79.152427 36.270731
    -79.152026 36.278925
    -79.152012 36.279221
    -79.15181 36.283125
    -79.151809 36.283149
    -79.151791 36.283491
    -79.151735 36.284589
    -79.151717 36.284956
    -79.151659 36.286082
    -79.151485 36.28946
    -79.151427 36.290586
    -79.151399 36.291155
    -79.151319 36.292865
    -79.151292 36.293435
    -79.15126 36.294128
    -79.151166 36.296208
    -79.151135 36.296902
    -79.151125 36.297084
    -79.151099 36.297632
    -79.151091 36.297815
    -79.151071 36.298215
    -79.15104 36.298844
    -79.151024 36.299416
    -79.151013 36.299817
    -79.150993 36.30018
    -79.150934 36.301269
    -79.150915 36.301633
    -79.150892 36.302055
    -79.150875 36.302394
    -79.150835 36.303154
    -79.150826 36.303321
    -79.15082 36.303448
    -79.150804 36.303743
    -79.150719 36.305324
    -79.150467 36.310067
    -79.150383 36.311649
    -79.150352 36.312247
    -79.150344 36.312379
    -79.15032 36.312845
    -79.150294 36.313343
    -79.150268 36.313841
    -79.15023 36.31457
    -79.150191 36.3153
    -79.150172 36.315595
    -79.150117 36.316483
    -79.150099 36.316779
    -79.150086 36.317072
    -79.150073 36.317366
    -79.15004 36.318092
    -79.150007 36.318817
    -79.149936 36.320218
    -79.149932 36.320285
    -79.149926 36.320409
    -79.149841 36.322982
    -79.149793 36.324052
    -79.149555 36.329402
    -79.149453 36.33122
    -79.149299 36.33398
    -79.149297 36.334006
    -79.149293 36.334084
    -79.149292 36.334111
    -79.149285 36.334232
    -79.149265 36.334597
    -79.149259 36.334719
    -79.149206 36.335663
    -79.149048 36.338496
    -79.148996 36.339441
    -79.148989 36.339554
    -79.14897 36.339896
    -79.148964 36.34001
    -79.148942 36.340404
    -79.148938 36.340472
    -79.148921 36.340799
    -79.148879 36.34156
    -79.148862 36.341858
    -79.148838 36.342321
    -79.148837 36.342322
    -79.148817 36.342668
    -79.14876 36.343709
    -79.148741 36.344057
    -79.148739 36.34407
    -79.148737 36.344112
    -79.148737 36.344126
END
END
