37181 Vance County
1
    -78.510319 36.240763
    -78.510583 36.248182
    -78.510653 36.250146
    -78.51074 36.252408
    -78.510843 36.255079
    -78.510993 36.258954
    -78.51101 36.25941
    -78.511051 36.260471
    -78.511115 36.262294
    -78.511122 36.262518
    -78.51113 36.262742
    -78.511168 36.263819
    -78.511185 36.264297
    -78.511236 36.265734
    -78.511251 36.266151
    -78.511253 36.266214
    -78.5113 36.267521
    -78.511267 36.269317
    -78.511238 36.270993
    -78.511133 36.276835
    -78.511128 36.27709
    -78.511124 36.277344
    -78.511121 36.27749
    -78.511104 36.278628
    -78.511066 36.281365
    -78.511061 36.281733
    -78.511034 36.283626
    -78.51099 36.286862
    -78.510956 36.288227
    -78.510929 36.289305
    -78.510883 36.291198
    -78.510876 36.292849
    -78.510876 36.292917
    -78.510876 36.293064
    -78.510875 36.293278
    -78.510868 36.295013
    -78.510866 36.295461
    -78.510831 36.298075
    -78.510817 36.299185
    -78.510809 36.299795
    -78.510805 36.300128
    -78.510788 36.301474
    -78.510785 36.301739
    -78.510706 36.306708
    -78.510658 36.309712
    -78.510622 36.311801
    -78.510626 36.315407
    -78.510626 36.315574
    -78.510652 36.317889
    -78.510652 36.318117
    -78.510652 36.319689
    -78.510658 36.321087
    -78.510667 36.32237
    -78.510668 36.322386
    -78.510692 36.325736
    -78.510699 36.326591
    -78.510726 36.331205
    -78.510776 36.339506
    -78.510868 36.347679
    -78.510881 36.348835
    -78.510887 36.35018
    -78.510889 36.350353
    -78.510893 36.351208
    -78.51092 36.356595
    -78.510954 36.363264
    -78.510969 36.364915
    -78.51098 36.366128
    -78.511015 36.36977
    -78.511024 36.370644
    -78.511025 36.370767
    -78.511027 36.370984
    -78.511037 36.37199
    -78.511067 36.375008
    -78.511069 36.375144
    -78.511072 36.376015
    -78.511072 36.376151
    -78.511075 36.377064
    -78.511087 36.380212
    -78.511089 36.380476
    -78.511092 36.381262
    -78.511092 36.381323
    -78.511092 36.381432
    -78.511094 36.381944
    -78.511095 36.382115
    -78.511096 36.382331
    -78.511116 36.387499
    -78.511118 36.387982
    -78.511118 36.388155
    -78.511119 36.388306
    -78.51112 36.388421
    -78.51112 36.388536
    -78.51112 36.388682
    -78.511123 36.389571
    -78.511135 36.392678
    -78.51114 36.393714
    -78.51115 36.396122
    -78.511152 36.396676
    -78.511172 36.401803
    -78.511173 36.401949
    -78.511189 36.406706
    -78.511227 36.416897
    -78.511227 36.417035
    -78.511252 36.42392
    -78.511256 36.424921
    -78.511256 36.425007
    -78.511269 36.428952
    -78.511275 36.430691
    -78.511276 36.430753
    -78.511273 36.432434
    -78.511273 36.434522
    -78.511269 36.438398
    -78.511268 36.439262
    -78.511267 36.440175
    -78.511265 36.442876
    -78.511269 36.444825
    -78.511283 36.450674
    -78.511288 36.452624
    -78.511288 36.452751
    -78.511255 36.454281
    -78.511077 36.455039
    -78.509731 36.460803
    -78.509414 36.462156
    -78.50886 36.464529
    -78.508728 36.465093
    -78.508332 36.466785
    -78.508201 36.46735
    -78.507664 36.469647
    -78.506053 36.476539
    -78.505517 36.478837
    -78.505461 36.4791
    -78.505294 36.47989
    -78.505261 36.48005
    -78.505234 36.480153
    -78.505183 36.480343
    -78.505031 36.480915
    -78.504981 36.481106
    -78.504921 36.481357
    -78.504744 36.482113
    -78.504732 36.482168
    -78.504685 36.482365
    -78.504442 36.483395
    -78.503715 36.486485
    -78.503473 36.487516
    -78.503534 36.487542
    -78.50354 36.487546
    -78.503716 36.487683
    -78.503725 36.48769
    -78.503765 36.48774
    -78.50384 36.487833
    -78.504098 36.488333
    -78.504274 36.489003
    -78.504295 36.489388
    -78.504281 36.489476
    -78.504165 36.489597
    -78.503239 36.49031
    -78.503185 36.490321
    -78.50262 36.490788
    -78.502497 36.490947
    -78.502443 36.491177
    -78.502449 36.491386
    -78.502477 36.491441
    -78.50264 36.491512
    -78.502857 36.491584
    -78.50332 36.491606
    -78.503619 36.491606
    -78.503932 36.49164
    -78.504163 36.491684
    -78.504354 36.491783
    -78.504517 36.491942
    -78.504544 36.492096
    -78.504414 36.492513
    -78.504312 36.493145
    -78.504264 36.493743
    -78.504236 36.494358
    -78.504172 36.495026
    -78.504165 36.495086
    -78.504147 36.495136
    -78.504137 36.495165
    -78.503871 36.496049
    -78.503557 36.496806
    -78.503442 36.496954
    -78.502748 36.497278
    -78.502667 36.497327
    -78.502585 36.497606
    -78.502346 36.498134
    -78.502184 36.498238
    -78.502062 36.498265
    -78.501776 36.498216
    -78.501382 36.498056
    -78.501286 36.49804
    -78.501096 36.497957
    -78.500947 36.49793
    -78.500798 36.497979
    -78.500702 36.498116
    -78.500607 36.498352
    -78.500647 36.498748
    -78.500688 36.498857
    -78.500729 36.499159
    -78.500851 36.499565
    -78.501075 36.500141
    -78.50108 36.500205
    -78.501101 36.500293
    -78.501128 36.500376
    -78.501169 36.50048
    -78.501202 36.500546
    -78.50123 36.500634
    -78.50125 36.500738
    -78.501284 36.500837
    -78.501371 36.50099
    -78.501412 36.5011
    -78.501439 36.50116
    -78.501493 36.501385
    -78.501507 36.501616
    -78.501507 36.50183
    -78.501486 36.50194
    -78.50145 36.502079
    -78.501446 36.502094
    -78.501398 36.502215
    -78.50131 36.502506
    -78.501248 36.502627
    -78.501201 36.502731
    -78.501092 36.502885
    -78.501024 36.502972
    -78.500956 36.503071
    -78.500813 36.503236
    -78.500615 36.503521
    -78.500424 36.503746
    -78.500125 36.50407
    -78.500029 36.504169
    -78.499941 36.504252
    -78.499825 36.504334
    -78.499721 36.504415
    -78.499606 36.504486
    -78.49947 36.504563
    -78.499347 36.504645
    -78.499279 36.504706
    -78.499143 36.504794
    -78.499062 36.504871
    -78.498912 36.50497
    -78.498375 36.505365
    -78.498232 36.505442
    -78.498076 36.505519
    -78.497933 36.505607
    -78.497865 36.505673
    -78.497852 36.505723
    -78.497831 36.505761
    -78.497811 36.505833
    -78.497777 36.505926
    -78.497723 36.506019
    -78.497641 36.506124
    -78.497491 36.506349
    -78.497349 36.506536
    -78.497308 36.506618
    -78.49726 36.50669
    -78.497206 36.506745
    -78.497111 36.506811
    -78.497009 36.50686
    -78.496914 36.506899
    -78.496825 36.506943
    -78.496771 36.506976
    -78.496703 36.507025
    -78.496608 36.507102
    -78.496424 36.5073
    -78.49637 36.507366
    -78.496315 36.507421
    -78.496186 36.507525
    -78.496083 36.507592
    -78.496077 36.507597
    -78.495982 36.507646
    -78.49571 36.507756
    -78.495329 36.507893
    -78.495234 36.507943
    -78.495118 36.508014
    -78.495057 36.508064
    -78.494969 36.508163
    -78.494935 36.508234
    -78.494938 36.508312
    -78.494949 36.508317
    -78.494955 36.508349
    -78.494989 36.508404
    -78.495044 36.508465
    -78.495132 36.508547
    -78.4952 36.508602
    -78.495268 36.508635
    -78.495323 36.508651
    -78.495425 36.508668
    -78.495479 36.508668
    -78.495663 36.508629
    -78.495758 36.508602
    -78.496017 36.508492
    -78.49616 36.508409
    -78.496268 36.508371
    -78.49633 36.508338
    -78.496445 36.508305
    -78.496636 36.508233
    -78.496711 36.508228
    -78.496745 36.508233
    -78.496799 36.508261
    -78.49684 36.508294
    -78.496881 36.508349
    -78.496887 36.50837
    -78.496887 36.508414
    -78.496881 36.508458
    -78.496854 36.508519
    -78.496813 36.508634
    -78.496772 36.508728
    -78.496711 36.508843
    -78.496568 36.509074
    -78.496426 36.509288
    -78.496317 36.509513
    -78.496283 36.509607
    -78.496256 36.509733
    -78.496202 36.509925
    -78.496188 36.510002
    -78.496195 36.510074
    -78.496195 36.510156
    -78.496181 36.510282
    -78.496181 36.510376
    -78.496216 36.510529
    -78.496243 36.510606
    -78.496338 36.510749
    -78.496399 36.510837
    -78.496474 36.510925
    -78.496549 36.511045
    -78.496631 36.511166
    -78.496679 36.51126
    -78.49672 36.511369
    -78.496781 36.5116
    -78.496822 36.511737
    -78.49687 36.511858
    -78.496931 36.51199
    -78.497061 36.512193
    -78.497079 36.512229
    -78.497122 36.512314
    -78.497149 36.51238
    -78.497285 36.512786
    -78.497367 36.512978
    -78.497408 36.513088
    -78.49749 36.513368
    -78.497551 36.513654
    -78.497633 36.513939
    -78.497654 36.514033
    -78.497708 36.514187
    -78.497749 36.514252
    -78.497783 36.514346
    -78.497783 36.514477
    -78.497756 36.51462
    -78.497736 36.514664
    -78.497688 36.514725
    -78.497641 36.514774
    -78.497559 36.514824
    -78.49745 36.514862
    -78.497158 36.514945
    -78.496865 36.515038
    -78.496505 36.515137
    -78.496465 36.515151
    -78.496287 36.515214
    -78.496172 36.515236
    -78.496069 36.515247
    -78.495661 36.515324
    -78.495566 36.515335
    -78.49526 36.515352
    -78.495165 36.515363
    -78.495103 36.515374
    -78.495022 36.515413
    -78.494981 36.515446
    -78.494927 36.5155
    -78.494872 36.515572
    -78.49475 36.51572
    -78.494682 36.515786
    -78.494498 36.51594
    -78.494267 36.516094
    -78.494104 36.51622
    -78.494015 36.516308
    -78.493934 36.51644
    -78.493913 36.516501
    -78.493907 36.516567
    -78.493893 36.516649
    -78.493886 36.51677
    -78.493886 36.51688
    -78.493893 36.516978
    -78.493887 36.517099
    -78.493894 36.517303
    -78.493894 36.517366
    -78.493894 36.517429
    -78.493907 36.517555
    -78.493901 36.517687
    -78.493874 36.517802
    -78.493833 36.517912
    -78.493765 36.518038
    -78.49369 36.518126
    -78.493588 36.518203
    -78.493493 36.518258
    -78.493391 36.518291
    -78.493289 36.518313
    -78.493248 36.518313
    -78.493181 36.518313
    -78.4928 36.518301
    -78.492531 36.518304
    -78.491995 36.518274
    -78.491952 36.518267
    -78.491639 36.518252
    -78.49163 36.518251
    -78.491329 36.51822
    -78.491109 36.51819
    -78.490979 36.518164
    -78.490896 36.518137
    -78.490815 36.518105
    -78.490709 36.51804
    -78.490621 36.517959
    -78.490541 36.517832
    -78.490522 36.517762
    -78.490505 36.517656
    -78.4905 36.517585
    -78.490486 36.517515
    -78.490455 36.517448
    -78.490431 36.517419
    -78.490368 36.517368
    -78.490204 36.51731
    -78.490072 36.517288
    -78.490027 36.517291
    -78.489985 36.517302
    -78.489909 36.517341
    -78.489881 36.517368
    -78.489871 36.517403
    -78.48987 36.517474
    -78.489859 36.51758
    -78.489838 36.517649
    -78.48978 36.517745
    -78.489695 36.517829
    -78.489491 36.517968
    -78.489382 36.518031
    -78.489226 36.518102
    -78.489145 36.518131
    -78.489018 36.518169
    -78.488887 36.51819
    -78.488752 36.518199
    -78.488395 36.518173
    -78.488261 36.51817
    -78.488126 36.518175
    -78.487947 36.518188
    -78.487703 36.518191
    -78.487678 36.518192
    -78.487543 36.518201
    -78.48741 36.518215
    -78.487185 36.518217
    -78.486826 36.518231
    -78.486692 36.518228
    -78.486559 36.518211
    -78.486472 36.518194
    -78.486386 36.518172
    -78.486265 36.518128
    -78.486156 36.518065
    -78.486125 36.518039
    -78.486077 36.517992
    -78.486028 36.517932
    -78.485978 36.517834
    -78.485957 36.517765
    -78.485949 36.517695
    -78.48595 36.517624
    -78.485978 36.517447
    -78.48598 36.51741
    -78.485993 36.517235
    -78.485997 36.517093
    -78.485974 36.516989
    -78.485954 36.516958
    -78.485923 36.516917
    -78.485858 36.516868
    -78.485783 36.516829
    -78.485656 36.516797
    -78.485522 36.516788
    -78.485433 36.516799
    -78.485133 36.51687
    -78.484958 36.5169
    -78.48478 36.516919
    -78.484736 36.516917
    -78.484514 36.516893
    -78.484429 36.516895
    -78.484425 36.516896
    -78.484336 36.516907
    -78.484249 36.516924
    -78.484167 36.516953
    -78.484018 36.517032
    -78.483883 36.517126
    -78.483821 36.517177
    -78.483742 36.517256
    -78.483722 36.517288
    -78.483692 36.517355
    -78.483683 36.517426
    -78.483683 36.517462
    -78.483711 36.517602
    -78.483764 36.517762
    -78.483781 36.517868
    -78.483775 36.517903
    -78.48376 36.517937
    -78.483712 36.517997
    -78.483647 36.518046
    -78.48361 36.518066
    -78.483529 36.518097
    -78.483357 36.518138
    -78.483313 36.518145
    -78.483134 36.518162
    -78.482955 36.518171
    -78.482732 36.518195
    -78.482598 36.518204
    -78.482463 36.518208
    -78.482373 36.518205
    -78.482239 36.518208
    -78.482105 36.518219
    -78.481971 36.51822
    -78.481702 36.518196
    -78.481349 36.518145
    -78.481221 36.518117
    -78.481136 36.518094
    -78.481091 36.518089
    -78.480921 36.518049
    -78.480833 36.518033
    -78.4807 36.51802
    -78.480566 36.518017
    -78.480433 36.518029
    -78.480257 36.518061
    -78.480136 36.518107
    -78.480058 36.518142
    -78.479962 36.518216
    -78.479912 36.518275
    -78.479849 36.518369
    -78.479784 36.518501
    -78.479727 36.518709
    -78.479722 36.51878
    -78.479742 36.518884
    -78.479817 36.519089
    -78.479833 36.519159
    -78.479837 36.51923
    -78.479833 36.519337
    -78.479819 36.51937
    -78.479792 36.519398
    -78.479729 36.519449
    -78.479692 36.51947
    -78.479611 36.519499
    -78.479523 36.519514
    -78.479254 36.519506
    -78.479075 36.519494
    -78.47894 36.519495
    -78.478851 36.519502
    -78.478721 36.519532
    -78.478523 36.519615
    -78.478385 36.519706
    -78.478307 36.519793
    -78.478208 36.519952
    -78.478157 36.52001
    -78.478094 36.520061
    -78.477956 36.520152
    -78.47777 36.52025
    -78.477552 36.520374
    -78.47719 36.52064
    -78.477088 36.520709
    -78.4769 36.520863
    -78.476785 36.520972
    -78.476705 36.521057
    -78.476609 36.521177
    -78.476452 36.521393
    -78.476345 36.521506
    -78.476288 36.52156
    -78.476244 36.521622
    -78.476231 36.521656
    -78.476129 36.52169
    -78.476091 36.521709
    -78.475914 36.521817
    -78.475749 36.521936
    -78.47554 36.52207
    -78.475425 36.522125
    -78.475306 36.522175
    -78.475234 36.522217
    -78.475201 36.522241
    -78.475054 36.522288
    -78.47415 36.522235
    -78.473589 36.521912
    -78.473284 36.521204
    -78.472973 36.521179
    -78.47286 36.521337
    -78.472995 36.522068
    -78.472824 36.522362
    -78.47254 36.522496
    -78.471806 36.522582
    -78.470932 36.522416
    -78.470621 36.522459
    -78.470421 36.522913
    -78.470272 36.523982
    -78.470944 36.52474
    -78.470997 36.525082
    -78.470939 36.525354
    -78.470455 36.525875
    -78.470145 36.525826
    -78.470005 36.52562
    -78.46998 36.525256
    -78.469644 36.524798
    -78.469534 36.524501
    -78.46917 36.524111
    -78.468356 36.523558
    -78.467876 36.5236
    -78.466405 36.524113
    -78.466007 36.524474
    -78.465807 36.524768
    -78.465324 36.525197
    -78.465322 36.525539
    -78.46549 36.525677
    -78.467013 36.52578
    -78.468425 36.525653
    -78.46879 36.525794
    -78.469071 36.526046
    -78.469293 36.526503
    -78.469261 36.527095
    -78.467827 36.530022
    -78.467563 36.531296
    -78.467277 36.531932
    -78.467078 36.532181
    -78.466286 36.532403
    -78.466159 36.532518
    -78.465764 36.532802
    -78.465135 36.533263
    -78.464019 36.533597
    -78.463931 36.533616
    -78.463527 36.533541
    -78.462503 36.533056
    -78.462087 36.5328
    -78.461926 36.532722
    -78.461616 36.532747
    -78.461332 36.532795
    -78.460731 36.53278
    -78.460614 36.532749
    -78.459937 36.532573
    -78.45985 36.532548
    -78.459778 36.532527
    -78.459706 36.532506
    -78.459475 36.532444
    -78.459374 36.532394
    -78.459292 36.532311
    -78.459211 36.532159
    -78.459116 36.531994
    -78.458816 36.531914
    -78.458682 36.531934
    -78.458597 36.531947
    -78.45851 36.532103
    -78.458467 36.532181
    -78.45853 36.532379
    -78.458578 36.532534
    -78.458614 36.532613
    -78.458644 36.532676
    -78.458697 36.532804
    -78.45872 36.533063
    -78.458723 36.533163
    -78.458693 36.533195
    -78.458419 36.533484
    -78.45837 36.533536
    -78.458193 36.533584
    -78.457996 36.533639
    -78.457663 36.533851
    -78.457392 36.533924
    -78.457245 36.533863
    -78.457162 36.533829
    -78.456961 36.533701
    -78.456807 36.533642
    -78.456691 36.533588
    -78.456574 36.533535
    -78.456407 36.533464
    -78.45624 36.533393
    -78.456191 36.533372
    -78.455997 36.533394
    -78.455901 36.533405
    -78.455802 36.533485
    -78.455752 36.533671
    -78.455703 36.533715
    -78.455612 36.5338
    -78.455523 36.533873
    -78.4555 36.533907
    -78.455451 36.533975
    -78.455446 36.533983
    -78.455409 36.534063
    -78.455272 36.534393
    -78.455078 36.534967
    -78.455003 36.535235
    -78.454988 36.535372
    -78.454986 36.535391
    -78.455087 36.53581
    -78.455699 36.536938
    -78.455784 36.537111
    -78.455876 36.537302
    -78.455967 36.537481
    -78.455983 36.537508
    -78.455979 36.537526
    -78.455913 36.538559
    -78.455584 36.538979
    -78.455424 36.539157
    -78.455254 36.539182
    -78.455054 36.539134
    -78.454734 36.539107
    -78.454584 36.539094
    -78.454233 36.539075
    -78.454155 36.539071
    -78.453925 36.539104
    -78.453725 36.539274
    -78.453658 36.539448
    -78.453487 36.539919
    -78.453558 36.540274
    -78.453788 36.540426
    -78.453798 36.540435
    -78.454128 36.540539
    -78.454819 36.540686
    -78.454878 36.540699
    -78.455079 36.540771
    -78.455238 36.540827
    -78.45546 36.540864
    -78.456268 36.541002
    -78.457267 36.541312
    -78.457328 36.541331
    -78.457384 36.541393
    -78.457482 36.5415
    -78.457579 36.541606
    -78.457596 36.541684
    -78.457613 36.541762
    -78.457639 36.541879
    -78.457591 36.54194
    -78.457541 36.542004
    -78.457476 36.542079
    -78.45715 36.542227
    -78.457116 36.542273
    -78.457043 36.542374
    -78.45697 36.542474
    -78.456335 36.542477
    -78.455931 36.542479
    -78.452638 36.542521
    -78.449317 36.542564
    -78.443886 36.542635
    -78.441377 36.542684
    -78.441324 36.542629
    -78.441275 36.5426
    -78.441218 36.542583
    -78.441043 36.542584
    -78.439787 36.54264
    -78.43951 36.54265
    -78.438884 36.542629
    -78.438134 36.542629
    -78.436826 36.542644
    -78.43666 36.542629
    -78.436628 36.542634
    -78.436606 36.542648
    -78.43653 36.54274
    -78.435082 36.542723
    -78.429265 36.542775
    -78.428523 36.542785
    -78.427805 36.542795
    -78.426726 36.542812
    -78.417227 36.542904
    -78.417218 36.542904
    -78.416372 36.542912
    -78.410354 36.542979
    -78.409826 36.542974
    -78.40789 36.54302
    -78.406666 36.54305
    -78.406177 36.543046
    -78.404067 36.543031
    -78.403847 36.543032
    -78.396343 36.543097
    -78.395395 36.543105
    -78.388282 36.543165
    -78.388278 36.543165
    -78.383692 36.543204
    -78.383689 36.543204
    -78.383038 36.54321
    -78.381467 36.543216
    -78.379699 36.543266
    -78.3794 36.543271
    -78.377071 36.543259
    -78.375402 36.543262
    -78.374719 36.543335
    -78.369187 36.543409
    -78.369099 36.543408
    -78.36909 36.543407
    -78.367858 36.543386
    -78.367546 36.54338
    -78.362925 36.543426
    -78.362924 36.543426
    -78.36118 36.543443
    -78.360798 36.543447
    -78.3604 36.543451
    -78.358693 36.543467
    -78.358568 36.543468
    -78.345584 36.543596
    -78.323912 36.543809
    -78.320969 36.528998
    -78.320703 36.527661
    -78.320592 36.527101
    -78.320404 36.526155
    -78.319963 36.523933
    -78.319371 36.520975
    -78.319352 36.52088
    -78.319296 36.52061
    -78.319243 36.520346
    -78.318616 36.517169
    -78.318018 36.514085
    -78.318013 36.51406
    -78.317882 36.5134
    -78.317623 36.512084
    -78.317494 36.511426
    -78.317181 36.509878
    -78.316946 36.508755
    -78.316902 36.508542
    -78.316481 36.506528
    -78.316451 36.506387
    -78.315725 36.502673
    -78.315719 36.502642
    -78.315244 36.500157
    -78.313547 36.491275
    -78.312833 36.487618
    -78.31204 36.483556
    -78.312033 36.483529
    -78.311551 36.481203
    -78.311542 36.481163
    -78.310123 36.47331
    -78.310094 36.473149
    -78.309703 36.471406
    -78.309632 36.471088
    -78.308491 36.465326
    -78.308483 36.465291
    -78.307291 36.459199
    -78.307176 36.458623
    -78.307175 36.458617
    -78.30715 36.458512
    -78.307056 36.457782
    -78.306949 36.45734
    -78.30684 36.457042
    -78.305207 36.449281
    -78.304458 36.44548
    -78.304207 36.444207
    -78.303778 36.442031
    -78.303457 36.440407
    -78.302549 36.435827
    -78.301624 36.431131
    -78.300838 36.427137
    -78.30082 36.42705
    -78.300284 36.424323
    -78.298024 36.412873
    -78.298023 36.412867
    -78.297755 36.411496
    -78.296982 36.407571
    -78.296819 36.406746
    -78.295178 36.398434
    -78.294655 36.395774
    -78.292467 36.384669
    -78.292465 36.384663
    -78.291333 36.378925
    -78.290589 36.375203
    -78.28974 36.368741
    -78.289682 36.368302
    -78.288018 36.360089
    -78.28767 36.358369
    -78.287664 36.358346
    -78.287528 36.357635
    -78.287512 36.357566
    -78.2875 36.357497
    -78.287479 36.357403
    -78.287461 36.35731
    -78.287331 36.356706
    -78.287326 36.356682
    -78.287214 36.356284
    -78.287212 36.356272
    -78.287181 36.356138
    -78.286133 36.350926
    -78.285157 36.346064
    -78.285156 36.346061
    -78.284723 36.344002
    -78.284675 36.343752
    -78.28463 36.343521
    -78.284559 36.343161
    -78.284493 36.342821
    -78.284311 36.34192
    -78.282159 36.33125
    -78.280684 36.323952
    -78.279263 36.316894
    -78.279263 36.316893
    -78.278647 36.313239
    -78.277485 36.306326
    -78.277484 36.306321
    -78.277472 36.30625
    -78.28254 36.299804
    -78.282544 36.299799
    -78.283917 36.298225
    -78.287237 36.29443
    -78.287277 36.294384
    -78.290908 36.290373
    -78.290945 36.290273
    -78.290926 36.290221
    -78.291023 36.289519
    -78.291035 36.289428
    -78.291273 36.287758
    -78.291679 36.286182
    -78.291889 36.28561
    -78.291993 36.285396
    -78.292111 36.285186
    -78.292242 36.284982
    -78.292386 36.284783
    -78.292447 36.284705
    -78.292721 36.284396
    -78.293754 36.283422
    -78.295178 36.282094
    -78.296596 36.280762
    -78.297758 36.279674
    -78.297988 36.279438
    -78.298204 36.279193
    -78.298363 36.278993
    -78.299066 36.277891
    -78.299221 36.27768
    -78.299388 36.277475
    -78.299569 36.277278
    -78.299786 36.277068
    -78.299788 36.277065
    -78.300776 36.276113
    -78.301413 36.2755
    -78.301465 36.275449
    -78.301467 36.275448
    -78.301766 36.275143
    -78.302075 36.274781
    -78.302133 36.274713
    -78.302138 36.274708
    -78.302315 36.27448
    -78.302486 36.274241
    -78.302647 36.273997
    -78.302798 36.273749
    -78.302983 36.273407
    -78.303219 36.272883
    -78.303427 36.272267
    -78.303561 36.271865
    -78.303597 36.271746
    -78.303875 36.270863
    -78.304453 36.269022
    -78.304525 36.268821
    -78.30465 36.268525
    -78.304745 36.26833
    -78.304831 36.268167
    -78.304987 36.267924
    -78.305163 36.26769
    -78.305419 36.267392
    -78.305634 36.267174
    -78.305807 36.267018
    -78.305991 36.26687
    -78.306097 36.26679
    -78.306403 36.266579
    -78.307012 36.266159
    -78.30736 36.265915
    -78.308222 36.265267
    -78.308551 36.264925
    -78.309522 36.263549
    -78.309838 36.263106
    -78.309908 36.262948
    -78.309943 36.262955
    -78.311954 36.260064
    -78.312048 36.259931
    -78.312046 36.259918
    -78.312158 36.259758
    -78.313611 36.257786
    -78.314801 36.256171
    -78.315669 36.255432
    -78.315678 36.255439
    -78.315956 36.255198
    -78.317328 36.254098
    -78.320038 36.251968
    -78.32007 36.25194
    -78.320279 36.251766
    -78.320422 36.251662
    -78.320719 36.251397
    -78.321754 36.250573
    -78.322263 36.250161
    -78.322493 36.249983
    -78.322719 36.249808
    -78.324218 36.248587
    -78.325147 36.247831
    -78.3255 36.247546
    -78.326151 36.247019
    -78.328052 36.245479
    -78.328063 36.245469
    -78.329077 36.244632
    -78.329577 36.244198
    -78.330023 36.243836
    -78.33013 36.243748
    -78.330323 36.243564
    -78.330328 36.243561
    -78.330676 36.243289
    -78.332398 36.241829
    -78.332567 36.241677
    -78.333133 36.241105
    -78.333344 36.240852
    -78.333779 36.240269
    -78.333878 36.240136
    -78.334036 36.239925
    -78.335194 36.238362
    -78.335548 36.237896
    -78.335616 36.237808
    -78.336158 36.237095
    -78.337195 36.235721
    -78.337998 36.234637
    -78.338012 36.23462
    -78.339186 36.234637
    -78.344091 36.234695
    -78.356635 36.234844
    -78.356714 36.234845
    -78.367741 36.23498
    -78.367749 36.234979
    -78.371214 36.235024
    -78.371241 36.235024
    -78.374664 36.235036
    -78.375227 36.235043
    -78.375521 36.235046
    -78.378164 36.235084
    -78.383464 36.224679
    -78.383498 36.224608
    -78.388022 36.215884
    -78.388032 36.215867
    -78.390528 36.211182
    -78.390554 36.211132
    -78.392912 36.206508
    -78.393053 36.206232
    -78.393066 36.206206
    -78.396599 36.199414
    -78.408214 36.177022
    -78.408336 36.176785
    -78.411396 36.170914
    -78.411918 36.169915
    -78.412046 36.169664
    -78.412068 36.169678
    -78.412384 36.169719
    -78.412401 36.16972
    -78.414614 36.169264
    -78.416743 36.1692
    -78.417137 36.16875
    -78.417162 36.168723
    -78.417227 36.168493
    -78.417247 36.168426
    -78.417507 36.167946
    -78.41788 36.167622
    -78.418361 36.167475
    -78.419016 36.167405
    -78.419721 36.167526
    -78.42105 36.168001
    -78.421612 36.1681
    -78.4219 36.16801
    -78.42207 36.167807
    -78.422171 36.166218
    -78.422001 36.165737
    -78.421492 36.165032
    -78.421495 36.164644
    -78.421693 36.164414
    -78.422426 36.16416
    -78.423346 36.164012
    -78.424994 36.163746
    -78.425925 36.163685
    -78.426686 36.163954
    -78.428012 36.164136
    -78.428803 36.164342
    -78.430242 36.164571
    -78.432244 36.164461
    -78.432471 36.164574
    -78.432531 36.164846
    -78.431512 36.165833
    -78.431512 36.166383
    -78.431795 36.166677
    -78.432726 36.166843
    -78.43394 36.166589
    -78.436453 36.166409
    -78.437129 36.16664
    -78.438314 36.166746
    -78.43902 36.16686
    -78.439641 36.167324
    -78.441164 36.167826
    -78.441262 36.167827
    -78.44234 36.167826
    -78.444214 36.167834
    -78.444948 36.168016
    -78.445291 36.168146
    -78.445741 36.168313
    -78.446329 36.168296
    -78.447515 36.168102
    -78.448332 36.168262
    -78.449492 36.168904
    -78.449733 36.168959
    -78.449864 36.168989
    -78.449971 36.169011
    -78.451981 36.168911
    -78.451987 36.168911
    -78.451999 36.168909
    -78.453832 36.168039
    -78.454338 36.167718
    -78.454873 36.167035
    -78.455635 36.165117
    -78.45617 36.164515
    -78.456793 36.163988
    -78.457554 36.163672
    -78.45761 36.163669
    -78.458157 36.163649
    -78.458388 36.163871
    -78.458691 36.164142
    -78.459397 36.165004
    -78.460216 36.16558
    -78.460413 36.16599
    -78.460781 36.167818
    -78.460753 36.16972
    -78.461064 36.169997
    -78.463151 36.170473
    -78.464423 36.171113
    -78.465242 36.171762
    -78.466371 36.172236
    -78.46716 36.172397
    -78.469671 36.172189
    -78.471254 36.17224
    -78.473512 36.172396
    -78.474726 36.172602
    -78.475601 36.173107
    -78.476393 36.173358
    -78.477803 36.173658
    -78.481244 36.173748
    -78.482148 36.173903
    -78.483308 36.174315
    -78.484859 36.174519
    -78.485593 36.174678
    -78.485763 36.174781
    -78.485901 36.174866
    -78.485868 36.175578
    -78.485667 36.176124
    -78.485125 36.177156
    -78.484753 36.178041
    -78.484746 36.178754
    -78.484915 36.179075
    -78.48579 36.179497
    -78.487315 36.179757
    -78.487851 36.179988
    -78.489566 36.18149
    -78.491054 36.182627
    -78.491848 36.183233
    -78.491935 36.183299
    -78.49236 36.183463
    -78.493044 36.183551
    -78.493358 36.183367
    -78.495267 36.181366
    -78.495748 36.180413
    -78.495864 36.179934
    -78.495864 36.178498
    -78.495493 36.177491
    -78.495353 36.175598
    -78.495437 36.175346
    -78.495722 36.175133
    -78.496172 36.175082
    -78.49632 36.175126
    -78.496474 36.175217
    -78.497011 36.175278
    -78.497509 36.175372
    -78.498219 36.175602
    -78.498954 36.175737
    -78.499476 36.175958
    -78.499724 36.176126
    -78.499999 36.176312
    -78.501006 36.177008
    -78.501839 36.177593
    -78.502226 36.17773
    -78.503002 36.178364
    -78.503386 36.178951
    -78.503885 36.179358
    -78.504542 36.179631
    -78.504739 36.179738
    -78.504909 36.179927
    -78.50582 36.180943
    -78.506362 36.181414
    -78.506705 36.181712
    -78.507096 36.182078
    -78.50781 36.182619
    -78.508635 36.183152
    -78.508634 36.183248
    -78.508632 36.183343
    -78.508519 36.189961
    -78.50864 36.193432
    -78.508712 36.195487
    -78.508714 36.195557
    -78.508855 36.199567
    -78.508895 36.200687
    -78.509124 36.207181
    -78.509485 36.217761
    -78.509493 36.217961
    -78.509775 36.226332
    -78.509836 36.228272
    -78.509842 36.228463
    -78.509843 36.228498
    -78.50985 36.22872
    -78.509857 36.228942
    -78.509905 36.230424
    -78.510183 36.237358
    -78.510194 36.237614
    -78.510258 36.23918
    -78.510267 36.239401
    -78.510303 36.240318
    -78.510319 36.240763
END
END
