51043 Clarke County
1
    -77.845648 39.116078
    -77.845655 39.116066
    -77.845693 39.116002
    -77.845706 39.11598
    -77.845729 39.115942
    -77.845755 39.115898
    -77.845762 39.115887
    -77.845801 39.115822
    -77.845806 39.115813
    -77.845809 39.115808
    -77.84589 39.115674
    -77.845969 39.115532
    -77.846046 39.115394
    -77.846051 39.115385
    -77.846674 39.114263
    -77.847266 39.113198
    -77.847688 39.112265
    -77.847699 39.112241
    -77.847704 39.11223
    -77.847706 39.112225
    -77.847719 39.112196
    -77.848288 39.111154
    -77.848331 39.111076
    -77.848334 39.111071
    -77.848453 39.110853
    -77.848872 39.110087
    -77.848992 39.109694
    -77.848997 39.109677
    -77.849013 39.109623
    -77.849018 39.109605
    -77.849044 39.109521
    -77.849073 39.109424
    -77.849106 39.109317
    -77.849169 39.109109
    -77.849697 39.108332
    -77.849922 39.108001
    -77.850323 39.107209
    -77.851064 39.10573
    -77.851901 39.104566
    -77.852105 39.104283
    -77.852601 39.103289
    -77.852612 39.103267
    -77.852637 39.103215
    -77.852709 39.103103
    -77.853001 39.10265
    -77.85305 39.102554
    -77.853149 39.102362
    -77.853195 39.102274
    -77.853281 39.10211
    -77.853679 39.10135
    -77.853767 39.101182
    -77.853794 39.101131
    -77.853812 39.101097
    -77.853817 39.101088
    -77.853819 39.101083
    -77.853838 39.101046
    -77.853853 39.101018
    -77.853858 39.101008
    -77.853873 39.10098
    -77.85389 39.100754
    -77.853893 39.100707
    -77.853895 39.100679
    -77.853883 39.100669
    -77.85367 39.100493
    -77.853574 39.100413
    -77.853469 39.10009
    -77.853483 39.100039
    -77.853484 39.100034
    -77.853486 39.100029
    -77.853565 39.099738
    -77.853592 39.099638
    -77.853619 39.099528
    -77.853627 39.099499
    -77.853634 39.09947
    -77.853882 39.099132
    -77.854209 39.098685
    -77.85424 39.098369
    -77.854281 39.097986
    -77.854321 39.097606
    -77.854325 39.097569
    -77.854331 39.097514
    -77.854347 39.09741
    -77.854351 39.097385
    -77.854352 39.097378
    -77.854357 39.09735
    -77.854374 39.097242
    -77.854422 39.096935
    -77.854432 39.096868
    -77.854426 39.096775
    -77.854406 39.096435
    -77.854389 39.096158
    -77.854563 39.095504
    -77.854591 39.095441
    -77.85473 39.095129
    -77.854892 39.094768
    -77.85518 39.094291
    -77.855204 39.094253
    -77.855366 39.093992
    -77.855736 39.093168
    -77.855942 39.092925
    -77.856695 39.092035
    -77.856886 39.091804
    -77.857522 39.091034
    -77.8578 39.090531
    -77.858055 39.09007
    -77.858208 39.089376
    -77.858248 39.088889
    -77.858295 39.088315
    -77.858368 39.087444
    -77.858388 39.087204
    -77.858573 39.086784
    -77.859624 39.085433
    -77.859788 39.085296
    -77.860459 39.084734
    -77.860582 39.084622
    -77.860951 39.084286
    -77.861074 39.084174
    -77.861383 39.083912
    -77.861511 39.083803
    -77.861813 39.083546
    -77.861915 39.083141
    -77.861938 39.082909
    -77.861948 39.082808
    -77.861949 39.082793
    -77.861952 39.082748
    -77.861954 39.082724
    -77.861961 39.082616
    -77.861962 39.082602
    -77.861962 39.082595
    -77.861963 39.082577
    -77.861965 39.082545
    -77.861965 39.08254
    -77.861965 39.082534
    -77.861966 39.082528
    -77.861968 39.082504
    -77.861969 39.08243
    -77.861971 39.082207
    -77.861972 39.082132
    -77.861976 39.08191
    -77.861982 39.081601
    -77.862054 39.081447
    -77.862172 39.081302
    -77.862312 39.081129
    -77.862363 39.081067
    -77.862931 39.080726
    -77.863109 39.080704
    -77.865853 39.080361
    -77.865899 39.080355
    -77.866376 39.080386
    -77.866762 39.08029
    -77.866793 39.080282
    -77.866889 39.080258
    -77.867099 39.080203
    -77.86772 39.080043
    -77.868126 39.080059
    -77.868475 39.080073
    -77.868875 39.08014
    -77.868899 39.080144
    -77.869416 39.080121
    -77.869646 39.080111
    -77.86967 39.08011
    -77.870095 39.080104
    -77.870165 39.080103
    -77.87018 39.080103
    -77.87019 39.080103
    -77.870197 39.080102
    -77.870502 39.080098
    -77.870596 39.080099
    -77.870796 39.080094
    -77.871248 39.080083
    -77.871367 39.080093
    -77.871679 39.08012
    -77.871974 39.080145
    -77.872009 39.080147
    -77.872021 39.080148
    -77.87203 39.080148
    -77.872179 39.080159
    -77.872349 39.080158
    -77.872551 39.080157
    -77.872579 39.080157
    -77.87279 39.080157
    -77.873131 39.080059
    -77.873454 39.079981
    -77.873739 39.079913
    -77.873746 39.079911
    -77.873757 39.079909
    -77.873772 39.079905
    -77.873779 39.079903
    -77.873813 39.079895
    -77.87382 39.079893
    -77.875668 39.078777
    -77.876077 39.078421
    -77.879663 39.075057
    -77.881756 39.072589
    -77.885511 39.067463
    -77.885893 39.066925
    -77.887528 39.064628
    -77.888242 39.063624
    -77.889252 39.062207
    -77.889511 39.06186
    -77.890193 39.06095
    -77.891241 39.059552
    -77.892735 39.057992
    -77.895019 39.05561
    -77.89604 39.054546
    -77.89671 39.05416
    -77.89921 39.052688
    -77.900315 39.051833
    -77.901582 39.050337
    -77.902132 39.049688
    -77.90465 39.047872
    -77.907266 39.045595
    -77.907629 39.045064
    -77.908022 39.044653
    -77.908549 39.044283
    -77.9092 39.044033
    -77.909624 39.043856
    -77.910047 39.043711
    -77.910357 39.043558
    -77.911247 39.042608
    -77.911578 39.042314
    -77.912117 39.041835
    -77.912675 39.041481
    -77.913181 39.041385
    -77.913657 39.041342
    -77.913673 39.04133
    -77.914246 39.04087
    -77.914405 39.040767
    -77.915063 39.040339
    -77.916169 39.039825
    -77.916685 39.039697
    -77.916839 39.039521
    -77.916996 39.039342
    -77.917451 39.038924
    -77.917515 39.038904
    -77.917666 39.038858
    -77.917879 39.038793
    -77.917954 39.03877
    -77.917976 39.038763
    -77.917982 39.038761
    -77.917998 39.038756
    -77.918018 39.03875
    -77.918025 39.038748
    -77.918116 39.03872
    -77.918133 39.038715
    -77.918264 39.038669
    -77.918534 39.038574
    -77.918908 39.038442
    -77.919325 39.038252
    -77.919584 39.038134
    -77.920022 39.037934
    -77.920179 39.037863
    -77.921374 39.037427
    -77.921657 39.037324
    -77.921828 39.037267
    -77.922251 39.037127
    -77.922338 39.037097
    -77.923083 39.03685
    -77.923478 39.036622
    -77.923863 39.0364
    -77.923931 39.036363
    -77.924134 39.036252
    -77.924202 39.036215
    -77.924409 39.036103
    -77.92459 39.036038
    -77.924778 39.03597
    -77.925144 39.035838
    -77.925878 39.035662
    -77.926477 39.035485
    -77.926559 39.035409
    -77.926881 39.035115
    -77.927038 39.035008
    -77.927106 39.034962
    -77.927341 39.034804
    -77.927584 39.034641
    -77.927946 39.034456
    -77.928247 39.034204
    -77.92835 39.034118
    -77.928381 39.03389
    -77.928388 39.033838
    -77.928423 39.03358
    -77.928496 39.033357
    -77.92859 39.033071
    -77.928395 39.032765
    -77.928373 39.032765
    -77.928065 39.032767
    -77.92789 39.032768
    -77.927726 39.032769
    -77.927466 39.032771
    -77.927477 39.03267
    -77.927497 39.032497
    -77.927798 39.032224
    -77.928143 39.031936
    -77.928377 39.031741
    -77.929081 39.03117
    -77.929857 39.030454
    -77.930148 39.030385
    -77.930632 39.03027
    -77.930981 39.030193
    -77.931324 39.030118
    -77.932667 39.029484
    -77.932943 39.029415
    -77.933411 39.029299
    -77.934083 39.029035
    -77.93462 39.028737
    -77.934973 39.028166
    -77.935981 39.025766
    -77.936299 39.024536
    -77.936721 39.022906
    -77.936877 39.022664
    -77.93695 39.022535
    -77.937009 39.022573
    -77.937186 39.022686
    -77.937244 39.022723
    -77.937766 39.023057
    -77.937864 39.023119
    -77.938392 39.023319
    -77.939199 39.02339
    -77.939562 39.023341
    -77.939736 39.023317
    -77.940005 39.023437
    -77.94015 39.023465
    -77.940633 39.02356
    -77.941391 39.023708
    -77.942094 39.023687
    -77.94225 39.023682
    -77.942575 39.023601
    -77.942599 39.023595
    -77.942606 39.023593
    -77.942645 39.023584
    -77.942652 39.023582
    -77.942911 39.023519
    -77.943677 39.02326
    -77.943924 39.023168
    -77.944258 39.023044
    -77.944464 39.022967
    -77.944525 39.022944
    -77.945063 39.022823
    -77.945107 39.022819
    -77.945327 39.022797
    -77.9454 39.022788
    -77.945424 39.022785
    -77.945699 39.022753
    -77.946186 39.022696
    -77.946269 39.022685
    -77.946796 39.022539
    -77.947155 39.022439
    -77.947772 39.022285
    -77.948334 39.022108
    -77.948671 39.022002
    -77.949902 39.021741
    -77.950512 39.021587
    -77.95107 39.021361
    -77.951839 39.021037
    -77.951917 39.021004
    -77.952289 39.020915
    -77.952869 39.020946
    -77.953038 39.020887
    -77.953099 39.020868
    -77.953405 39.020839
    -77.954514 39.020736
    -77.954882 39.020702
    -77.955357 39.020647
    -77.955502 39.02063
    -77.955605 39.020461
    -77.955668 39.020163
    -77.955909 39.019416
    -77.956048 39.018983
    -77.956055 39.018962
    -77.956071 39.018912
    -77.956073 39.018906
    -77.956078 39.01889
    -77.956084 39.018873
    -77.956086 39.018866
    -77.95609 39.018854
    -77.956092 39.018849
    -77.956096 39.018835
    -77.956098 39.018827
    -77.956146 39.018679
    -77.956271 39.018292
    -77.956567 39.017376
    -77.95701 39.016006
    -77.957217 39.015571
    -77.957682 39.015322
    -77.960217 39.015064
    -77.960645 39.01502
    -77.960955 39.014956
    -77.961565 39.014269
    -77.961589 39.014242
    -77.961659 39.014162
    -77.961682 39.014136
    -77.961721 39.014093
    -77.961835 39.013966
    -77.961847 39.013953
    -77.961855 39.013945
    -77.961874 39.013925
    -77.961895 39.013902
    -77.961939 39.013858
    -77.961956 39.013841
    -77.961985 39.013807
    -77.962041 39.01375
    -77.962157 39.013637
    -77.962161 39.013633
    -77.962165 39.013629
    -77.962178 39.013615
    -77.962199 39.013593
    -77.962333 39.013455
    -77.962338 39.01345
    -77.962439 39.013353
    -77.962678 39.013162
    -77.962781 39.013079
    -77.962788 39.013073
    -77.962811 39.013055
    -77.962917 39.01297
    -77.963301 39.012263
    -77.964109 39.010829
    -77.965 39.009243
    -77.965138 39.008927
    -77.965714 39.008599
    -77.965983 39.008435
    -77.966986 39.007827
    -77.969024 39.00653
    -77.969838 39.006114
    -77.970891 39.005833
    -77.971459 39.005576
    -77.972658 39.004868
    -77.973599 39.003798
    -77.97486 39.002864
    -77.976089 39.002374
    -77.976904 39.002383
    -77.977708 39.002659
    -77.978308 39.002708
    -77.979299 39.002596
    -77.98033 39.002541
    -77.98127 39.002115
    -77.982283 39.001793
    -77.984463 39.000109
    -77.985204 38.999693
    -77.986014 38.999194
    -77.986536 38.998835
    -77.987191 38.998321
    -77.98746 38.998164
    -77.987614 38.998074
    -77.987686 38.998032
    -77.987737 38.998002
    -77.987746 38.997997
    -77.987765 38.997986
    -77.987778 38.997978
    -77.987837 38.997943
    -77.988579 38.997735
    -77.989112 38.997416
    -77.98947 38.997117
    -77.989483 38.997106
    -77.989756 38.996878
    -77.990379 38.996331
    -77.990684 38.995828
    -77.990669 38.995481
    -77.990521 38.995176
    -77.990267 38.994758
    -77.98992 38.994253
    -77.98978 38.993834
    -77.989839 38.993608
    -77.990022 38.993315
    -77.990596 38.992996
    -77.991418 38.992634
    -77.991808 38.992396
    -77.992338 38.991843
    -77.992661 38.991545
    -77.993285 38.991215
    -77.993668 38.990778
    -77.994265 38.990273
    -77.994817 38.989399
    -77.99537 38.98876
    -77.995837 38.988054
    -77.996176 38.987482
    -77.996687 38.986944
    -77.997454 38.98617
    -77.997966 38.9858
    -77.998692 38.985362
    -77.999119 38.985092
    -77.999718 38.984856
    -77.999974 38.984558
    -78.000192 38.984496
    -78.000413 38.984474
    -78.000626 38.984454
    -78.001176 38.984245
    -78.001929 38.983418
    -78.002049 38.982681
    -78.002057 38.982629
    -78.002059 38.982618
    -78.002061 38.982607
    -78.002073 38.982533
    -78.002091 38.982228
    -78.002093 38.982202
    -78.002125 38.981704
    -78.002289 38.981295
    -78.002553 38.981064
    -78.002593 38.981029
    -78.002787 38.980859
    -78.003481 38.980116
    -78.004167 38.979479
    -78.004441 38.97971
    -78.004498 38.979759
    -78.004536 38.979791
    -78.004671 38.979905
    -78.005217 38.980257
    -78.005313 38.980327
    -78.005341 38.980348
    -78.009201 38.983212
    -78.013603 38.986477
    -78.022156 38.99282
    -78.027381 38.996697
    -78.027787 38.996998
    -78.027819 38.99702
    -78.027842 38.997036
    -78.027872 38.997056
    -78.027878 38.99706
    -78.02798 38.997129
    -78.028564 38.997523
    -78.028796 38.99768
    -78.029302 38.998022
    -78.029321 38.998035
    -78.032046 38.999879
    -78.032106 38.99992
    -78.032117 38.999927
    -78.032139 38.999942
    -78.032148 38.999948
    -78.032154 38.999953
    -78.032162 38.999958
    -78.032451 39.000157
    -78.032459 39.000162
    -78.033442 39.000877
    -78.035944 39.002696
    -78.036257 39.002923
    -78.036263 39.002927
    -78.036303 39.002956
    -78.03638 39.003012
    -78.036465 39.003074
    -78.036645 39.003205
    -78.037338 39.003709
    -78.038989 39.004909
    -78.040825 39.006244
    -78.040935 39.006324
    -78.040994 39.006367
    -78.041023 39.006388
    -78.041067 39.00642
    -78.043441 39.008145
    -78.043446 39.008149
    -78.045457 39.009612
    -78.046575 39.010425
    -78.046906 39.010666
    -78.047214 39.01089
    -78.047231 39.010902
    -78.047469 39.011074
    -78.047851 39.011352
    -78.047857 39.011356
    -78.047865 39.011362
    -78.047887 39.011378
    -78.047917 39.0114
    -78.048117 39.011545
    -78.048648 39.011931
    -78.048736 39.011995
    -78.049045 39.01222
    -78.049187 39.012323
    -78.049993 39.012909
    -78.050504 39.013256
    -78.050739 39.013416
    -78.05095 39.013559
    -78.051 39.013593
    -78.051032 39.013615
    -78.051056 39.013631
    -78.051062 39.013635
    -78.05107 39.01364
    -78.051226 39.013746
    -78.051682 39.014056
    -78.051694 39.014064
    -78.051699 39.014067
    -78.051769 39.014115
    -78.051822 39.014151
    -78.051828 39.014155
    -78.051834 39.014159
    -78.051992 39.014266
    -78.052134 39.014362
    -78.056136 39.017081
    -78.05634 39.01722
    -78.056387 39.017252
    -78.056651 39.017431
    -78.056871 39.017588
    -78.057985 39.018381
    -78.058057 39.018432
    -78.058243 39.01856
    -78.058279 39.018584
    -78.058322 39.018613
    -78.058368 39.018645
    -78.05842 39.01868
    -78.058675 39.018856
    -78.058713 39.018881
    -78.058719 39.018885
    -78.058741 39.0189
    -78.058761 39.018914
    -78.058793 39.018936
    -78.058813 39.01895
    -78.058908 39.019015
    -78.059538 39.018918
    -78.059669 39.018897
    -78.060229 39.018812
    -78.060575 39.018759
    -78.062966 39.018393
    -78.065491 39.018007
    -78.065526 39.018002
    -78.068223 39.017589
    -78.069351 39.017407
    -78.069945 39.017312
    -78.069953 39.017311
    -78.070004 39.017303
    -78.070277 39.017259
    -78.071062 39.017133
    -78.073563 39.016733
    -78.075352 39.016446
    -78.07732 39.016131
    -78.07923 39.015825
    -78.080297 39.015654
    -78.080341 39.015647
    -78.080361 39.015644
    -78.080411 39.015636
    -78.080447 39.01563
    -78.080482 39.015624
    -78.081288 39.015495
    -78.08149 39.015463
    -78.081676 39.015418
    -78.082006 39.015338
    -78.08247 39.015225
    -78.082625 39.015188
    -78.08267 39.015177
    -78.082898 39.015122
    -78.082992 39.0151
    -78.083004 39.015097
    -78.083488 39.014981
    -78.083699 39.01493
    -78.08371 39.014927
    -78.083809 39.014903
    -78.084108 39.014831
    -78.084684 39.014692
    -78.087229 39.01408
    -78.087959 39.013973
    -78.090655 39.013579
    -78.093052 39.013228
    -78.093138 39.013215
    -78.093673 39.013137
    -78.093689 39.013135
    -78.093833 39.013114
    -78.094553 39.013009
    -78.096884 39.012668
    -78.097007 39.012723
    -78.097108 39.012769
    -78.097555 39.012972
    -78.099064 39.013625
    -78.099567 39.013843
    -78.099992 39.014027
    -78.100041 39.014048
    -78.100051 39.014052
    -78.100058 39.014055
    -78.100091 39.014069
    -78.100195 39.014114
    -78.100375 39.014192
    -78.102363 39.015052
    -78.104424 39.015944
    -78.106516 39.016849
    -78.107362 39.017209
    -78.109111 39.017954
    -78.111313 39.018891
    -78.111385 39.018922
    -78.112594 39.019437
    -78.112619 39.019447
    -78.112626 39.01945
    -78.112645 39.019458
    -78.112668 39.019468
    -78.11269 39.019478
    -78.112724 39.019492
    -78.112758 39.019507
    -78.113921 39.020001
    -78.11408 39.020069
    -78.114113 39.020083
    -78.114131 39.020091
    -78.114147 39.020098
    -78.114199 39.02012
    -78.114335 39.020178
    -78.114406 39.020208
    -78.114711 39.020338
    -78.114841 39.020393
    -78.116893 39.021267
    -78.116976 39.021302
    -78.117307 39.021461
    -78.117387 39.021496
    -78.117761 39.021659
    -78.124805 39.024733
    -78.126119 39.02529
    -78.134736 39.028943
    -78.144686 39.033177
    -78.145407 39.033484
    -78.151494 39.03607
    -78.15177 39.036187
    -78.151981 39.036277
    -78.151535 39.036975
    -78.151464 39.037155
    -78.151022 39.038281
    -78.150808 39.038821
    -78.150751 39.038968
    -78.150344 39.040006
    -78.149971 39.040956
    -78.149834 39.041305
    -78.149424 39.042352
    -78.149288 39.0427
    -78.14902 39.043383
    -78.148216 39.045432
    -78.147948 39.046114
    -78.147749 39.046619
    -78.147152 39.048132
    -78.147068 39.048358
    -78.147066 39.048363
    -78.147063 39.048371
    -78.147051 39.048401
    -78.146963 39.048635
    -78.146936 39.048693
    -78.146925 39.048717
    -78.146907 39.048765
    -78.146896 39.048797
    -78.146754 39.049159
    -78.146328 39.050244
    -78.146186 39.050605
    -78.14615 39.050696
    -78.146044 39.050969
    -78.146009 39.051059
    -78.146003 39.051076
    -78.145984 39.051127
    -78.145978 39.051144
    -78.145529 39.0523
    -78.144182 39.055763
    -78.143733 39.056918
    -78.143367 39.057859
    -78.142271 39.060678
    -78.141906 39.061618
    -78.14186 39.061737
    -78.141722 39.062092
    -78.141676 39.06221
    -78.141637 39.06231
    -78.141522 39.062606
    -78.141484 39.062705
    -78.141355 39.063038
    -78.14097 39.064034
    -78.140842 39.064365
    -78.140818 39.06443
    -78.140745 39.064624
    -78.140709 39.064718
    -78.140622 39.064951
    -78.140604 39.064996
    -78.140396 39.065554
    -78.139699 39.067409
    -78.139529 39.067862
    -78.139467 39.068027
    -78.139416 39.068164
    -78.139262 39.068572
    -78.139211 39.068708
    -78.139167 39.068824
    -78.138991 39.069281
    -78.13833 39.070999
    -78.13811 39.071571
    -78.138032 39.071774
    -78.137799 39.072381
    -78.137721 39.072584
    -78.13768 39.072691
    -78.137558 39.073008
    -78.137517 39.073113
    -78.137416 39.073376
    -78.137396 39.073427
    -78.137114 39.074161
    -78.137013 39.074421
    -78.136993 39.074468
    -78.136976 39.074508
    -78.136949 39.074571
    -78.136934 39.074605
    -78.136914 39.07465
    -78.136794 39.074665
    -78.136654 39.074698
    -78.136541 39.074682
    -78.135675 39.074681
    -78.135541 39.074731
    -78.135456 39.074796
    -78.135351 39.074994
    -78.135224 39.075076
    -78.135048 39.075158
    -78.134977 39.075279
    -78.134871 39.07535
    -78.134569 39.07546
    -78.134512 39.075504
    -78.134484 39.07557
    -78.134512 39.075663
    -78.134547 39.07574
    -78.13454 39.0758
    -78.134484 39.075872
    -78.134336 39.075954
    -78.134181 39.075998
    -78.134012 39.076014
    -78.13361 39.076036
    -78.133293 39.076091
    -78.133167 39.076157
    -78.133124 39.076217
    -78.133124 39.076343
    -78.133145 39.076387
    -78.133138 39.076502
    -78.133103 39.076563
    -78.133032 39.076612
    -78.132906 39.07665
    -78.132708 39.076689
    -78.132568 39.076765
    -78.13249 39.076826
    -78.132377 39.076985
    -78.132229 39.077226
    -78.13213 39.077309
    -78.131799 39.077528
    -78.131708 39.077621
    -78.13151 39.077983
    -78.131447 39.078176
    -78.131425 39.078307
    -78.131383 39.078417
    -78.13139 39.078582
    -78.131411 39.078626
    -78.131397 39.078752
    -78.131369 39.078823
    -78.131291 39.078955
    -78.131213 39.079142
    -78.131178 39.079284
    -78.131136 39.079542
    -78.131044 39.079674
    -78.130945 39.079734
    -78.130607 39.079833
    -78.130494 39.07991
    -78.130142 39.08031
    -78.129768 39.080595
    -78.129656 39.080667
    -78.129543 39.080826
    -78.129515 39.080947
    -78.129507 39.081276
    -78.129472 39.08138
    -78.129416 39.081484
    -78.129317 39.081742
    -78.12926 39.082088
    -78.129288 39.082269
    -78.129344 39.08239
    -78.129393 39.082467
    -78.129394 39.082489
    -78.129527 39.082687
    -78.129569 39.082807
    -78.129569 39.082983
    -78.129534 39.083076
    -78.129477 39.083126
    -78.129224 39.083213
    -78.129083 39.083307
    -78.129055 39.08335
    -78.129019 39.083526
    -78.128914 39.083652
    -78.128702 39.083795
    -78.12835 39.083987
    -78.128244 39.084162
    -78.128166 39.084316
    -78.12811 39.08447
    -78.128004 39.084788
    -78.127919 39.085068
    -78.12787 39.085392
    -78.127869 39.085529
    -78.127792 39.085699
    -78.127644 39.085908
    -78.127503 39.086078
    -78.127355 39.086396
    -78.127298 39.086484
    -78.127242 39.086533
    -78.127094 39.086626
    -78.127073 39.086654
    -78.127051 39.086698
    -78.127058 39.086807
    -78.127115 39.086884
    -78.127262 39.087011
    -78.127262 39.08706
    -78.127199 39.08711
    -78.126868 39.087241
    -78.126546 39.087431
    -78.126424 39.087504
    -78.126339 39.08757
    -78.12624 39.087685
    -78.12605 39.088036
    -78.126008 39.08819
    -78.125909 39.088454
    -78.125775 39.088657
    -78.125683 39.088766
    -78.125486 39.088887
    -78.12519 39.089035
    -78.125153 39.089065
    -78.125077 39.089128
    -78.124992 39.089243
    -78.124943 39.089282
    -78.124923 39.089293
    -78.124844 39.089337
    -78.124725 39.089364
    -78.12463 39.089423
    -78.124602 39.089429
    -78.124496 39.089533
    -78.12437 39.08972
    -78.124194 39.089835
    -78.124095 39.089885
    -78.123863 39.090132
    -78.123687 39.090263
    -78.123539 39.090412
    -78.123356 39.090527
    -78.123131 39.090599
    -78.123004 39.090593
    -78.122891 39.090555
    -78.12275 39.090489
    -78.122602 39.090456
    -78.12244 39.090484
    -78.122152 39.090615
    -78.121812 39.090752
    -78.121757 39.090775
    -78.121581 39.090857
    -78.121469 39.090951
    -78.121377 39.091077
    -78.121293 39.091242
    -78.121222 39.091434
    -78.121145 39.091533
    -78.120955 39.091681
    -78.120937 39.091693
    -78.120923 39.091702
    -78.120497 39.091988
    -78.120075 39.09234
    -78.119955 39.092411
    -78.119871 39.092494
    -78.119702 39.092631
    -78.119603 39.09273
    -78.119498 39.092779
    -78.119357 39.092944
    -78.119132 39.093054
    -78.11892 39.093246
    -78.118801 39.093246
    -78.118653 39.093213
    -78.118251 39.093224
    -78.11804 39.093269
    -78.117927 39.093307
    -78.117822 39.093318
    -78.117642 39.093257
    -78.117589 39.093247
    -78.117566 39.093232
    -78.117473 39.0932
    -78.116955 39.09316
    -78.116888 39.093093
    -78.116821 39.093016
    -78.116793 39.092997
    -78.116155 39.092357
    -78.116097 39.092085
    -78.115963 39.091973
    -78.115113 39.091547
    -78.114942 39.091489
    -78.114492 39.091478
    -78.11414 39.091604
    -78.113724 39.091594
    -78.113618 39.091645
    -78.113305 39.091664
    -78.113128 39.091741
    -78.112981 39.091954
    -78.112697 39.092109
    -78.11262 39.092296
    -78.112605 39.092674
    -78.112305 39.093207
    -78.112182 39.093691
    -78.11142 39.09451
    -78.110907 39.095172
    -78.110863 39.095437
    -78.110854 39.095492
    -78.110815 39.095738
    -78.110672 39.095842
    -78.10984 39.095822
    -78.109733 39.0959
    -78.109626 39.095979
    -78.109472 39.096353
    -78.109292 39.096511
    -78.109206 39.096914
    -78.108784 39.097325
    -78.108773 39.097336
    -78.108685 39.097489
    -78.108436 39.097922
    -78.108363 39.097967
    -78.108336 39.097971
    -78.108292 39.098011
    -78.107974 39.098208
    -78.107935 39.098315
    -78.107717 39.098553
    -78.107373 39.099328
    -78.107351 39.099868
    -78.107164 39.100188
    -78.107155 39.100431
    -78.10728 39.100758
    -78.107852 39.101178
    -78.108911 39.101582
    -78.109523 39.101895
    -78.109832 39.101957
    -78.109899 39.102012
    -78.110314 39.10205
    -78.110535 39.102156
    -78.110552 39.102164
    -78.110557 39.102215
    -78.110572 39.102229
    -78.110605 39.102161
    -78.110659 39.102164
    -78.110666 39.102166
    -78.111037 39.102268
    -78.111044 39.102268
    -78.111144 39.102298
    -78.111354 39.102394
    -78.111337 39.10248
    -78.111536 39.102701
    -78.111528 39.10289
    -78.111307 39.103209
    -78.110928 39.104011
    -78.110786 39.104129
    -78.110768 39.104144
    -78.110679 39.10418
    -78.110614 39.104206
    -78.11057 39.104247
    -78.110574 39.104206
    -78.110544 39.104178
    -78.110303 39.104022
    -78.110061 39.103989
    -78.109743 39.104143
    -78.10957 39.104139
    -78.109393 39.104216
    -78.109081 39.104208
    -78.108705 39.104091
    -78.107285 39.104028
    -78.107188 39.104067
    -78.107107 39.104132
    -78.107096 39.104199
    -78.107033 39.104238
    -78.106904 39.104246
    -78.106756 39.104231
    -78.106641 39.104261
    -78.106545 39.104307
    -78.106429 39.104283
    -78.106267 39.104273
    -78.105957 39.104266
    -78.105713 39.104287
    -78.105561 39.104309
    -78.105433 39.104361
    -78.105311 39.104343
    -78.105156 39.104354
    -78.104388 39.10447
    -78.103395 39.104986
    -78.10314 39.105137
    -78.102923 39.105226
    -78.10283 39.105242
    -78.102621 39.105449
    -78.102513 39.105531
    -78.102362 39.105663
    -78.102142 39.105955
    -78.102066 39.106115
    -78.102071 39.10629
    -78.10208 39.106602
    -78.102144 39.106738
    -78.102579 39.107128
    -78.102644 39.107237
    -78.102633 39.107507
    -78.102837 39.10762
    -78.103114 39.107627
    -78.103561 39.10772
    -78.104334 39.108333
    -78.104498 39.108554
    -78.104515 39.108986
    -78.104814 39.109318
    -78.104976 39.109593
    -78.105032 39.109918
    -78.105099 39.109974
    -78.105082 39.110379
    -78.104967 39.110646
    -78.10468 39.110882
    -78.10447 39.110931
    -78.104114 39.111166
    -78.104033 39.111434
    -78.103666 39.111938
    -78.103619 39.112234
    -78.103545 39.112341
    -78.103556 39.112909
    -78.103613 39.113012
    -78.103616 39.113017
    -78.1037 39.113168
    -78.104073 39.11384
    -78.103914 39.115483
    -78.104097 39.115814
    -78.104331 39.116009
    -78.10457 39.116123
    -78.104914 39.116185
    -78.105596 39.116473
    -78.105906 39.116534
    -78.106825 39.116963
    -78.107509 39.117196
    -78.107644 39.117307
    -78.107802 39.117663
    -78.108101 39.117994
    -78.108126 39.118238
    -78.108287 39.118539
    -78.10828 39.118701
    -78.108312 39.118745
    -78.108289 39.11935
    -78.107749 39.119823
    -78.107553 39.120359
    -78.107053 39.120725
    -78.106705 39.120743
    -78.106534 39.120685
    -78.106326 39.12068
    -78.106013 39.120699
    -78.105601 39.120581
    -78.105562 39.12058
    -78.105532 39.120579
    -78.104953 39.120321
    -78.104781 39.12029
    -78.104674 39.12028
    -78.104656 39.120278
    -78.10402 39.120217
    -78.103642 39.120127
    -78.103435 39.120122
    -78.103422 39.120122
    -78.102914 39.120109
    -78.102599 39.120182
    -78.101772 39.120891
    -78.101721 39.121295
    -78.101882 39.121596
    -78.101878 39.121704
    -78.101977 39.121815
    -78.102134 39.122224
    -78.10267 39.122697
    -78.102725 39.12305
    -78.10304 39.123814
    -78.103034 39.123976
    -78.102812 39.124295
    -78.102308 39.124742
    -78.102103 39.125015
    -78.102031 39.12511
    -78.101987 39.125226
    -78.10179 39.125369
    -78.101734 39.125384
    -78.101722 39.125387
    -78.101714 39.12539
    -78.10167 39.125402
    -78.101562 39.125431
    -78.101075 39.125473
    -78.100967 39.125552
    -78.100927 39.125686
    -78.100711 39.125966
    -78.100767 39.126195
    -78.10076 39.126384
    -78.100575 39.12665
    -78.10007 39.127124
    -78.099975 39.127267
    -78.100116 39.127692
    -78.100056 39.128313
    -78.099557 39.128624
    -78.09934 39.128835
    -78.099009 39.129313
    -78.098791 39.129438
    -78.098333 39.129702
    -78.098223 39.129861
    -78.097321 39.130704
    -78.097199 39.130747
    -78.097039 39.130805
    -78.096585 39.130875
    -78.095234 39.130814
    -78.094986 39.130943
    -78.0948 39.131236
    -78.094568 39.131824
    -78.094562 39.131959
    -78.094628 39.132042
    -78.094615 39.132366
    -78.094543 39.132418
    -78.09454 39.132499
    -78.094486 39.132539
    -78.094156 39.133409
    -78.09425 39.133654
    -78.094481 39.13393
    -78.094952 39.134293
    -78.095049 39.134458
    -78.095037 39.134755
    -78.094942 39.134831
    -78.094939 39.134852
    -78.094908 39.134858
    -78.094248 39.135384
    -78.094241 39.135546
    -78.094372 39.135738
    -78.094338 39.136575
    -78.094154 39.136814
    -78.09329 39.137576
    -78.093287 39.137657
    -78.092957 39.138081
    -78.092929 39.138138
    -78.092843 39.138322
    -78.092831 39.138619
    -78.092932 39.138702
    -78.094053 39.139271
    -78.094467 39.139335
    -78.09474 39.13945
    -78.095245 39.139841
    -78.095377 39.140006
    -78.095368 39.140222
    -78.095077 39.14054
    -78.094884 39.141021
    -78.094741 39.141126
    -78.093687 39.141424
    -78.093366 39.141632
    -78.093261 39.141656
    -78.093088 39.141652
    -78.093021 39.141596
    -78.092467 39.141555
    -78.092013 39.141625
    -78.091232 39.142171
    -78.091228 39.142211
    -78.091216 39.142253
    -78.091089 39.142456
    -78.090999 39.142567
    -78.090899 39.142677
    -78.090822 39.142731
    -78.090067 39.14336
    -78.089846 39.143679
    -78.089791 39.144164
    -78.089837 39.144733
    -78.090202 39.145147
    -78.090262 39.145365
    -78.090732 39.145755
    -78.090863 39.145948
    -78.090852 39.146218
    -78.090668 39.146483
    -78.090654 39.146807
    -78.090767 39.147034
    -78.090595 39.1474
    -78.090273 39.147636
    -78.090238 39.147638
    -78.090231 39.147638
    -78.090209 39.147643
    -78.090196 39.147645
    -78.090158 39.147641
    -78.090082 39.147644
    -78.089778 39.147866
    -78.089447 39.148318
    -78.089268 39.148448
    -78.089128 39.148472
    -78.088698 39.148785
    -78.088554 39.148917
    -78.088441 39.14913
    -78.08842 39.149643
    -78.088333 39.150074
    -78.088459 39.150374
    -78.088794 39.15068
    -78.088722 39.15157
    -78.088579 39.151674
    -78.088229 39.151747
    -78.087328 39.151724
    -78.087191 39.151667
    -78.086672 39.151627
    -78.085943 39.151635
    -78.085728 39.151792
    -78.085578 39.152059
    -78.085323 39.15235
    -78.085248 39.152483
    -78.085273 39.152727
    -78.086203 39.15375
    -78.086577 39.153921
    -78.087127 39.15407
    -78.087295 39.15421
    -78.087271 39.154777
    -78.087431 39.155105
    -78.087599 39.155244
    -78.087974 39.155416
    -78.088242 39.155639
    -78.088582 39.155809
    -78.088784 39.155977
    -78.08885 39.156059
    -78.088839 39.156329
    -78.088765 39.156435
    -78.088407 39.156697
    -78.088396 39.156967
    -78.088459 39.157104
    -78.088438 39.157616
    -78.088323 39.157884
    -78.088103 39.158176
    -78.087924 39.158306
    -78.087431 39.158483
    -78.087216 39.15864
    -78.087065 39.158933
    -78.086957 39.159012
    -78.08661 39.15903
    -78.086507 39.159001
    -78.086235 39.158859
    -78.085798 39.158496
    -78.085174 39.158481
    -78.085038 39.15846
    -78.084997 39.158454
    -78.08493 39.158443
    -78.084906 39.158439
    -78.084882 39.158435
    -78.08476 39.158416
    -78.084274 39.158431
    -78.084209 39.158412
    -78.083306 39.158326
    -78.082653 39.158174
    -78.082374 39.158194
    -78.082267 39.158273
    -78.082258 39.158489
    -78.082043 39.158646
    -78.082054 39.159213
    -78.082355 39.159491
    -78.082518 39.159766
    -78.083022 39.160157
    -78.083772 39.1605
    -78.084025 39.160566
    -78.084115 39.160589
    -78.08533 39.160593
    -78.085433 39.160622
    -78.085668 39.160817
    -78.086098 39.161342
    -78.086525 39.16192
    -78.086547 39.162218
    -78.086673 39.162545
    -78.086966 39.163012
    -78.087113 39.163664
    -78.087105 39.163853
    -78.08699 39.164121
    -78.086274 39.164643
    -78.086125 39.164883
    -78.08584 39.165065
    -78.084428 39.165624
    -78.083155 39.166187
    -78.082703 39.166202
    -78.082091 39.16589
    -78.081397 39.165872
    -78.080974 39.166024
    -78.080073 39.166001
    -78.079752 39.166209
    -78.079533 39.166447
    -78.079183 39.16652
    -78.078898 39.166728
    -78.078858 39.166757
    -78.078825 39.166781
    -78.07872 39.166805
    -78.078715 39.166911
    -78.078715 39.166916
    -78.078714 39.166941
    -78.078713 39.166961
    -78.078712 39.166989
    -78.07871 39.167039
    -78.078709 39.167067
    -78.078702 39.167237
    -78.078792 39.167591
    -78.078926 39.167702
    -78.078995 39.167883
    -78.07902 39.167948
    -78.079617 39.168611
    -78.080121 39.169029
    -78.080769 39.169316
    -78.081037 39.169539
    -78.081262 39.169977
    -78.081273 39.170035
    -78.081291 39.170113
    -78.081508 39.17074
    -78.08186 39.171478
    -78.081844 39.171856
    -78.081596 39.171985
    -78.080867 39.171967
    -78.08076 39.172045
    -78.080529 39.17258
    -78.08056 39.173527
    -78.080342 39.173765
    -78.079823 39.174137
    -78.078225 39.174576
    -78.076337 39.17488
    -78.076055 39.174981
    -78.075876 39.175112
    -78.074692 39.176028
    -78.073602 39.17719
    -78.073341 39.177643
    -78.073184 39.178071
    -78.073182 39.178123
    -78.07318 39.178176
    -78.073179 39.178202
    -78.073178 39.178223
    -78.073172 39.178368
    -78.073162 39.178388
    -78.073095 39.178528
    -78.073046 39.178878
    -78.073047 39.179689
    -78.073241 39.180046
    -78.07422 39.180849
    -78.074222 39.180903
    -78.074235 39.180983
    -78.074295 39.181033
    -78.074396 39.181076
    -78.074456 39.181115
    -78.074518 39.181184
    -78.074618 39.181273
    -78.074715 39.181389
    -78.074849 39.181464
    -78.074911 39.181628
    -78.074912 39.181789
    -78.074939 39.1819
    -78.074916 39.182358
    -78.074842 39.182464
    -78.074942 39.183412
    -78.075193 39.18404
    -78.075189 39.184148
    -78.075256 39.184204
    -78.075602 39.185078
    -78.075596 39.185213
    -78.075663 39.185268
    -78.075676 39.185809
    -78.075527 39.186049
    -78.07552 39.186211
    -78.075583 39.186374
    -78.07588 39.186733
    -78.076003 39.187115
    -78.075947 39.187762
    -78.075828 39.188002
    -78.075817 39.188272
    -78.075883 39.188355
    -78.075832 39.188732
    -78.075531 39.189292
    -78.075099 39.189659
    -78.075089 39.189902
    -78.075355 39.190179
    -78.076135 39.190631
    -78.076608 39.190968
    -78.077211 39.191496
    -78.077373 39.191771
    -78.07736 39.192094
    -78.077176 39.192333
    -78.076817 39.192621
    -78.076273 39.193175
    -78.075881 39.193409
    -78.075636 39.193457
    -78.075289 39.193448
    -78.075183 39.193499
    -78.074628 39.193485
    -78.074185 39.193432
    -78.073764 39.193382
    -78.073456 39.193294
    -78.073352 39.193264
    -78.073041 39.193229
    -78.072104 39.193206
    -78.071684 39.193276
    -78.071227 39.193427
    -78.071011 39.193611
    -78.071035 39.193854
    -78.071354 39.194538
    -78.071505 39.195082
    -78.071841 39.195361
    -78.07208 39.195448
    -78.072555 39.19573
    -78.0735 39.196403
    -78.074112 39.196715
    -78.074591 39.19689
    -78.074998 39.197116
    -78.0753 39.197367
    -78.075465 39.197587
    -78.07556 39.197806
    -78.075549 39.198076
    -78.075475 39.198182
    -78.075388 39.198612
    -78.075239 39.198852
    -78.075022 39.199063
    -78.074736 39.199245
    -78.074319 39.199261
    -78.073493 39.199078
    -78.072728 39.199086
    -78.072418 39.199024
    -78.072012 39.198771
    -78.071671 39.198627
    -78.071277 39.198617
    -78.070838 39.198606
    -78.070208 39.198725
    -78.0701 39.198804
    -78.069987 39.199017
    -78.069732 39.199308
    -78.069724 39.199497
    -78.069848 39.199851
    -78.069787 39.200498
    -78.069879 39.200771
    -78.070954 39.201663
    -78.071732 39.202169
    -78.072446 39.202538
    -78.072782 39.202817
    -78.072814 39.202874
    -78.072992 39.203187
    -78.073007 39.203255
    -78.073067 39.203305
    -78.073477 39.203645
    -78.073984 39.203982
    -78.074654 39.204567
    -78.074719 39.204676
    -78.074709 39.204919
    -78.074486 39.205265
    -78.074201 39.205447
    -78.073573 39.205512
    -78.073501 39.205565
    -78.072449 39.205558
    -78.072077 39.205556
    -78.071767 39.205494
    -78.071005 39.205448
    -78.070387 39.20527
    -78.070041 39.205234
    -78.069217 39.20499
    -78.068943 39.204909
    -78.068424 39.204869
    -78.06828 39.204974
    -78.068241 39.205081
    -78.067811 39.205394
    -78.067758 39.205852
    -78.067643 39.206093
    -78.067389 39.206357
    -78.06714 39.206513
    -78.067098 39.206674
    -78.067293 39.207003
    -78.067558 39.207307
    -78.068197 39.207809
    -78.068485 39.208411
    -78.069088 39.20894
    -78.069187 39.209078
    -78.069446 39.209516
    -78.069664 39.210117
    -78.069782 39.21029
    -78.070159 39.210751
    -78.070153 39.2109
    -78.070149 39.210994
    -78.069789 39.211309
    -78.0694 39.211461
    -78.068663 39.211632
    -78.068419 39.211653
    -78.068313 39.211704
    -78.068203 39.211703
    -78.068007 39.211702
    -78.06794 39.211702
    -78.067888 39.211702
    -78.067762 39.211701
    -78.06762 39.21166
    -78.067447 39.211655
    -78.067242 39.211569
    -78.06694 39.211318
    -78.066867 39.211302
    -78.066834 39.211305
    -78.066812 39.21129
    -78.066664 39.211257
    -78.06629 39.211059
    -78.065391 39.210955
    -78.065185 39.210896
    -78.064561 39.21088
    -78.064216 39.210817
    -78.063704 39.210588
    -78.063035 39.209976
    -78.06282 39.209934
    -78.062268 39.210038
    -78.062053 39.210195
    -78.061901 39.210515
    -78.061892 39.210731
    -78.062023 39.210924
    -78.062013 39.211167
    -78.061867 39.211325
    -78.061787 39.211495
    -78.061524 39.212046
    -78.061517 39.212235
    -78.061612 39.212454
    -78.061881 39.21265
    -78.062402 39.212663
    -78.06257 39.212802
    -78.062687 39.213319
    -78.063462 39.213906
    -78.063691 39.214236
    -78.063992 39.214514
    -78.064161 39.214626
    -78.064572 39.214772
    -78.064774 39.214939
    -78.064752 39.21629
    -78.063896 39.216836
    -78.063364 39.217093
    -78.062522 39.217288
    -78.061884 39.217596
    -78.061674 39.217617
    -78.061076 39.217792
    -78.0608 39.217805
    -78.059751 39.21792
    -78.0595 39.218103
    -78.059379 39.218505
    -78.059323 39.219017
    -78.059468 39.219697
    -78.059415 39.220128
    -78.059999 39.221953
    -78.060257 39.222446
    -78.060456 39.222668
    -78.060617 39.222969
    -78.060624 39.223367
    -78.060627 39.223564
    -78.060512 39.223831
    -78.060541 39.223962
    -78.060517 39.224013
    -78.060394 39.224274
    -78.060314 39.224443
    -78.060312 39.224448
    -78.060311 39.224464
    -78.060302 39.224691
    -78.060155 39.224876
    -78.059976 39.225007
    -78.059837 39.225003
    -78.0593 39.225395
    -78.059021 39.225415
    -78.058914 39.225466
    -78.058449 39.225806
    -78.058405 39.226021
    -78.058873 39.226465
    -78.058863 39.226708
    -78.058608 39.226972
    -78.058422 39.227265
    -78.057885 39.227656
    -78.057815 39.227655
    -78.057494 39.227863
    -78.057424 39.227861
    -78.056785 39.228196
    -78.056012 39.228393
    -78.05587 39.22847
    -78.055243 39.228509
    -78.05482 39.22866
    -78.054438 39.22865
    -78.053669 39.228766
    -78.053561 39.228844
    -78.053353 39.228839
    -78.053322 39.228861
    -78.05332 39.228863
    -78.05297 39.228765
    -78.052776 39.228701
    -78.052493 39.228605
    -78.052154 39.228471
    -78.051729 39.228275
    -78.051675 39.228247
    -78.051544 39.228181
    -78.051491 39.228154
    -78.051218 39.228133
    -78.051204 39.228134
    -78.050841 39.228119
    -78.05061 39.228105
    -78.050635 39.228176
    -78.050275 39.228491
    -78.049981 39.228862
    -78.049637 39.22961
    -78.049529 39.229715
    -78.049515 39.230039
    -78.049608 39.230312
    -78.04965 39.230961
    -78.049616 39.231061
    -78.049531 39.23131
    -78.049521 39.231428
    -78.049461 39.232146
    -78.04923 39.23268
    -78.049159 39.232733
    -78.049117 39.232894
    -78.048931 39.233186
    -78.04892 39.233249
    -78.048774 39.233615
    -78.048589 39.23388
    -78.048392 39.234443
    -78.048129 39.234923
    -78.047414 39.235391
    -78.046553 39.236045
    -78.046195 39.236279
    -78.045877 39.236406
    -78.045316 39.236465
    -78.044865 39.236515
    -78.044513 39.236615
    -78.044061 39.23663
    -78.043885 39.23668
    -78.043329 39.236666
    -78.042881 39.236573
    -78.0425 39.236563
    -78.042143 39.236771
    -78.042034 39.236903
    -78.041864 39.237628
    -78.041941 39.238279
    -78.042226 39.238935
    -78.042394 39.239074
    -78.042391 39.239155
    -78.042785 39.239706
    -78.042815 39.239814
    -78.043017 39.239955
    -78.043363 39.239991
    -78.0436 39.240159
    -78.04425 39.240391
    -78.044555 39.240588
    -78.044856 39.240866
    -78.045186 39.24128
    -78.04541 39.241745
    -78.045356 39.242203
    -78.045172 39.242442
    -78.044993 39.242572
    -78.044852 39.242623
    -78.044574 39.242616
    -78.044269 39.242419
    -78.043923 39.242383
    -78.043639 39.242538
    -78.043165 39.243066
    -78.042768 39.243408
    -78.042625 39.243512
    -78.042543 39.243807
    -78.042398 39.243939
    -78.041975 39.24409
    -78.041487 39.244105
    -78.041206 39.244179
    -78.04099 39.244362
    -78.04086 39.244562
    -78.040755 39.245005
    -78.04053 39.24546
    -78.040451 39.245619
    -78.039937 39.246254
    -78.039927 39.247335
    -78.039853 39.247441
    -78.039845 39.24763
    -78.039839 39.248247
    -78.039839 39.248292
    -78.039839 39.248307
    -78.039839 39.248344
    -78.039839 39.248392
    -78.039839 39.248398
    -78.039838 39.248408
    -78.039838 39.248421
    -78.039838 39.248439
    -78.039838 39.248457
    -78.039837 39.248551
    -78.039801 39.248656
    -78.039738 39.24933
    -78.039545 39.249785
    -78.039529 39.250106
    -78.039571 39.250655
    -78.039417 39.251002
    -78.039409 39.251191
    -78.039334 39.251324
    -78.038905 39.251611
    -78.038831 39.251717
    -78.038838 39.252366
    -78.038374 39.253489
    -78.038355 39.253948
    -78.038473 39.254437
    -78.038481 39.254628
    -78.038456 39.254842
    -78.038228 39.255296
    -78.037873 39.256314
    -78.037682 39.256714
    -78.037518 39.257305
    -78.037537 39.257684
    -78.037976 39.257992
    -78.038041 39.258102
    -78.038057 39.258535
    -78.038037 39.259021
    -78.037961 39.259154
    -78.037951 39.259397
    -78.0378 39.25969
    -78.037638 39.260227
    -78.03749 39.260435
    -78.037376 39.260679
    -78.03702 39.260938
    -78.03691 39.261019
    -78.036767 39.261096
    -78.035959 39.261292
    -78.035637 39.261527
    -78.035338 39.262006
    -78.035014 39.262268
    -78.034661 39.262394
    -78.034276 39.262465
    -78.033989 39.262674
    -78.033878 39.262833
    -78.033683 39.263342
    -78.033678 39.26335
    -78.033516 39.26361
    -78.033492 39.263649
    -78.033431 39.263747
    -78.033384 39.263821
    -78.033388 39.263892
    -78.033244 39.26421
    -78.03324 39.26444
    -78.033191 39.264612
    -78.033143 39.264583
    -78.033141 39.264582
    -78.033074 39.264534
    -78.033049 39.26452
    -78.033009 39.264498
    -78.032995 39.26449
    -78.032972 39.264477
    -78.032946 39.264462
    -78.032941 39.264459
    -78.032927 39.264451
    -78.032923 39.264449
    -78.032841 39.264403
    -78.032804 39.264381
    -78.032458 39.264171
    -78.032366 39.264115
    -78.031071 39.263329
    -78.031048 39.263315
    -78.030609 39.263048
    -78.030418 39.262922
    -78.029844 39.262541
    -78.029652 39.262414
    -78.027794 39.261183
    -78.02274 39.257837
    -78.022215 39.257494
    -78.020348 39.256275
    -78.019976 39.256031
    -78.019975 39.25603
    -78.018856 39.255299
    -78.018482 39.255055
    -78.01743 39.254367
    -78.016273 39.253631
    -78.016169 39.253565
    -78.014382 39.25243
    -78.010609 39.250016
    -78.009641 39.249368
    -78.009228 39.249092
    -78.007456 39.24791
    -78.007292 39.2478
    -78.006936 39.247562
    -78.006876 39.247524
    -78.006824 39.24749
    -78.006801 39.247476
    -78.006694 39.247414
    -78.006632 39.247378
    -78.00525 39.246532
    -78.001103 39.243993
    -77.99972 39.243146
    -77.998031 39.24205
    -77.998029 39.242049
    -77.995325 39.240294
    -77.992965 39.238763
    -77.992959 39.238759
    -77.991269 39.237662
    -77.991055 39.237524
    -77.990562 39.237207
    -77.990416 39.237113
    -77.990204 39.236976
    -77.989881 39.236768
    -77.988915 39.236145
    -77.988593 39.235938
    -77.988419 39.235826
    -77.988415 39.235823
    -77.987881 39.235479
    -77.987704 39.235365
    -77.987677 39.235348
    -77.987594 39.235294
    -77.987566 39.235276
    -77.985991 39.234261
    -77.983485 39.232646
    -77.981266 39.231216
    -77.979692 39.230201
    -77.978918 39.229702
    -77.976598 39.228207
    -77.975849 39.227725
    -77.975825 39.227709
    -77.97554 39.227525
    -77.974688 39.226976
    -77.974404 39.226793
    -77.974389 39.226783
    -77.972982 39.225876
    -77.97124 39.224753
    -77.968719 39.223128
    -77.967298 39.222212
    -77.967158 39.222122
    -77.965801 39.221247
    -77.965225 39.220876
    -77.961313 39.218355
    -77.959817 39.217391
    -77.959425 39.217138
    -77.959346 39.217087
    -77.957933 39.216177
    -77.957491 39.215892
    -77.957463 39.215874
    -77.957065 39.215615
    -77.955871 39.214841
    -77.955474 39.214583
    -77.955379 39.214522
    -77.954745 39.21411
    -77.953349 39.213204
    -77.946977 39.20907
    -77.946508 39.208766
    -77.944853 39.207692
    -77.944634 39.20755
    -77.94398 39.207125
    -77.943762 39.206984
    -77.943523 39.206829
    -77.942804 39.206363
    -77.942802 39.206362
    -77.942563 39.206206
    -77.942255 39.206006
    -77.942225 39.205986
    -77.941326 39.205403
    -77.941211 39.205329
    -77.941016 39.205202
    -77.940874 39.20511
    -77.940026 39.20456
    -77.939911 39.204485
    -77.937053 39.202633
    -77.937024 39.202614
    -77.936062 39.20199
    -77.936035 39.201972
    -77.935956 39.201919
    -77.935929 39.201901
    -77.934373 39.200891
    -77.929702 39.19786
    -77.928145 39.19685
    -77.92738 39.196353
    -77.927318 39.196313
    -77.925085 39.194864
    -77.924835 39.194702
    -77.92432 39.194368
    -77.924006 39.194165
    -77.92334 39.193733
    -77.923099 39.193577
    -77.920403 39.191827
    -77.920378 39.191811
    -77.91947 39.191222
    -77.919424 39.191193
    -77.918645 39.190697
    -77.918603 39.19067
    -77.916168 39.189121
    -77.91614 39.189103
    -77.915342 39.188596
    -77.915319 39.188581
    -77.91524 39.18853
    -77.915024 39.188389
    -77.915005 39.188377
    -77.914991 39.188368
    -77.914927 39.188327
    -77.91079 39.185648
    -77.910458 39.185433
    -77.897135 39.176806
    -77.897051 39.176751
    -77.892582 39.173858
    -77.892532 39.173826
    -77.892514 39.173814
    -77.892385 39.17373
    -77.892337 39.173699
    -77.892308 39.17368
    -77.891066 39.172877
    -77.889102 39.171609
    -77.887254 39.170415
    -77.885984 39.169594
    -77.885918 39.169551
    -77.88572 39.169424
    -77.885655 39.169382
    -77.885508 39.169287
    -77.885239 39.169113
    -77.883991 39.168307
    -77.883576 39.168039
    -77.883546 39.168019
    -77.883039 39.167691
    -77.881427 39.166651
    -77.880989 39.166368
    -77.880891 39.166304
    -77.880024 39.165744
    -77.879694 39.165531
    -77.877423 39.164064
    -77.876557 39.163504
    -77.874697 39.162277
    -77.873522 39.161524
    -77.864368 39.155656
    -77.861317 39.1537
    -77.861242 39.153652
    -77.861017 39.153505
    -77.860941 39.153456
    -77.860936 39.153453
    -77.860932 39.15345
    -77.860923 39.153444
    -77.860919 39.153442
    -77.860914 39.153438
    -77.860904 39.153433
    -77.860899 39.15343
    -77.860894 39.153427
    -77.860875 39.153414
    -77.860755 39.153337
    -77.860741 39.153328
    -77.860341 39.15307
    -77.860338 39.153068
    -77.860203 39.152981
    -77.859385 39.152453
    -77.859384 39.152452
    -77.856927 39.150867
    -77.856108 39.150338
    -77.854595 39.149365
    -77.850054 39.146444
    -77.849088 39.145823
    -77.84854 39.14547
    -77.847937 39.145082
    -77.84618 39.143952
    -77.846129 39.143919
    -77.845527 39.143532
    -77.843769 39.142401
    -77.8391 39.139397
    -77.838496 39.139008
    -77.836739 39.137878
    -77.836361 39.137634
    -77.83636 39.137633
    -77.835223 39.136902
    -77.834843 39.136658
    -77.833636 39.135881
    -77.833632 39.135878
    -77.830014 39.13355
    -77.830001 39.133541
    -77.828806 39.132773
    -77.828791 39.132763
    -77.828676 39.132684
    -77.828664 39.132676
    -77.828454 39.132532
    -77.828299 39.132426
    -77.828157 39.132329
    -77.82828 39.132173
    -77.828649 39.131705
    -77.828772 39.13155
    -77.829077 39.131164
    -77.829123 39.131106
    -77.829332 39.130874
    -77.829365 39.130837
    -77.829372 39.130829
    -77.829376 39.130825
    -77.82938 39.130821
    -77.829383 39.130816
    -77.829394 39.130804
    -77.829398 39.1308
    -77.829448 39.130744
    -77.829605 39.130569
    -77.829943 39.130193
    -77.830081 39.13004
    -77.830384 39.129703
    -77.831124 39.128946
    -77.831638 39.128421
    -77.831743 39.128325
    -77.832296 39.127846
    -77.832544 39.12763
    -77.832662 39.127528
    -77.834071 39.126719
    -77.834144 39.126678
    -77.834153 39.126673
    -77.834162 39.126668
    -77.834782 39.126321
    -77.834814 39.126302
    -77.835226 39.125993
    -77.836412 39.125105
    -77.836523 39.12497
    -77.836636 39.124833
    -77.836924 39.124592
    -77.836932 39.124585
    -77.836959 39.124563
    -77.836968 39.124555
    -77.83708 39.124461
    -77.8371 39.124436
    -77.837206 39.124299
    -77.837211 39.124292
    -77.837281 39.124202
    -77.8373 39.124178
    -77.837428 39.124013
    -77.837538 39.123872
    -77.837591 39.123803
    -77.837752 39.123597
    -77.837806 39.123528
    -77.837872 39.123442
    -77.838003 39.123272
    -77.838063 39.123182
    -77.838089 39.123143
    -77.838094 39.123135
    -77.8381 39.123126
    -77.838104 39.123121
    -77.838124 39.123091
    -77.838323 39.122786
    -77.838922 39.121872
    -77.839122 39.121566
    -77.839161 39.121535
    -77.839167 39.12153
    -77.839179 39.12152
    -77.839209 39.121496
    -77.839279 39.12144
    -77.839318 39.121409
    -77.839518 39.121249
    -77.840104 39.120779
    -77.840302 39.120621
    -77.840847 39.120184
    -77.841215 39.119889
    -77.841251 39.11986
    -77.841261 39.119852
    -77.841267 39.119848
    -77.841274 39.119842
    -77.84128 39.119837
    -77.84129 39.119829
    -77.841441 39.119708
    -77.842484 39.118872
    -77.84303 39.118434
    -77.843384 39.11815
    -77.843455 39.118093
    -77.843485 39.118069
    -77.843494 39.118062
    -77.843778 39.117835
    -77.843786 39.117828
    -77.843791 39.117824
    -77.843854 39.117782
    -77.844204 39.117549
    -77.844513 39.11739
    -77.844895 39.117193
    -77.844918 39.117181
    -77.845082 39.116973
    -77.845216 39.116804
    -77.845512 39.116306
    -77.845648 39.116078
END
END
