51089 Henry County
1
    -80.012032 36.789644
    -80.011896 36.790097
    -80.010273 36.795538
    -80.008596 36.801163
    -80.006192 36.809225
    -80.00602 36.809805
    -80.003576 36.818002
    -80.003437 36.818463
    -80.003305 36.818906
    -80.002805 36.820574
    -80.002726 36.820841
    -80.002495 36.821615
    -80.002307 36.822232
    -80.000369 36.828736
    -79.999773 36.830731
    -79.999771 36.830738
    -79.99966 36.830693
    -79.999437 36.830618
    -79.997663 36.830241
    -79.99732 36.830168
    -79.993764 36.829411
    -79.992978 36.829244
    -79.991452 36.82892
    -79.991104 36.828846
    -79.990857 36.828797
    -79.990012 36.828634
    -79.989467 36.828529
    -79.985655 36.827793
    -79.969954 36.824761
    -79.96969 36.824711
    -79.968743 36.824524
    -79.96849 36.824486
    -79.968455 36.82448
    -79.965238 36.823862
    -79.962839 36.823394
    -79.960093 36.822863
    -79.956945 36.822255
    -79.948532 36.820629
    -79.94774 36.820501
    -79.94508 36.819962
    -79.945065 36.81996
    -79.941014 36.819174
    -79.936161 36.818207
    -79.934911 36.817958
    -79.933787 36.81773
    -79.933364 36.817649
    -79.933294 36.817636
    -79.933002 36.817578
    -79.932949 36.817616
    -79.93291 36.817608
    -79.929768 36.817
    -79.929725 36.816992
    -79.925461 36.816164
    -79.922147 36.815522
    -79.919655 36.815039
    -79.919103 36.814932
    -79.913405 36.813827
    -79.912846 36.813719
    -79.910374 36.81324
    -79.902827 36.811777
    -79.902448 36.811703
    -79.901621 36.811543
    -79.901477 36.811521
    -79.90071 36.811378
    -79.900252 36.811289
    -79.887421 36.80877
    -79.887383 36.808776
    -79.887362 36.808779
    -79.887226 36.808784
    -79.887144 36.808779
    -79.886738 36.808737
    -79.886698 36.808728
    -79.886606 36.808689
    -79.886461 36.808628
    -79.886383 36.808595
    -79.884906 36.808308
    -79.875739 36.806527
    -79.873446 36.806081
    -79.872024 36.805804
    -79.869052 36.805225
    -79.865647 36.804562
    -79.861755 36.803804
    -79.861729 36.803799
    -79.859965 36.803455
    -79.853015 36.802101
    -79.851066 36.801721
    -79.842319 36.800016
    -79.834141 36.798421
    -79.832456 36.798093
    -79.829938 36.797603
    -79.829157 36.797451
    -79.828058 36.797237
    -79.827753 36.797178
    -79.827726 36.797173
    -79.827335 36.797098
    -79.821453 36.795942
    -79.810411 36.793775
    -79.806662 36.79304
    -79.803209 36.792362
    -79.802397 36.792203
    -79.802056 36.792137
    -79.801956 36.792137
    -79.801856 36.792137
    -79.801756 36.792237
    -79.801256 36.792637
    -79.800956 36.792837
    -79.799956 36.793337
    -79.799556 36.793537
    -79.799256 36.793637
    -79.798856 36.793737
    -79.798256 36.794137
    -79.797656 36.794637
    -79.797357 36.794937
    -79.796657 36.795337
    -79.796457 36.795537
    -79.796257 36.795737
    -79.795957 36.796037
    -79.795857 36.796137
    -79.795657 36.796137
    -79.795257 36.796237
    -79.794557 36.796337
    -79.794257 36.796437
    -79.794057 36.796537
    -79.793957 36.796637
    -79.793857 36.796937
    -79.793357 36.797537
    -79.793257 36.797737
    -79.793056 36.798037
    -79.792956 36.798237
    -79.792556 36.798637
    -79.792156 36.798937
    -79.791856 36.799037
    -79.791156 36.799337
    -79.790756 36.799537
    -79.790056 36.799737
    -79.789756 36.799837
    -79.789556 36.799937
    -79.789456 36.799937
    -79.789356 36.799937
    -79.788856 36.799937
    -79.788556 36.800137
    -79.788056 36.800337
    -79.787856 36.800337
    -79.787056 36.800637
    -79.786756 36.800737
    -79.786656 36.800737
    -79.786256 36.800637
    -79.786056 36.800437
    -79.785756 36.800237
    -79.785556 36.800037
    -79.785256 36.799937
    -79.784656 36.799737
    -79.784056 36.799437
    -79.783756 36.799237
    -79.783456 36.799037
    -79.782856 36.798537
    -79.782556 36.798237
    -79.782256 36.797837
    -79.782023 36.797604
    -79.781956 36.797537
    -79.781656 36.797437
    -79.781256 36.797337
    -79.780856 36.797437
    -79.780556 36.797837
    -79.780456 36.797937
    -79.780256 36.798137
    -79.780239 36.798171
    -79.780156 36.798337
    -79.779856 36.798337
    -79.779456 36.798537
    -79.778956 36.798637
    -79.778456 36.798737
    -79.777856 36.798737
    -79.777656 36.798737
    -79.777556 36.798737
    -79.777156 36.798537
    -79.776856 36.798537
    -79.776756 36.798537
    -79.776656 36.798437
    -79.776556 36.798437
    -79.776356 36.798337
    -79.775856 36.798137
    -79.775756 36.798037
    -79.775656 36.797937
    -79.775615 36.797875
    -79.775456 36.797637
    -79.775305 36.797637
    -79.775256 36.797637
    -79.775156 36.797637
    -79.774956 36.797637
    -79.774556 36.797637
    -79.773856 36.797437
    -79.773656 36.797337
    -79.772956 36.797237
    -79.772656 36.797137
    -79.772256 36.797037
    -79.771856 36.796937
    -79.771256 36.796537
    -79.770956 36.796337
    -79.770856 36.796137
    -79.770689 36.79597
    -79.770556 36.795837
    -79.770356 36.795637
    -79.770056 36.795437
    -79.769924 36.795261
    -79.769756 36.795037
    -79.769756 36.794937
    -79.769756 36.794737
    -79.769756 36.794637
    -79.769556 36.794537
    -79.769256 36.794437
    -79.768356 36.794637
    -79.767456 36.795037
    -79.767156 36.795237
    -79.766656 36.795537
    -79.766456 36.795637
    -79.765956 36.796037
    -79.765556 36.796437
    -79.765456 36.796737
    -79.765356 36.796937
    -79.765256 36.797337
    -79.765246 36.79735
    -79.764956 36.797737
    -79.764756 36.798037
    -79.764556 36.798238
    -79.764456 36.798238
    -79.764156 36.798538
    -79.764056 36.798538
    -79.763856 36.798538
    -79.763499 36.798627
    -79.763456 36.798638
    -79.763056 36.798438
    -79.762556 36.798138
    -79.762779 36.797915
    -79.762856 36.797838
    -79.762756 36.797838
    -79.762656 36.797737
    -79.762256 36.797337
    -79.761956 36.797037
    -79.761856 36.796937
    -79.761656 36.796837
    -79.761456 36.796437
    -79.761387 36.79623
    -79.761356 36.796137
    -79.761356 36.795899
    -79.761356 36.795837
    -79.761356 36.795637
    -79.761356 36.795337
    -79.761456 36.795137
    -79.761556 36.795137
    -79.761756 36.794937
    -79.762256 36.794337
    -79.762556 36.793937
    -79.762556 36.793837
    -79.762956 36.793337
    -79.76323 36.793063
    -79.763256 36.793037
    -79.763256 36.792937
    -79.763356 36.792837
    -79.763656 36.792437
    -79.763756 36.792337
    -79.763756 36.792137
    -79.763756 36.791937
    -79.763656 36.791937
    -79.763556 36.791837
    -79.763356 36.791537
    -79.763356 36.791437
    -79.763356 36.791337
    -79.763256 36.790637
    -79.763256 36.790437
    -79.763256 36.790137
    -79.763256 36.790037
    -79.763156 36.789937
    -79.762856 36.789537
    -79.762556 36.789237
    -79.762556 36.789137
    -79.762456 36.789137
    -79.762256 36.788937
    -79.761856 36.788437
    -79.761756 36.788337
    -79.761656 36.788337
    -79.761256 36.788337
    -79.761156 36.788337
    -79.761056 36.788337
    -79.760953 36.788381
    -79.760356 36.788637
    -79.759356 36.789037
    -79.759156 36.789137
    -79.758956 36.789337
    -79.758756 36.789437
    -79.758556 36.789737
    -79.758156 36.790237
    -79.758056 36.790437
    -79.757971 36.790778
    -79.757956 36.790837
    -79.757829 36.790964
    -79.757756 36.791037
    -79.757656 36.791137
    -79.757356 36.791437
    -79.756856 36.791637
    -79.756656 36.791837
    -79.756456 36.792037
    -79.756356 36.792037
    -79.756256 36.792137
    -79.756156 36.792137
    -79.755855 36.792237
    -79.755755 36.792237
    -79.755255 36.792337
    -79.754955 36.792337
    -79.754855 36.792237
    -79.754655 36.792237
    -79.754255 36.792237
    -79.754197 36.792237
    -79.754172 36.792237
    -79.754155 36.792237
    -79.75401 36.792266
    -79.753655 36.792337
    -79.753553 36.792371
    -79.753355 36.792437
    -79.753209 36.792458
    -79.752655 36.792537
    -79.752555 36.792537
    -79.752355 36.792537
    -79.752155 36.792437
    -79.751755 36.792437
    -79.75172 36.792437
    -79.751655 36.792437
    -79.751455 36.792537
    -79.750955 36.792937
    -79.750655 36.793137
    -79.750605 36.793236
    -79.750455 36.793537
    -79.750417 36.793612
    -79.750355 36.793737
    -79.750155 36.793937
    -79.750055 36.793937
    -79.749955 36.793937
    -79.749855 36.794037
    -79.749755 36.794012
    -79.749615 36.794019
    -79.749255 36.794037
    -79.74914 36.794144
    -79.748855 36.794437
    -79.748955 36.794537
    -79.748968 36.794575
    -79.749055 36.794737
    -79.749055 36.794937
    -79.749055 36.795237
    -79.748955 36.795437
    -79.748755 36.795837
    -79.748755 36.796025
    -79.749055 36.796138
    -79.749155 36.796238
    -79.749482 36.796303
    -79.749655 36.796338
    -79.749755 36.796313
    -79.749855 36.796438
    -79.749955 36.796438
    -79.749985 36.796438
    -79.750054 36.796438
    -79.750154 36.796438
    -79.750254 36.796638
    -79.750354 36.796638
    -79.750354 36.796738
    -79.750454 36.796738
    -79.750554 36.796838
    -79.750654 36.797238
    -79.750654 36.797338
    -79.750654 36.797438
    -79.750554 36.797638
    -79.750554 36.797838
    -79.750554 36.798038
    -79.750454 36.798238
    -79.750354 36.798438
    -79.750254 36.798638
    -79.750154 36.798838
    -79.750054 36.798838
    -79.749854 36.798938
    -79.749754 36.799238
    -79.749154 36.799438
    -79.749054 36.799438
    -79.748654 36.799438
    -79.748254 36.799438
    -79.747954 36.799538
    -79.747354 36.799938
    -79.746754 36.800338
    -79.746154 36.800938
    -79.745654 36.801338
    -79.745554 36.801538
    -79.745354 36.801838
    -79.745298 36.801921
    -79.745154 36.802138
    -79.745154 36.802538
    -79.745226 36.802827
    -79.745254 36.802938
    -79.745254 36.803138
    -79.745154 36.803438
    -79.745153 36.803638
    -79.744953 36.803938
    -79.744753 36.804038
    -79.744453 36.804338
    -79.744053 36.804638
    -79.743953 36.804838
    -79.743853 36.805338
    -79.743853 36.805538
    -79.743653 36.806038
    -79.743553 36.806338
    -79.743353 36.806438
    -79.742653 36.806638
    -79.741753 36.806738
    -79.741417 36.806806
    -79.74134 36.806821
    -79.740755 36.806938
    -79.740155 36.807238
    -79.740055 36.807438
    -79.739955 36.807738
    -79.739855 36.808038
    -79.739555 36.808338
    -79.739255 36.808838
    -79.739355 36.809238
    -79.739355 36.809438
    -79.739255 36.809738
    -79.739155 36.809838
    -79.738855 36.810138
    -79.738455 36.810538
    -79.738255 36.810938
    -79.738155 36.811238
    -79.738155 36.811638
    -79.737955 36.811838
    -79.737555 36.812138
    -79.737055 36.812338
    -79.736555 36.812738
    -79.736355 36.812838
    -79.736255 36.812938
    -79.735655 36.813038
    -79.735255 36.812938
    -79.734755 36.812838
    -79.734055 36.812838
    -79.733355 36.813038
    -79.732555 36.813438
    -79.731955 36.813638
    -79.731555 36.813738
    -79.730955 36.814038
    -79.730555 36.814438
    -79.730155 36.814938
    -79.729854 36.815338
    -79.729254 36.815738
    -79.728454 36.816038
    -79.727654 36.816238
    -79.726754 36.816338
    -79.725954 36.816638
    -79.725154 36.817038
    -79.724154 36.817538
    -79.723254 36.818038
    -79.722554 36.818438
    -79.721754 36.818838
    -79.720954 36.819238
    -79.720154 36.819438
    -79.719654 36.819338
    -79.718954 36.819238
    -79.718354 36.818938
    -79.717862 36.818754
    -79.717702 36.818694
    -79.717554 36.818638
    -79.716554 36.818538
    -79.715554 36.818738
    -79.714654 36.819038
    -79.713754 36.819238
    -79.713054 36.819238
    -79.712454 36.819238
    -79.711953 36.819488
    -79.711698 36.819693
    -79.711429 36.81991
    -79.711283 36.819935
    -79.711154 36.820038
    -79.710754 36.820438
    -79.710254 36.820538
    -79.709654 36.820738
    -79.708754 36.821138
    -79.708054 36.821638
    -79.707254 36.822238
    -79.706554 36.822838
    -79.705954 36.823138
    -79.705454 36.823138
    -79.704854 36.823138
    -79.704254 36.823238
    -79.703454 36.823538
    -79.702754 36.823838
    -79.702454 36.824238
    -79.702054 36.824638
    -79.701754 36.824938
    -79.701454 36.825038
    -79.700954 36.825238
    -79.700254 36.825438
    -79.699454 36.825838
    -79.698954 36.826238
    -79.698354 36.826338
    -79.697954 36.826338
    -79.697154 36.826638
    -79.696599 36.826823
    -79.696246 36.826941
    -79.695554 36.827038
    -79.695054 36.827038
    -79.694554 36.827038
    -79.694244 36.827077
    -79.693754 36.827138
    -79.692954 36.827338
    -79.692354 36.827738
    -79.692054 36.828038
    -79.691854 36.828338
    -79.691554 36.828638
    -79.690954 36.828838
    -79.690354 36.828838
    -79.687253 36.828138
    -79.687153 36.828138
    -79.686953 36.827838
    -79.686753 36.827238
    -79.686753 36.826708
    -79.686753 36.826638
    -79.686766 36.826605
    -79.686953 36.826138
    -79.687254 36.825638
    -79.687254 36.825338
    -79.687154 36.825038
    -79.686553 36.825138
    -79.685853 36.825438
    -79.685553 36.825738
    -79.685325 36.826012
    -79.685241 36.826112
    -79.685053 36.826338
    -79.684353 36.826738
    -79.683853 36.826738
    -79.683453 36.826538
    -79.683139 36.826486
    -79.683009 36.826464
    -79.682853 36.826438
    -79.682655 36.82646
    -79.682525 36.826474
    -79.681953 36.826538
    -79.681153 36.826738
    -79.680803 36.826838
    -79.680676 36.826874
    -79.680453 36.826938
    -79.680305 36.827012
    -79.680185 36.827072
    -79.679853 36.827238
    -79.679698 36.827362
    -79.679592 36.827446
    -79.679353 36.827638
    -79.679153 36.827938
    -79.678653 36.828238
    -79.678482 36.828199
    -79.678442 36.828216
    -79.678168 36.828337
    -79.678032 36.828359
    -79.677553 36.828436
    -79.677533 36.828439
    -79.677151 36.8285
    -79.676952 36.828532
    -79.676745 36.828565
    -79.67666 36.828611
    -79.676153 36.828738
    -79.675453 36.829038
    -79.675116 36.829206
    -79.675053 36.829238
    -79.674683 36.829312
    -79.674553 36.829338
    -79.674443 36.829311
    -79.674153 36.829238
    -79.674075 36.829238
    -79.673453 36.829238
    -79.672853 36.829439
    -79.672353 36.829439
    -79.671753 36.829339
    -79.671253 36.829139
    -79.670953 36.828938
    -79.670553 36.828738
    -79.670253 36.828538
    -79.669853 36.828138
    -79.669553 36.827938
    -79.669153 36.827838
    -79.668853 36.827938
    -79.668153 36.828338
    -79.667553 36.828839
    -79.667353 36.829239
    -79.667353 36.829539
    -79.667153 36.830039
    -79.666953 36.830439
    -79.666653 36.830739
    -79.666453 36.830939
    -79.665853 36.831239
    -79.665353 36.831439
    -79.665053 36.831739
    -79.664953 36.832039
    -79.664853 36.832139
    -79.664153 36.832339
    -79.664053 36.832339
    -79.663653 36.832539
    -79.662953 36.832839
    -79.662353 36.833239
    -79.661853 36.833439
    -79.661131 36.833364
    -79.660954 36.833417
    -79.66064 36.833512
    -79.660461 36.833566
    -79.660425 36.833577
    -79.659893 36.833905
    -79.659733 36.834004
    -79.65957 36.834104
    -79.659153 36.834239
    -79.658753 36.834539
    -79.658553 36.835039
    -79.658253 36.835539
    -79.658053 36.836039
    -79.658053 36.836154
    -79.658053 36.836539
    -79.657953 36.837139
    -79.658053 36.837739
    -79.657953 36.838239
    -79.65794 36.838317
    -79.657907 36.838517
    -79.657889 36.838624
    -79.657853 36.838839
    -79.657753 36.839439
    -79.657453 36.839939
    -79.657253 36.840239
    -79.657153 36.840539
    -79.656953 36.840939
    -79.656453 36.841239
    -79.656253 36.841339
    -79.655753 36.841439
    -79.655053 36.841939
    -79.654553 36.842439
    -79.654353 36.842939
    -79.653953 36.843539
    -79.653653 36.843739
    -79.653253 36.844039
    -79.652853 36.844339
    -79.652569 36.844623
    -79.652505 36.844738
    -79.652384 36.844956
    -79.652246 36.845205
    -79.652059 36.845348
    -79.651662 36.845651
    -79.651201 36.846003
    -79.651106 36.846075
    -79.650932 36.846234
    -79.650836 36.846321
    -79.650648 36.846492
    -79.650501 36.846626
    -79.650468 36.846656
    -79.650424 36.846696
    -79.649992 36.847267
    -79.648453 36.848039
    -79.64802 36.848399
    -79.647853 36.848539
    -79.647452 36.849039
    -79.646952 36.849439
    -79.6469 36.849491
    -79.646566 36.849825
    -79.646452 36.849939
    -79.646124 36.85033
    -79.645957 36.85053
    -79.645931 36.850582
    -79.645751 36.850937
    -79.645751 36.851237
    -79.645751 36.851537
    -79.645751 36.851837
    -79.645551 36.852337
    -79.644951 36.852738
    -79.644551 36.853138
    -79.644251 36.853538
    -79.644052 36.853938
    -79.643852 36.854338
    -79.643752 36.854638
    -79.643552 36.854938
    -79.643152 36.855138
    -79.642452 36.855439
    -79.642052 36.855539
    -79.641352 36.855739
    -79.640952 36.855939
    -79.640652 36.856139
    -79.642881 36.846774
    -79.64421 36.841196
    -79.644719 36.83906
    -79.645277 36.836718
    -79.645653 36.835139
    -79.645753 36.834839
    -79.64587 36.834342
    -79.646412 36.832048
    -79.647325 36.828187
    -79.647601 36.827022
    -79.647607 36.826997
    -79.648286 36.824104
    -79.648347 36.823844
    -79.648503 36.823181
    -79.64853 36.823067
    -79.648531 36.823062
    -79.648532 36.823056
    -79.648538 36.82303
    -79.64855 36.82298
    -79.648565 36.822917
    -79.64862 36.822683
    -79.648941 36.821321
    -79.649594 36.818547
    -79.649596 36.81854
    -79.649667 36.81824
    -79.64968 36.818184
    -79.649685 36.818165
    -79.649715 36.818039
    -79.649871 36.817378
    -79.650339 36.815402
    -79.651402 36.810882
    -79.651403 36.810876
    -79.651965 36.808488
    -79.651977 36.808437
    -79.652388 36.806701
    -79.652935 36.804383
    -79.652936 36.804378
    -79.653364 36.802566
    -79.65392 36.800209
    -79.653923 36.800196
    -79.654741 36.796726
    -79.654771 36.796599
    -79.655111 36.795157
    -79.65522 36.794694
    -79.655557 36.793265
    -79.655665 36.792809
    -79.655744 36.792473
    -79.656164 36.790692
    -79.656206 36.790512
    -79.656768 36.788123
    -79.657236 36.786136
    -79.657688 36.784261
    -79.657742 36.783988
    -79.657857 36.7835
    -79.657859 36.783492
    -79.658489 36.780807
    -79.658524 36.780656
    -79.658682 36.779982
    -79.659801 36.775233
    -79.660867 36.7707
    -79.660929 36.770435
    -79.660934 36.770414
    -79.660938 36.770397
    -79.660939 36.770392
    -79.660945 36.770366
    -79.661032 36.769995
    -79.66105 36.76992
    -79.661067 36.769849
    -79.661674 36.767276
    -79.661677 36.767263
    -79.663102 36.761201
    -79.663692 36.758688
    -79.664862 36.753715
    -79.665439 36.751263
    -79.665713 36.750098
    -79.665724 36.75005
    -79.665737 36.749996
    -79.665743 36.749971
    -79.666088 36.748503
    -79.6661 36.74845
    -79.667274 36.743455
    -79.667278 36.743439
    -79.667354 36.743111
    -79.668567 36.737903
    -79.668582 36.737838
    -79.668586 36.737821
    -79.668589 36.737807
    -79.66859 36.737802
    -79.668604 36.737742
    -79.668692 36.737365
    -79.669217 36.735111
    -79.669223 36.735087
    -79.670061 36.731511
    -79.670073 36.731459
    -79.670125 36.731238
    -79.670137 36.731187
    -79.67014 36.731175
    -79.670266 36.730641
    -79.670648 36.72903
    -79.671362 36.725951
    -79.671591 36.724972
    -79.671886 36.723709
    -79.67208 36.72288
    -79.672172 36.722488
    -79.672174 36.72248
    -79.672186 36.72243
    -79.672297 36.721956
    -79.672594 36.720686
    -79.672614 36.720598
    -79.672616 36.720588
    -79.672627 36.720542
    -79.672658 36.720409
    -79.67268 36.720316
    -79.672726 36.720119
    -79.672864 36.71953
    -79.673967 36.714799
    -79.673994 36.714681
    -79.674094 36.714254
    -79.674127 36.714114
    -79.67517 36.709668
    -79.675445 36.708493
    -79.677028 36.701729
    -79.677354 36.700337
    -79.67923 36.692522
    -79.679673 36.690666
    -79.680893 36.685595
    -79.680911 36.685522
    -79.680921 36.685479
    -79.680927 36.685454
    -79.680928 36.685449
    -79.68093 36.685443
    -79.680938 36.685409
    -79.680963 36.685306
    -79.681024 36.685049
    -79.681201 36.684313
    -79.68127 36.684025
    -79.681289 36.683946
    -79.681291 36.683939
    -79.681293 36.683929
    -79.681294 36.683924
    -79.681314 36.68384
    -79.681836 36.68166
    -79.683412 36.675106
    -79.683934 36.672932
    -79.684146 36.672053
    -79.68541 36.666786
    -79.685854 36.664937
    -79.686041 36.664155
    -79.687665 36.657377
    -79.687666 36.657372
    -79.689348 36.650281
    -79.689394 36.650086
    -79.689403 36.650047
    -79.689407 36.650031
    -79.689408 36.650026
    -79.68941 36.650021
    -79.689413 36.650007
    -79.689438 36.649903
    -79.689447 36.649864
    -79.689498 36.649652
    -79.690509 36.64542
    -79.690513 36.645404
    -79.691259 36.642261
    -79.691274 36.642198
    -79.691275 36.642192
    -79.691277 36.642183
    -79.691279 36.642174
    -79.691283 36.642157
    -79.691295 36.642107
    -79.691319 36.642006
    -79.691456 36.64143
    -79.691574 36.64088
    -79.693628 36.632092
    -79.693889 36.630977
    -79.693951 36.630713
    -79.694422 36.628697
    -79.69498 36.62631
    -79.695254 36.625137
    -79.695414 36.624459
    -79.695811 36.622778
    -79.696205 36.621111
    -79.696332 36.620572
    -79.696387 36.620341
    -79.696389 36.620333
    -79.69639 36.620328
    -79.696391 36.620323
    -79.696396 36.620301
    -79.696411 36.620239
    -79.697554 36.615406
    -79.697601 36.615207
    -79.69762 36.615127
    -79.697625 36.615105
    -79.697626 36.6151
    -79.697629 36.615087
    -79.697638 36.615049
    -79.698231 36.612517
    -79.698233 36.61251
    -79.698705 36.610538
    -79.698986 36.609351
    -79.699226 36.608336
    -79.700186 36.60428
    -79.700275 36.603865
    -79.700278 36.603852
    -79.700291 36.603792
    -79.700295 36.603773
    -79.700296 36.603767
    -79.700379 36.603382
    -79.70038 36.603376
    -79.700922 36.601076
    -79.700949 36.600961
    -79.700978 36.600838
    -79.700984 36.600813
    -79.700986 36.600805
    -79.700995 36.600768
    -79.701028 36.600628
    -79.701221 36.599808
    -79.701574 36.598309
    -79.703597 36.589719
    -79.704024 36.588026
    -79.704003 36.587994
    -79.704074 36.587693
    -79.704088 36.587633
    -79.706393 36.57784
    -79.706972 36.57538
    -79.707619 36.572651
    -79.707623 36.572633
    -79.707857 36.57164
    -79.707891 36.571494
    -79.708327 36.569645
    -79.709504 36.564648
    -79.709939 36.562803
    -79.711004 36.558286
    -79.711638 36.555585
    -79.711641 36.555574
    -79.71188 36.554564
    -79.711924 36.554377
    -79.712035 36.553903
    -79.712353 36.552557
    -79.714855 36.541938
    -79.7319 36.54198
    -79.731983 36.54198
    -79.732202 36.54198
    -79.732334 36.54198
    -79.732431 36.54198
    -79.732445 36.54198
    -79.732452 36.541979
    -79.732459 36.541979
    -79.732486 36.541979
    -79.732534 36.541979
    -79.732773 36.541979
    -79.735933 36.541976
    -79.736262 36.541976
    -79.736269 36.541976
    -79.741426 36.542052
    -79.745115 36.542068
    -79.745159 36.542068
    -79.7479 36.54208
    -79.749757 36.542088
    -79.752127 36.542103
    -79.756929 36.542135
    -79.757113 36.542136
    -79.757451 36.542138
    -79.757742 36.54214
    -79.757759 36.54214
    -79.757775 36.54214
    -79.757789 36.542141
    -79.757798 36.542141
    -79.757842 36.542141
    -79.75798 36.542142
    -79.758022 36.542142
    -79.758174 36.542143
    -79.758336 36.542144
    -79.758755 36.542147
    -79.758916 36.542148
    -79.758942 36.542148
    -79.759077 36.542149
    -79.759669 36.542153
    -79.759785 36.542154
    -79.762721 36.542265
    -79.765391 36.542367
    -79.771499 36.542288
    -79.772385 36.542279
    -79.77429 36.542265
    -79.775214 36.542011
    -79.777104 36.54228
    -79.804617 36.542495
    -79.807578 36.542231
    -79.807598 36.542229
    -79.817196 36.542457
    -79.829171 36.542628
    -79.831068 36.542679
    -79.836868 36.542623
    -79.837087 36.542621
    -79.841322 36.542617
    -79.842895 36.542615
    -79.845539 36.542545
    -79.852196 36.542579
    -79.856893 36.542603
    -79.860729 36.5426
    -79.865362 36.542596
    -79.865601 36.542596
    -79.869654 36.542732
    -79.874651 36.542696
    -79.887248 36.542865
    -79.88968 36.542794
    -79.891571 36.542739
    -79.904893 36.542528
    -79.909379 36.542491
    -79.910727 36.542579
    -79.910975 36.542643
    -79.910981 36.542645
    -79.911 36.54265
    -79.911186 36.5427
    -79.912673 36.542532
    -79.917715 36.542495
    -79.920238 36.542748
    -79.925059 36.542527
    -79.925156 36.54253
    -79.927409 36.542605
    -79.928053 36.542622
    -79.928529 36.542636
    -79.93083 36.54255
    -79.930944 36.542546
    -79.931163 36.542538
    -79.933341 36.542623
    -79.949616 36.542627
    -79.951461 36.542612
    -79.951769 36.542609
    -79.952486 36.542603
    -79.960019 36.542505
    -79.960082 36.542504
    -79.9633 36.542659
    -79.963323 36.54266
    -79.966979 36.542475
    -79.967353 36.542494
    -79.967511 36.542501
    -79.967752 36.5425
    -79.97548 36.542439
    -79.979487 36.542415
    -79.982819 36.54241
    -79.982849 36.54241
    -79.986015 36.542364
    -79.988154 36.542333
    -79.992306 36.542282
    -79.999325 36.542291
    -80.000379 36.542364
    -80.000447 36.542369
    -80.000467 36.542371
    -80.000474 36.542371
    -80.002966 36.542556
    -80.002977 36.542552
    -80.002985 36.542549
    -80.00417 36.542478
    -80.004316 36.542501
    -80.004326 36.542501
    -80.004424 36.542501
    -80.004922 36.5425
    -80.006699 36.542498
    -80.008263 36.542498
    -80.008733 36.542498
    -80.01333 36.542497
    -80.013713 36.542497
    -80.026124 36.542495
    -80.02613 36.542497
    -80.026138 36.542497
    -80.026145 36.542497
    -80.026156 36.542497
    -80.027269 36.542495
    -80.036041 36.542483
    -80.037603 36.542447
    -80.042436 36.542472
    -80.052364 36.542459
    -80.05346 36.542485
    -80.053405 36.544112
    -80.053291 36.546336
    -80.053161 36.548633
    -80.05316 36.548658
    -80.053139 36.549044
    -80.052847 36.554351
    -80.052797 36.555273
    -80.052417 36.562057
    -80.052184 36.565463
    -80.052059 36.567292
    -80.052043 36.567528
    -80.052016 36.568173
    -80.051948 36.569793
    -80.051828 36.572718
    -80.05166 36.576996
    -80.051423 36.58274
    -80.051422 36.582762
    -80.051421 36.582785
    -80.051418 36.582865
    -80.051407 36.583136
    -80.051369 36.583887
    -80.051159 36.5881
    -80.05095 36.592283
    -80.050859 36.594103
    -80.050788 36.595767
    -80.050786 36.595808
    -80.050393 36.605031
    -80.050392 36.605058
    -80.050364 36.605752
    -80.050364 36.605757
    -80.050351 36.606042
    -80.050343 36.606212
    -80.050342 36.606229
    -80.050211 36.609333
    -80.050571 36.609501
    -80.05134 36.610007
    -80.052059 36.610473
    -80.052569 36.610875
    -80.053029 36.611406
    -80.053439 36.612025
    -80.05385 36.612677
    -80.05399 36.613047
    -80.054021 36.613289
    -80.053962 36.613708
    -80.053665 36.614337
    -80.053219 36.615249
    -80.053031 36.615781
    -80.052951 36.616023
    -80.052972 36.616224
    -80.053012 36.616377
    -80.052923 36.61645
    -80.052848 36.616597
    -80.052784 36.616724
    -80.052675 36.617014
    -80.052586 36.617353
    -80.052569 36.617471
    -80.052557 36.617562
    -80.052707 36.617917
    -80.052768 36.618231
    -80.052739 36.618609
    -80.0527 36.618883
    -80.052492 36.619279
    -80.052273 36.619521
    -80.052034 36.619699
    -80.051695 36.619796
    -80.051705 36.619816
    -80.052277 36.620931
    -80.052676 36.621083
    -80.053085 36.62126
    -80.053505 36.621508
    -80.053645 36.621661
    -80.053825 36.621919
    -80.054025 36.622096
    -80.054355 36.622353
    -80.054545 36.622562
    -80.054655 36.622819
    -80.054735 36.62294
    -80.054756 36.62319
    -80.054757 36.623464
    -80.054707 36.623601
    -80.05467 36.623689
    -80.054598 36.623867
    -80.054449 36.624125
    -80.05433 36.624319
    -80.054211 36.62444
    -80.054192 36.624503
    -80.05419 36.624511
    -80.05418 36.624544
    -80.054229 36.625137
    -80.054115 36.625635
    -80.054123 36.625877
    -80.05431 36.626153
    -80.054637 36.626461
    -80.054943 36.626826
    -80.055447 36.627345
    -80.055604 36.627709
    -80.055661 36.628
    -80.055639 36.62821
    -80.055527 36.628515
    -80.055334 36.628885
    -80.055182 36.629118
    -80.054921 36.629294
    -80.054749 36.629479
    -80.054765 36.629906
    -80.054842 36.630261
    -80.055098 36.630682
    -80.055905 36.631921
    -80.056203 36.632165
    -80.05671 36.632362
    -80.057043 36.632454
    -80.057457 36.632568
    -80.057826 36.632627
    -80.058943 36.63273
    -80.059501 36.632911
    -80.059848 36.633155
    -80.060204 36.63352
    -80.06038 36.633981
    -80.060455 36.634489
    -80.060463 36.634715
    -80.060311 36.634964
    -80.060206 36.635066
    -80.060089 36.635181
    -80.059777 36.63551
    -80.059556 36.635686
    -80.059364 36.635862
    -80.059092 36.636143
    -80.059 36.6364
    -80.058948 36.636674
    -80.058873 36.63719
    -80.058874 36.637372
    -80.058877 36.637827
    -80.058871 36.638115
    -80.05886 36.638601
    -80.058889 36.63903
    -80.058889 36.639036
    -80.05889 36.639048
    -80.058891 36.639053
    -80.058903 36.639233
    -80.058916 36.639435
    -80.058931 36.639666
    -80.058893 36.64165
    -80.058789 36.64215
    -80.058705 36.642512
    -80.058552 36.64289
    -80.058398 36.643446
    -80.058335 36.643744
    -80.058311 36.644171
    -80.058258 36.644502
    -80.058304 36.644921
    -80.058501 36.645294
    -80.058999 36.646523
    -80.059292 36.647234
    -80.059758 36.647616
    -80.059897 36.647762
    -80.059994 36.648204
    -80.060041 36.648416
    -80.060087 36.648747
    -80.060224 36.649159
    -80.060241 36.649426
    -80.060236 36.649966
    -80.060202 36.650498
    -80.060168 36.650942
    -80.060113 36.651482
    -80.06 36.652131
    -80.06 36.652136
    -80.06 36.652142
    -80.059976 36.652287
    -80.059721 36.652779
    -80.059625 36.652965
    -80.05946 36.6535
    -80.059078 36.654736
    -80.059045 36.654844
    -80.058624 36.656208
    -80.058567 36.656393
    -80.058564 36.656404
    -80.058498 36.656618
    -80.058431 36.656835
    -80.058431 36.657476
    -80.058517 36.657545
    -80.058573 36.659788
    -80.058488 36.660681
    -80.058999 36.661712
    -80.059113 36.662147
    -80.059312 36.662536
    -80.059384 36.662748
    -80.059481 36.663031
    -80.059579 36.663326
    -80.059653 36.663544
    -80.060193 36.664459
    -80.060734 36.664867
    -80.060742 36.664873
    -80.060826 36.664936
    -80.061045 36.665101
    -80.061604 36.665399
    -80.063149 36.666222
    -80.063348 36.666266
    -80.063461 36.666291
    -80.064038 36.666224
    -80.064058 36.666222
    -80.06426 36.666135
    -80.064484 36.666039
    -80.064854 36.666062
    -80.065081 36.666245
    -80.065394 36.666314
    -80.065422 36.666703
    -80.065457 36.666732
    -80.065507 36.666772
    -80.06564 36.667345
    -80.06565 36.66739
    -80.065805 36.667659
    -80.066406 36.668699
    -80.066754 36.6693
    -80.066998 36.669722
    -80.067072 36.66985
    -80.067161 36.670005
    -80.06737 36.670366
    -80.067582 36.670733
    -80.068037 36.671076
    -80.068293 36.671168
    -80.06867 36.671573
    -80.068805 36.671718
    -80.068922 36.671947
    -80.069004 36.672107
    -80.069039 36.672344
    -80.069045 36.672388
    -80.069174 36.673273
    -80.069089 36.673983
    -80.069095 36.674018
    -80.069115 36.674143
    -80.069115 36.674148
    -80.069136 36.674273
    -80.069137 36.674281
    -80.06916 36.674421
    -80.069174 36.67451
    -80.069345 36.67483
    -80.069355 36.674843
    -80.069674 36.675236
    -80.06968 36.675243
    -80.069828 36.675426
    -80.069856 36.675655
    -80.06997 36.676571
    -80.070141 36.676731
    -80.070516 36.676831
    -80.070705 36.676882
    -80.071164 36.677005
    -80.071201 36.677104
    -80.071219 36.677154
    -80.071249 36.677234
    -80.072029 36.677955
    -80.072768 36.678653
    -80.072811 36.678694
    -80.072944 36.67882
    -80.073666 36.679203
    -80.07452 36.679661
    -80.075071 36.68008
    -80.075307 36.680259
    -80.075515 36.680417
    -80.07567 36.680668
    -80.07568 36.680684
    -80.07577 36.680829
    -80.075851 36.682132
    -80.075854 36.68218
    -80.075876 36.682532
    -80.075884 36.682661
    -80.07592 36.683244
    -80.075941 36.683576
    -80.075953 36.683646
    -80.07618 36.684939
    -80.076206 36.685085
    -80.076226 36.685202
    -80.076311 36.685248
    -80.076425 36.685706
    -80.076441 36.685719
    -80.07651 36.685774
    -80.076542 36.685902
    -80.076566 36.685999
    -80.076574 36.686013
    -80.076577 36.686018
    -80.076653 36.686134
    -80.076823 36.686393
    -80.076883 36.686402
    -80.076927 36.686409
    -80.076965 36.686415
    -80.076976 36.686511
    -80.076994 36.686667
    -80.077818 36.68756
    -80.078074 36.688087
    -80.078075 36.688098
    -80.078162 36.68932
    -80.078186 36.689657
    -80.078236 36.690369
    -80.078245 36.690491
    -80.078239 36.690547
    -80.078208 36.690846
    -80.07816 36.691315
    -80.078168 36.691585
    -80.078168 36.691597
    -80.078189 36.6923
    -80.078398 36.69282
    -80.078448 36.692944
    -80.078485 36.693035
    -80.078489 36.693046
    -80.07853 36.693147
    -80.078567 36.693174
    -80.079472 36.693846
    -80.079486 36.693857
    -80.079599 36.693941
    -80.079639 36.693971
    -80.079867 36.694292
    -80.079895 36.694434
    -80.079896 36.694441
    -80.079945 36.694687
    -80.079961 36.694768
    -80.07997 36.694816
    -80.080054 36.695236
    -80.080102 36.695401
    -80.080188 36.695886
    -80.08025 36.696239
    -80.080322 36.696604
    -80.080335 36.696783
    -80.080356 36.697064
    -80.080399 36.697644
    -80.080407 36.697749
    -80.080521 36.69784
    -80.080663 36.698298
    -80.080802 36.698354
    -80.080808 36.698356
    -80.08098 36.698426
    -80.081005 36.698436
    -80.081012 36.69847
    -80.081025 36.698532
    -80.081204 36.699374
    -80.081247 36.69976
    -80.08135 36.7007
    -80.081375 36.700931
    -80.081329 36.701102
    -80.081092 36.701989
    -80.081143 36.702136
    -80.081162 36.70219
    -80.08136 36.702764
    -80.081508 36.703191
    -80.081518 36.703221
    -80.081717 36.703519
    -80.081776 36.703562
    -80.08178 36.703566
    -80.082179 36.703871
    -80.082214 36.703898
    -80.082257 36.703931
    -80.083906 36.7048
    -80.084067 36.704832
    -80.084149 36.704849
    -80.084248 36.704869
    -80.084305 36.705052
    -80.084332 36.705073
    -80.085129 36.705693
    -80.085556 36.706265
    -80.085728 36.706317
    -80.085754 36.706325
    -80.085784 36.706334
    -80.085784 36.706405
    -80.085784 36.706815
    -80.085853 36.707075
    -80.085881 36.707178
    -80.086011 36.707662
    -80.086032 36.70769
    -80.086694 36.708555
    -80.088088 36.710135
    -80.088665 36.710936
    -80.08867 36.710943
    -80.088714 36.711004
    -80.088792 36.711207
    -80.088941 36.7116
    -80.089685 36.712662
    -80.089785 36.712805
    -80.089823 36.712859
    -80.089963 36.713259
    -80.090006 36.713381
    -80.09008 36.713591
    -80.090112 36.714109
    -80.090165 36.714965
    -80.090251 36.715034
    -80.090277 36.715268
    -80.090279 36.715286
    -80.090312 36.715322
    -80.0905 36.715528
    -80.090592 36.715629
    -80.090763 36.716018
    -80.091029 36.717214
    -80.091034 36.717236
    -80.091211 36.718031
    -80.091219 36.718067
    -80.091247 36.718193
    -80.091287 36.718374
    -80.091294 36.718408
    -80.091441 36.718757
    -80.0915 36.718897
    -80.091576 36.719065
    -80.09162 36.719162
    -80.091747 36.719417
    -80.091792 36.719508
    -80.091799 36.71953
    -80.092194 36.720109
    -80.0922 36.720118
    -80.092386 36.720391
    -80.093211 36.721055
    -80.093552 36.72149
    -80.093764 36.722342
    -80.093891 36.722854
    -80.093922 36.722978
    -80.094008 36.723802
    -80.094093 36.723848
    -80.094141 36.724159
    -80.094207 36.724581
    -80.094129 36.724769
    -80.094125 36.72478
    -80.093968 36.725161
    -80.093966 36.725166
    -80.093952 36.725199
    -80.093946 36.725207
    -80.09361 36.725657
    -80.09358 36.725743
    -80.093554 36.725817
    -80.093552 36.725897
    -80.093141 36.726047
    -80.092077 36.726517
    -80.091565 36.726845
    -80.091343 36.727086
    -80.09131 36.727392
    -80.091016 36.727866
    -80.090822 36.728325
    -80.090621 36.728533
    -80.090218 36.728821
    -80.089994 36.729312
    -80.089952 36.729586
    -80.089668 36.73006
    -80.089294 36.73051
    -80.088962 36.730774
    -80.08892 36.730983
    -80.088918 36.73125
    -80.089293 36.7318
    -80.089537 36.732471
    -80.089612 36.733101
    -80.089543 36.734068
    -80.088402 36.735465
    -80.086929 36.736908
    -80.086025 36.737443
    -80.084988 36.739244
    -80.084858 36.739469
    -80.084829 36.739594
    -80.084828 36.739599
    -80.084743 36.739976
    -80.084702 36.740146
    -80.084841 36.740219
    -80.085141 36.740269
    -80.087059 36.740466
    -80.087109 36.740474
    -80.087119 36.740476
    -80.087843 36.740589
    -80.087853 36.740595
    -80.088012 36.740692
    -80.089605 36.741662
    -80.090719 36.742548
    -80.090742 36.742567
    -80.092053 36.743608
    -80.092053 36.743677
    -80.092096 36.743694
    -80.09228 36.743768
    -80.092417 36.743865
    -80.092715 36.744076
    -80.092762 36.74411
    -80.094166 36.745104
    -80.094187 36.745119
    -80.094179 36.74528
    -80.0943 36.745535
    -80.094416 36.745781
    -80.094744 36.746326
    -80.094185 36.746564
    -80.094054 36.746749
    -80.093451 36.747084
    -80.092744 36.747838
    -80.091538 36.748581
    -80.091134 36.749079
    -80.091057 36.750136
    -80.090998 36.750438
    -80.090659 36.750721
    -80.09023 36.751157
    -80.089862 36.751658
    -80.089633 36.752069
    -80.089534 36.752344
    -80.089561 36.752599
    -80.089561 36.752606
    -80.089562 36.752613
    -80.089564 36.752621
    -80.089585 36.752738
    -80.089663 36.752883
    -80.089839 36.753211
    -80.089908 36.753379
    -80.08993 36.753432
    -80.089946 36.75347
    -80.089977 36.753543
    -80.089811 36.753761
    -80.089801 36.753825
    -80.089788 36.753907
    -80.089728 36.755351
    -80.089728 36.755359
    -80.089554 36.756378
    -80.088946 36.759935
    -80.088867 36.759977
    -80.088994 36.761427
    -80.089028 36.761822
    -80.091524 36.763223
    -80.09171 36.765073
    -80.092012 36.768085
    -80.092097 36.768936
    -80.093031 36.769632
    -80.093151 36.769722
    -80.093205 36.769952
    -80.093503 36.771225
    -80.093688 36.771469
    -80.093889 36.771735
    -80.094488 36.772962
    -80.094691 36.773684
    -80.094987 36.774998
    -80.09505 36.775646
    -80.095074 36.776221
    -80.095061 36.776287
    -80.094894 36.777152
    -80.095141 36.778203
    -80.094872 36.778325
    -80.094623 36.778495
    -80.094475 36.778794
    -80.094389 36.779552
    -80.093699 36.780049
    -80.09353 36.780173
    -80.093413 36.780186
    -80.093254 36.780205
    -80.091771 36.780801
    -80.091367 36.781015
    -80.090739 36.781419
    -80.09025 36.781848
    -80.089861 36.782195
    -80.089757 36.782212
    -80.0895 36.782399
    -80.08946 36.782428
    -80.089347 36.782511
    -80.088782 36.782719
    -80.088368 36.78287
    -80.088135 36.78288
    -80.088036 36.782885
    -80.087893 36.782892
    -80.087833 36.783046
    -80.087264 36.783555
    -80.086955 36.783684
    -80.086465 36.783814
    -80.085426 36.784316
    -80.084787 36.784632
    -80.084428 36.784899
    -80.084058 36.785189
    -80.083649 36.785738
    -80.08333 36.786215
    -80.083031 36.786634
    -80.082902 36.786949
    -80.082763 36.787712
    -80.082754 36.787763
    -80.082605 36.787909
    -80.082475 36.787997
    -80.082045 36.787942
    -80.081733 36.787923
    -80.081665 36.787919
    -80.080995 36.787944
    -80.080585 36.788034
    -80.079156 36.788456
    -80.078906 36.788513
    -80.078386 36.788546
    -80.077566 36.788604
    -80.077066 36.788637
    -80.076887 36.788759
    -80.076707 36.788896
    -80.076437 36.78913
    -80.076288 36.789332
    -80.076059 36.789856
    -80.075721 36.790453
    -80.075501 36.790599
    -80.075021 36.790761
    -80.074751 36.790786
    -80.074371 36.79073
    -80.073971 36.790667
    -80.073681 36.790643
    -80.073461 36.790668
    -80.073081 36.790693
    -80.072593 36.790781
    -80.071756 36.790569
    -80.07159 36.790277
    -80.07151 36.790067
    -80.071249 36.789898
    -80.070969 36.789883
    -80.069239 36.789897
    -80.069108 36.789898
    -80.069014 36.789874
    -80.068989 36.789868
    -80.068938 36.789855
    -80.068919 36.78985
    -80.068913 36.789848
    -80.068905 36.789846
    -80.068539 36.789753
    -80.068222 36.789673
    -80.063216 36.790141
    -80.061851 36.793456
    -80.061756 36.793487
    -80.061336 36.793641
    -80.059336 36.792993
    -80.05349 36.791101
    -80.051573 36.792467
    -80.051329 36.792475
    -80.050312 36.792513
    -80.049273 36.792552
    -80.048154 36.79307
    -80.047918 36.793076
    -80.041493 36.794365
    -80.041344 36.793647
    -80.040436 36.792014
    -80.039862 36.791201
    -80.035749 36.786338
    -80.031383 36.782886
    -80.030752 36.782509
    -80.028689 36.781669
    -80.02774 36.781394
    -80.027409 36.781341
    -80.02717 36.781303
    -80.026269 36.781019
    -80.026126 36.780974
    -80.026004 36.780936
    -80.025178 36.780752
    -80.02293 36.780752
    -80.020453 36.781163
    -80.019457 36.781117
    -80.018518 36.78098
    -80.01681 36.781048
    -80.015871 36.781323
    -80.015301 36.781597
    -80.01439 36.782352
    -80.013194 36.783748
    -80.01308 36.784138
    -80.013108 36.784939
    -80.013591 36.786084
    -80.013761 36.786359
    -80.014591 36.78673
    -80.014786 36.786817
    -80.015384 36.786794
    -80.017177 36.786246
    -80.018174 36.786109
    -80.019227 36.786201
    -80.019426 36.786361
    -80.020877 36.787048
    -80.023068 36.788286
    -80.025544 36.790071
    -80.025885 36.790209
    -80.027194 36.791262
    -80.02728 36.791445
    -80.027251 36.791858
    -80.026653 36.792935
    -80.026197 36.793278
    -80.025485 36.793484
    -80.024289 36.793689
    -80.019621 36.793688
    -80.017884 36.793733
    -80.016375 36.793526
    -80.015919 36.793366
    -80.015265 36.792862
    -80.01481 36.792358
    -80.01444 36.791785
    -80.013814 36.791075
    -80.01242 36.789838
    -80.012193 36.789747
    -80.012032 36.789644
END
!1
    -79.904077 36.684127
    -79.902358 36.682853
    -79.901446 36.682176
    -79.900963 36.68158
    -79.900139 36.67984
    -79.898349 36.678305
    -79.897781 36.677595
    -79.897611 36.676977
    -79.897627 36.67657
    -79.896838 36.676129
    -79.896619 36.676011
    -79.896561 36.675837
    -79.895561 36.675237
    -79.894325 36.673555
    -79.89432 36.673443
    -79.894296 36.673304
    -79.894233 36.673075
    -79.89421 36.672938
    -79.89421 36.672933
    -79.894192 36.672833
    -79.894179 36.67263
    -79.894185 36.672484
    -79.894216 36.672224
    -79.894219 36.672209
    -79.894223 36.672185
    -79.894194 36.672081
    -79.894187 36.672057
    -79.894181 36.672036
    -79.893913 36.672037
    -79.892878 36.672037
    -79.891239 36.672037
    -79.887456 36.672037
    -79.886474 36.672037
    -79.884861 36.672037
    -79.88449 36.671865
    -79.884438 36.671841
    -79.883963 36.671618
    -79.881661 36.670537
    -79.881533 36.670246
    -79.881528 36.670235
    -79.881467 36.670097
    -79.881215 36.669526
    -79.881191 36.669473
    -79.880255 36.667351
    -79.880171 36.66716
    -79.880167 36.667151
    -79.880164 36.667144
    -79.880143 36.667134
    -79.880106 36.667128
    -79.880095 36.667126
    -79.880088 36.667124
    -79.880076 36.667122
    -79.880053 36.667118
    -79.880029 36.667114
    -79.879653 36.667049
    -79.87924 36.666978
    -79.87909 36.666948
    -79.879077 36.666945
    -79.87905 36.666941
    -79.878906 36.66692
    -79.878768 36.666896
    -79.877733 36.666718
    -79.877685 36.66671
    -79.877678 36.666709
    -79.877668 36.666707
    -79.877651 36.666704
    -79.877261 36.666637
    -79.875467 36.666063
    -79.874761 36.665837
    -79.874632 36.665804
    -79.874607 36.665797
    -79.874527 36.665776
    -79.874521 36.665774
    -79.874501 36.665769
    -79.874471 36.665761
    -79.86974 36.664509
    -79.866273 36.663592
    -79.866263 36.663589
    -79.864613 36.663153
    -79.864447 36.663109
    -79.864223 36.66305
    -79.861568 36.662347
    -79.859888 36.661903
    -79.859798 36.661879
    -79.85926 36.661737
    -79.85796 36.660237
    -79.85806 36.660137
    -79.85816 36.659937
    -79.85816 36.659837
    -79.85826 36.659537
    -79.85826 36.659237
    -79.85836 36.658837
    -79.85846 36.658337
    -79.85846 36.658037
    -79.85846 36.657337
    -79.85866 36.656937
    -79.85896 36.656437
    -79.85916 36.656137
    -79.85946 36.655637
    -79.85986 36.655337
    -79.85986 36.655237
    -79.85996 36.655237
    -79.859761 36.650368
    -79.859663 36.650337
    -79.859562 36.650324
    -79.859365 36.650298
    -79.856596 36.64993
    -79.85613 36.649868
    -79.854895 36.649588
    -79.853914 36.649366
    -79.853587 36.649337
    -79.851328 36.649137
    -79.850333 36.648932
    -79.849083 36.648428
    -79.84843 36.648268
    -79.846014 36.647353
    -79.845474 36.646895
    -79.845303 36.645819
    -79.844962 36.644858
    -79.844592 36.644354
    -79.844081 36.644034
    -79.844051 36.644024
    -79.843626 36.643897
    -79.842234 36.643805
    -79.842138 36.643837
    -79.840927 36.644241
    -79.840236 36.644554
    -79.837183 36.645937
    -79.837139 36.645957
    -79.837938 36.646448
    -79.839603 36.647471
    -79.839811 36.647682
    -79.839903 36.64777
    -79.84016 36.648164
    -79.84025 36.648616
    -79.840365 36.64893
    -79.840372 36.648948
    -79.84042 36.64908
    -79.839816 36.649655
    -79.839145 36.650294
    -79.841013 36.651071
    -79.84095 36.651946
    -79.839025 36.651934
    -79.839633 36.652211
    -79.839878 36.652323
    -79.839759 36.652504
    -79.839697 36.652599
    -79.839338 36.653147
    -79.838628 36.654201
    -79.838559 36.654396
    -79.838458 36.654682
    -79.838485 36.654811
    -79.838572 36.655231
    -79.838644 36.655427
    -79.838704 36.655592
    -79.838856 36.656009
    -79.838857 36.657292
    -79.838544 36.657589
    -79.838426 36.657662
    -79.838012 36.659295
    -79.837833 36.659118
    -79.837175 36.658553
    -79.837755 36.658257
    -79.837749 36.658083
    -79.837667 36.657613
    -79.837757 36.657541
    -79.838097 36.657268
    -79.8378 36.656398
    -79.837981 36.656125
    -79.837633 36.655312
    -79.837714 36.654684
    -79.837616 36.654097
    -79.837196 36.654128
    -79.837157 36.653823
    -79.838387 36.653358
    -79.838627 36.653294
    -79.838877 36.653174
    -79.839018 36.653045
    -79.839068 36.652893
    -79.839098 36.652724
    -79.839079 36.652539
    -79.839069 36.652474
    -79.838989 36.652418
    -79.83869 36.652417
    -79.8379 36.6524
    -79.837061 36.652439
    -79.836381 36.652317
    -79.835064 36.651912
    -79.834973 36.651782
    -79.834864 36.651606
    -79.834064 36.651846
    -79.833944 36.652015
    -79.833534 36.652207
    -79.833273 36.652504
    -79.832917 36.652805
    -79.832822 36.652922
    -79.832432 36.65305
    -79.831296 36.651873
    -79.830831 36.649817
    -79.830763 36.649515
    -79.830901 36.647897
    -79.830955 36.647654
    -79.831042 36.647441
    -79.831428 36.647408
    -79.831486 36.647238
    -79.83168 36.646668
    -79.831409 36.646555
    -79.831421 36.646438
    -79.831433 36.646321
    -79.827459 36.647637
    -79.827359 36.647637
    -79.827655 36.648346
    -79.829146 36.651911
    -79.829659 36.653137
    -79.829059 36.653337
    -79.829059 36.65391
    -79.829059 36.654037
    -79.828459 36.654737
    -79.828359 36.654837
    -79.826259 36.657937
    -79.826912 36.658229
    -79.826793 36.658776
    -79.826711 36.65915
    -79.826695 36.659207
    -79.82665 36.659309
    -79.826648 36.659314
    -79.826627 36.65936
    -79.826619 36.659379
    -79.827 36.659444
    -79.827407 36.659561
    -79.827506 36.659589
    -79.827514 36.659591
    -79.827535 36.659597
    -79.827899 36.659705
    -79.828416 36.660107
    -79.828556 36.660202
    -79.828775 36.660349
    -79.829074 36.660679
    -79.829493 36.660953
    -79.829793 36.661059
    -79.829949 36.661089
    -79.830106 36.661119
    -79.830799 36.661253
    -79.830906 36.661274
    -79.831191 36.661375
    -79.83157 36.661585
    -79.831873 36.661901
    -79.831879 36.661907
    -79.8319 36.661925
    -79.832129 36.662117
    -79.832358 36.662455
    -79.833187 36.662537
    -79.833288 36.662537
    -79.833467 36.662537
    -79.833657 36.662592
    -79.833776 36.662626
    -79.83388 36.662652
    -79.834066 36.662699
    -79.834275 36.662844
    -79.834455 36.662933
    -79.834624 36.663159
    -79.834684 36.663336
    -79.834743 36.66361
    -79.834764 36.663677
    -79.834818 36.663846
    -79.834832 36.663891
    -79.834832 36.663982
    -79.834832 36.664149
    -79.834829 36.665006
    -79.834829 36.665136
    -79.834829 36.665154
    -79.835028 36.665404
    -79.835066 36.66545
    -79.83511 36.665504
    -79.835367 36.665815
    -79.835638 36.666042
    -79.836437 36.666879
    -79.836463 36.666943
    -79.836603 36.667241
    -79.836702 36.667436
    -79.836711 36.667453
    -79.836722 36.667475
    -79.836728 36.667823
    -79.836739 36.668545
    -79.836956 36.668665
    -79.837148 36.668771
    -79.837264 36.66881
    -79.837651 36.668941
    -79.837809 36.668995
    -79.837922 36.669033
    -79.838891 36.669305
    -79.838976 36.669329
    -79.839016 36.669259
    -79.839037 36.669222
    -79.839076 36.669144
    -79.839624 36.669238
    -79.839696 36.66925
    -79.839876 36.669234
    -79.840606 36.669179
    -79.840683 36.669107
    -79.840697 36.669094
    -79.840717 36.669075
    -79.840721 36.669071
    -79.840826 36.66897
    -79.842282 36.668753
    -79.842326 36.668747
    -79.842926 36.669141
    -79.842945 36.669153
    -79.84301 36.669196
    -79.843024 36.669264
    -79.843016 36.669423
    -79.843013 36.669505
    -79.842913 36.669827
    -79.842902 36.670205
    -79.843011 36.670438
    -79.843161 36.67064
    -79.843631 36.670737
    -79.84395 36.670818
    -79.844047 36.670843
    -79.8443 36.670923
    -79.844083 36.671432
    -79.844055 36.671513
    -79.843887 36.672005
    -79.843737 36.672443
    -79.843713 36.672561
    -79.843701 36.672623
    -79.843594 36.673154
    -79.843556 36.673343
    -79.843404 36.674098
    -79.843375 36.674244
    -79.843229 36.674965
    -79.843226 36.67498
    -79.843202 36.675101
    -79.8432 36.675109
    -79.842725 36.677471
    -79.842718 36.677505
    -79.842715 36.67752
    -79.842714 36.677526
    -79.842706 36.677567
    -79.842684 36.677676
    -79.842645 36.677869
    -79.841713 36.682493
    -79.841601 36.68305
    -79.841522 36.683441
    -79.841501 36.683547
    -79.841487 36.683614
    -79.841477 36.683662
    -79.841465 36.683722
    -79.841444 36.683826
    -79.841434 36.683877
    -79.841389 36.684099
    -79.841388 36.684106
    -79.841248 36.684801
    -79.841196 36.685057
    -79.840723 36.687407
    -79.84059 36.688069
    -79.840402 36.689002
    -79.840362 36.689206
    -79.840058 36.690743
    -79.840043 36.690821
    -79.839928 36.691399
    -79.839906 36.691508
    -79.839883 36.691622
    -79.839757 36.692254
    -79.839721 36.692436
    -79.839721 36.692871
    -79.839618 36.692911
    -79.839265 36.694664
    -79.839243 36.694773
    -79.839215 36.694912
    -79.839214 36.694918
    -79.839209 36.694944
    -79.83918 36.695088
    -79.83852 36.69837
    -79.838505 36.698447
    -79.838468 36.698626
    -79.83817 36.700107
    -79.837813 36.70188
    -79.837666 36.702612
    -79.837658 36.702653
    -79.837359 36.704137
    -79.837707 36.704241
    -79.839226 36.704693
    -79.839238 36.704697
    -79.841852 36.705476
    -79.84196 36.705508
    -79.842114 36.705554
    -79.842357 36.705626
    -79.845273 36.706488
    -79.850577 36.708064
    -79.853701 36.708992
    -79.85382 36.709027
    -79.854048 36.709095
    -79.85412 36.709117
    -79.854181 36.709135
    -79.854199 36.70914
    -79.854283 36.709165
    -79.855819 36.709622
    -79.855877 36.709639
    -79.856618 36.709859
    -79.856689 36.70988
    -79.856699 36.709883
    -79.856729 36.709892
    -79.858319 36.710363
    -79.858432 36.710397
    -79.8585 36.710417
    -79.862221 36.711524
    -79.865192 36.712399
    -79.865814 36.712582
    -79.86992 36.713801
    -79.869988 36.713821
    -79.869994 36.713823
    -79.870193 36.713882
    -79.871333 36.71422
    -79.871512 36.714273
    -79.872101 36.714448
    -79.872133 36.714457
    -79.872754 36.714641
    -79.872763 36.714644
    -79.872861 36.714673
    -79.874619 36.715195
    -79.874632 36.715199
    -79.87476 36.715237
    -79.87476 36.715337
    -79.876452 36.714348
    -79.876818 36.714134
    -79.876931 36.714068
    -79.876974 36.714043
    -79.87698 36.71404
    -79.876993 36.714032
    -79.877151 36.71394
    -79.877885 36.713511
    -79.877891 36.713507
    -79.879954 36.712302
    -79.879961 36.712298
    -79.880099 36.712217
    -79.880137 36.712195
    -79.880173 36.712174
    -79.880209 36.712152
    -79.880341 36.712075
    -79.88126 36.711537
    -79.881832 36.710852
    -79.882342 36.710239
    -79.883022 36.709422
    -79.883258 36.709138
    -79.883262 36.709133
    -79.883812 36.708473
    -79.884308 36.707878
    -79.885389 36.70658
    -79.885472 36.70648
    -79.885484 36.706465
    -79.885492 36.706456
    -79.885497 36.706451
    -79.8855 36.706447
    -79.885505 36.706441
    -79.885509 36.706436
    -79.885514 36.70643
    -79.885545 36.706393
    -79.885569 36.706364
    -79.885619 36.706301
    -79.885566 36.706248
    -79.887368 36.704163
    -79.888273 36.703117
    -79.888774 36.702515
    -79.889502 36.70164
    -79.890209 36.700791
    -79.893073 36.697351
    -79.893168 36.697237
    -79.895157 36.694848
    -79.89585 36.694016
    -79.896436 36.693312
    -79.896701 36.692994
    -79.896742 36.692945
    -79.896779 36.692901
    -79.896874 36.692787
    -79.897001 36.692634
    -79.897856 36.691608
    -79.897864 36.691598
    -79.901614 36.687095
    -79.902889 36.685563
    -79.903661 36.684637
    -79.904077 36.684127
END
END
