51155 Pulaski County
1
    -80.789924 36.933573
    -80.790003 36.933658
    -80.790112 36.933774
    -80.790236 36.933913
    -80.790312 36.933999
    -80.790373 36.934066
    -80.790464 36.934166
    -80.790555 36.934266
    -80.790583 36.934297
    -80.790615 36.934333
    -80.790928 36.93464
    -80.791865 36.93556
    -80.792178 36.935867
    -80.79235 36.936035
    -80.792516 36.936198
    -80.792866 36.93654
    -80.793039 36.936709
    -80.793069 36.936741
    -80.793077 36.936749
    -80.793189 36.93687
    -80.793226 36.93691
    -80.793259 36.936945
    -80.793312 36.937001
    -80.793356 36.937049
    -80.793388 36.937083
    -80.793738 36.937458
    -80.794787 36.93858
    -80.795103 36.938918
    -80.795121 36.938937
    -80.795137 36.938954
    -80.795178 36.938997
    -80.795302 36.939127
    -80.795343 36.93917
    -80.795359 36.939186
    -80.795407 36.939236
    -80.795422 36.939252
    -80.796027 36.939885
    -80.797841 36.941781
    -80.798445 36.942413
    -80.7985 36.94247
    -80.798663 36.942641
    -80.798717 36.942697
    -80.798724 36.942704
    -80.79985 36.94379
    -80.80282 36.946655
    -80.803009 36.946292
    -80.803018 36.946275
    -80.803024 36.946263
    -80.803029 36.946253
    -80.803065 36.946184
    -80.803095 36.946127
    -80.803183 36.945959
    -80.802409 36.944812
    -80.802234 36.944554
    -80.801823 36.943943
    -80.801718 36.943786
    -80.801783 36.943757
    -80.803838 36.94285
    -80.809195 36.940486
    -80.809244 36.941366
    -80.809272 36.941864
    -80.80937 36.943607
    -80.809372 36.943637
    -80.809454 36.944966
    -80.809491 36.945561
    -80.810706 36.948831
    -80.81118 36.950107
    -80.811824 36.951799
    -80.812115 36.952563
    -80.810036 36.952845
    -80.809475 36.953277
    -80.809468 36.953282
    -80.809353 36.953371
    -80.809357 36.953375
    -80.81051 36.954551
    -80.811777 36.955843
    -80.813324 36.957372
    -80.817963 36.961959
    -80.819509 36.963488
    -80.820399 36.964368
    -80.823067 36.967006
    -80.823956 36.967885
    -80.823959 36.967888
    -80.825903 36.96981
    -80.831734 36.975575
    -80.833677 36.977497
    -80.833745 36.977566
    -80.83395 36.977773
    -80.833985 36.977809
    -80.834009 36.977833
    -80.834018 36.977842
    -80.834025 36.977849
    -80.834031 36.977855
    -80.834036 36.97786
    -80.83404 36.977864
    -80.834045 36.977869
    -80.834051 36.977874
    -80.834149 36.97797
    -80.834181 36.978002
    -80.834372 36.978192
    -80.834555 36.978373
    -80.834588 36.978406
    -80.834643 36.978461
    -80.834946 36.978761
    -80.834964 36.978779
    -80.835006 36.978817
    -80.835144 36.978942
    -80.835169 36.978963
    -80.83524 36.979026
    -80.835263 36.979047
    -80.835287 36.979068
    -80.835357 36.979129
    -80.83538 36.979149
    -80.837385 36.980958
    -80.843398 36.986385
    -80.845402 36.988194
    -80.846258 36.988966
    -80.848827 36.991283
    -80.849683 36.992054
    -80.850426 36.992725
    -80.852655 36.994736
    -80.853397 36.995406
    -80.855813 36.997596
    -80.857624 36.999237
    -80.858532 37.000059
    -80.858541 37.000067
    -80.858548 37.000073
    -80.858559 37.000083
    -80.858598 37.000119
    -80.862576 37.003642
    -80.863172 37.004023
    -80.864171 37.004661
    -80.864451 37.00484
    -80.864504 37.004874
    -80.864542 37.004898
    -80.864555 37.004906
    -80.864584 37.004924
    -80.864635 37.004957
    -80.865919 37.005777
    -80.867424 37.006738
    -80.871937 37.00962
    -80.873441 37.010581
    -80.873504 37.010621
    -80.873693 37.010741
    -80.873755 37.010781
    -80.873811 37.010817
    -80.873977 37.010923
    -80.874032 37.010958
    -80.874046 37.010967
    -80.874051 37.01097
    -80.874088 37.010993
    -80.874101 37.011002
    -80.874126 37.011018
    -80.874222 37.01108
    -80.874357 37.011167
    -80.874488 37.011187
    -80.874507 37.01119
    -80.87452 37.011192
    -80.874527 37.011193
    -80.874535 37.011194
    -80.874547 37.011196
    -80.874703 37.011219
    -80.874784 37.011234
    -80.874813 37.011258
    -80.874835 37.011275
    -80.874848 37.011285
    -80.874909 37.011334
    -80.874995 37.011403
    -80.875065 37.01146
    -80.875147 37.011526
    -80.875222 37.011586
    -80.875262 37.011618
    -80.8754 37.011729
    -80.875441 37.011762
    -80.875477 37.011791
    -80.875507 37.011815
    -80.875633 37.011916
    -80.875847 37.012088
    -80.875859 37.012098
    -80.87608 37.012276
    -80.876099 37.012291
    -80.876121 37.012309
    -80.87632 37.012468
    -80.876534 37.01264
    -80.876642 37.012727
    -80.877244 37.01321
    -80.877373 37.013312
    -80.87756 37.013478
    -80.878491 37.014306
    -80.878802 37.014582
    -80.879074 37.014824
    -80.879892 37.01555
    -80.880165 37.015792
    -80.880168 37.015794
    -80.881092 37.016613
    -80.883153 37.01844
    -80.883191 37.018474
    -80.883196 37.018478
    -80.883867 37.019073
    -80.884792 37.019893
    -80.884801 37.019901
    -80.884829 37.019926
    -80.884838 37.019934
    -80.885233 37.020286
    -80.885244 37.020296
    -80.885477 37.020504
    -80.886802 37.021679
    -80.886887 37.021754
    -80.886999 37.021853
    -80.887134 37.021973
    -80.888024 37.022762
    -80.893255 37.027401
    -80.894515 37.030366
    -80.894676 37.030745
    -80.894705 37.030813
    -80.894722 37.030853
    -80.89473 37.030873
    -80.894744 37.030906
    -80.894786 37.031004
    -80.895831 37.033463
    -80.895833 37.033468
    -80.895847 37.0335
    -80.896182 37.034343
    -80.896598 37.03539
    -80.896658 37.035541
    -80.896663 37.035555
    -80.896682 37.035603
    -80.896728 37.035718
    -80.896741 37.03575
    -80.897188 37.036875
    -80.897488 37.037631
    -80.897522 37.037719
    -80.897629 37.037931
    -80.897832 37.038334
    -80.897834 37.038339
    -80.897847 37.038365
    -80.897851 37.038373
    -80.89795 37.038568
    -80.898057 37.03878
    -80.898122 37.038902
    -80.898318 37.039269
    -80.898384 37.039391
    -80.898464 37.039532
    -80.899352 37.041611
    -80.900047 37.043238
    -80.900129 37.04343
    -80.900137 37.043448
    -80.900147 37.043472
    -80.900164 37.043513
    -80.900184 37.043559
    -80.900234 37.043676
    -80.902207 37.048297
    -80.903159 37.050526
    -80.903316 37.050894
    -80.903787 37.052
    -80.903944 37.052369
    -80.903951 37.052385
    -80.904136 37.052818
    -80.904691 37.054122
    -80.904876 37.054556
    -80.904881 37.054568
    -80.905701 37.056494
    -80.908162 37.062273
    -80.908983 37.0642
    -80.909171 37.06472
    -80.909736 37.06628
    -80.909925 37.0668
    -80.909949 37.066864
    -80.910019 37.067055
    -80.910043 37.06712
    -80.910569 37.068365
    -80.91099 37.069361
    -80.911069 37.069549
    -80.911072 37.069556
    -80.911074 37.069561
    -80.912147 37.072102
    -80.912674 37.073349
    -80.912751 37.073532
    -80.919724 37.090042
    -80.920129 37.090642
    -80.920149 37.090671
    -80.920164 37.090709
    -80.920193 37.090786
    -80.921792 37.094919
    -80.922855 37.097353
    -80.930627 37.115087
    -80.930003 37.11554
    -80.926916 37.115623
    -80.925962 37.115934
    -80.925092 37.116012
    -80.924097 37.115846
    -80.919493 37.116128
    -80.918949 37.116606
    -80.918441 37.116801
    -80.91652 37.117068
    -80.915046 37.117728
    -80.913459 37.117918
    -80.91301 37.118107
    -80.911536 37.118226
    -80.910318 37.118638
    -80.908721 37.118804
    -80.90341 37.12015
    -80.897607 37.122467
    -80.896498 37.122824
    -80.896151 37.122989
    -80.896077 37.123024
    -80.893345 37.124318
    -80.891649 37.12512
    -80.890717 37.125541
    -80.889387 37.126203
    -80.887876 37.126855
    -80.887031 37.127274
    -80.886406 37.127653
    -80.885882 37.128177
    -80.884694 37.128935
    -80.883596 37.129652
    -80.882719 37.130241
    -80.881521 37.130999
    -80.880392 37.131853
    -80.879445 37.132587
    -80.87871 37.133305
    -80.877793 37.13403
    -80.876927 37.134481
    -80.876292 37.13532
    -80.875386 37.13615
    -80.874799 37.136461
    -80.872988 37.137927
    -80.869877 37.139761
    -80.866498 37.14144
    -80.863174 37.143457
    -80.859731 37.14528
    -80.857687 37.14589
    -80.854627 37.147482
    -80.853502 37.148068
    -80.851944 37.148513
    -80.850826 37.149139
    -80.847715 37.150335
    -80.843959 37.152146
    -80.841596 37.153858
    -80.839338 37.15524
    -80.836466 37.156584
    -80.832998 37.158608
    -80.830849 37.159458
    -80.828079 37.160673
    -80.824375 37.163009
    -80.821657 37.164765
    -80.817936 37.166212
    -80.814617 37.168334
    -80.812776 37.170099
    -80.811798 37.170784
    -80.811707 37.170775
    -80.81121 37.17165
    -80.810328 37.172609
    -80.808356 37.174996
    -80.805477 37.177364
    -80.805113 37.17757
    -80.802574 37.179015
    -80.80149 37.179632
    -80.798034 37.18075
    -80.796587 37.181147
    -80.794692 37.181757
    -80.791584 37.182612
    -80.787955 37.183874
    -80.78564 37.184931
    -80.784607 37.185291
    -80.781189 37.186482
    -80.777628 37.187914
    -80.760512 37.193172
    -80.759144 37.193601
    -80.756919 37.194013
    -80.754753 37.194547
    -80.752804 37.194768
    -80.751977 37.194742
    -80.751282 37.194735
    -80.750368 37.195104
    -80.74979 37.19528
    -80.748456 37.195523
    -80.747418 37.19564
    -80.745934 37.195997
    -80.743078 37.196825
    -80.742322 37.196918
    -80.741573 37.197569
    -80.740213 37.197604
    -80.739123 37.197906
    -80.735234 37.197875
    -80.734593 37.19799
    -80.734366 37.198029
    -80.734345 37.198033
    -80.734248 37.19805
    -80.734217 37.198056
    -80.73418 37.198087
    -80.733938 37.198288
    -80.733306 37.198819
    -80.730694 37.201171
    -80.72832 37.202218
    -80.725565 37.203054
    -80.722621 37.203356
    -80.7211 37.203124
    -80.717912 37.20378
    -80.713268 37.205309
    -80.709805 37.206424
    -80.708318 37.207442
    -80.706956 37.207807
    -80.700623 37.210336
    -80.699651 37.210578
    -80.697604 37.211089
    -80.691775 37.21367
    -80.688057 37.215178
    -80.686258 37.216162
    -80.685127 37.216415
    -80.680179 37.219764
    -80.677609 37.221414
    -80.676285 37.221964
    -80.674314 37.222996
    -80.672201 37.224115
    -80.670051 37.224606
    -80.668615 37.225309
    -80.664879 37.226276
    -80.663939 37.226683
    -80.662192 37.22711
    -80.659347 37.227572
    -80.656802 37.228383
    -80.654358 37.229081
    -80.652582 37.229405
    -80.650997 37.229623
    -80.649733 37.230246
    -80.648824 37.230508
    -80.647885 37.230649
    -80.64257 37.232672
    -80.641166 37.233157
    -80.639329 37.233519
    -80.637367 37.23455
    -80.634858 37.235748
    -80.633011 37.23598
    -80.631242 37.236843
    -80.63006 37.237197
    -80.629656 37.237319
    -80.627626 37.237849
    -80.625949 37.238317
    -80.624784 37.238689
    -80.624135 37.239194
    -80.622749 37.239778
    -80.621596 37.240226
    -80.620129 37.240899
    -80.618124 37.241981
    -80.617233 37.242429
    -80.615322 37.243197
    -80.61326 37.243722
    -80.611664 37.244031
    -80.609544 37.244209
    -80.608716 37.244222
    -80.608323 37.244229
    -80.607897 37.244431
    -80.607699 37.244526
    -80.60733 37.244703
    -80.607108 37.244804
    -80.606991 37.244858
    -80.606874 37.244911
    -80.606477 37.24415
    -80.605907 37.243374
    -80.605912 37.243294
    -80.605985 37.242075
    -80.60652 37.240487
    -80.607287 37.238804
    -80.607639 37.238391
    -80.607754 37.238255
    -80.60787 37.238119
    -80.608364 37.23754
    -80.609145 37.236865
    -80.610152 37.236195
    -80.610158 37.236191
    -80.611645 37.235583
    -80.61287 37.234935
    -80.613973 37.234023
    -80.614056 37.233954
    -80.614732 37.23227
    -80.614956 37.230275
    -80.614967 37.230173
    -80.614999 37.228156
    -80.614932 37.227956
    -80.614087 37.225434
    -80.613233 37.223317
    -80.613463 37.221024
    -80.613498 37.220674
    -80.613501 37.220647
    -80.614082 37.218019
    -80.614075 37.21791
    -80.614024 37.217441
    -80.613978 37.217349
    -80.613884 37.217163
    -80.613937 37.216428
    -80.613916 37.215396
    -80.613267 37.212675
    -80.613043 37.212392
    -80.612276 37.211421
    -80.611893 37.211091
    -80.610149 37.20959
    -80.608582 37.208446
    -80.60786 37.207919
    -80.606664 37.207109
    -80.60568 37.206444
    -80.605505 37.206289
    -80.605144 37.205968
    -80.604783 37.205648
    -80.604343 37.205258
    -80.603903 37.204867
    -80.60254 37.203657
    -80.602201 37.203116
    -80.602056 37.202887
    -80.601912 37.202658
    -80.601794 37.202471
    -80.601675 37.202283
    -80.601272 37.201643
    -80.599922 37.199766
    -80.598998 37.197536
    -80.597179 37.193325
    -80.596616 37.192156
    -80.595816 37.190496
    -80.595016 37.189412
    -80.594839 37.189161
    -80.594176 37.188223
    -80.593744 37.1878
    -80.592613 37.186692
    -80.591109 37.185355
    -80.589423 37.184009
    -80.587804 37.183317
    -80.585599 37.182857
    -80.583338 37.183308
    -80.582283 37.183722
    -80.58169 37.183955
    -80.580785 37.184621
    -80.58007 37.185147
    -80.579847 37.185312
    -80.578069 37.18729
    -80.577678 37.187757
    -80.577501 37.187968
    -80.577323 37.18818
    -80.576809 37.188794
    -80.575178 37.189965
    -80.573819 37.191049
    -80.571084 37.192926
    -80.57039 37.193487
    -80.569426 37.194268
    -80.569229 37.194428
    -80.569013 37.194639
    -80.568326 37.195304
    -80.566808 37.196072
    -80.565771 37.197375
    -80.564021 37.198
    -80.563579 37.198158
    -80.563137 37.198316
    -80.562576 37.198516
    -80.556288 37.20071
    -80.556162 37.200759
    -80.555499 37.201022
    -80.554529 37.201405
    -80.553915 37.201578
    -80.553286 37.201755
    -80.552608 37.202043
    -80.551507 37.202312
    -80.550831 37.202407
    -80.550326 37.202517
    -80.549579 37.202643
    -80.548761 37.202785
    -80.547994 37.202879
    -80.547236 37.203021
    -80.545959 37.203176
    -80.544673 37.203333
    -80.543792 37.203458
    -80.54125 37.203819
    -80.539806 37.204189
    -80.539764 37.2042
    -80.538034 37.204975
    -80.536175 37.205806
    -80.535053 37.206005
    -80.533933 37.206203
    -80.533396 37.206298
    -80.532859 37.206394
    -80.532396 37.206476
    -80.529557 37.206737
    -80.528748 37.206812
    -80.528471 37.206838
    -80.525019 37.207082
    -80.522597 37.20697
    -80.522327 37.206957
    -80.52207 37.206881
    -80.52182 37.206808
    -80.521571 37.206734
    -80.520722 37.206483
    -80.520525 37.206425
    -80.518646 37.205561
    -80.516934 37.203891
    -80.515768 37.201911
    -80.515193 37.200561
    -80.515179 37.199821
    -80.515157 37.198608
    -80.515433 37.197722
    -80.515777 37.196618
    -80.517157 37.194523
    -80.517266 37.194357
    -80.518251 37.193336
    -80.519111 37.192823
    -80.519262 37.192737
    -80.521225 37.192066
    -80.523618 37.191657
    -80.524957 37.191617
    -80.525278 37.191608
    -80.52535 37.191605
    -80.5256 37.191598
    -80.525808 37.191592
    -80.526016 37.191585
    -80.52622 37.191579
    -80.527313 37.191692
    -80.528288 37.191793
    -80.528337 37.191798
    -80.530285 37.19231
    -80.530682 37.192414
    -80.531557 37.192687
    -80.533509 37.193297
    -80.536608 37.194206
    -80.537907 37.194518
    -80.539561 37.194404
    -80.541371 37.194037
    -80.546035 37.193092
    -80.54872 37.192586
    -80.548822 37.192567
    -80.551419 37.191702
    -80.553503 37.19071
    -80.554173 37.190269
    -80.554576 37.190005
    -80.5559 37.188187
    -80.556347 37.18744
    -80.556472 37.187231
    -80.556597 37.187022
    -80.556664 37.186909
    -80.55695 37.186432
    -80.557517 37.185516
    -80.55757 37.18543
    -80.557623 37.185345
    -80.557848 37.185182
    -80.558072 37.185019
    -80.558236 37.184899
    -80.558401 37.184779
    -80.559843 37.183731
    -80.562129 37.18207
    -80.562903 37.181509
    -80.563656 37.180268
    -80.564262 37.17927
    -80.564867 37.178272
    -80.565135 37.177831
    -80.565143 37.177763
    -80.56516 37.177626
    -80.565177 37.177489
    -80.565221 37.177129
    -80.565289 37.176586
    -80.5654 37.175683
    -80.565433 37.175413
    -80.565326 37.175034
    -80.56522 37.174654
    -80.565069 37.174119
    -80.563536 37.172741
    -80.563049 37.172279
    -80.562618 37.171869
    -80.562187 37.171459
    -80.561994 37.171276
    -80.558607 37.16971
    -80.556747 37.16885
    -80.555918 37.167765
    -80.555187 37.166246
    -80.555113 37.166092
    -80.554563 37.16555
    -80.553821 37.16482
    -80.553813 37.164806
    -80.552527 37.162434
    -80.552338 37.161966
    -80.552285 37.161834
    -80.552238 37.161718
    -80.552184 37.161584
    -80.552164 37.161536
    -80.552098 37.161371
    -80.551685 37.160349
    -80.551635 37.160117
    -80.55155 37.159721
    -80.551466 37.159325
    -80.55142 37.159108
    -80.551374 37.158892
    -80.551167 37.157919
    -80.550621 37.156763
    -80.550237 37.156397
    -80.55006 37.156228
    -80.547596 37.155459
    -80.546475 37.155475
    -80.545006 37.155497
    -80.542886 37.155848
    -80.542058 37.155985
    -80.541298 37.156211
    -80.53917 37.156844
    -80.537371 37.157587
    -80.53692 37.157651
    -80.536469 37.157715
    -80.536024 37.157778
    -80.53558 37.157841
    -80.53505 37.157916
    -80.534501 37.157719
    -80.534204 37.157612
    -80.533908 37.157506
    -80.533502 37.15736
    -80.531704 37.156513
    -80.530916 37.155891
    -80.530502 37.155564
    -80.529792 37.154283
    -80.529732 37.154175
    -80.529673 37.154067
    -80.529418 37.153606
    -80.529163 37.153145
    -80.528979 37.152814
    -80.527717 37.150146
    -80.527457 37.149273
    -80.527308 37.148771
    -80.527158 37.14827
    -80.527009 37.147771
    -80.52657 37.145119
    -80.526989 37.142115
    -80.527368 37.139858
    -80.527734 37.13806
    -80.527846 37.13639
    -80.529038 37.134644
    -80.529678 37.134066
    -80.530515 37.133868
    -80.532499 37.134159
    -80.53284 37.134209
    -80.533949 37.135364
    -80.533991 37.135408
    -80.534001 37.135434
    -80.534027 37.135499
    -80.534052 37.135565
    -80.534584 37.136944
    -80.535524 37.137924
    -80.536748 37.138696
    -80.537497 37.139168
    -80.537701 37.139297
    -80.538857 37.139957
    -80.541927 37.141711
    -80.544642 37.143705
    -80.545286 37.144178
    -80.547222 37.145477
    -80.548701 37.146466
    -80.548837 37.146557
    -80.550105 37.14678
    -80.550915 37.146783
    -80.551161 37.146784
    -80.551407 37.146785
    -80.551878 37.146786
    -80.552901 37.146754
    -80.553078 37.146748
    -80.553257 37.146742
    -80.55345 37.146736
    -80.553642 37.14673
    -80.553886 37.146676
    -80.554131 37.146623
    -80.554712 37.146492
    -80.557722 37.14557
    -80.557905 37.145513
    -80.560438 37.14474
    -80.562176 37.14415
    -80.562394 37.14403
    -80.562399 37.144027
    -80.562451 37.143998
    -80.562488 37.143977
    -80.562565 37.143934
    -80.562802 37.143802
    -80.562808 37.143799
    -80.562813 37.143796
    -80.562823 37.14379
    -80.563399 37.143511
    -80.563405 37.143508
    -80.563412 37.143505
    -80.56342 37.143501
    -80.563554 37.143436
    -80.563584 37.143421
    -80.563848 37.143293
    -80.563935 37.143251
    -80.564022 37.143209
    -80.564416 37.143018
    -80.564738 37.142862
    -80.565435 37.142524
    -80.565453 37.142515
    -80.565688 37.142401
    -80.565847 37.142324
    -80.565861 37.14232
    -80.565867 37.142318
    -80.565873 37.142316
    -80.565884 37.142313
    -80.565898 37.142309
    -80.566087 37.142254
    -80.566097 37.142251
    -80.566286 37.142196
    -80.566407 37.14216
    -80.56654 37.142121
    -80.566564 37.142114
    -80.566572 37.142112
    -80.566582 37.142109
    -80.566678 37.142081
    -80.566685 37.142078
    -80.566693 37.142076
    -80.566703 37.142073
    -80.566714 37.14207
    -80.566725 37.142067
    -80.567259 37.14191
    -80.567274 37.141906
    -80.56733 37.141889
    -80.567354 37.141882
    -80.567402 37.141868
    -80.567732 37.141772
    -80.568062 37.141675
    -80.569465 37.141266
    -80.57076 37.140784
    -80.570888 37.140737
    -80.572661 37.140042
    -80.572989 37.139914
    -80.572999 37.13991
    -80.573009 37.139906
    -80.573087 37.139876
    -80.57324 37.139777
    -80.573387 37.139682
    -80.573566 37.139566
    -80.573674 37.139496
    -80.57368 37.139492
    -80.573696 37.139481
    -80.573741 37.139452
    -80.574552 37.138925
    -80.574571 37.138907
    -80.574577 37.138901
    -80.574666 37.138851
    -80.574756 37.138793
    -80.575217 37.138494
    -80.575423 37.138373
    -80.580978 37.135134
    -80.582596 37.134191
    -80.583376 37.133736
    -80.585835 37.132247
    -80.589657 37.129935
    -80.592875 37.127866
    -80.593656 37.127005
    -80.59457 37.125847
    -80.595167 37.125125
    -80.595523 37.123868
    -80.595549 37.12378
    -80.596085 37.121577
    -80.596389 37.118897
    -80.59604 37.115871
    -80.595916 37.115462
    -80.595814 37.115131
    -80.595764 37.114956
    -80.595714 37.114785
    -80.595167 37.112958
    -80.594895 37.112359
    -80.594735 37.112006
    -80.594575 37.111654
    -80.594262 37.110966
    -80.593851 37.110061
    -80.592896 37.107834
    -80.592498 37.1068
    -80.591862 37.105147
    -80.590406 37.102
    -80.589739 37.101158
    -80.588948 37.10016
    -80.588391 37.099695
    -80.588284 37.099606
    -80.588178 37.099517
    -80.587259 37.098748
    -80.586975 37.098458
    -80.585199 37.096642
    -80.583624 37.094655
    -80.583511 37.094512
    -80.582878 37.093629
    -80.581794 37.092119
    -80.581682 37.091962
    -80.581006 37.090969
    -80.58088 37.090785
    -80.580875 37.090777
    -80.580852 37.090743
    -80.580848 37.090738
    -80.580771 37.090625
    -80.580535 37.090278
    -80.580296 37.089926
    -80.580092 37.089627
    -80.580067 37.089603
    -80.580051 37.089578
    -80.580009 37.089511
    -80.579938 37.089314
    -80.579609 37.088458
    -80.57928 37.087604
    -80.57901 37.086901
    -80.57845 37.084651
    -80.578068 37.082996
    -80.578029 37.082827
    -80.577869 37.082206
    -80.577567 37.08202
    -80.577534 37.081961
    -80.577504 37.081908
    -80.577475 37.081856
    -80.577438 37.081791
    -80.577384 37.081695
    -80.577276 37.081504
    -80.577187 37.081445
    -80.576866 37.081232
    -80.57644 37.080816
    -80.576051 37.080456
    -80.57583 37.080245
    -80.575753 37.08013
    -80.575678 37.080018
    -80.575692 37.079975
    -80.575809 37.079665
    -80.57588 37.079374
    -80.57588 37.079238
    -80.57588 37.078994
    -80.575703 37.078708
    -80.57566 37.078639
    -80.575434 37.078574
    -80.575323 37.078542
    -80.575074 37.078565
    -80.575014 37.078566
    -80.574563 37.078575
    -80.573608 37.078389
    -80.572834 37.078189
    -80.572733 37.078163
    -80.572636 37.078135
    -80.571265 37.077744
    -80.569877 37.077171
    -80.569496 37.076978
    -80.569385 37.076921
    -80.569334 37.076858
    -80.569217 37.076712
    -80.5691 37.076567
    -80.569049 37.076503
    -80.568997 37.076439
    -80.568943 37.076372
    -80.568939 37.076351
    -80.568898 37.076154
    -80.568857 37.075958
    -80.56884 37.07588
    -80.568824 37.075803
    -80.568793 37.075654
    -80.568793 37.075048
    -80.568532 37.074621
    -80.568351 37.074516
    -80.567768 37.074338
    -80.567175 37.07429
    -80.566978 37.074379
    -80.565887 37.074872
    -80.565554 37.075235
    -80.564819 37.076107
    -80.564204 37.077003
    -80.563891 37.077455
    -80.563368 37.077866
    -80.562762 37.078488
    -80.562704 37.078645
    -80.562389 37.079512
    -80.562136 37.080158
    -80.561874 37.080933
    -80.561672 37.081683
    -80.561289 37.082329
    -80.560847 37.082616
    -80.560818 37.082652
    -80.560795 37.08264
    -80.560622 37.08256
    -80.560091 37.082313
    -80.559755 37.081648
    -80.55968 37.081498
    -80.559641 37.080658
    -80.559626 37.080484
    -80.559617 37.08038
    -80.559597 37.080157
    -80.559589 37.080063
    -80.559572 37.079876
    -80.559517 37.079477
    -80.559432 37.078859
    -80.559261 37.077971
    -80.559093 37.077011
    -80.558893 37.076018
    -80.558674 37.075291
    -80.558603 37.074709
    -80.55864 37.074232
    -80.558617 37.074014
    -80.558542 37.073932
    -80.558501 37.073023
    -80.558426 37.072941
    -80.558463 37.072765
    -80.558388 37.072683
    -80.558465 37.07121
    -80.558451 37.071155
    -80.558314 37.070611
    -80.558186 37.070342
    -80.557774 37.069891
    -80.556487 37.069218
    -80.55618 37.068926
    -80.55609 37.068697
    -80.556167 37.068218
    -80.556319 37.068039
    -80.556452 37.067622
    -80.556564 37.067528
    -80.556689 37.066929
    -80.556665 37.066383
    -80.556507 37.066037
    -80.556207 37.065709
    -80.55519 37.065289
    -80.552927 37.065106
    -80.552808 37.065018
    -80.552501 37.064942
    -80.55218 37.06472
    -80.551993 37.064732
    -80.551402 37.064475
    -80.55058 37.064007
    -80.550392 37.063802
    -80.550317 37.063503
    -80.549776 37.062565
    -80.5483 37.061037
    -80.547485 37.060419
    -80.547148 37.060164
    -80.546998 37.059907
    -80.546724 37.05944
    -80.546479 37.05874
    -80.546492 37.058235
    -80.546611 37.057888
    -80.547319 37.057582
    -80.54763 37.057494
    -80.548199 37.057334
    -80.550228 37.056872
    -80.550615 37.05656
    -80.55114 37.055144
    -80.551541 37.054545
    -80.551571 37.054404
    -80.551675 37.054345
    -80.551846 37.053969
    -80.551966 37.053825
    -80.552091 37.053675
    -80.552128 37.053499
    -80.552298 37.053233
    -80.552469 37.052964
    -80.552558 37.052759
    -80.552668 37.052013
    -80.552375 37.05165
    -80.552046 37.051463
    -80.551435 37.051384
    -80.55115 37.051347
    -80.550911 37.051389
    -80.550411 37.051361
    -80.549792 37.051462
    -80.548657 37.051388
    -80.547807 37.051495
    -80.547201 37.051507
    -80.546836 37.051515
    -80.546172 37.051393
    -80.545409 37.051077
    -80.544511 37.05031
    -80.544062 37.050035
    -80.543719 37.049919
    -80.543503 37.04966
    -80.543314 37.049432
    -80.543186 37.049163
    -80.543267 37.048775
    -80.543057 37.048241
    -80.542987 37.047335
    -80.542967 37.047081
    -80.542942 37.046757
    -80.542932 37.046634
    -80.542876 37.046572
    -80.542843 37.046025
    -80.54284 37.045971
    -80.542667 37.045478
    -80.542711 37.045267
    -80.542823 37.045173
    -80.543212 37.043088
    -80.543316 37.043029
    -80.543558 37.04165
    -80.543468 37.041421
    -80.543682 37.040834
    -80.544054 37.040375
    -80.544836 37.039934
    -80.544891 37.039917
    -80.545082 37.039857
    -80.545985 37.03972
    -80.546131 37.039717
    -80.546724 37.039707
    -80.546828 37.039648
    -80.547321 37.039712
    -80.54744 37.039799
    -80.547844 37.039851
    -80.548053 37.039951
    -80.548514 37.040055
    -80.5488 37.040119
    -80.548883 37.040192
    -80.549189 37.040459
    -80.54927 37.040984
    -80.549324 37.041331
    -80.549321 37.042032
    -80.549564 37.043293
    -80.549574 37.044126
    -80.5498 37.044807
    -80.550287 37.04534
    -80.550427 37.04545
    -80.551286 37.046128
    -80.551613 37.046387
    -80.55242 37.047025
    -80.552862 37.047553
    -80.553069 37.047921
    -80.553432 37.048567
    -80.55377 37.048936
    -80.55451 37.049357
    -80.555534 37.049742
    -80.555719 37.049766
    -80.556519 37.049869
    -80.55702 37.049897
    -80.557266 37.049821
    -80.559961 37.050132
    -80.560439 37.050266
    -80.56094 37.050511
    -80.561926 37.050638
    -80.562482 37.050618
    -80.562807 37.050607
    -80.563291 37.050489
    -80.563709 37.050253
    -80.563933 37.050009
    -80.564898 37.048959
    -80.565157 37.048611
    -80.565537 37.048101
    -80.565605 37.047919
    -80.565744 37.047549
    -80.565669 37.047467
    -80.565472 37.046429
    -80.56508 37.045438
    -80.564525 37.04457
    -80.564263 37.044283
    -80.564257 37.044231
    -80.564247 37.044137
    -80.564023 37.043891
    -80.564022 37.043674
    -80.563747 37.043374
    -80.563722 37.043346
    -80.563505 37.043281
    -80.563433 37.043202
    -80.563313 37.043071
    -80.563243 37.042994
    -80.563218 37.042872
    -80.563175 37.04266
    -80.562805 37.042055
    -80.562695 37.041875
    -80.562625 37.041323
    -80.562401 37.041077
    -80.562308 37.040881
    -80.562273 37.040808
    -80.562332 37.040526
    -80.562399 37.040202
    -80.56242 37.040103
    -80.56259 37.039727
    -80.562711 37.039209
    -80.562975 37.038083
    -80.563009 37.037936
    -80.56309 37.03731
    -80.56311 37.03698
    -80.563125 37.036721
    -80.56306 37.036109
    -80.563033 37.035848
    -80.562874 37.035495
    -80.562756 37.035365
    -80.562687 37.03529
    -80.56252 37.035195
    -80.562358 37.035103
    -80.561828 37.034998
    -80.561209 37.035099
    -80.560434 37.035506
    -80.559943 37.035877
    -80.55963 37.036271
    -80.559462 37.036629
    -80.5593 37.036974
    -80.559134 37.037328
    -80.559055 37.037408
    -80.558725 37.037746
    -80.558703 37.037851
    -80.558655 37.037878
    -80.558494 37.037969
    -80.558159 37.038034
    -80.557671 37.037971
    -80.557442 37.037942
    -80.55723 37.037833
    -80.557068 37.037749
    -80.556858 37.03753
    -80.556274 37.036923
    -80.556061 37.036426
    -80.555923 37.036105
    -80.555769 37.035746
    -80.555748 37.035698
    -80.555675 37.035305
    -80.555596 37.034882
    -80.555669 37.034313
    -80.555608 37.03416
    -80.555777 37.03335
    -80.555918 37.033115
    -80.555991 37.032637
    -80.556043 37.032299
    -80.556206 37.031958
    -80.556793 37.031347
    -80.556863 37.031013
    -80.556977 37.030466
    -80.556886 37.030237
    -80.556974 37.029815
    -80.556958 37.029707
    -80.556936 37.029557
    -80.556812 37.029378
    -80.55677 37.029029
    -80.556888 37.028465
    -80.556853 37.028341
    -80.556835 37.028277
    -80.556648 37.028072
    -80.556623 37.027527
    -80.556585 37.027397
    -80.556435 37.026887
    -80.556191 37.026652
    -80.556194 37.026525
    -80.556196 37.026398
    -80.556285 37.022283
    -80.556338 37.019764
    -80.556921 37.019721
    -80.556608 37.018394
    -80.556582 37.018288
    -80.556003 37.015834
    -80.55593 37.0158
    -80.55586 37.015754
    -80.555802 37.015698
    -80.555725 37.015551
    -80.555717 37.015517
    -80.555706 37.015472
    -80.555701 37.015409
    -80.55571 37.015359
    -80.555737 37.015299
    -80.555779 37.015245
    -80.555811 37.015205
    -80.555903 37.01511
    -80.555911 37.015104
    -80.555879 37.014446
    -80.555771 37.012213
    -80.555718 37.010155
    -80.555706 37.010013
    -80.555587 37.00958
    -80.55337 37.005338
    -80.552642 37.003944
    -80.552606 37.003876
    -80.552089 37.002759
    -80.550957 37.000297
    -80.549672 36.997495
    -80.549638 36.997421
    -80.548263 36.994427
    -80.548224 36.994334
    -80.547904 36.993525
    -80.547435 36.992346
    -80.547409 36.992282
    -80.545548 36.988232
    -80.543949 36.984752
    -80.543933 36.984639
    -80.544551 36.984336
    -80.546649 36.9835
    -80.548444 36.982529
    -80.548641 36.982222
    -80.548659 36.98198
    -80.548646 36.980658
    -80.549069 36.979841
    -80.549598 36.979442
    -80.549112 36.979091
    -80.548576 36.978514
    -80.548038 36.977776
    -80.547999 36.976857
    -80.548222 36.976049
    -80.548658 36.975514
    -80.549565 36.974984
    -80.55104 36.974104
    -80.551079 36.973942
    -80.550976 36.973701
    -80.550942 36.973258
    -80.551001 36.973105
    -80.551346 36.97269
    -80.552416 36.971398
    -80.552546 36.97124
    -80.552663 36.970909
    -80.552847 36.970239
    -80.552957 36.970165
    -80.553047 36.970149
    -80.55393 36.970231
    -80.556242 36.969982
    -80.556593 36.970004
    -80.557637 36.970175
    -80.558317 36.970009
    -80.559188 36.969826
    -80.560007 36.969498
    -80.561269 36.969449
    -80.562808 36.968996
    -80.56386 36.968916
    -80.56419 36.968833
    -80.564449 36.968662
    -80.564518 36.968557
    -80.564515 36.968283
    -80.564411 36.967897
    -80.564358 36.967575
    -80.56487 36.965604
    -80.56511 36.965138
    -80.565115 36.965128
    -80.565138 36.965113
    -80.565853 36.964662
    -80.566762 36.964415
    -80.567402 36.964209
    -80.567979 36.96377
    -80.568182 36.963091
    -80.568167 36.962551
    -80.568135 36.961937
    -80.568106 36.961346
    -80.568072 36.961076
    -80.56826 36.960672
    -80.568593 36.960313
    -80.569952 36.959735
    -80.570434 36.959529
    -80.571066 36.959335
    -80.572347 36.959027
    -80.573434 36.958787
    -80.574311 36.958741
    -80.574454 36.958736
    -80.575734 36.958534
    -80.577214 36.958233
    -80.578164 36.957977
    -80.578724 36.957893
    -80.579425 36.957791
    -80.579904 36.957651
    -80.580392 36.957301
    -80.581715 36.956373
    -80.582817 36.955212
    -80.583293 36.954657
    -80.58352 36.954393
    -80.584377 36.954036
    -80.584849 36.953624
    -80.585876 36.953166
    -80.586327 36.952589
    -80.586503 36.952364
    -80.587913 36.950776
    -80.588062 36.950662
    -80.588312 36.950628
    -80.588572 36.950594
    -80.589543 36.950522
    -80.590093 36.950421
    -80.590193 36.950364
    -80.590341 36.950121
    -80.590821 36.948015
    -80.590976 36.947538
    -80.591162 36.947134
    -80.591539 36.946736
    -80.59323 36.945418
    -80.594775 36.944666
    -80.595245 36.944573
    -80.595413 36.94437
    -80.59597 36.943891
    -80.597175 36.943181
    -80.597325 36.94314
    -80.597585 36.94309
    -80.597755 36.943113
    -80.600475 36.943585
    -80.601037 36.943702
    -80.601719 36.943714
    -80.602139 36.943654
    -80.604045 36.942948
    -80.604324 36.942801
    -80.604622 36.942565
    -80.605475 36.94235
    -80.605502 36.942343
    -80.60573 36.942313
    -80.605953 36.942284
    -80.606629 36.942195
    -80.606817 36.94217
    -80.609017 36.94188
    -80.609104 36.941869
    -80.609595 36.941804
    -80.609917 36.942004
    -80.610331 36.942251
    -80.611023 36.942359
    -80.61118 36.942359
    -80.611624 36.942362
    -80.612144 36.94223
    -80.612523 36.942042
    -80.612911 36.941781
    -80.613335 36.941587
    -80.613354 36.941521
    -80.613372 36.941456
    -80.613685 36.941066
    -80.61397 36.940471
    -80.614341 36.940288
    -80.614527 36.940237
    -80.614817 36.940155
    -80.615227 36.940039
    -80.615606 36.939859
    -80.616073 36.939623
    -80.616136 36.939591
    -80.616337 36.939394
    -80.617049 36.938821
    -80.61722 36.938693
    -80.618304 36.937882
    -80.618378 36.937802
    -80.618475 36.937698
    -80.618621 36.937685
    -80.618878 36.937538
    -80.619014 36.93753
    -80.62057 36.937435
    -80.621392 36.93752
    -80.622733 36.937422
    -80.623195 36.937483
    -80.62367 36.937537
    -80.623988 36.937574
    -80.624786 36.937416
    -80.625491 36.937416
    -80.626102 36.937424
    -80.626682 36.937495
    -80.627001 36.937564
    -80.627197 36.937604
    -80.627371 36.937641
    -80.627472 36.937593
    -80.627594 36.937482
    -80.62777 36.937285
    -80.628045 36.93698
    -80.628653 36.936633
    -80.6294 36.93636
    -80.630549 36.936019
    -80.630984 36.935806
    -80.631501 36.935482
    -80.63198 36.935069
    -80.632381 36.934518
    -80.632695 36.934052
    -80.632835 36.933846
    -80.633529 36.93321
    -80.63384 36.932681
    -80.633987 36.93178
    -80.634596 36.931098
    -80.634735 36.930943
    -80.634895 36.930397
    -80.634793 36.930002
    -80.634791 36.929994
    -80.634709 36.929677
    -80.634906 36.929293
    -80.635182 36.928998
    -80.635406 36.928815
    -80.635488 36.928728
    -80.635519 36.928672
    -80.635606 36.928326
    -80.635673 36.927948
    -80.635799 36.927692
    -80.636033 36.927493
    -80.636683 36.927074
    -80.637537 36.926971
    -80.637939 36.926903
    -80.640927 36.926279
    -80.64155 36.926205
    -80.64215 36.926269
    -80.642859 36.92639
    -80.643426 36.926623
    -80.643674 36.926723
    -80.644008 36.926802
    -80.644133 36.926832
    -80.644927 36.926865
    -80.645235 36.926878
    -80.645609 36.926672
    -80.645707 36.926575
    -80.645916 36.92637
    -80.646995 36.925312
    -80.647403 36.925074
    -80.647472 36.925039
    -80.64796 36.924798
    -80.648966 36.924553
    -80.650621 36.923936
    -80.650905 36.923762
    -80.651423 36.923531
    -80.652118 36.92322
    -80.652777 36.922793
    -80.653846 36.921959
    -80.654792 36.921205
    -80.655754 36.920136
    -80.656705 36.919124
    -80.65757 36.917877
    -80.657804 36.91767
    -80.658209 36.917489
    -80.658594 36.917252
    -80.658588 36.917051
    -80.658087 36.915948
    -80.657959 36.915286
    -80.658061 36.914658
    -80.658332 36.914138
    -80.658801 36.91366
    -80.659076 36.913453
    -80.659703 36.913231
    -80.661246 36.912687
    -80.664421 36.911566
    -80.667955 36.910697
    -80.669769 36.910646
    -80.67025 36.910652
    -80.670631 36.910648
    -80.671145 36.910477
    -80.674885 36.9087
    -80.675491 36.908441
    -80.67613 36.908037
    -80.67637 36.908056
    -80.677815 36.908444
    -80.678042 36.908656
    -80.678258 36.9089
    -80.678676 36.909034
    -80.679974 36.909251
    -80.680826 36.909229
    -80.680443 36.908829
    -80.68023 36.908408
    -80.679942 36.907743
    -80.679826 36.907508
    -80.679891 36.907267
    -80.679989 36.906841
    -80.680033 36.906068
    -80.679935 36.90543
    -80.679942 36.905051
    -80.679747 36.904767
    -80.679243 36.90381
    -80.679121 36.903389
    -80.67904 36.902905
    -80.679053 36.902703
    -80.67913 36.902366
    -80.679318 36.901949
    -80.679812 36.901205
    -80.679947 36.900957
    -80.680093 36.900644
    -80.680137 36.900419
    -80.680061 36.900216
    -80.679966 36.899941
    -80.679819 36.89973
    -80.679714 36.899463
    -80.679689 36.899204
    -80.679784 36.898948
    -80.679991 36.898595
    -80.680287 36.898293
    -80.680832 36.897994
    -80.681098 36.897723
    -80.681255 36.89745
    -80.681356 36.896801
    -80.681423 36.896469
    -80.681633 36.896016
    -80.681956 36.895657
    -80.682213 36.895337
    -80.68259 36.895144
    -80.682972 36.895116
    -80.68331 36.895104
    -80.683749 36.895173
    -80.684098 36.895288
    -80.684649 36.895361
    -80.684901 36.895344
    -80.68516 36.895337
    -80.68557 36.895308
    -80.685941 36.895251
    -80.686187 36.895231
    -80.686536 36.89529
    -80.686744 36.895378
    -80.686898 36.895523
    -80.687205 36.895657
    -80.687624 36.895685
    -80.68804 36.895724
    -80.688431 36.895616
    -80.688966 36.895398
    -80.689632 36.895153
    -80.691833 36.894797
    -80.692102 36.894727
    -80.692233 36.894459
    -80.692322 36.894188
    -80.692428 36.89388
    -80.692694 36.893457
    -80.69295 36.893201
    -80.693213 36.893035
    -80.693247 36.893013
    -80.69526 36.892396
    -80.695313 36.89238
    -80.695996 36.892148
    -80.696182 36.892085
    -80.696367 36.892022
    -80.696558 36.891961
    -80.696748 36.8919
    -80.698724 36.891281
    -80.706264 36.888917
    -80.70643 36.888864
    -80.709753 36.887827
    -80.710733 36.887514
    -80.713198 36.886745
    -80.71321 36.886741
    -80.713801 36.886556
    -80.713906 36.886523
    -80.726428 36.882477
    -80.726577 36.882439
    -80.726904 36.882357
    -80.728012 36.882078
    -80.72851 36.881953
    -80.729891 36.881606
    -80.733449 36.880719
    -80.735977 36.880101
    -80.736977 36.879857
    -80.740483 36.879001
    -80.740852 36.879395
    -80.741338 36.879914
    -80.741471 36.880057
    -80.741475 36.880061
    -80.741481 36.880068
    -80.74149 36.880077
    -80.741956 36.880575
    -80.742324 36.880968
    -80.742772 36.881447
    -80.744115 36.882883
    -80.744562 36.883361
    -80.744611 36.883414
    -80.744684 36.883492
    -80.744756 36.88357
    -80.74479 36.883606
    -80.744803 36.88362
    -80.74483 36.883649
    -80.74491 36.883736
    -80.744936 36.883765
    -80.744982 36.883815
    -80.744986 36.88382
    -80.745027 36.883865
    -80.745043 36.883882
    -80.745079 36.883921
    -80.745087 36.883929
    -80.745119 36.883964
    -80.745365 36.884231
    -80.745471 36.884346
    -80.745986 36.884906
    -80.746035 36.884959
    -80.746149 36.885083
    -80.746165 36.8851
    -80.74629 36.885236
    -80.746318 36.885266
    -80.746373 36.885326
    -80.746377 36.885331
    -80.746388 36.885343
    -80.746424 36.885382
    -80.746429 36.885387
    -80.746841 36.885836
    -80.749826 36.889081
    -80.750939 36.890315
    -80.752268 36.891788
    -80.752294 36.891817
    -80.752476 36.892019
    -80.753024 36.892628
    -80.753206 36.892831
    -80.754202 36.893939
    -80.757193 36.897264
    -80.75819 36.898372
    -80.758403 36.898608
    -80.758924 36.899186
    -80.758948 36.899213
    -80.758966 36.899233
    -80.75897 36.899237
    -80.759043 36.899318
    -80.759256 36.899555
    -80.759567 36.899901
    -80.760158 36.900558
    -80.760374 36.900798
    -80.760502 36.90094
    -80.760814 36.901287
    -80.761391 36.901929
    -80.762375 36.903023
    -80.762778 36.903471
    -80.763124 36.903855
    -80.763702 36.904498
    -80.763767 36.904569
    -80.764855 36.905762
    -80.768315 36.909558
    -80.769104 36.910424
    -80.769194 36.910523
    -80.769425 36.910838
    -80.769429 36.910853
    -80.769741 36.911202
    -80.770678 36.912251
    -80.770856 36.91245
    -80.77086 36.912455
    -80.770991 36.912601
    -80.771001 36.912612
    -80.771033 36.912647
    -80.771044 36.912659
    -80.771057 36.912674
    -80.771098 36.91272
    -80.771112 36.912736
    -80.771146 36.912773
    -80.771176 36.912809
    -80.771363 36.913035
    -80.771426 36.913111
    -80.771936 36.913726
    -80.772028 36.913837
    -80.772068 36.913885
    -80.772101 36.913925
    -80.772108 36.913934
    -80.772114 36.913941
    -80.773467 36.915574
    -80.773978 36.916191
    -80.773991 36.916205
    -80.774048 36.916267
    -80.774622 36.916889
    -80.776555 36.918986
    -80.777199 36.919685
    -80.777848 36.920385
    -80.778623 36.921221
    -80.778811 36.921424
    -80.778849 36.921465
    -80.778862 36.921479
    -80.77888 36.921499
    -80.77916 36.921801
    -80.779216 36.921861
    -80.779797 36.922488
    -80.780447 36.923189
    -80.780547 36.923297
    -80.780582 36.923334
    -80.780601 36.923355
    -80.780666 36.923425
    -80.780845 36.923618
    -80.780944 36.923725
    -80.781419 36.924237
    -80.782842 36.925773
    -80.783317 36.926285
    -80.783321 36.92629
    -80.784394 36.927469
    -80.787625 36.931022
    -80.788702 36.932206
    -80.788716 36.932222
    -80.78875 36.932261
    -80.788836 36.932358
    -80.789237 36.932813
    -80.789371 36.932965
    -80.789473 36.933077
    -80.789625 36.933244
    -80.789778 36.933412
    -80.789879 36.933523
    -80.789888 36.933533
    -80.789915 36.933563
    -80.789924 36.933573
END
END
