51700 Newport News city
1
    -76.580455 37.185518
    -76.580251 37.185602
    -76.579451 37.18597
    -76.578619 37.186305
    -76.578091 37.186609
    -76.577819 37.187025
    -76.577803 37.187153
    -76.577819 37.187361
    -76.577915 37.187553
    -76.578219 37.187713
    -76.578811 37.187713
    -76.579387 37.187889
    -76.579947 37.188321
    -76.579979 37.188593
    -76.579563 37.188689
    -76.578987 37.188609
    -76.578523 37.188721
    -76.578267 37.188849
    -76.578123 37.189073
    -76.577995 37.189393
    -76.577819 37.189761
    -76.577743 37.190117
    -76.577685 37.190396
    -76.577675 37.190445
    -76.580175 37.190745
    -76.579875 37.192645
    -76.581413 37.192942
    -76.582975 37.193245
    -76.581875 37.194845
    -76.582702 37.19501
    -76.583375 37.195145
    -76.584275 37.197645
    -76.584427 37.198049
    -76.584587 37.198609
    -76.585092 37.200274
    -76.585175 37.200545
    -76.590175 37.205845
    -76.590726 37.2086
    -76.590875 37.209345
    -76.590874 37.209403
    -76.59087 37.209853
    -76.590865 37.210382
    -76.590875 37.213145
    -76.590869 37.213167
    -76.590806 37.213416
    -76.590775 37.213545
    -76.591262 37.214276
    -76.591375 37.214445
    -76.591432 37.214721
    -76.591435 37.214739
    -76.591451 37.214854
    -76.591475 37.215025
    -76.591483 37.215083
    -76.590661 37.214725
    -76.590015 37.214422
    -76.589746 37.214289
    -76.589379 37.214107
    -76.588876 37.213846
    -76.588257 37.213508
    -76.588039 37.213383
    -76.587649 37.213159
    -76.587528 37.213086
    -76.58632 37.212965
    -76.58409 37.212755
    -76.583123 37.212674
    -76.582487 37.212614
    -76.582446 37.2126
    -76.582368 37.212631
    -76.582315 37.212645
    -76.582075 37.212706
    -76.581881 37.212753
    -76.581713 37.212791
    -76.581579 37.212815
    -76.581575 37.212845
    -76.580779 37.212898
    -76.579606 37.212919
    -76.577504 37.212951
    -76.577238 37.212999
    -76.576471 37.21308
    -76.575368 37.213014
    -76.575074 37.212972
    -76.574575 37.213045
    -76.574551 37.213155
    -76.574373 37.213954
    -76.573975 37.215745
    -76.571816 37.215745
    -76.571564 37.215745
    -76.570675 37.215745
    -76.570288 37.216518
    -76.570175 37.216745
    -76.570072 37.216768
    -76.569871 37.216813
    -76.568795 37.217052
    -76.5687 37.217074
    -76.568692 37.217076
    -76.568499 37.217121
    -76.568378 37.217146
    -76.568194 37.217185
    -76.568 37.217221
    -76.567768 37.217513
    -76.567258 37.218154
    -76.566539 37.219063
    -76.565836 37.219831
    -76.565766 37.219908
    -76.565717 37.219962
    -76.565388 37.220322
    -76.565092 37.220645
    -76.564445 37.220097
    -76.563674 37.219445
    -76.563222 37.218902
    -76.562893 37.218508
    -76.562674 37.218245
    -76.562441 37.217979
    -76.560613 37.215889
    -76.560392 37.215637
    -76.560278 37.215507
    -76.55701 37.211772
    -76.556479 37.211165
    -76.55595 37.210562
    -76.555862 37.210462
    -76.555674 37.210247
    -76.553474 37.207845
    -76.546374 37.199645
    -76.545178 37.198273
    -76.539674 37.192245
    -76.539338 37.191841
    -76.539192 37.191683
    -76.53857 37.191009
    -76.534889 37.187025
    -76.534073 37.186145
    -76.533705 37.185489
    -76.532973 37.184845
    -76.532649 37.184369
    -76.532543 37.18425
    -76.532458 37.184155
    -76.530809 37.182305
    -76.530697 37.182191
    -76.530436 37.181925
    -76.530349 37.181837
    -76.529912 37.181395
    -76.525873 37.177045
    -76.525666 37.1767
    -76.525624 37.176628
    -76.525349 37.17662
    -76.525164 37.176621
    -76.524991 37.176389
    -76.524912 37.176398
    -76.524708 37.176421
    -76.524659 37.176426
    -76.524686 37.176586
    -76.524732 37.176856
    -76.524448 37.17687
    -76.524406 37.176873
    -76.524325 37.176878
    -76.524106 37.176891
    -76.523275 37.176943
    -76.523231 37.176946
    -76.523021 37.176964
    -76.522812 37.176989
    -76.522603 37.177021
    -76.522396 37.177061
    -76.52219 37.177107
    -76.521986 37.177161
    -76.521784 37.177221
    -76.521737 37.177236
    -76.517435 37.178636
    -76.517158 37.17873
    -76.51707 37.178663
    -76.516337 37.178153
    -76.51623 37.178042
    -76.516155 37.177948
    -76.515771 37.177363
    -76.515262 37.176707
    -76.515164 37.176598
    -76.515055 37.176455
    -76.514961 37.176305
    -76.514898 37.176181
    -76.51485 37.17606
    -76.514804 37.175907
    -76.514773 37.175719
    -76.514766 37.175561
    -76.514777 37.175403
    -76.514802 37.175234
    -76.51488 37.174745
    -76.514942 37.174408
    -76.515008 37.1737
    -76.515056 37.173395
    -76.515067 37.17334
    -76.515102 37.173185
    -76.514985 37.173224
    -76.51487 37.173073
    -76.514167 37.172075
    -76.511591 37.168395
    -76.510613 37.167005
    -76.507999 37.16329
    -76.507898 37.163148
    -76.5072 37.162208
    -76.504453 37.158506
    -76.504901 37.15801
    -76.505581 37.157258
    -76.504463 37.156242
    -76.504877 37.155781
    -76.505177 37.155449
    -76.506241 37.154288
    -76.506101 37.154129
    -76.50601 37.154025
    -76.504558 37.152363
    -76.503568 37.15123
    -76.500311 37.147504
    -76.500268 37.147453
    -76.500262 37.147446
    -76.500054 37.1472
    -76.49839 37.145154
    -76.496728 37.143111
    -76.496707 37.143085
    -76.496582 37.142932
    -76.492816 37.1383
    -76.491832 37.13709
    -76.487539 37.131811
    -76.486913 37.131041
    -76.486672 37.130745
    -76.486248 37.130201
    -76.486243 37.130195
    -76.486122 37.130039
    -76.485768 37.129585
    -76.484619 37.128716
    -76.482625 37.127209
    -76.482573 37.127146
    -76.48174 37.126147
    -76.482163 37.125925
    -76.482529 37.125733
    -76.482505 37.125719
    -76.482345 37.125682
    -76.481237 37.125441
    -76.474306 37.116354
    -76.47428 37.11632
    -76.474034 37.115829
    -76.473978 37.115718
    -76.473869 37.115583
    -76.47383 37.115537
    -76.473503 37.115224
    -76.47335 37.115064
    -76.473335 37.115049
    -76.473305 37.115009
    -76.473188 37.114851
    -76.473073 37.11465
    -76.47217 37.113591
    -76.472114 37.113525
    -76.472026 37.113422
    -76.471693 37.113032
    -76.471636 37.112965
    -76.47156 37.112876
    -76.471248 37.11251
    -76.471118 37.112358
    -76.471044 37.112272
    -76.47097 37.112185
    -76.470958 37.11217
    -76.470948 37.112158
    -76.470066 37.111125
    -76.469844 37.110864
    -76.469768 37.110775
    -76.469526 37.110492
    -76.469154 37.110056
    -76.468516 37.109308
    -76.468324 37.109083
    -76.46777 37.108433
    -76.467386 37.107983
    -76.466671 37.107145
    -76.466593 37.107076
    -76.464071 37.104845
    -76.463383 37.103601
    -76.458671 37.100745
    -76.458516 37.100661
    -76.458358 37.100575
    -76.45517 37.098845
    -76.454338 37.098687
    -76.45147 37.098145
    -76.450502 37.096641
    -76.441686 37.093969
    -76.440681 37.094117
    -76.440424 37.094155
    -76.438528 37.094436
    -76.435519 37.094882
    -76.435393 37.094772
    -76.435267 37.094663
    -76.43491 37.094356
    -76.435241 37.093523
    -76.43526 37.093476
    -76.435318 37.09329
    -76.43518 37.092753
    -76.434915 37.092577
    -76.434789 37.092493
    -76.434946 37.092264
    -76.435225 37.091858
    -76.43633 37.090248
    -76.436332 37.090245
    -76.436469 37.090045
    -76.436516 37.089856
    -76.437376 37.089964
    -76.438544 37.090117
    -76.438579 37.090121
    -76.438815 37.090152
    -76.439093 37.088945
    -76.439171 37.088607
    -76.439599 37.086754
    -76.43968 37.086403
    -76.439837 37.085722
    -76.43997 37.085146
    -76.440107 37.084998
    -76.440698 37.08492
    -76.440801 37.084947
    -76.441012 37.085001
    -76.441313 37.085036
    -76.441569 37.085066
    -76.441851 37.085053
    -76.441952 37.085048
    -76.44197 37.085046
    -76.441976 37.085041
    -76.441994 37.085024
    -76.442085 37.084938
    -76.44217 37.084857
    -76.442589 37.084459
    -76.443076 37.083998
    -76.443509 37.083587
    -76.443595 37.083505
    -76.443812 37.083298
    -76.443846 37.083266
    -76.444522 37.082625
    -76.4449 37.082266
    -76.445407 37.081784
    -76.445909 37.081306
    -76.44787 37.079446
    -76.448401 37.078914
    -76.448412 37.078903
    -76.448575 37.078741
    -76.449153 37.078163
    -76.44927 37.078046
    -76.44947 37.077867
    -76.450702 37.076764
    -76.450825 37.076654
    -76.450906 37.076581
    -76.45117 37.076346
    -76.45087 37.075545
    -76.450032 37.074508
    -76.448411 37.072493
    -76.446687 37.070352
    -76.446535 37.070164
    -76.445859 37.069328
    -76.446028 37.068473
    -76.446035 37.068437
    -76.446138 37.068206
    -76.44633 37.068008
    -76.446392 37.067943
    -76.446453 37.067827
    -76.44659 37.067497
    -76.446625 37.0673
    -76.446625 37.067052
    -76.446707 37.066783
    -76.446885 37.066519
    -76.447118 37.066289
    -76.447221 37.066124
    -76.447372 37.065794
    -76.447652 37.065497
    -76.447708 37.065437
    -76.448108 37.064907
    -76.448201 37.064783
    -76.448304 37.06458
    -76.448436 37.064251
    -76.44866 37.06369
    -76.448689 37.063592
    -76.448741 37.063419
    -76.448743 37.063413
    -76.44877 37.063322
    -76.448845 37.063261
    -76.448845 37.063135
    -76.448996 37.062948
    -76.449078 37.062745
    -76.449112 37.06236
    -76.449243 37.061761
    -76.449297 37.061641
    -76.449359 37.061382
    -76.449517 37.061157
    -76.449592 37.061075
    -76.449764 37.060692
    -76.449825 37.060558
    -76.449928 37.060415
    -76.449952 37.060365
    -76.450141 37.05999
    -76.450198 37.059876
    -76.450209 37.059855
    -76.45026 37.059668
    -76.45026 37.059583
    -76.45025 37.059432
    -76.450261 37.059133
    -76.450291 37.058349
    -76.450325 37.057866
    -76.450291 37.057256
    -76.45016 37.056905
    -76.449955 37.056536
    -76.449673 37.056245
    -76.448666 37.055493
    -76.448535 37.055372
    -76.448451 37.055267
    -76.448227 37.054987
    -76.448179 37.054844
    -76.448179 37.05468
    -76.448227 37.054471
    -76.448432 37.054163
    -76.448515 37.054081
    -76.448665 37.053812
    -76.449141 37.053173
    -76.44957 37.052597
    -76.449776 37.05229
    -76.449981 37.051938
    -76.450152 37.051598
    -76.450262 37.051378
    -76.450399 37.050965
    -76.450474 37.050367
    -76.450591 37.049927
    -76.450599 37.049548
    -76.450625 37.048306
    -76.450604 37.047955
    -76.450604 37.047565
    -76.450588 37.047415
    -76.450515 37.046751
    -76.450463 37.046613
    -76.450418 37.046493
    -76.450383 37.046273
    -76.450349 37.045621
    -76.450316 37.045004
    -76.450151 37.044488
    -76.450139 37.044463
    -76.449987 37.044158
    -76.449843 37.043889
    -76.449737 37.04326
    -76.449733 37.043236
    -76.449678 37.042911
    -76.449675 37.04284
    -76.449685 37.042809
    -76.449681 37.042737
    -76.449661 37.042671
    -76.449599 37.042363
    -76.449578 37.042296
    -76.449549 37.042157
    -76.449514 37.042057
    -76.449455 37.041927
    -76.449448 37.041893
    -76.449417 37.041829
    -76.44938 37.04171
    -76.449375 37.041695
    -76.449356 37.041664
    -76.449282 37.041468
    -76.449279 37.041432
    -76.449247 37.04137
    -76.44925 37.041334
    -76.449238 37.041301
    -76.449199 37.041095
    -76.44919 37.040989
    -76.44919 37.040947
    -76.449188 37.040708
    -76.449194 37.040674
    -76.4492 37.040569
    -76.44922 37.040466
    -76.449222 37.040431
    -76.449266 37.040225
    -76.449338 37.039953
    -76.44935 37.03992
    -76.449364 37.039852
    -76.449389 37.039785
    -76.449429 37.039616
    -76.449445 37.039513
    -76.449448 37.039444
    -76.449454 37.03941
    -76.449454 37.039374
    -76.44944 37.039269
    -76.449425 37.0392
    -76.449404 37.039061
    -76.449352 37.03882
    -76.449349 37.038799
    -76.449213 37.037981
    -76.449168 37.037809
    -76.449139 37.037672
    -76.449112 37.037561
    -76.449067 37.037425
    -76.448937 37.03716
    -76.448583 37.036711
    -76.448485 37.036594
    -76.448429 37.036538
    -76.44838 37.03648
    -76.448232 37.036329
    -76.448192 37.036288
    -76.448027 37.036119
    -76.447895 37.035977
    -76.44734 37.035336
    -76.447286 37.035279
    -76.446904 37.034733
    -76.446873 37.034688
    -76.446828 37.034627
    -76.446774 37.034539
    -76.446749 37.034499
    -76.445654 37.032621
    -76.445488 37.032368
    -76.445465 37.032337
    -76.445448 37.032305
    -76.445307 37.032083
    -76.445234 37.03199
    -76.445095 37.031811
    -76.444981 37.031658
    -76.444757 37.031396
    -76.444577 37.031186
    -76.4445 37.031096
    -76.444447 37.031039
    -76.444271 37.030878
    -76.444154 37.030746
    -76.443959 37.030527
    -76.443941 37.030495
    -76.443926 37.030414
    -76.443936 37.030344
    -76.443933 37.030308
    -76.443944 37.030257
    -76.443851 37.030231
    -76.443787 37.030148
    -76.443723 37.030064
    -76.4437 37.030034
    -76.443388 37.029714
    -76.443083 37.029402
    -76.443078 37.029397
    -76.442514 37.028787
    -76.442492 37.028757
    -76.44248 37.028721
    -76.442499 37.028318
    -76.442514 37.02799
    -76.44255 37.027767
    -76.442581 37.027574
    -76.442624 37.027309
    -76.442608 37.027217
    -76.442583 37.027072
    -76.442433 37.026623
    -76.440958 37.022224
    -76.440949 37.022198
    -76.440719 37.021512
    -76.440869 37.021408
    -76.440856 37.021276
    -76.44085 37.02125
    -76.440804 37.021065
    -76.440801 37.021051
    -76.440767 37.020914
    -76.440883 37.020831
    -76.44139 37.020562
    -76.441493 37.020545
    -76.441719 37.020441
    -76.441755 37.02042
    -76.442212 37.02015
    -76.442699 37.020018
    -76.443117 37.019809
    -76.442276 37.018459
    -76.442269 37.018448
    -76.441517 37.018702
    -76.440475 37.019055
    -76.439017 37.019549
    -76.438102 37.019859
    -76.436021 37.020767
    -76.433969 37.021547
    -76.433882 37.021574
    -76.432069 37.022148
    -76.431771 37.022257
    -76.428969 37.023289
    -76.428269 37.023547
    -76.427841 37.023697
    -76.427803 37.02371
    -76.427416 37.023847
    -76.426992 37.023996
    -76.426887 37.024033
    -76.426278 37.024247
    -76.42457 37.024846
    -76.424141 37.024276
    -76.423969 37.024046
    -76.423108 37.022429
    -76.423068 37.022348
    -76.422869 37.021947
    -76.422735 37.021679
    -76.422669 37.021549
    -76.422118 37.020696
    -76.421984 37.020491
    -76.421666 37.020002
    -76.421648 37.019974
    -76.421645 37.019969
    -76.421557 37.019833
    -76.42155 37.019822
    -76.421224 37.019319
    -76.421216 37.019307
    -76.421146 37.019199
    -76.420996 37.01897
    -76.42078 37.018635
    -76.420169 37.017675
    -76.41987 37.017148
    -76.419869 37.017147
    -76.419249 37.016123
    -76.419202 37.016045
    -76.417825 37.013776
    -76.417569 37.013347
    -76.417505 37.013249
    -76.416895 37.012321
    -76.416186 37.011242
    -76.416042 37.011023
    -76.415405 37.010054
    -76.415269 37.009847
    -76.414769 37.008746
    -76.414685 37.008631
    -76.414466 37.008335
    -76.41381 37.00745
    -76.4129 37.006223
    -76.412801 37.00609
    -76.41268 37.005929
    -76.41258 37.005796
    -76.411872 37.004855
    -76.411484 37.004011
    -76.411284 37.003574
    -76.410433 37.002281
    -76.410013 37.001643
    -76.409026 37.000147
    -76.40817 36.998852
    -76.408055 36.998678
    -76.407886 36.998424
    -76.407825 36.998332
    -76.407768 36.998247
    -76.407515 36.997993
    -76.407468 36.997947
    -76.407325 36.997383
    -76.407267 36.997146
    -76.406983 36.996644
    -76.406868 36.996446
    -76.406703 36.996234
    -76.406088 36.995443
    -76.405419 36.994584
    -76.404942 36.993971
    -76.404768 36.993747
    -76.404668 36.993713
    -76.403868 36.993447
    -76.403795 36.993399
    -76.403081 36.992934
    -76.402704 36.992688
    -76.401568 36.991947
    -76.401219 36.991872
    -76.400168 36.991647
    -76.400039 36.991574
    -76.399927 36.99151
    -76.399721 36.991394
    -76.399387 36.991288
    -76.399209 36.99126
    -76.399167 36.991309
    -76.399107 36.99138
    -76.399147 36.991509
    -76.399387 36.991702
    -76.399505 36.991797
    -76.39954 36.991825
    -76.399628 36.991896
    -76.399765 36.992007
    -76.399788 36.992026
    -76.399948 36.992219
    -76.400121 36.992637
    -76.400081 36.993452
    -76.400074 36.993615
    -76.400068 36.993747
    -76.400948 36.996675
    -76.401157 36.996899
    -76.40135 36.997106
    -76.401668 36.997447
    -76.401903 36.998182
    -76.40196 36.998361
    -76.401578 36.9981
    -76.401458 36.998018
    -76.401331 36.997921
    -76.401181 36.997839
    -76.401112 36.99778
    -76.400257 36.997047
    -76.399973 36.99686
    -76.399935 36.996835
    -76.39822 36.995708
    -76.398061 36.995603
    -76.396471 36.994531
    -76.3964 36.994483
    -76.396129 36.994301
    -76.396059 36.994254
    -76.395767 36.994486
    -76.395716 36.994527
    -76.395531 36.995114
    -76.39549 36.995244
    -76.395439 36.995288
    -76.395276 36.995428
    -76.394893 36.995124
    -76.394076 36.994476
    -76.393636 36.994153
    -76.393161 36.993804
    -76.39223 36.99308
    -76.391998 36.992905
    -76.391158 36.992269
    -76.390363 36.991656
    -76.389485 36.991004
    -76.388586 36.990315
    -76.388431 36.990194
    -76.387812 36.989713
    -76.38758 36.989617
    -76.387147 36.989274
    -76.386714 36.988932
    -76.38069 36.984166
    -76.374667 36.979401
    -76.374418 36.979204
    -76.374169 36.979007
    -76.371614 36.976985
    -76.36161 36.969073
    -76.36921 36.96307
    -76.371938 36.960915
    -76.374667 36.95876
    -76.378647 36.955616
    -76.382627 36.952473
    -76.384419 36.951059
    -76.384775 36.950712
    -76.385867 36.949647
    -76.399567 36.930947
    -76.400836 36.930691
    -76.402804 36.930691
    -76.406561 36.93077
    -76.406658 36.930772
    -76.406778 36.930775
    -76.406965 36.930779
    -76.407059 36.930781
    -76.407226 36.930784
    -76.407348 36.930787
    -76.410651 36.931223
    -76.412041 36.931407
    -76.412264 36.931436
    -76.412436 36.931459
    -76.41802 36.932275
    -76.42298 36.933251
    -76.428453 36.934211
    -76.432533 36.934899
    -76.434789 36.935283
    -76.435989 36.935731
    -76.439125 36.937139
    -76.442453 36.939315
    -76.444645 36.941107
    -76.445301 36.941891
    -76.445365 36.942355
    -76.447414 36.944819
    -76.44983 36.948307
    -76.452422 36.952771
    -76.454246 36.955491
    -76.455558 36.957843
    -76.457126 36.960563
    -76.458662 36.963203
    -76.459039 36.963881
    -76.460086 36.965763
    -76.462199 36.968467
    -76.463876 36.970463
    -76.464551 36.971267
    -76.466295 36.973027
    -76.467111 36.973843
    -76.467351 36.974147
    -76.468183 36.975027
    -76.469623 36.976291
    -76.471479 36.977939
    -76.473735 36.979507
    -76.475413 36.980732
    -76.481377 36.985084
    -76.483283 36.986476
    -76.484698 36.987509
    -76.484718 36.987524
    -76.484761 36.987555
    -76.484766 36.987559
    -76.484775 36.987565
    -76.48506 36.987773
    -76.486112 36.988541
    -76.486121 36.988547
    -76.486198 36.988604
    -76.48621 36.988613
    -76.49209 36.992889
    -76.499673 36.998355
    -76.499673 36.998506
    -76.501708 37.000147
    -76.50398 37.001713
    -76.514473 37.008947
    -76.53593 37.023699
    -76.550891 37.034245
    -76.597084 37.066803
    -76.603989 37.072394
    -76.624573 37.089059
    -76.628205 37.092755
    -76.645821 37.125155
    -76.646093 37.126547
    -76.646093 37.127411
    -76.645997 37.128019
    -76.645773 37.128723
    -76.643965 37.135331
    -76.643549 37.137107
    -76.643245 37.139187
    -76.641597 37.153379
    -76.641581 37.153827
    -76.641085 37.154611
    -76.61689 37.163744
    -76.611628 37.166788
    -76.610984 37.167114
    -76.609036 37.168101
    -76.608593 37.168306
    -76.60721 37.168946
    -76.60478 37.170644
    -76.604732 37.170866
    -76.604524 37.171218
    -76.604492 37.171262
    -76.604204 37.171666
    -76.603768 37.171982
    -76.602938 37.172583
    -76.602812 37.172674
    -76.602524 37.173074
    -76.601876 37.173946
    -76.601537 37.174311
    -76.600701 37.17521
    -76.597875 37.178246
    -76.595435 37.178418
    -76.595403 37.178418
    -76.594939 37.178674
    -76.594315 37.179042
    -76.593275 37.17957
    -76.592683 37.17997
    -76.591963 37.180594
    -76.590939 37.181458
    -76.590299 37.181506
    -76.589115 37.180962
    -76.587915 37.180514
    -76.586987 37.18021
    -76.586075 37.180146
    -76.585291 37.18037
    -76.584507 37.18085
    -76.584392 37.180998
    -76.584347 37.181058
    -76.584267 37.18173
    -76.584571 37.182578
    -76.584219 37.182786
    -76.583611 37.182354
    -76.583051 37.18205
    -76.582395 37.181954
    -76.581691 37.18213
    -76.581195 37.18253
    -76.581083 37.182818
    -76.581083 37.183314
    -76.580971 37.183922
    -76.580891 37.184274
    -76.581035 37.184754
    -76.581067 37.185266
    -76.580455 37.185518
END
END
