51770 Roanoke city
1
    -79.969503 37.335952
    -79.969465 37.335971
    -79.969277 37.336087
    -79.969035 37.336508
    -79.96896 37.336638
    -79.968856 37.336741
    -79.968762 37.336834
    -79.968675 37.336884
    -79.968641 37.336904
    -79.968618 37.336917
    -79.968563 37.336917
    -79.968398 37.336972
    -79.968205 37.336989
    -79.968136 37.336978
    -79.96804 37.337137
    -79.967916 37.337274
    -79.967744 37.337384
    -79.967593 37.337417
    -79.967521 37.337404
    -79.96707 37.337324
    -79.966967 37.33728
    -79.966705 37.337104
    -79.966526 37.336918
    -79.966518 37.3369
    -79.966471 37.336797
    -79.966457 37.336709
    -79.966512 37.3365
    -79.966599 37.33633
    -79.966622 37.336286
    -79.966615 37.336082
    -79.966512 37.335747
    -79.966467 37.335677
    -79.966578 37.334975
    -79.966647 37.334563
    -79.965309 37.333895
    -79.964467 37.333474
    -79.964084 37.333804
    -79.963973 37.332797
    -79.963606 37.332398
    -79.963167 37.331444
    -79.960872 37.324854
    -79.962357 37.324505
    -79.963339 37.324274
    -79.962036 37.322994
    -79.961397 37.322367
    -79.960515 37.3215
    -79.959556 37.320558
    -79.959418 37.320422
    -79.95917 37.320256
    -79.959054 37.320177
    -79.959013 37.320139
    -79.958752 37.320305
    -79.958416 37.320527
    -79.958156 37.320687
    -79.958078 37.320735
    -79.95802 37.320771
    -79.957666 37.321127
    -79.957464 37.321331
    -79.957144 37.32144
    -79.956539 37.32164
    -79.956257 37.321734
    -79.95624 37.32177
    -79.956158 37.321942
    -79.95609 37.322076
    -79.956061 37.322135
    -79.955752 37.322331
    -79.955213 37.322673
    -79.955037 37.322784
    -79.955025 37.322792
    -79.954805 37.32294
    -79.954591 37.32307
    -79.954209 37.323338
    -79.954095 37.323439
    -79.954011 37.323533
    -79.953899 37.323555
    -79.95374 37.323587
    -79.953576 37.323684
    -79.953494 37.323757
    -79.953376 37.323861
    -79.952369 37.324726
    -79.95148 37.325122
    -79.951471 37.325126
    -79.951377 37.325212
    -79.951079 37.325449
    -79.949961 37.326335
    -79.949561 37.325757
    -79.949031 37.324991
    -79.948929 37.324828
    -79.948283 37.323799
    -79.948234 37.323721
    -79.948161 37.323602
    -79.948059 37.323438
    -79.947993 37.323342
    -79.947841 37.323121
    -79.946888 37.321736
    -79.946755 37.321544
    -79.946664 37.321413
    -79.946337 37.320945
    -79.946261 37.320835
    -79.946156 37.320887
    -79.945308 37.321311
    -79.945212 37.321361
    -79.945001 37.321469
    -79.944863 37.321535
    -79.94468 37.32158
    -79.944325 37.321668
    -79.944296 37.321674
    -79.943754 37.321795
    -79.943504 37.321852
    -79.943435 37.321868
    -79.943397 37.321877
    -79.943103 37.321943
    -79.94294 37.32198
    -79.942261 37.322135
    -79.942156 37.321758
    -79.941991 37.321161
    -79.941961 37.321052
    -79.941172 37.321569
    -79.941148 37.321482
    -79.941031 37.321367
    -79.940921 37.321328
    -79.940701 37.321328
    -79.940502 37.321378
    -79.940034 37.321636
    -79.9398 37.321707
    -79.939504 37.321746
    -79.939243 37.321729
    -79.938692 37.321631
    -79.937894 37.321444
    -79.936862 37.321153
    -79.936473 37.321083
    -79.935968 37.320993
    -79.935693 37.320982
    -79.93528 37.321015
    -79.934083 37.320872
    -79.934039 37.320865
    -79.933955 37.320852
    -79.933734 37.320818
    -79.933196 37.320735
    -79.932542 37.320674
    -79.932102 37.320658
    -79.93149 37.320591
    -79.931393 37.320581
    -79.931159 37.320526
    -79.93043 37.320224
    -79.92977 37.319993
    -79.929433 37.319828
    -79.929267 37.319724
    -79.929201 37.319677
    -79.929194 37.319672
    -79.929118 37.319835
    -79.929183 37.320078
    -79.929683 37.320983
    -79.929838 37.321159
    -79.930255 37.32148
    -79.930578 37.321801
    -79.930551 37.321818
    -79.930492 37.321857
    -79.929817 37.32231
    -79.926489 37.32454
    -79.923464 37.32658
    -79.922273 37.327383
    -79.921046 37.326434
    -79.920929 37.326343
    -79.92092 37.326396
    -79.920915 37.326428
    -79.920801 37.327094
    -79.920764 37.327311
    -79.920702 37.327677
    -79.920673 37.327847
    -79.920347 37.327911
    -79.918081 37.328359
    -79.918273 37.327431
    -79.918398 37.326981
    -79.918513 37.326567
    -79.918625 37.326263
    -79.918761 37.325921
    -79.918837 37.32573
    -79.919261 37.325135
    -79.919363 37.324995
    -79.919394 37.324952
    -79.91953 37.324766
    -79.91961 37.324411
    -79.919588 37.324212
    -79.919181 37.320485
    -79.918428 37.320381
    -79.917841 37.320299
    -79.917823 37.320297
    -79.917213 37.320275
    -79.917089 37.320263
    -79.915338 37.319982
    -79.91484 37.31988
    -79.914006 37.319766
    -79.913595 37.319709
    -79.913371 37.319672
    -79.912548 37.319582
    -79.912033 37.319609
    -79.910235 37.319879
    -79.909161 37.320041
    -79.907942 37.320039
    -79.90666 37.320036
    -79.904965 37.320537
    -79.904708 37.320333
    -79.903674 37.319515
    -79.901887 37.3181
    -79.901733 37.317978
    -79.899467 37.316154
    -79.896132 37.313468
    -79.895888 37.313272
    -79.894912 37.314104
    -79.892368 37.312216
    -79.89032 37.310552
    -79.889486 37.309865
    -79.88774 37.308426
    -79.887941 37.308235
    -79.887986 37.308192
    -79.888149 37.308037
    -79.888258 37.307933
    -79.887896 37.307874
    -79.887861 37.307868
    -79.887812 37.30786
    -79.887627 37.30783
    -79.884213 37.307275
    -79.88336 37.307136
    -79.88316 37.306536
    -79.88406 37.306136
    -79.879759 37.303337
    -79.879837 37.303064
    -79.879884 37.302902
    -79.879922 37.302768
    -79.879959 37.302637
    -79.880025 37.302604
    -79.880514 37.302362
    -79.881583 37.301833
    -79.880488 37.299125
    -79.879957 37.297813
    -79.879842 37.29753
    -79.879683 37.297139
    -79.879616 37.29696
    -79.879601 37.29692
    -79.878888 37.295006
    -79.878076 37.291799
    -79.878186 37.291745
    -79.878845 37.291251
    -79.879357 37.290816
    -79.879787 37.290217
    -79.880048 37.289591
    -79.880165 37.288848
    -79.880174 37.288762
    -79.88023 37.288248
    -79.880856 37.287732
    -79.882445 37.286433
    -79.882944 37.286025
    -79.883651 37.285442
    -79.884561 37.284135
    -79.884588 37.284135
    -79.88465 37.284137
    -79.889848 37.284237
    -79.889871 37.284237
    -79.889758 37.284418
    -79.889671 37.285109
    -79.889655 37.285328
    -79.889591 37.2862
    -79.88951 37.286562
    -79.889349 37.286783
    -79.889028 37.287038
    -79.887759 37.287737
    -79.88755 37.287662
    -79.887157 37.287519
    -79.885621 37.286435
    -79.884375 37.287427
    -79.885418 37.288441
    -79.884578 37.289271
    -79.882491 37.290562
    -79.879332 37.292176
    -79.88131 37.293888
    -79.882428 37.294496
    -79.88258 37.29461
    -79.88326 37.294023
    -79.884674 37.292787
    -79.885601 37.291993
    -79.886377 37.291299
    -79.889009 37.289163
    -79.889439 37.288821
    -79.893767 37.285374
    -79.893911 37.285259
    -79.89463 37.284713
    -79.89616 37.283553
    -79.896232 37.283598
    -79.8963 37.28362
    -79.896479 37.283625
    -79.897194 37.283505
    -79.897731 37.283366
    -79.897834 37.28334
    -79.898157 37.283313
    -79.898391 37.283318
    -79.898721 37.283373
    -79.898899 37.283461
    -79.899099 37.283593
    -79.899917 37.283978
    -79.900455 37.284263
    -79.900549 37.284313
    -79.90068 37.284363
    -79.901147 37.284616
    -79.901264 37.284643
    -79.901381 37.284599
    -79.901932 37.284237
    -79.90211 37.284094
    -79.902296 37.283891
    -79.902386 37.283643
    -79.902406 37.28344
    -79.902413 37.283023
    -79.902455 37.282715
    -79.90253 37.282506
    -79.902627 37.282363
    -79.903319 37.281926
    -79.903445 37.282068
    -79.903538 37.282174
    -79.903877 37.282489
    -79.904228 37.282816
    -79.904502 37.283116
    -79.904832 37.283478
    -79.905001 37.283668
    -79.905137 37.283821
    -79.90542 37.284172
    -79.905656 37.284439
    -79.905936 37.284757
    -79.906065 37.284888
    -79.906405 37.284689
    -79.907723 37.283917
    -79.90779 37.283878
    -79.907878 37.283829
    -79.908124 37.283757
    -79.908327 37.283697
    -79.908389 37.283282
    -79.908762 37.283297
    -79.908735 37.283518
    -79.90947 37.283664
    -79.909591 37.283317
    -79.909776 37.283257
    -79.910027 37.283176
    -79.910416 37.283059
    -79.910479 37.282695
    -79.910598 37.282692
    -79.910721 37.282689
    -79.910896 37.282685
    -79.911036 37.282681
    -79.910998 37.28278
    -79.91096 37.282882
    -79.911925 37.282623
    -79.911945 37.282533
    -79.911992 37.282344
    -79.912328 37.282227
    -79.912877 37.282036
    -79.914153 37.28159
    -79.914646 37.281454
    -79.915062 37.281339
    -79.915074 37.281354
    -79.915199 37.281505
    -79.915302 37.281631
    -79.915669 37.281534
    -79.915821 37.281502
    -79.916038 37.281456
    -79.916296 37.281424
    -79.91647 37.281361
    -79.916684 37.281289
    -79.917314 37.281019
    -79.917435 37.280966
    -79.917507 37.280935
    -79.91753 37.280927
    -79.917587 37.280905
    -79.917601 37.280899
    -79.917697 37.280684
    -79.917755 37.280552
    -79.917871 37.279831
    -79.91783 37.27954
    -79.917827 37.27952
    -79.91764 37.279237
    -79.917589 37.27916
    -79.917391 37.279019
    -79.917047 37.278943
    -79.916907 37.279002
    -79.916414 37.27921
    -79.91629 37.279262
    -79.915849 37.279491
    -79.915653 37.279594
    -79.915312 37.279674
    -79.915271 37.279671
    -79.915133 37.279662
    -79.914912 37.279548
    -79.914223 37.279192
    -79.913779 37.278963
    -79.912724 37.278352
    -79.912583 37.278295
    -79.912282 37.278174
    -79.91202 37.278119
    -79.911988 37.278119
    -79.911811 37.278122
    -79.911749 37.278123
    -79.911212 37.278261
    -79.910892 37.278343
    -79.91055 37.278272
    -79.910325 37.278226
    -79.909493 37.278054
    -79.909371 37.277974
    -79.909319 37.27794
    -79.909258 37.277866
    -79.90873 37.277232
    -79.908704 37.277133
    -79.908629 37.276849
    -79.908565 37.276609
    -79.908374 37.276412
    -79.907951 37.276144
    -79.907789 37.275995
    -79.907688 37.275901
    -79.907339 37.275376
    -79.907292 37.275305
    -79.907105 37.275023
    -79.90528 37.27262
    -79.905273 37.272611
    -79.90472 37.271833
    -79.904394 37.271374
    -79.904182 37.270877
    -79.904034 37.270251
    -79.903917 37.269034
    -79.903909 37.268942
    -79.904003 37.267962
    -79.904123 37.267335
    -79.904141 37.267292
    -79.904268 37.266979
    -79.90444 37.266559
    -79.904504 37.266466
    -79.904543 37.26641
    -79.904569 37.266373
    -79.904639 37.266275
    -79.904694 37.266198
    -79.904818 37.266023
    -79.904882 37.265932
    -79.904946 37.265841
    -79.904977 37.265788
    -79.905028 37.265723
    -79.903911 37.265632
    -79.903411 37.265555
    -79.901228 37.264928
    -79.900631 37.264818
    -79.90057 37.264811
    -79.900583 37.263193
    -79.901117 37.263321
    -79.901331 37.262662
    -79.901598 37.262662
    -79.902347 37.263576
    -79.902908 37.263257
    -79.902507 37.262662
    -79.902213 37.26264
    -79.902454 37.262109
    -79.903603 37.262364
    -79.903769 37.261969
    -79.904085 37.262043
    -79.904184 37.262071
    -79.904957 37.261969
    -79.905387 37.26214
    -79.906027 37.262549
    -79.906245 37.262686
    -79.906331 37.262799
    -79.906884 37.263177
    -79.907031 37.263265
    -79.907329 37.2629
    -79.907792 37.262322
    -79.908546 37.261537
    -79.908737 37.261162
    -79.908774 37.26109
    -79.90895 37.260743
    -79.907159 37.259537
    -79.906815 37.259262
    -79.906248 37.25881
    -79.906165 37.258735
    -79.90588 37.258578
    -79.905306 37.258262
    -79.904954 37.25803
    -79.90484 37.257955
    -79.904353 37.257634
    -79.900557 37.257634
    -79.900492 37.257573
    -79.900121 37.25726
    -79.899859 37.257038
    -79.899984 37.256831
    -79.90119 37.254641
    -79.901238 37.254555
    -79.901359 37.254338
    -79.902874 37.252922
    -79.903316 37.252408
    -79.903639 37.252032
    -79.904057 37.251539
    -79.90479 37.251605
    -79.905162 37.251639
    -79.905215 37.251078
    -79.905256 37.250639
    -79.905346 37.249973
    -79.905459 37.249136
    -79.905509 37.248929
    -79.905541 37.248799
    -79.905559 37.24874
    -79.905885 37.248648
    -79.907357 37.248234
    -79.907415 37.247219
    -79.907452 37.246444
    -79.905831 37.245064
    -79.904962 37.244325
    -79.909217 37.24336
    -79.910979 37.242961
    -79.911151 37.242924
    -79.912499 37.242592
    -79.912606 37.242565
    -79.913141 37.242433
    -79.913776 37.242278
    -79.914754 37.242039
    -79.916565 37.241623
    -79.917051 37.24151
    -79.917283 37.241459
    -79.91742 37.241429
    -79.91845 37.241204
    -79.918757 37.241137
    -79.919145 37.240995
    -79.919785 37.240761
    -79.919917 37.240646
    -79.920378 37.240304
    -79.920447 37.240232
    -79.920501 37.240152
    -79.920532 37.240084
    -79.920645 37.23972
    -79.920715 37.239569
    -79.920791 37.239445
    -79.920848 37.239374
    -79.920932 37.239294
    -79.921031 37.239225
    -79.92112 37.23917
    -79.921188 37.23911
    -79.921226 37.23906
    -79.921247 37.239013
    -79.921257 37.23895
    -79.921249 37.238887
    -79.92123 37.238839
    -79.9212 37.238794
    -79.921174 37.238765
    -79.921182 37.238686
    -79.921182 37.238551
    -79.92106 37.238342
    -79.9214 37.237191
    -79.921858 37.235636
    -79.920957 37.235135
    -79.921857 37.233734
    -79.922757 37.233834
    -79.923056 37.233333
    -79.920614 37.232754
    -79.920565 37.232742
    -79.92062 37.23264
    -79.920858 37.232241
    -79.920898 37.23211
    -79.921181 37.231197
    -79.921236 37.231027
    -79.92131 37.230797
    -79.921406 37.23041
    -79.921379 37.230315
    -79.922076 37.230235
    -79.922128 37.2302
    -79.922181 37.230184
    -79.922591 37.23015
    -79.922827 37.230126
    -79.922893 37.229928
    -79.923158 37.229138
    -79.923239 37.228935
    -79.923533 37.2282
    -79.923993 37.227049
    -79.924167 37.226636
    -79.924345 37.226156
    -79.924595 37.225483
    -79.92496 37.224498
    -79.925058 37.224238
    -79.925227 37.224149
    -79.926958 37.223238
    -79.926764 37.222907
    -79.926744 37.222877
    -79.926721 37.222842
    -79.929219 37.222361
    -79.929259 37.222577
    -79.929284 37.222713
    -79.929306 37.222865
    -79.929328 37.22302
    -79.929341 37.223105
    -79.92938 37.223282
    -79.929397 37.223359
    -79.929403 37.223388
    -79.929508 37.223813
    -79.929512 37.22383
    -79.929571 37.224054
    -79.929601 37.224154
    -79.929839 37.224123
    -79.930935 37.223979
    -79.931763 37.223871
    -79.932858 37.223738
    -79.932856 37.224058
    -79.932855 37.224236
    -79.932837 37.22433
    -79.932693 37.225059
    -79.932559 37.225738
    -79.934158 37.226072
    -79.934998 37.226066
    -79.937372 37.226049
    -79.940366 37.224531
    -79.943078 37.222507
    -79.945638 37.218043
    -79.94577 37.217811
    -79.945814 37.216595
    -79.945871 37.215
    -79.945914 37.214796
    -79.946252 37.213181
    -79.946554 37.212732
    -79.946681 37.21268
    -79.946775 37.212642
    -79.947317 37.212269
    -79.947614 37.21213
    -79.947855 37.211993
    -79.948559 37.211673
    -79.948975 37.211545
    -79.949696 37.211354
    -79.950384 37.211274
    -79.95078 37.211274
    -79.951184 37.211274
    -79.952128 37.211258
    -79.953249 37.211227
    -79.953921 37.211291
    -79.954369 37.211531
    -79.954849 37.211852
    -79.955235 37.212079
    -79.955635 37.212254
    -79.955924 37.212309
    -79.956255 37.212298
    -79.956586 37.212188
    -79.956903 37.212144
    -79.957109 37.212177
    -79.957902 37.212706
    -79.957943 37.212714
    -79.958124 37.212751
    -79.958759 37.213699
    -79.958859 37.213821
    -79.959286 37.214341
    -79.959559 37.214661
    -79.959796 37.214909
    -79.960029 37.215139
    -79.960257 37.215346
    -79.960369 37.215448
    -79.960657 37.215684
    -79.960958 37.21591
    -79.961382 37.216197
    -79.961654 37.216374
    -79.961806 37.216473
    -79.962045 37.216625
    -79.962378 37.216838
    -79.962543 37.216946
    -79.9627 37.217049
    -79.963939 37.217843
    -79.964755 37.218366
    -79.965267 37.21872
    -79.965615 37.21899
    -79.965949 37.219271
    -79.966303 37.21961
    -79.966532 37.219848
    -79.966665 37.219996
    -79.966904 37.220282
    -79.96697 37.220361
    -79.967151 37.220596
    -79.967317 37.220839
    -79.967515 37.221155
    -79.967745 37.221571
    -79.968015 37.222202
    -79.968142 37.222512
    -79.968307 37.222918
    -79.968714 37.223915
    -79.968803 37.224132
    -79.96893 37.224444
    -79.969156 37.224977
    -79.96938 37.225468
    -79.9696 37.225932
    -79.969632 37.226001
    -79.970066 37.226916
    -79.970129 37.227046
    -79.970136 37.227061
    -79.970358 37.227524
    -79.97049 37.227799
    -79.970655 37.228016
    -79.970668 37.22804
    -79.970718 37.22813
    -79.970869 37.228455
    -79.971148 37.229044
    -79.971348 37.229419
    -79.971437 37.229567
    -79.972118 37.229993
    -79.973156 37.230643
    -79.973967 37.231265
    -79.974073 37.231346
    -79.974209 37.231455
    -79.974557 37.231739
    -79.975234 37.232396
    -79.975378 37.232536
    -79.975521 37.232675
    -79.975863 37.233146
    -79.976023 37.233367
    -79.976325 37.234286
    -79.97641 37.234617
    -79.976424 37.23467
    -79.976474 37.234865
    -79.976784 37.236071
    -79.976998 37.235427
    -79.977461 37.234572
    -79.977718 37.234098
    -79.979152 37.231455
    -79.979581 37.230665
    -79.979624 37.230631
    -79.980429 37.230014
    -79.980637 37.229916
    -79.981202 37.22965
    -79.981376 37.229569
    -79.981458 37.229809
    -79.981513 37.23003
    -79.98153 37.2301
    -79.981575 37.230403
    -79.98159 37.230579
    -79.981584 37.230846
    -79.981564 37.231059
    -79.981492 37.231436
    -79.981472 37.231524
    -79.981365 37.232006
    -79.981338 37.232126
    -79.981277 37.232495
    -79.981271 37.232643
    -79.981276 37.232704
    -79.981284 37.232795
    -79.981315 37.232949
    -79.981364 37.2331
    -79.981403 37.233183
    -79.981479 37.233312
    -79.981582 37.233457
    -79.981701 37.233595
    -79.981975 37.233879
    -79.982313 37.234218
    -79.982709 37.234599
    -79.982834 37.234719
    -79.982993 37.234864
    -79.983324 37.235163
    -79.983729 37.23553
    -79.983762 37.23556
    -79.984094 37.235844
    -79.984185 37.235905
    -79.984245 37.235945
    -79.984407 37.236035
    -79.984578 37.236112
    -79.984721 37.236164
    -79.984907 37.236214
    -79.985097 37.236249
    -79.985265 37.236266
    -79.985782 37.236543
    -79.985561 37.236816
    -79.98333 37.239569
    -79.982631 37.240432
    -79.982768 37.240399
    -79.982973 37.24036
    -79.983162 37.240333
    -79.983378 37.240315
    -79.983392 37.240314
    -79.983585 37.24031
    -79.984036 37.240312
    -79.984313 37.240308
    -79.984449 37.2403
    -79.984623 37.240282
    -79.985647 37.239925
    -79.987061 37.239034
    -79.987395 37.23852
    -79.987599 37.238205
    -79.98807 37.237481
    -79.988359 37.237037
    -79.988952 37.237201
    -79.989311 37.2373
    -79.989915 37.237467
    -79.990315 37.237577
    -79.990756 37.237698
    -79.991259 37.237837
    -79.991199 37.238388
    -79.990956 37.240627
    -79.990955 37.24064
    -79.990959 37.241037
    -79.991647 37.240899
    -79.991827 37.240863
    -79.991914 37.240846
    -79.991938 37.240841
    -79.993959 37.240437
    -79.994004 37.240467
    -79.994565 37.24084
    -79.99467 37.240983
    -79.994846 37.241217
    -79.995161 37.241956
    -79.995558 37.242437
    -79.995973 37.242438
    -79.997163 37.242437
    -79.99766 37.242437
    -79.99736 37.243337
    -79.998162 37.24412
    -79.99836 37.244337
    -79.997941 37.244447
    -79.996761 37.244757
    -79.996488 37.244829
    -79.996169 37.244919
    -79.99346 37.245637
    -79.993462 37.246037
    -79.994159 37.246935
    -79.995644 37.247835
    -79.996755 37.248497
    -79.996756 37.248498
    -79.997215 37.248874
    -79.99729 37.248928
    -79.997859 37.249371
    -79.998453 37.24984
    -79.998062 37.250234
    -79.997641 37.25087
    -79.997613 37.250958
    -79.997613 37.251067
    -79.997655 37.25121
    -79.997724 37.251331
    -79.997902 37.251529
    -79.997978 37.251666
    -79.99802 37.251765
    -79.998102 37.252161
    -79.998113 37.252193
    -79.998173 37.252166
    -79.998443 37.252052
    -79.998806 37.251868
    -80.00066 37.250932
    -80.00206 37.250336
    -80.002904 37.249831
    -80.003056 37.24974
    -80.003134 37.249686
    -80.003589 37.249378
    -80.003729 37.249236
    -80.00378 37.249184
    -80.003906 37.249056
    -80.004101 37.248787
    -80.004163 37.248425
    -80.004167 37.248096
    -80.004079 37.247805
    -80.003824 37.247219
    -80.003807 37.247117
    -80.00376 37.246836
    -80.003825 37.246487
    -80.003918 37.246389
    -80.003949 37.246356
    -80.004065 37.246234
    -80.004798 37.246089
    -80.005191 37.246011
    -80.005945 37.245856
    -80.006059 37.245832
    -80.00606 37.245986
    -80.00606 37.246099
    -80.00606 37.246137
    -80.006064 37.246144
    -80.006118 37.246246
    -80.006158 37.246344
    -80.006262 37.246536
    -80.006862 37.246537
    -80.006865 37.246947
    -80.006871 37.24761
    -80.006943 37.248506
    -80.006992 37.249126
    -80.00704 37.249118
    -80.007993 37.249004
    -80.008577 37.248943
    -80.008776 37.248922
    -80.008971 37.248901
    -80.00965 37.248825
    -80.010375 37.248745
    -80.011963 37.248558
    -80.012254 37.248514
    -80.012496 37.248477
    -80.01312 37.248365
    -80.013558 37.248273
    -80.014068 37.248151
    -80.014761 37.247975
    -80.015302 37.24783
    -80.015446 37.247806
    -80.015573 37.247799
    -80.015675 37.247803
    -80.01593 37.247838
    -80.016406 37.247921
    -80.01749 37.248118
    -80.017705 37.248143
    -80.018038 37.248162
    -80.018472 37.248174
    -80.018588 37.248175
    -80.018779 37.248168
    -80.019006 37.248143
    -80.019057 37.248133
    -80.019212 37.248101
    -80.019392 37.248053
    -80.01969 37.247947
    -80.019784 37.247909
    -80.019811 37.247898
    -80.020062 37.24778
    -80.020728 37.247461
    -80.020928 37.247378
    -80.021051 37.247331
    -80.02119 37.247289
    -80.021402 37.247246
    -80.021501 37.247227
    -80.022575 37.247043
    -80.022852 37.246972
    -80.023089 37.246919
    -80.023385 37.246859
    -80.023518 37.246826
    -80.023956 37.246716
    -80.024124 37.246665
    -80.024214 37.246638
    -80.024381 37.246574
    -80.024513 37.246507
    -80.024634 37.246428
    -80.02477 37.24631
    -80.024795 37.246288
    -80.024946 37.24614
    -80.025088 37.245987
    -80.025299 37.245752
    -80.025329 37.245719
    -80.025424 37.245626
    -80.025595 37.245478
    -80.025741 37.245367
    -80.026028 37.245178
    -80.026286 37.245007
    -80.026404 37.244948
    -80.026597 37.244878
    -80.026714 37.244846
    -80.026753 37.244835
    -80.027468 37.244681
    -80.027603 37.244637
    -80.027758 37.244568
    -80.027896 37.244486
    -80.028027 37.244382
    -80.028239 37.244193
    -80.028443 37.244012
    -80.02869 37.243787
    -80.028812 37.243661
    -80.028946 37.243788
    -80.029135 37.243957
    -80.029189 37.244005
    -80.029228 37.24404
    -80.029589 37.244378
    -80.029594 37.244383
    -80.029921 37.244684
    -80.030062 37.244815
    -80.030209 37.24495
    -80.030436 37.245159
    -80.030641 37.245349
    -80.031609 37.246235
    -80.032055 37.246617
    -80.032138 37.24668
    -80.032308 37.246808
    -80.032406 37.246883
    -80.032745 37.247114
    -80.032921 37.247225
    -80.033105 37.247341
    -80.033846 37.247762
    -80.034243 37.247987
    -80.034668 37.248225
    -80.035126 37.248482
    -80.035376 37.248641
    -80.035611 37.248809
    -80.035874 37.249019
    -80.036035 37.249162
    -80.036134 37.249257
    -80.036366 37.249498
    -80.036529 37.249691
    -80.036717 37.249949
    -80.036838 37.250136
    -80.036938 37.250309
    -80.037078 37.250587
    -80.037146 37.250754
    -80.037266 37.251108
    -80.037477 37.251804
    -80.037536 37.252055
    -80.037581 37.252354
    -80.037589 37.252462
    -80.037598 37.252599
    -80.037595 37.252849
    -80.037585 37.25299
    -80.037564 37.253156
    -80.037534 37.253307
    -80.037508 37.253435
    -80.037478 37.253553
    -80.037465 37.253601
    -80.037441 37.253677
    -80.037358 37.253903
    -80.037249 37.254149
    -80.037119 37.25439
    -80.03701 37.254564
    -80.037002 37.254578
    -80.036787 37.254869
    -80.036499 37.255196
    -80.036167 37.255558
    -80.035469 37.256317
    -80.035209 37.256601
    -80.034737 37.257118
    -80.034697 37.257166
    -80.034601 37.257291
    -80.034455 37.257517
    -80.034369 37.257684
    -80.034304 37.257833
    -80.034237 37.25803
    -80.034188 37.258233
    -80.034132 37.258555
    -80.034109 37.258685
    -80.034032 37.259201
    -80.033847 37.260377
    -80.033472 37.262756
    -80.033476 37.262811
    -80.032656 37.262636
    -80.03254 37.262611
    -80.032126 37.262523
    -80.032058 37.262509
    -80.031884 37.262472
    -80.030163 37.262106
    -80.029559 37.261978
    -80.029361 37.261936
    -80.028169 37.261967
    -80.028042 37.26197
    -80.027954 37.261972
    -80.027118 37.261994
    -80.025914 37.262025
    -80.025809 37.262043
    -80.025745 37.262099
    -80.025679 37.262187
    -80.025647 37.262243
    -80.025593 37.262393
    -80.025431 37.263049
    -80.02537 37.263294
    -80.025228 37.26382
    -80.02518 37.263973
    -80.025136 37.264117
    -80.024978 37.264553
    -80.024928 37.264636
    -80.024857 37.264718
    -80.024851 37.264724
    -80.024814 37.264761
    -80.023218 37.264635
    -80.021161 37.264635
    -80.021053 37.264622
    -80.020626 37.264568
    -80.020243 37.264521
    -80.019865 37.264474
    -80.019795 37.264465
    -80.019639 37.264446
    -80.01876 37.264336
    -80.017463 37.268178
    -80.016832 37.268207
    -80.016225 37.268234
    -80.016215 37.268368
    -80.016256 37.268517
    -80.016647 37.269028
    -80.016709 37.269143
    -80.016723 37.269275
    -80.01664 37.269561
    -80.016613 37.269869
    -80.016619 37.270248
    -80.016564 37.270413
    -80.016495 37.270506
    -80.016433 37.270528
    -80.016365 37.270506
    -80.016324 37.270429
    -80.01622 37.270379
    -80.016117 37.270396
    -80.016069 37.270467
    -80.016055 37.270797
    -80.015986 37.271094
    -80.015855 37.271345
    -80.015849 37.271357
    -80.015766 37.271418
    -80.015711 37.271395
    -80.015672 37.271379
    -80.015608 37.271352
    -80.015347 37.271203
    -80.015113 37.271115
    -80.014879 37.271066
    -80.014666 37.270972
    -80.014364 37.270895
    -80.01427 37.270877
    -80.014253 37.270984
    -80.014244 37.271037
    -80.014236 37.271084
    -80.01422 37.271182
    -80.01414 37.271658
    -80.01406 37.272129
    -80.014043 37.272233
    -80.013919 37.27302
    -80.013856 37.273439
    -80.013846 37.273511
    -80.013834 37.273583
    -80.013808 37.273751
    -80.013796 37.27383
    -80.013785 37.2739
    -80.013763 37.274041
    -80.013495 37.275769
    -80.013363 37.276634
    -80.013871 37.277345
    -80.014116 37.277687
    -80.014364 37.278034
    -80.014768 37.27853
    -80.014911 37.279737
    -80.014958 37.280133
    -80.014968 37.281131
    -80.015741 37.281058
    -80.015959 37.281034
    -80.016037 37.281015
    -80.016259 37.280983
    -80.016348 37.28097
    -80.016744 37.280914
    -80.016978 37.280997
    -80.017088 37.281383
    -80.017516 37.281373
    -80.017634 37.281681
    -80.018776 37.282159
    -80.019055 37.282283
    -80.019173 37.282335
    -80.019268 37.282304
    -80.019305 37.28229
    -80.019482 37.282224
    -80.019609 37.282158
    -80.019786 37.282038
    -80.019718 37.281522
    -80.021713 37.281444
    -80.021861 37.281438
    -80.021858 37.282032
    -80.02186 37.282739
    -80.02186 37.282941
    -80.02146 37.283142
    -80.021605 37.284086
    -80.02166 37.284444
    -80.021719 37.28526
    -80.021741 37.285562
    -80.021765 37.285893
    -80.021785 37.286169
    -80.022567 37.286524
    -80.022723 37.286598
    -80.022817 37.28665
    -80.022869 37.286691
    -80.022917 37.286751
    -80.022927 37.286768
    -80.02295 37.286832
    -80.022959 37.286912
    -80.022987 37.28717
    -80.023016 37.287321
    -80.023096 37.287578
    -80.023183 37.287832
    -80.023225 37.28831
    -80.023227 37.288422
    -80.023262 37.290033
    -80.021527 37.290089
    -80.021487 37.290225
    -80.021473 37.290288
    -80.021466 37.290379
    -80.021479 37.290444
    -80.021509 37.290506
    -80.021543 37.290546
    -80.021595 37.290594
    -80.021635 37.29063
    -80.021802 37.290749
    -80.022554 37.291259
    -80.022753 37.291402
    -80.022809 37.291459
    -80.02285 37.291523
    -80.022881 37.291613
    -80.022891 37.291695
    -80.022882 37.291778
    -80.022854 37.291861
    -80.022834 37.291974
    -80.022823 37.292128
    -80.022837 37.2925
    -80.022837 37.292727
    -80.022851 37.292968
    -80.020063 37.292832
    -80.020046 37.293174
    -80.020015 37.293453
    -80.019986 37.29392
    -80.019963 37.294458
    -80.019902 37.295503
    -80.019898 37.295726
    -80.019878 37.296043
    -80.019871 37.296306
    -80.019858 37.296571
    -80.01983 37.29694
    -80.01981 37.297204
    -80.019809 37.297221
    -80.01979 37.29756
    -80.019774 37.297834
    -80.019707 37.297852
    -80.019517 37.297839
    -80.019466 37.29785
    -80.019432 37.297867
    -80.019394 37.297899
    -80.019373 37.298004
    -80.019368 37.298146
    -80.019362 37.298319
    -80.019333 37.298687
    -80.019311 37.29904
    -80.019245 37.299036
    -80.019215 37.299034
    -80.019208 37.299157
    -80.019198 37.299347
    -80.019204 37.299852
    -80.019228 37.300513
    -80.019267 37.301638
    -80.019275 37.302028
    -80.019285 37.302189
    -80.019303 37.302457
    -80.0193 37.30264
    -80.019282 37.302807
    -80.019246 37.303006
    -80.019182 37.303285
    -80.019161 37.303401
    -80.019962 37.303435
    -80.020386 37.303367
    -80.020657 37.303331
    -80.020959 37.303736
    -80.021006 37.304212
    -80.02111 37.305172
    -80.021462 37.307329
    -80.021677 37.307513
    -80.022428 37.308156
    -80.022226 37.308338
    -80.021365 37.309026
    -80.021184 37.309181
    -80.021063 37.309285
    -80.020431 37.30983
    -80.020223 37.310006
    -80.020104 37.310107
    -80.019539 37.310588
    -80.019416 37.310714
    -80.019307 37.310847
    -80.01923 37.310959
    -80.019129 37.311141
    -80.019059 37.311305
    -80.019044 37.311351
    -80.019035 37.311379
    -80.01901 37.311457
    -80.018942 37.31167
    -80.018853 37.311951
    -80.018764 37.312174
    -80.018732 37.312256
    -80.018581 37.312554
    -80.018578 37.312561
    -80.018449 37.312782
    -80.018305 37.312997
    -80.0182 37.313136
    -80.018125 37.313236
    -80.018068 37.313311
    -80.017876 37.313566
    -80.017592 37.313907
    -80.01744 37.314065
    -80.017295 37.314191
    -80.017173 37.314281
    -80.017082 37.314342
    -80.01659 37.314639
    -80.016048 37.314958
    -80.015889 37.315045
    -80.015879 37.31505
    -80.014007 37.316078
    -80.013848 37.316153
    -80.013684 37.316221
    -80.013608 37.316249
    -80.013599 37.316252
    -80.013385 37.316319
    -80.013052 37.316403
    -80.012847 37.316446
    -80.012638 37.316491
    -80.012258 37.316557
    -80.01222 37.316562
    -80.012028 37.316584
    -80.011906 37.316591
    -80.011868 37.316593
    -80.011716 37.316596
    -80.011524 37.316591
    -80.010159 37.316526
    -80.009977 37.316509
    -80.00988 37.3165
    -80.009722 37.316479
    -80.009659 37.316469
    -80.009529 37.316447
    -80.009371 37.316417
    -80.009027 37.316345
    -80.008775 37.316292
    -80.007907 37.316124
    -80.007865 37.316118
    -80.007777 37.316104
    -80.00771 37.316093
    -80.007126 37.315997
    -80.006823 37.315948
    -80.006758 37.315937
    -80.006268 37.315857
    -80.005836 37.315787
    -80.005302 37.315694
    -80.005092 37.315667
    -80.004961 37.315644
    -80.004807 37.315614
    -80.004513 37.316014
    -80.004344 37.31622
    -80.004116 37.316473
    -80.003922 37.316668
    -80.003801 37.316782
    -80.003718 37.316862
    -80.003469 37.317087
    -80.003367 37.31718
    -80.003326 37.317218
    -80.002407 37.318065
    -80.001899 37.318528
    -80.001678 37.31873
    -80.001384 37.318982
    -80.001327 37.319031
    -80.001272 37.319073
    -80.001111 37.319196
    -80.000929 37.319319
    -80.000602 37.319526
    -80.000048 37.319863
    -79.999027 37.320485
    -79.998969 37.320521
    -79.99862 37.320735
    -79.998063 37.321085
    -79.997887 37.321204
    -79.997536 37.32144
    -79.99724 37.321648
    -79.997114 37.321736
    -79.996675 37.322066
    -79.996558 37.32216
    -79.996199 37.322449
    -79.995704 37.322862
    -79.99556 37.322982
    -79.995482 37.323047
    -79.995404 37.323111
    -79.995305 37.323192
    -79.995148 37.323323
    -79.994745 37.323668
    -79.994217 37.324102
    -79.994124 37.324173
    -79.993813 37.324405
    -79.993639 37.324519
    -79.993503 37.32461
    -79.99312 37.324829
    -79.992881 37.32496
    -79.992568 37.325131
    -79.992525 37.325154
    -79.991119 37.32592
    -79.990798 37.326096
    -79.990611 37.326198
    -79.989978 37.326544
    -79.989156 37.326993
    -79.988907 37.327122
    -79.988689 37.327242
    -79.988429 37.327386
    -79.987815 37.327722
    -79.984848 37.329344
    -79.983938 37.329826
    -79.983874 37.329858
    -79.983436 37.330079
    -79.983367 37.330114
    -79.983298 37.330149
    -79.982975 37.330311
    -79.982757 37.330417
    -79.98243 37.330576
    -79.981855 37.330838
    -79.981788 37.330869
    -79.981258 37.3311
    -79.980772 37.331312
    -79.980343 37.331504
    -79.98019 37.331574
    -79.980053 37.331636
    -79.980038 37.331643
    -79.979809 37.331751
    -79.979533 37.331889
    -79.979301 37.33201
    -79.97909 37.332127
    -79.97906 37.332144
    -79.979006 37.332176
    -79.978663 37.332383
    -79.978267 37.332633
    -79.978233 37.332655
    -79.97784 37.332912
    -79.97741 37.333193
    -79.977172 37.333348
    -79.976771 37.333609
    -79.976036 37.334089
    -79.975095 37.334703
    -79.9749 37.33483
    -79.974411 37.335159
    -79.974372 37.335185
    -79.974313 37.335227
    -79.973863 37.334301
    -79.973646 37.333856
    -79.973418 37.333974
    -79.973262 37.334055
    -79.972813 37.334291
    -79.972587 37.334402
    -79.972557 37.334417
    -79.972399 37.334499
    -79.971775 37.334821
    -79.971731 37.334843
    -79.971662 37.334878
    -79.971262 37.335081
    -79.970645 37.335386
    -79.969985 37.335707
    -79.969503 37.335952
END
END
