19165 Shelby County
1
    -95.209023 41.863709
    -95.208903 41.863707
    -95.198727 41.863565
    -95.189301 41.86352
    -95.189138 41.863522
    -95.188738 41.863521
    -95.17014 41.863477
    -95.151997 41.863516
    -95.150791 41.863516
    -95.144104 41.863509
    -95.143072 41.863507
    -95.141711 41.863505
    -95.131438 41.863513
    -95.129412 41.863524
    -95.12789 41.863524
    -95.127276 41.863524
    -95.1262 41.863511
    -95.124741 41.863493
    -95.124684 41.863492
    -95.123903 41.863507
    -95.12071 41.863474
    -95.1205 41.863472
    -95.119665 41.863483
    -95.117665 41.863458
    -95.114797 41.863395
    -95.113644 41.863369
    -95.112109 41.863356
    -95.10942 41.863347
    -95.107829 41.863366
    -95.105161 41.863353
    -95.103744 41.863358
    -95.102962 41.863352
    -95.102068 41.863378
    -95.101601 41.863366
    -95.097536 41.863389
    -95.094692 41.863369
    -95.093594 41.863379
    -95.093451 41.863378
    -95.093307 41.863377
    -95.092861 41.863374
    -95.092862 41.86328
    -95.092864 41.863174
    -95.092867 41.862985
    -95.092853 41.86195
    -95.092853 41.861378
    -95.092853 41.861364
    -95.092854 41.859881
    -95.092855 41.859123
    -95.092848 41.85804
    -95.092845 41.857642
    -95.092865 41.856501
    -95.092847 41.85554
    -95.092845 41.85405
    -95.092862 41.853496
    -95.092847 41.852328
    -95.092869 41.851239
    -95.092869 41.851231
    -95.092879 41.850729
    -95.092849 41.849365
    -95.092871 41.848216
    -95.09286 41.847533
    -95.092858 41.846833
    -95.092869 41.846393
    -95.092869 41.846389
    -95.09287 41.846387
    -95.09287 41.846384
    -95.09287 41.846376
    -95.09287 41.846366
    -95.09288 41.845987
    -95.092891 41.844466
    -95.09289 41.844216
    -95.09289 41.844201
    -95.09289 41.844162
    -95.092889 41.843528
    -95.092887 41.842715
    -95.092901 41.842012
    -95.092902 41.840902
    -95.092902 41.84087
    -95.092902 41.840509
    -95.092908 41.840114
    -95.092908 41.840086
    -95.092908 41.840083
    -95.092909 41.840081
    -95.092909 41.840074
    -95.092909 41.840064
    -95.092909 41.840052
    -95.092909 41.84004
    -95.092913 41.839812
    -95.092917 41.83905
    -95.092901 41.837028
    -95.092912 41.836371
    -95.092914 41.83571
    -95.092914 41.835703
    -95.092914 41.835686
    -95.092915 41.83542
    -95.092924 41.834683
    -95.092943 41.833035
    -95.092941 41.832511
    -95.092941 41.832503
    -95.092932 41.830436
    -95.092933 41.829278
    -95.092941 41.828616
    -95.092943 41.828091
    -95.092943 41.828043
    -95.092943 41.828018
    -95.092946 41.826985
    -95.092973 41.824336
    -95.09296 41.823469
    -95.09296 41.822169
    -95.092971 41.821054
    -95.092971 41.821051
    -95.092973 41.820905
    -95.09299 41.820175
    -95.092968 41.81929
    -95.092983 41.818441
    -95.092988 41.817549
    -95.092983 41.816753
    -95.092986 41.815875
    -95.093026 41.813468
    -95.093025 41.813031
    -95.093023 41.81258
    -95.093035 41.810911
    -95.09303 41.810652
    -95.093019 41.81004
    -95.093028 41.80891
    -95.093017 41.807461
    -95.093019 41.807186
    -95.093019 41.807154
    -95.093031 41.805825
    -95.093036 41.804942
    -95.093031 41.801055
    -95.093039 41.798801
    -95.093038 41.798452
    -95.093038 41.798444
    -95.093034 41.797604
    -95.093066 41.795725
    -95.093071 41.793741
    -95.093088 41.79261
    -95.093088 41.792606
    -95.093105 41.791433
    -95.093102 41.790623
    -95.09315 41.787239
    -95.093176 41.784189
    -95.093199 41.783459
    -95.093224 41.782027
    -95.093228 41.7811
    -95.093245 41.779788
    -95.093258 41.779243
    -95.093258 41.779235
    -95.093286 41.777981
    -95.093304 41.776945
    -95.093308 41.776436
    -95.093334 41.775177
    -95.093338 41.773792
    -95.093337 41.770486
    -95.093339 41.770335
    -95.093339 41.770329
    -95.093345 41.769803
    -95.093345 41.769797
    -95.093354 41.76899
    -95.093352 41.761356
    -95.093338 41.760593
    -95.093342 41.759628
    -95.093325 41.758103
    -95.093334 41.757153
    -95.093333 41.754407
    -95.093315 41.752361
    -95.093317 41.749988
    -95.093317 41.74982
    -95.093316 41.749598
    -95.093309 41.746971
    -95.093295 41.746225
    -95.093285 41.744845
    -95.093286 41.744104
    -95.093285 41.744085
    -95.093269 41.742375
    -95.093269 41.742351
    -95.093245 41.739769
    -95.093245 41.739272
    -95.093246 41.738869
    -95.09326 41.73841
    -95.09322 41.737906
    -95.09322 41.737211
    -95.093225 41.736494
    -95.093225 41.736491
    -95.093226 41.73649
    -95.093226 41.736487
    -95.093226 41.73648
    -95.093226 41.736468
    -95.093226 41.73645
    -95.093226 41.736427
    -95.093235 41.735164
    -95.093239 41.733016
    -95.093265 41.731627
    -95.093242 41.729212
    -95.093226 41.728311
    -95.093233 41.726952
    -95.093204 41.72434
    -95.093204 41.724319
    -95.093196 41.723581
    -95.093211 41.722633
    -95.093216 41.721223
    -95.093231 41.720587
    -95.093258 41.719964
    -95.093266 41.719763
    -95.093279 41.71893
    -95.093289 41.718279
    -95.093313 41.717239
    -95.093312 41.716933
    -95.093252 41.715342
    -95.093232 41.714735
    -95.093232 41.713977
    -95.093222 41.712898
    -95.093223 41.712067
    -95.093223 41.712048
    -95.093224 41.711729
    -95.09321 41.709233
    -95.093194 41.707504
    -95.093195 41.707047
    -95.093203 41.702771
    -95.093203 41.702713
    -95.093203 41.701541
    -95.093203 41.700193
    -95.093204 41.699722
    -95.093194 41.698812
    -95.093192 41.698568
    -95.093189 41.698319
    -95.093173 41.696867
    -95.093176 41.693407
    -95.093176 41.692691
    -95.093162 41.691407
    -95.093162 41.691377
    -95.093162 41.691371
    -95.093162 41.691368
    -95.093162 41.691366
    -95.093161 41.691365
    -95.093161 41.691352
    -95.093161 41.691335
    -95.093156 41.690848
    -95.093152 41.690028
    -95.093149 41.689945
    -95.093149 41.689934
    -95.093132 41.689375
    -95.093119 41.688948
    -95.093117 41.688884
    -95.093101 41.68835
    -95.09314 41.688351
    -95.093161 41.688352
    -95.093136 41.687646
    -95.093136 41.687638
    -95.093136 41.687634
    -95.093136 41.687632
    -95.093136 41.68763
    -95.093135 41.687629
    -95.093135 41.687615
    -95.093135 41.687603
    -95.093135 41.687593
    -95.093135 41.687585
    -95.093134 41.687549
    -95.093133 41.687504
    -95.09313 41.686777
    -95.09313 41.686718
    -95.09313 41.686643
    -95.093126 41.685579
    -95.093121 41.685219
    -95.093116 41.684964
    -95.093095 41.684307
    -95.093079 41.68224
    -95.093078 41.68218
    -95.093078 41.682172
    -95.093072 41.681706
    -95.093072 41.681704
    -95.093071 41.681702
    -95.093071 41.681696
    -95.093071 41.681688
    -95.093071 41.681678
    -95.093071 41.681668
    -95.093063 41.681065
    -95.093061 41.68059
    -95.09302 41.678589
    -95.093012 41.677968
    -95.093012 41.67704
    -95.092995 41.676264
    -95.092953 41.674859
    -95.092957 41.674379
    -95.092953 41.674022
    -95.092943 41.672761
    -95.092929 41.672257
    -95.092889 41.670984
    -95.092849 41.669389
    -95.092834 41.668947
    -95.092834 41.668936
    -95.092824 41.668625
    -95.092789 41.667253
    -95.092789 41.66724
    -95.09278 41.666903
    -95.092774 41.666254
    -95.092739 41.664811
    -95.092708 41.662877
    -95.092707 41.662823
    -95.092706 41.662786
    -95.092705 41.662713
    -95.092705 41.662711
    -95.092705 41.662708
    -95.092702 41.662486
    -95.092686 41.661736
    -95.092685 41.661619
    -95.092685 41.661604
    -95.092669 41.660284
    -95.092654 41.659731
    -95.092644 41.659379
    -95.092707 41.655528
    -95.092735 41.653474
    -95.092754 41.652554
    -95.09277 41.65159
    -95.092777 41.650855
    -95.092777 41.650821
    -95.092777 41.650805
    -95.092778 41.65072
    -95.092791 41.649401
    -95.092805 41.648685
    -95.092805 41.648675
    -95.092806 41.648674
    -95.092806 41.648672
    -95.092806 41.648669
    -95.092806 41.648665
    -95.092806 41.648653
    -95.092806 41.648642
    -95.092809 41.648486
    -95.092812 41.648196
    -95.092812 41.648185
    -95.092812 41.648181
    -95.092813 41.648086
    -95.092833 41.64626
    -95.092842 41.645925
    -95.09284 41.645406
    -95.092838 41.643354
    -95.092833 41.642797
    -95.092833 41.642779
    -95.092817 41.6411
    -95.092816 41.640954
    -95.092816 41.640911
    -95.092816 41.640862
    -95.092802 41.638639
    -95.092769 41.635748
    -95.092757 41.634538
    -95.092757 41.634339
    -95.092756 41.633971
    -95.092728 41.632031
    -95.092713 41.63072
    -95.092668 41.627343
    -95.092659 41.626539
    -95.092654 41.626157
    -95.092607 41.623691
    -95.092573 41.622058
    -95.092568 41.620349
    -95.092571 41.620082
    -95.092551 41.618168
    -95.092574 41.616556
    -95.092567 41.61639
    -95.092567 41.616387
    -95.092556 41.616148
    -95.092529 41.6147
    -95.092525 41.611967
    -95.092531 41.608623
    -95.092531 41.608552
    -95.092531 41.608534
    -95.092531 41.608525
    -95.092531 41.608523
    -95.092532 41.60852
    -95.092532 41.608515
    -95.092532 41.608478
    -95.092532 41.608343
    -95.092532 41.608107
    -95.092532 41.607915
    -95.092537 41.604759
    -95.092534 41.602343
    -95.09252 41.602055
    -95.08977 41.602053
    -95.089743 41.602053
    -95.089719 41.602053
    -95.088646 41.60206
    -95.088573 41.60206
    -95.08654 41.602072
    -95.080885 41.602082
    -95.079641 41.602076
    -95.079439 41.602078
    -95.079273 41.602079
    -95.076537 41.602097
    -95.075702 41.602094
    -95.073167 41.602115
    -95.07273 41.602116
    -95.072647 41.602116
    -95.070454 41.60212
    -95.070132 41.602121
    -95.070087 41.602121
    -95.069234 41.60214
    -95.069122 41.602161
    -95.068969 41.602201
    -95.068683 41.602165
    -95.068364 41.602143
    -95.067916 41.602132
    -95.064822 41.602147
    -95.064804 41.602147
    -95.064412 41.602149
    -95.063657 41.602148
    -95.063508 41.602138
    -95.063271 41.602123
    -95.062968 41.602125
    -95.062826 41.602126
    -95.061228 41.602141
    -95.060999 41.602171
    -95.060838 41.602168
    -95.060831 41.602168
    -95.060826 41.602168
    -95.060823 41.602168
    -95.060821 41.602167
    -95.060805 41.602167
    -95.060562 41.602163
    -95.060058 41.60216
    -95.060031 41.60216
    -95.059994 41.60216
    -95.058843 41.602153
    -95.058841 41.602153
    -95.058839 41.602153
    -95.058837 41.602153
    -95.058834 41.602153
    -95.058829 41.602153
    -95.058821 41.602153
    -95.05881 41.602153
    -95.058793 41.602153
    -95.058765 41.602153
    -95.058723 41.602153
    -95.057065 41.602157
    -95.055625 41.602156
    -95.055082 41.602164
    -95.053412 41.602189
    -95.052735 41.602182
    -95.050565 41.602169
    -95.048177 41.602177
    -95.047374 41.602165
    -95.047222 41.602167
    -95.046417 41.602179
    -95.045354 41.602152
    -95.044487 41.602164
    -95.043455 41.602167
    -95.043151 41.602166
    -95.043141 41.602166
    -95.043134 41.602166
    -95.043129 41.602166
    -95.043126 41.602166
    -95.043123 41.602166
    -95.04312 41.602166
    -95.043118 41.602166
    -95.042587 41.602164
    -95.042432 41.602167
    -95.040748 41.602152
    -95.04075 41.601728
    -95.040808 41.600728
    -95.040795 41.600178
    -95.040781 41.60004
    -95.040794 41.599495
    -95.040799 41.597758
    -95.040807 41.596442
    -95.040807 41.596414
    -95.040807 41.596405
    -95.040807 41.596401
    -95.040808 41.5964
    -95.040808 41.596398
    -95.040808 41.596396
    -95.040808 41.596379
    -95.040808 41.596336
    -95.040808 41.596306
    -95.040808 41.596293
    -95.040819 41.594594
    -95.04082 41.593535
    -95.040846 41.592194
    -95.040844 41.591811
    -95.04083 41.591195
    -95.040835 41.589284
    -95.040818 41.588936
    -95.040834 41.588638
    -95.040841 41.586977
    -95.040839 41.586518
    -95.040839 41.586471
    -95.040839 41.586439
    -95.040839 41.586416
    -95.040839 41.5864
    -95.040839 41.586388
    -95.040839 41.586378
    -95.040839 41.586371
    -95.040839 41.586365
    -95.040839 41.586361
    -95.040839 41.586357
    -95.040839 41.586354
    -95.040839 41.586352
    -95.040839 41.586349
    -95.040839 41.586347
    -95.040839 41.586345
    -95.040836 41.586014
    -95.040845 41.583589
    -95.040853 41.582819
    -95.040852 41.582179
    -95.04086 41.581975
    -95.04086 41.58197
    -95.040879 41.581464
    -95.040865 41.580838
    -95.040875 41.580445
    -95.040859 41.579614
    -95.040875 41.577667
    -95.040873 41.577342
    -95.040871 41.576158
    -95.040905 41.575331
    -95.040898 41.573387
    -95.040937 41.571907
    -95.040938 41.57187
    -95.040954 41.570813
    -95.040976 41.570219
    -95.040966 41.570066
    -95.040958 41.569206
    -95.040955 41.567842
    -95.040955 41.567794
    -95.040955 41.567621
    -95.040965 41.566663
    -95.040959 41.562859
    -95.040955 41.560907
    -95.040944 41.559173
    -95.040916 41.558423
    -95.040916 41.556415
    -95.04091 41.556143
    -95.04091 41.556131
    -95.040909 41.556129
    -95.040909 41.556126
    -95.040909 41.55612
    -95.040909 41.556099
    -95.040909 41.556079
    -95.040909 41.556061
    -95.040909 41.556045
    -95.040903 41.555701
    -95.040908 41.555601
    -95.04091 41.555293
    -95.040897 41.553857
    -95.040873 41.552421
    -95.040865 41.550099
    -95.040873 41.548364
    -95.040882 41.547954
    -95.040851 41.546868
    -95.040848 41.545829
    -95.040838 41.545067
    -95.040848 41.544344
    -95.040831 41.543938
    -95.040805 41.543504
    -95.040818 41.542744
    -95.04082 41.542165
    -95.040774 41.540314
    -95.040783 41.540045
    -95.040788 41.53963
    -95.040783 41.539148
    -95.040785 41.538845
    -95.040773 41.538471
    -95.04075 41.538093
    -95.040758 41.537829
    -95.040757 41.537492
    -95.040743 41.536954
    -95.040743 41.536268
    -95.040741 41.536265
    -95.040741 41.536263
    -95.040741 41.536261
    -95.040741 41.536259
    -95.040741 41.536257
    -95.040741 41.536255
    -95.040741 41.536253
    -95.040741 41.53625
    -95.040741 41.536247
    -95.040741 41.536243
    -95.040741 41.536239
    -95.040741 41.536234
    -95.040741 41.536229
    -95.040741 41.536223
    -95.040741 41.536217
    -95.040741 41.536211
    -95.040741 41.536204
    -95.040741 41.536197
    -95.040741 41.53619
    -95.040741 41.536183
    -95.040741 41.536176
    -95.040741 41.53617
    -95.040741 41.536164
    -95.040741 41.536159
    -95.040741 41.536154
    -95.040741 41.53615
    -95.040741 41.536146
    -95.040741 41.536143
    -95.040741 41.53614
    -95.040741 41.536137
    -95.040741 41.536135
    -95.040737 41.535864
    -95.040738 41.534878
    -95.040754 41.534464
    -95.040744 41.53361
    -95.040762 41.532691
    -95.040752 41.532038
    -95.040757 41.5315
    -95.040756 41.53148
    -95.040756 41.531478
    -95.040756 41.531476
    -95.040756 41.531474
    -95.040756 41.531472
    -95.040756 41.531469
    -95.040756 41.531466
    -95.040756 41.531461
    -95.040756 41.531454
    -95.040756 41.531442
    -95.040756 41.531417
    -95.040754 41.53102
    -95.040769 41.529681
    -95.040781 41.529165
    -95.040783 41.528547
    -95.040765 41.527535
    -95.040771 41.527204
    -95.040768 41.527046
    -95.040768 41.527044
    -95.040767 41.526995
    -95.040767 41.526968
    -95.040756 41.526285
    -95.040751 41.525562
    -95.040757 41.524998
    -95.04075 41.524661
    -95.040751 41.524314
    -95.040751 41.524312
    -95.040751 41.524306
    -95.040751 41.524279
    -95.040751 41.524107
    -95.040746 41.523576
    -95.040744 41.523496
    -95.040744 41.523487
    -95.040744 41.523474
    -95.040744 41.523467
    -95.040744 41.523462
    -95.040744 41.52346
    -95.040743 41.523459
    -95.040743 41.523457
    -95.040737 41.523247
    -95.040733 41.522279
    -95.040733 41.522263
    -95.040733 41.522243
    -95.040729 41.521324
    -95.040719 41.520901
    -95.040736 41.51985
    -95.040736 41.519761
    -95.040736 41.519468
    -95.040743 41.519292
    -95.040739 41.51882
    -95.040731 41.518572
    -95.04074 41.518413
    -95.04074 41.518332
    -95.04074 41.517273
    -95.040738 41.516825
    -95.040744 41.516413
    -95.040756 41.516016
    -95.040759 41.515665
    -95.040746 41.515369
    -95.040744 41.51417
    -95.040756 41.513695
    -95.040754 41.513056
    -95.040769 41.512507
    -95.040764 41.511985
    -95.040756 41.511723
    -95.040789 41.510383
    -95.040787 41.508694
    -95.040774 41.505507
    -95.040774 41.505489
    -95.040771 41.504791
    -95.04077 41.50469
    -95.060079 41.504789
    -95.079372 41.504933
    -95.080133 41.504953
    -95.084368 41.504972
    -95.086971 41.504982
    -95.089995 41.504979
    -95.096605 41.504974
    -95.098203 41.504986
    -95.098714 41.504983
    -95.099963 41.504986
    -95.102116 41.50499
    -95.103915 41.505001
    -95.10701 41.505026
    -95.107034 41.505026
    -95.108592 41.505045
    -95.109896 41.505046
    -95.110676 41.505038
    -95.111733 41.50505
    -95.112374 41.505048
    -95.117978 41.505058
    -95.119879 41.505062
    -95.121514 41.505066
    -95.124135 41.505072
    -95.12831 41.505072
    -95.132723 41.505121
    -95.134495 41.50514
    -95.137347 41.505152
    -95.140052 41.50516
    -95.147398 41.505207
    -95.147478 41.505208
    -95.152304 41.505239
    -95.154722 41.505211
    -95.164171 41.505231
    -95.164174 41.505231
    -95.167298 41.505259
    -95.170729 41.505265
    -95.17075 41.505265
    -95.174025 41.50527
    -95.174034 41.50527
    -95.17404 41.505271
    -95.174042 41.505271
    -95.174044 41.505271
    -95.174046 41.505271
    -95.174048 41.505271
    -95.17405 41.505271
    -95.174053 41.505271
    -95.174057 41.505271
    -95.174063 41.505271
    -95.174072 41.505271
    -95.174088 41.505271
    -95.176126 41.505293
    -95.176782 41.505288
    -95.176805 41.505288
    -95.177998 41.505279
    -95.178114 41.505279
    -95.178236 41.505279
    -95.181906 41.505285
    -95.18535 41.505299
    -95.186518 41.505312
    -95.186534 41.505312
    -95.186537 41.505312
    -95.186539 41.505313
    -95.186543 41.505313
    -95.186551 41.505313
    -95.186575 41.505313
    -95.18692 41.505317
    -95.187109 41.505316
    -95.187136 41.505316
    -95.187151 41.505316
    -95.18716 41.505316
    -95.187165 41.505316
    -95.187168 41.505316
    -95.18717 41.505316
    -95.187172 41.505316
    -95.187902 41.50531
    -95.189036 41.505301
    -95.191878 41.505335
    -95.193277 41.505335
    -95.193297 41.505335
    -95.19701 41.505336
    -95.200513 41.505359
    -95.20177 41.505365
    -95.201849 41.505365
    -95.202156 41.505366
    -95.202303 41.505367
    -95.203514 41.505372
    -95.206133 41.505393
    -95.206729 41.505397
    -95.206737 41.505397
    -95.2095 41.505419
    -95.212543 41.505434
    -95.212554 41.505434
    -95.212689 41.505435
    -95.213069 41.505447
    -95.216195 41.505451
    -95.217364 41.505461
    -95.217368 41.505461
    -95.217386 41.505461
    -95.21826 41.505457
    -95.218709 41.505481
    -95.218718 41.505481
    -95.218727 41.505481
    -95.218736 41.505481
    -95.218745 41.505481
    -95.218754 41.505481
    -95.218763 41.505481
    -95.218772 41.505481
    -95.218781 41.505481
    -95.21879 41.505481
    -95.218799 41.505481
    -95.218808 41.505481
    -95.218817 41.505481
    -95.218826 41.505481
    -95.218835 41.505481
    -95.218843 41.505481
    -95.218851 41.505481
    -95.218859 41.505481
    -95.218867 41.505481
    -95.218875 41.505481
    -95.218883 41.505481
    -95.218891 41.505481
    -95.218899 41.505481
    -95.218906 41.505481
    -95.218913 41.505481
    -95.21892 41.505481
    -95.218927 41.505481
    -95.218934 41.505481
    -95.218941 41.505481
    -95.218948 41.505481
    -95.218954 41.505481
    -95.21896 41.505481
    -95.218966 41.505481
    -95.218972 41.505481
    -95.218978 41.505481
    -95.218984 41.505481
    -95.218989 41.505481
    -95.218994 41.505481
    -95.218999 41.505481
    -95.219004 41.505481
    -95.219009 41.505481
    -95.219014 41.505481
    -95.219019 41.505481
    -95.219023 41.505481
    -95.219027 41.505481
    -95.219031 41.505481
    -95.219035 41.505481
    -95.219039 41.505481
    -95.219043 41.505481
    -95.219047 41.505481
    -95.219051 41.505481
    -95.219054 41.505481
    -95.219057 41.505481
    -95.21906 41.505481
    -95.219063 41.505481
    -95.219066 41.505481
    -95.219069 41.505481
    -95.219072 41.505481
    -95.219075 41.505481
    -95.219078 41.505481
    -95.21908 41.505481
    -95.219082 41.505481
    -95.219084 41.505481
    -95.219086 41.505481
    -95.219088 41.505481
    -95.21909 41.505481
    -95.219092 41.505481
    -95.219141 41.505482
    -95.219893 41.505504
    -95.222206 41.505488
    -95.22222 41.505488
    -95.222638 41.505485
    -95.222641 41.505485
    -95.222647 41.505485
    -95.222662 41.505485
    -95.224191 41.505476
    -95.228716 41.505506
    -95.231793 41.50552
    -95.231845 41.50552
    -95.237759 41.505551
    -95.245797 41.505599
    -95.249655 41.505658
    -95.251084 41.505672
    -95.251089 41.505672
    -95.252681 41.505684
    -95.253878 41.505693
    -95.255196 41.505684
    -95.255208 41.505684
    -95.25522 41.505684
    -95.255232 41.505684
    -95.255244 41.505684
    -95.255256 41.505684
    -95.255268 41.505684
    -95.255279 41.505684
    -95.25529 41.505684
    -95.255301 41.505684
    -95.255312 41.505684
    -95.255323 41.505684
    -95.255334 41.505684
    -95.255345 41.505684
    -95.255356 41.505684
    -95.255366 41.505684
    -95.255376 41.505684
    -95.255386 41.505684
    -95.255396 41.505684
    -95.255406 41.505684
    -95.255416 41.505684
    -95.255425 41.505684
    -95.255434 41.505684
    -95.255443 41.505684
    -95.255452 41.505684
    -95.255461 41.505684
    -95.25547 41.505684
    -95.255478 41.505684
    -95.255486 41.505684
    -95.255494 41.505684
    -95.255502 41.505684
    -95.25551 41.505684
    -95.255518 41.505684
    -95.255525 41.505684
    -95.255532 41.505684
    -95.255539 41.505684
    -95.255546 41.505684
    -95.255553 41.505684
    -95.25556 41.505684
    -95.255566 41.505684
    -95.255572 41.505684
    -95.255578 41.505684
    -95.255584 41.505684
    -95.25559 41.505684
    -95.255596 41.505684
    -95.255601 41.505684
    -95.255606 41.505684
    -95.255611 41.505684
    -95.255616 41.505684
    -95.255621 41.505684
    -95.255626 41.505684
    -95.255631 41.505684
    -95.255635 41.505684
    -95.255639 41.505684
    -95.255643 41.505684
    -95.255647 41.505684
    -95.255651 41.505684
    -95.255655 41.505684
    -95.255659 41.505684
    -95.255663 41.505684
    -95.255666 41.505684
    -95.255669 41.505684
    -95.255672 41.505684
    -95.255675 41.505684
    -95.255678 41.505684
    -95.255681 41.505684
    -95.255684 41.505684
    -95.255687 41.505684
    -95.25569 41.505684
    -95.255693 41.505684
    -95.255695 41.505684
    -95.255697 41.505684
    -95.255699 41.505684
    -95.255701 41.505684
    -95.255703 41.505684
    -95.255705 41.505684
    -95.255707 41.505684
    -95.255709 41.505684
    -95.255711 41.505684
    -95.255713 41.505684
    -95.255715 41.505684
    -95.255717 41.505684
    -95.255719 41.505684
    -95.255721 41.505684
    -95.255723 41.505684
    -95.255725 41.505684
    -95.255727 41.505684
    -95.255729 41.505684
    -95.255731 41.505684
    -95.255733 41.505684
    -95.255735 41.505684
    -95.255737 41.505684
    -95.255739 41.505684
    -95.255741 41.505684
    -95.255743 41.505684
    -95.255745 41.505684
    -95.255747 41.505684
    -95.255749 41.505684
    -95.255751 41.505684
    -95.255764 41.50568
    -95.257632 41.505651
    -95.259924 41.505677
    -95.260793 41.505683
    -95.260829 41.505683
    -95.260864 41.505683
    -95.260898 41.505683
    -95.26093 41.505683
    -95.260961 41.505683
    -95.260991 41.505683
    -95.26102 41.505683
    -95.261048 41.505683
    -95.261075 41.505683
    -95.261101 41.505683
    -95.261126 41.505683
    -95.26115 41.505683
    -95.261174 41.505683
    -95.261197 41.505683
    -95.261219 41.505683
    -95.26124 41.505683
    -95.261261 41.505683
    -95.261281 41.505683
    -95.2613 41.505683
    -95.261319 41.505683
    -95.261337 41.505683
    -95.261355 41.505683
    -95.261372 41.505683
    -95.261389 41.505683
    -95.261405 41.505683
    -95.261421 41.505683
    -95.261437 41.505683
    -95.261452 41.505683
    -95.261467 41.505683
    -95.261481 41.505683
    -95.261495 41.505683
    -95.261509 41.505683
    -95.261522 41.505683
    -95.261535 41.505683
    -95.261548 41.505683
    -95.26156 41.505683
    -95.261572 41.505683
    -95.261584 41.505683
    -95.261595 41.505683
    -95.261606 41.505683
    -95.261617 41.505683
    -95.261628 41.505683
    -95.261638 41.505683
    -95.261648 41.505683
    -95.261658 41.505683
    -95.261668 41.505683
    -95.261678 41.505683
    -95.261687 41.505683
    -95.261696 41.505683
    -95.261705 41.505683
    -95.261714 41.505683
    -95.261723 41.505683
    -95.261731 41.505683
    -95.261739 41.505683
    -95.261747 41.505683
    -95.261755 41.505683
    -95.261763 41.505683
    -95.261771 41.505683
    -95.261778 41.505683
    -95.261785 41.505683
    -95.261792 41.505683
    -95.261799 41.505683
    -95.261806 41.505683
    -95.261813 41.505683
    -95.26182 41.505683
    -95.261826 41.505683
    -95.261832 41.505683
    -95.261838 41.505683
    -95.261844 41.505683
    -95.26185 41.505683
    -95.261856 41.505683
    -95.261862 41.505683
    -95.261868 41.505683
    -95.261874 41.505683
    -95.261879 41.505683
    -95.261884 41.505683
    -95.261889 41.505683
    -95.261894 41.505683
    -95.261899 41.505683
    -95.261904 41.505683
    -95.261909 41.505683
    -95.261914 41.505683
    -95.261919 41.505683
    -95.261924 41.505683
    -95.261929 41.505683
    -95.261934 41.505683
    -95.261938 41.505683
    -95.261942 41.505683
    -95.261946 41.505683
    -95.26195 41.505683
    -95.261954 41.505683
    -95.261958 41.505683
    -95.261962 41.505683
    -95.261966 41.505683
    -95.26197 41.505683
    -95.261974 41.505683
    -95.261978 41.505683
    -95.261982 41.505683
    -95.261986 41.505683
    -95.26199 41.505683
    -95.261994 41.505683
    -95.261997 41.505683
    -95.262 41.505683
    -95.262003 41.505683
    -95.262006 41.505683
    -95.262009 41.505683
    -95.262012 41.505683
    -95.262015 41.505683
    -95.262018 41.505683
    -95.262021 41.505683
    -95.262024 41.505683
    -95.262027 41.505683
    -95.26203 41.505683
    -95.262033 41.505683
    -95.262036 41.505683
    -95.262039 41.505683
    -95.262042 41.505683
    -95.262045 41.505683
    -95.262048 41.505683
    -95.262051 41.505683
    -95.262054 41.505683
    -95.262057 41.505683
    -95.26206 41.505683
    -95.262063 41.505683
    -95.262065 41.505683
    -95.262067 41.505683
    -95.262069 41.505683
    -95.262071 41.505683
    -95.262073 41.505683
    -95.262075 41.505683
    -95.262077 41.505683
    -95.262079 41.505683
    -95.262081 41.505683
    -95.262083 41.505683
    -95.262085 41.505683
    -95.262087 41.505683
    -95.262089 41.505683
    -95.262091 41.505683
    -95.262093 41.505683
    -95.262095 41.505683
    -95.262097 41.505683
    -95.262099 41.505683
    -95.262101 41.505683
    -95.262103 41.505683
    -95.262105 41.505683
    -95.262107 41.505683
    -95.262109 41.505683
    -95.262111 41.505683
    -95.262113 41.505683
    -95.262115 41.505683
    -95.262117 41.505683
    -95.262119 41.505683
    -95.262121 41.505683
    -95.262123 41.505683
    -95.262125 41.505683
    -95.262127 41.505683
    -95.262129 41.505683
    -95.262131 41.505683
    -95.262133 41.505683
    -95.262135 41.505683
    -95.262137 41.505683
    -95.262139 41.505683
    -95.262142 41.505683
    -95.262144 41.505683
    -95.262146 41.505683
    -95.262148 41.505683
    -95.26215 41.505683
    -95.262152 41.505683
    -95.262154 41.505683
    -95.262156 41.505683
    -95.262158 41.505683
    -95.26216 41.505683
    -95.262162 41.505683
    -95.262164 41.505683
    -95.262166 41.505683
    -95.262168 41.505683
    -95.26217 41.505683
    -95.262172 41.505683
    -95.262174 41.505683
    -95.262176 41.505683
    -95.262178 41.505683
    -95.26218 41.505683
    -95.262182 41.505683
    -95.262184 41.505683
    -95.262186 41.505683
    -95.262188 41.505683
    -95.26219 41.505683
    -95.262192 41.505683
    -95.262194 41.505683
    -95.262196 41.505683
    -95.262198 41.505683
    -95.2622 41.505683
    -95.262202 41.505683
    -95.262204 41.505683
    -95.262206 41.505683
    -95.262208 41.505683
    -95.26221 41.505683
    -95.262212 41.505683
    -95.262214 41.505683
    -95.262216 41.505683
    -95.262218 41.505683
    -95.26222 41.505683
    -95.262222 41.505683
    -95.262224 41.505683
    -95.262226 41.505683
    -95.262228 41.505683
    -95.262279 41.505694
    -95.262364 41.505694
    -95.263152 41.505697
    -95.263165 41.505697
    -95.264706 41.505701
    -95.265896 41.505683
    -95.266359 41.505676
    -95.26665 41.505683
    -95.267441 41.505702
    -95.268417 41.505683
    -95.269136 41.505669
    -95.269357 41.505672
    -95.269363 41.505672
    -95.270589 41.505689
    -95.271024 41.505695
    -95.271181 41.505691
    -95.27119 41.505691
    -95.271197 41.505691
    -95.271203 41.505691
    -95.271208 41.505691
    -95.271211 41.505691
    -95.271214 41.505691
    -95.271216 41.505691
    -95.271218 41.505691
    -95.27122 41.505691
    -95.271222 41.505691
    -95.271224 41.505691
    -95.272038 41.505667
    -95.272185 41.505668
    -95.272973 41.505672
    -95.273738 41.505688
    -95.27478 41.505684
    -95.27539 41.505691
    -95.275403 41.505691
    -95.275408 41.505691
    -95.27541 41.505691
    -95.275719 41.505694
    -95.277114 41.50572
    -95.277706 41.505711
    -95.277968 41.505705
    -95.277982 41.505705
    -95.277992 41.505705
    -95.277999 41.505705
    -95.278004 41.505705
    -95.278007 41.505705
    -95.27801 41.505705
    -95.278012 41.505705
    -95.278014 41.505705
    -95.278016 41.505705
    -95.278555 41.50569
    -95.279519 41.505694
    -95.282751 41.505696
    -95.284558 41.505694
    -95.284568 41.505694
    -95.285742 41.505693
    -95.286487 41.505694
    -95.286743 41.505691
    -95.288023 41.505676
    -95.28868 41.505673
    -95.288683 41.505673
    -95.288821 41.505682
    -95.288829 41.505682
    -95.288836 41.505682
    -95.288843 41.505682
    -95.28885 41.505682
    -95.288857 41.505682
    -95.288864 41.505682
    -95.28887 41.505682
    -95.288876 41.505682
    -95.288882 41.505682
    -95.288887 41.505682
    -95.288892 41.505682
    -95.288897 41.505682
    -95.288901 41.505682
    -95.288905 41.505682
    -95.288909 41.505682
    -95.288912 41.505682
    -95.288915 41.505682
    -95.288918 41.505682
    -95.28892 41.505682
    -95.288922 41.505682
    -95.288924 41.505682
    -95.288926 41.505682
    -95.288928 41.505682
    -95.289041 41.505686
    -95.28966 41.505685
    -95.289697 41.505685
    -95.289711 41.505685
    -95.289716 41.505685
    -95.289719 41.505685
    -95.290557 41.505683
    -95.291972 41.505685
    -95.292591 41.505695
    -95.293142 41.505693
    -95.293711 41.505698
    -95.294411 41.505719
    -95.294889 41.505725
    -95.294916 41.505725
    -95.294944 41.505726
    -95.294963 41.505726
    -95.294972 41.505726
    -95.294976 41.505726
    -95.294978 41.505726
    -95.29498 41.505726
    -95.295726 41.50572
    -95.296736 41.50572
    -95.297557 41.505744
    -95.29805 41.50575
    -95.298091 41.505751
    -95.298105 41.505751
    -95.298114 41.505751
    -95.298928 41.505761
    -95.298937 41.505761
    -95.298938 41.505762
    -95.29894 41.505762
    -95.298942 41.505762
    -95.298946 41.505762
    -95.29896 41.505762
    -95.298974 41.505762
    -95.298988 41.505762
    -95.299074 41.505763
    -95.29934 41.505766
    -95.29944 41.505766
    -95.299453 41.505766
    -95.301384 41.505768
    -95.301433 41.505768
    -95.301469 41.505768
    -95.301689 41.505767
    -95.301725 41.505767
    -95.301769 41.505767
    -95.301821 41.505767
    -95.301881 41.505767
    -95.301949 41.505767
    -95.302024 41.505767
    -95.302103 41.505767
    -95.302184 41.505767
    -95.302189 41.505767
    -95.302193 41.505767
    -95.302195 41.505766
    -95.302205 41.505766
    -95.302226 41.505766
    -95.302264 41.505766
    -95.302762 41.505763
    -95.302858 41.505766
    -95.30286 41.505766
    -95.302862 41.505766
    -95.302864 41.505766
    -95.302866 41.505766
    -95.302868 41.505766
    -95.30287 41.505766
    -95.302872 41.505766
    -95.302874 41.505766
    -95.302876 41.505766
    -95.302878 41.505766
    -95.30288 41.505766
    -95.302882 41.505766
    -95.302884 41.505766
    -95.302886 41.505766
    -95.302888 41.505766
    -95.30289 41.505766
    -95.302892 41.505766
    -95.302894 41.505766
    -95.302896 41.505766
    -95.302898 41.505766
    -95.3029 41.505766
    -95.302902 41.505766
    -95.302904 41.505766
    -95.302907 41.505766
    -95.30291 41.505766
    -95.302913 41.505766
    -95.302916 41.505766
    -95.302919 41.505766
    -95.302922 41.505766
    -95.302926 41.505766
    -95.30293 41.505766
    -95.302934 41.505766
    -95.302938 41.505766
    -95.302943 41.505766
    -95.302948 41.505766
    -95.302953 41.505766
    -95.302959 41.505766
    -95.304049 41.505782
    -95.305734 41.505778
    -95.307549 41.50578
    -95.307554 41.50578
    -95.307636 41.50578
    -95.307819 41.505771
    -95.307837 41.505774
    -95.307903 41.505783
    -95.307946 41.505785
    -95.312349 41.505757
    -95.332195 41.505759
    -95.332208 41.505759
    -95.333343 41.50577
    -95.335504 41.505669
    -95.336707 41.505773
    -95.336721 41.505774
    -95.33689 41.505774
    -95.33691 41.505774
    -95.346511 41.505776
    -95.346579 41.505776
    -95.349789 41.505785
    -95.35031 41.505784
    -95.354376 41.505806
    -95.356283 41.505816
    -95.356296 41.505816
    -95.356311 41.505816
    -95.361447 41.505784
    -95.364356 41.505785
    -95.370189 41.505787
    -95.370631 41.505787
    -95.371085 41.505788
    -95.375364 41.505726
    -95.375789 41.50572
    -95.375807 41.50572
    -95.375889 41.505748
    -95.376019 41.505779
    -95.376279 41.505785
    -95.37948 41.5058
    -95.380193 41.505809
    -95.380547 41.505813
    -95.38186 41.505818
    -95.382109 41.505826
    -95.38211 41.505827
    -95.382112 41.505827
    -95.382116 41.505827
    -95.382123 41.505827
    -95.382137 41.505827
    -95.382767 41.505846
    -95.383601 41.505847
    -95.383612 41.505847
    -95.38413 41.505847
    -95.385078 41.505848
    -95.386047 41.505855
    -95.387666 41.505872
    -95.388159 41.505871
    -95.38931 41.505867
    -95.392592 41.505869
    -95.394618 41.505883
    -95.39513 41.505875
    -95.395893 41.505864
    -95.396721 41.505859
    -95.396723 41.505859
    -95.396725 41.505859
    -95.396727 41.505859
    -95.396729 41.505859
    -95.396732 41.505859
    -95.396736 41.505859
    -95.396742 41.505859
    -95.39675 41.505859
    -95.396761 41.505859
    -95.396777 41.505859
    -95.396799 41.505859
    -95.396831 41.505859
    -95.396877 41.505859
    -95.396947 41.505859
    -95.398225 41.505854
    -95.399315 41.505852
    -95.399341 41.505852
    -95.399347 41.505852
    -95.401286 41.505849
    -95.401687 41.505845
    -95.402833 41.505835
    -95.402843 41.505835
    -95.402908 41.505835
    -95.403032 41.505835
    -95.408521 41.505845
    -95.41907 41.505851
    -95.422132 41.505865
    -95.422153 41.505865
    -95.439528 41.505897
    -95.441393 41.505892
    -95.450957 41.505998
    -95.450973 41.505998
    -95.451368 41.505997
    -95.453443 41.506021
    -95.454101 41.506023
    -95.454106 41.506023
    -95.456157 41.506031
    -95.457431 41.506039
    -95.458554 41.506055
    -95.459359 41.506076
    -95.459688 41.506074
    -95.460613 41.506059
    -95.460629 41.506059
    -95.460998 41.506059
    -95.463182 41.50603
    -95.464298 41.506026
    -95.46588 41.506032
    -95.465882 41.506032
    -95.466277 41.50603
    -95.467658 41.506023
    -95.468573 41.506018
    -95.471388 41.506015
    -95.473649 41.50602
    -95.476219 41.506012
    -95.478152 41.505998
    -95.479892 41.505993
    -95.479908 41.505993
    -95.481508 41.506005
    -95.48582 41.506017
    -95.488137 41.506036
    -95.490421 41.506045
    -95.492371 41.506047
    -95.492854 41.506052
    -95.492859 41.506052
    -95.49338 41.506058
    -95.493708 41.506061
    -95.494418 41.506075
    -95.494423 41.506075
    -95.494429 41.506075
    -95.494436 41.506075
    -95.494445 41.506075
    -95.494456 41.506075
    -95.494469 41.506075
    -95.494484 41.506075
    -95.494502 41.506075
    -95.494522 41.506075
    -95.494526 41.506075
    -95.494528 41.506076
    -95.494534 41.506076
    -95.494545 41.506076
    -95.494918 41.506085
    -95.495355 41.506087
    -95.495696 41.506101
    -95.496027 41.506105
    -95.496669 41.506084
    -95.496673 41.506084
    -95.496677 41.506084
    -95.49668 41.506084
    -95.496683 41.506084
    -95.496686 41.506084
    -95.496688 41.506084
    -95.49669 41.506084
    -95.496692 41.506084
    -95.496694 41.506084
    -95.496697 41.506084
    -95.496699 41.506084
    -95.496701 41.506084
    -95.496703 41.506084
    -95.496705 41.506084
    -95.496707 41.506084
    -95.496816 41.506079
    -95.497446 41.506063
    -95.497997 41.506074
    -95.498077 41.513327
    -95.498082 41.516457
    -95.498086 41.519531
    -95.498087 41.520513
    -95.498087 41.520537
    -95.498087 41.520584
    -95.49808 41.521129
    -95.498023 41.526155
    -95.498022 41.526249
    -95.498021 41.526342
    -95.498016 41.526816
    -95.498004 41.527793
    -95.498024 41.52963
    -95.498029 41.53002
    -95.498086 41.535012
    -95.498077 41.549473
    -95.498078 41.550136
    -95.498061 41.55271
    -95.498066 41.554541
    -95.498082 41.555109
    -95.498078 41.556584
    -95.498075 41.556696
    -95.498064 41.557171
    -95.498105 41.559257
    -95.498104 41.560251
    -95.498121 41.561017
    -95.498082 41.561731
    -95.498093 41.562177
    -95.49805 41.563336
    -95.498045 41.563785
    -95.498037 41.563846
    -95.498027 41.56392
    -95.498027 41.563945
    -95.498037 41.564623
    -95.498037 41.564641
    -95.498037 41.564654
    -95.498037 41.564664
    -95.498037 41.564672
    -95.498037 41.564679
    -95.498037 41.564684
    -95.498037 41.564689
    -95.498037 41.564693
    -95.498037 41.564696
    -95.498037 41.564698
    -95.498037 41.5647
    -95.498037 41.564702
    -95.498037 41.564704
    -95.498037 41.564706
    -95.498037 41.564708
    -95.498042 41.56494
    -95.498035 41.565322
    -95.498035 41.565336
    -95.498035 41.565344
    -95.498035 41.565349
    -95.498034 41.565351
    -95.498034 41.565353
    -95.498034 41.56538
    -95.498034 41.565402
    -95.498034 41.56542
    -95.498025 41.565989
    -95.497993 41.568027
    -95.497998 41.568375
    -95.49802 41.568902
    -95.49802 41.568912
    -95.49802 41.56892
    -95.49802 41.568927
    -95.49802 41.568933
    -95.49802 41.568939
    -95.49802 41.568944
    -95.49802 41.568948
    -95.49802 41.568952
    -95.49802 41.568956
    -95.49802 41.568959
    -95.49802 41.568962
    -95.49802 41.568965
    -95.49802 41.568968
    -95.49802 41.56897
    -95.49802 41.568972
    -95.49802 41.568974
    -95.49802 41.568976
    -95.49802 41.568978
    -95.49802 41.568981
    -95.49802 41.568983
    -95.49802 41.568985
    -95.49802 41.568987
    -95.49802 41.568989
    -95.49802 41.568991
    -95.49802 41.568993
    -95.49802 41.568995
    -95.49802 41.568997
    -95.49802 41.568999
    -95.49802 41.569001
    -95.498026 41.569031
    -95.49803 41.56928
    -95.498051 41.569765
    -95.498053 41.570518
    -95.498042 41.571581
    -95.49801 41.572738
    -95.49803 41.573792
    -95.498031 41.573863
    -95.498039 41.57458
    -95.498038 41.575533
    -95.498018 41.576481
    -95.498018 41.57713
    -95.498018 41.577143
    -95.498018 41.577267
    -95.49801 41.578157
    -95.498028 41.578796
    -95.498027 41.578977
    -95.498027 41.579005
    -95.498026 41.579136
    -95.498001 41.579839
    -95.497976 41.580735
    -95.497967 41.581471
    -95.497968 41.582592
    -95.498009 41.583582
    -95.497995 41.584562
    -95.498001 41.584736
    -95.497987 41.585066
    -95.497982 41.585393
    -95.49794 41.585605
    -95.497941 41.585638
    -95.497964 41.586175
    -95.497983 41.586926
    -95.497965 41.587155
    -95.497977 41.587912
    -95.497976 41.588056
    -95.497973 41.589097
    -95.497985 41.590647
    -95.497985 41.590958
    -95.497985 41.59096
    -95.497986 41.591761
    -95.498014 41.592671
    -95.497995 41.593261
    -95.498003 41.593932
    -95.497998 41.594376
    -95.497992 41.594443
    -95.497992 41.594446
    -95.497992 41.594449
    -95.497992 41.594452
    -95.497992 41.594454
    -95.497992 41.594456
    -95.497992 41.594458
    -95.497992 41.59446
    -95.497992 41.594462
    -95.497992 41.594464
    -95.497992 41.594467
    -95.497992 41.594469
    -95.497992 41.594471
    -95.497992 41.594473
    -95.497992 41.594475
    -95.497992 41.594477
    -95.497992 41.594479
    -95.497991 41.594486
    -95.497971 41.594685
    -95.497963 41.594759
    -95.497945 41.594935
    -95.497942 41.595227
    -95.497932 41.596251
    -95.497793 41.602333
    -95.500743 41.602331
    -95.500763 41.602331
    -95.500868 41.602331
    -95.512162 41.602339
    -95.518247 41.602331
    -95.518291 41.602334
    -95.518346 41.602339
    -95.518568 41.602333
    -95.519119 41.602304
    -95.519237 41.6023
    -95.519297 41.602298
    -95.5193 41.602298
    -95.519457 41.602293
    -95.519786 41.602282
    -95.519797 41.602282
    -95.519801 41.602282
    -95.519802 41.602281
    -95.519805 41.602281
    -95.519812 41.602281
    -95.519818 41.602281
    -95.519822 41.602281
    -95.519824 41.602281
    -95.519963 41.602276
    -95.5259 41.602302
    -95.526629 41.602309
    -95.527065 41.602312
    -95.531438 41.602341
    -95.533843 41.602343
    -95.535353 41.602345
    -95.535399 41.602345
    -95.536695 41.602347
    -95.538534 41.602349
    -95.538545 41.602349
    -95.538716 41.602349
    -95.540312 41.602324
    -95.540448 41.602322
    -95.540539 41.602321
    -95.540749 41.602318
    -95.540889 41.602316
    -95.540892 41.602316
    -95.540894 41.602316
    -95.540895 41.602315
    -95.5409 41.602315
    -95.540908 41.602315
    -95.540916 41.602315
    -95.540922 41.602315
    -95.542004 41.602297
    -95.542009 41.6023
    -95.542052 41.602324
    -95.542094 41.602331
    -95.542196 41.60234
    -95.542198 41.60234
    -95.543724 41.602328
    -95.545245 41.60235
    -95.545769 41.602357
    -95.547149 41.602366
    -95.548621 41.602366
    -95.548628 41.602366
    -95.549164 41.602366
    -95.55036 41.602373
    -95.551501 41.602384
    -95.551504 41.602384
    -95.552095 41.60239
    -95.552739 41.602389
    -95.553325 41.602404
    -95.553389 41.602402
    -95.553394 41.602402
    -95.553584 41.602396
    -95.554091 41.602381
    -95.554498 41.602375
    -95.554711 41.602365
    -95.554714 41.602365
    -95.554717 41.602365
    -95.554721 41.602365
    -95.554725 41.602365
    -95.55473 41.602365
    -95.554735 41.602365
    -95.554741 41.602365
    -95.554747 41.602365
    -95.554754 41.602365
    -95.554762 41.602365
    -95.554771 41.602365
    -95.555511 41.602327
    -95.555513 41.602327
    -95.555515 41.602327
    -95.555517 41.602327
    -95.555518 41.602326
    -95.555524 41.602326
    -95.555543 41.602325
    -95.555604 41.602322
    -95.55567 41.602319
    -95.555696 41.602318
    -95.55722 41.602308
    -95.558143 41.602383
    -95.55814 41.602404
    -95.558084 41.602866
    -95.558084 41.602868
    -95.558084 41.60287
    -95.558083 41.602871
    -95.558083 41.602875
    -95.558083 41.602892
    -95.558082 41.603276
    -95.558066 41.603874
    -95.558066 41.603877
    -95.558066 41.603887
    -95.558066 41.603905
    -95.558065 41.603937
    -95.558064 41.603969
    -95.558063 41.604013
    -95.558063 41.604018
    -95.558063 41.60402
    -95.558062 41.604021
    -95.558062 41.604024
    -95.558062 41.604032
    -95.558062 41.604037
    -95.558062 41.604039
    -95.558061 41.604066
    -95.558059 41.604139
    -95.558056 41.604265
    -95.55805 41.604494
    -95.55805 41.604498
    -95.55805 41.604501
    -95.55805 41.604505
    -95.558041 41.604842
    -95.558024 41.605509
    -95.558024 41.605513
    -95.558016 41.605805
    -95.557976 41.60675
    -95.557982 41.606961
    -95.558013 41.607743
    -95.557986 41.608561
    -95.557962 41.608917
    -95.55796 41.609563
    -95.55796 41.609751
    -95.55796 41.609917
    -95.557978 41.610134
    -95.557947 41.611229
    -95.557939 41.611528
    -95.557939 41.61155
    -95.557939 41.611554
    -95.557938 41.611555
    -95.557938 41.611557
    -95.557938 41.611563
    -95.557938 41.611574
    -95.55792 41.612916
    -95.557929 41.613071
    -95.557929 41.613073
    -95.557929 41.613075
    -95.557929 41.613077
    -95.557929 41.613079
    -95.557929 41.613081
    -95.557929 41.613083
    -95.557929 41.613085
    -95.557929 41.613087
    -95.557929 41.613089
    -95.557962 41.613734
    -95.557958 41.613886
    -95.557962 41.614996
    -95.557949 41.616839
    -95.557948 41.616866
    -95.557923 41.617349
    -95.557922 41.617351
    -95.557922 41.617353
    -95.557922 41.617356
    -95.557922 41.617359
    -95.557922 41.617361
    -95.557913 41.617532
    -95.557896 41.618566
    -95.55789 41.618955
    -95.5579 41.619189
    -95.557908 41.622573
    -95.557904 41.624316
    -95.557918 41.62515
    -95.557918 41.625154
    -95.557919 41.625156
    -95.557919 41.625158
    -95.557919 41.625165
    -95.557919 41.625179
    -95.557919 41.625206
    -95.557919 41.625231
    -95.557919 41.625254
    -95.557919 41.625275
    -95.557919 41.625294
    -95.557919 41.625312
    -95.557919 41.625328
    -95.557919 41.625342
    -95.557919 41.625355
    -95.557919 41.625366
    -95.557919 41.625376
    -95.557919 41.625385
    -95.557919 41.625393
    -95.55793 41.626195
    -95.557974 41.627607
    -95.557953 41.629182
    -95.557953 41.631355
    -95.557953 41.631375
    -95.557943 41.632731
    -95.557942 41.634624
    -95.557928 41.636159
    -95.55792 41.638698
    -95.55792 41.638704
    -95.557917 41.639637
    -95.557917 41.639639
    -95.557916 41.639782
    -95.557904 41.641661
    -95.557906 41.642379
    -95.557906 41.642417
    -95.557909 41.643208
    -95.557892 41.644364
    -95.557893 41.645826
    -95.557893 41.645835
    -95.557887 41.646952
    -95.557867 41.647013
    -95.557867 41.647015
    -95.557867 41.647017
    -95.557867 41.647019
    -95.557867 41.647021
    -95.557867 41.647023
    -95.557867 41.647025
    -95.557867 41.647027
    -95.557867 41.647029
    -95.557867 41.647031
    -95.557867 41.647033
    -95.557867 41.647035
    -95.557867 41.647037
    -95.557867 41.647039
    -95.557867 41.647041
    -95.557867 41.647043
    -95.557867 41.647045
    -95.557867 41.647047
    -95.557867 41.647049
    -95.557867 41.647051
    -95.557867 41.647053
    -95.557867 41.647055
    -95.557867 41.647057
    -95.557867 41.647059
    -95.557867 41.647061
    -95.557867 41.647063
    -95.557867 41.647065
    -95.557867 41.647067
    -95.557867 41.647069
    -95.557867 41.647071
    -95.557867 41.647073
    -95.557867 41.647075
    -95.557867 41.647077
    -95.557867 41.647079
    -95.557867 41.647081
    -95.557867 41.647083
    -95.557867 41.647085
    -95.557867 41.647087
    -95.557867 41.647089
    -95.557867 41.647091
    -95.557867 41.647093
    -95.557867 41.647095
    -95.557867 41.647097
    -95.557867 41.647099
    -95.557867 41.647101
    -95.557867 41.647103
    -95.557867 41.647105
    -95.557867 41.647107
    -95.557867 41.647109
    -95.557867 41.647111
    -95.557867 41.647113
    -95.557867 41.647115
    -95.557867 41.647117
    -95.557867 41.647119
    -95.557867 41.647121
    -95.557867 41.647123
    -95.557867 41.647125
    -95.557867 41.647127
    -95.557867 41.647129
    -95.557867 41.647131
    -95.557867 41.647133
    -95.557867 41.647135
    -95.557867 41.647137
    -95.557867 41.647139
    -95.557867 41.647141
    -95.557867 41.647143
    -95.557867 41.647145
    -95.557867 41.647147
    -95.557867 41.647149
    -95.557867 41.647151
    -95.557867 41.647153
    -95.557867 41.647155
    -95.557867 41.647157
    -95.557867 41.647159
    -95.557867 41.647161
    -95.557867 41.647163
    -95.557867 41.647165
    -95.557867 41.647167
    -95.557867 41.647169
    -95.557867 41.647171
    -95.557867 41.647173
    -95.557867 41.647175
    -95.557867 41.647177
    -95.557867 41.647179
    -95.557867 41.647181
    -95.557867 41.647183
    -95.557867 41.647185
    -95.557867 41.647187
    -95.557867 41.647189
    -95.557867 41.647191
    -95.557867 41.647193
    -95.557867 41.647195
    -95.557867 41.647197
    -95.557867 41.647199
    -95.557867 41.647201
    -95.557867 41.647203
    -95.557867 41.647205
    -95.557867 41.647207
    -95.557867 41.647209
    -95.557867 41.647211
    -95.557867 41.647214
    -95.557867 41.647217
    -95.557867 41.64722
    -95.557867 41.647223
    -95.557867 41.647226
    -95.557867 41.647229
    -95.557867 41.647232
    -95.557867 41.647235
    -95.557867 41.647238
    -95.557867 41.647241
    -95.557867 41.647244
    -95.557867 41.647247
    -95.557867 41.64725
    -95.557867 41.647253
    -95.557867 41.647256
    -95.557867 41.647259
    -95.557867 41.647262
    -95.557867 41.647265
    -95.557867 41.647268
    -95.557867 41.647271
    -95.557867 41.647274
    -95.557867 41.647277
    -95.557867 41.64728
    -95.557867 41.647283
    -95.557867 41.647286
    -95.557867 41.647289
    -95.557867 41.647292
    -95.557867 41.647295
    -95.557867 41.647299
    -95.557867 41.647303
    -95.557867 41.647307
    -95.557867 41.647311
    -95.557867 41.647315
    -95.557867 41.647319
    -95.557867 41.647323
    -95.557867 41.647327
    -95.557867 41.647331
    -95.557867 41.647335
    -95.557867 41.647339
    -95.557867 41.647343
    -95.557867 41.647347
    -95.557867 41.647351
    -95.557867 41.647355
    -95.557867 41.647359
    -95.557867 41.647363
    -95.557867 41.647367
    -95.557867 41.647371
    -95.557867 41.647376
    -95.557867 41.647381
    -95.557867 41.647386
    -95.557867 41.647391
    -95.557867 41.647396
    -95.557867 41.647401
    -95.557867 41.647406
    -95.557867 41.647411
    -95.557867 41.647416
    -95.557867 41.647421
    -95.557867 41.647426
    -95.557867 41.647431
    -95.557867 41.647436
    -95.557867 41.647441
    -95.557867 41.647447
    -95.557867 41.647453
    -95.557867 41.647459
    -95.557867 41.647465
    -95.557867 41.647471
    -95.557867 41.647477
    -95.557867 41.647483
    -95.557867 41.647489
    -95.557867 41.647495
    -95.557867 41.647501
    -95.557867 41.647507
    -95.557867 41.647514
    -95.557867 41.647521
    -95.557867 41.647528
    -95.557867 41.647535
    -95.557867 41.647542
    -95.557867 41.647549
    -95.557867 41.647556
    -95.557867 41.647563
    -95.557867 41.64757
    -95.557867 41.647578
    -95.557867 41.647586
    -95.557867 41.647594
    -95.557867 41.647602
    -95.557867 41.64761
    -95.557867 41.647618
    -95.557867 41.647626
    -95.557867 41.647634
    -95.557867 41.647643
    -95.557867 41.647652
    -95.557867 41.647661
    -95.557867 41.64767
    -95.557867 41.647679
    -95.557867 41.647688
    -95.557867 41.647698
    -95.557867 41.647708
    -95.557867 41.647718
    -95.557867 41.647728
    -95.557867 41.647738
    -95.557867 41.647749
    -95.557867 41.64776
    -95.557867 41.647771
    -95.557867 41.647782
    -95.557867 41.647793
    -95.557867 41.647805
    -95.557867 41.647817
    -95.557867 41.647829
    -95.557867 41.647841
    -95.557867 41.647854
    -95.557867 41.647867
    -95.557867 41.64788
    -95.557867 41.647893
    -95.557867 41.647907
    -95.557867 41.647921
    -95.557867 41.647935
    -95.557867 41.64795
    -95.557867 41.647965
    -95.557867 41.64798
    -95.557867 41.647996
    -95.557867 41.648012
    -95.557867 41.648028
    -95.557867 41.648045
    -95.557867 41.648062
    -95.557867 41.648079
    -95.557867 41.648097
    -95.557867 41.648115
    -95.557867 41.648134
    -95.557867 41.648153
    -95.557867 41.648173
    -95.557867 41.648193
    -95.557867 41.648214
    -95.557867 41.648235
    -95.557867 41.648257
    -95.557867 41.648279
    -95.557867 41.648302
    -95.557867 41.648325
    -95.557866 41.648419
    -95.557865 41.651704
    -95.557868 41.651712
    -95.557868 41.651714
    -95.557868 41.651716
    -95.557868 41.651718
    -95.557868 41.65172
    -95.557868 41.651722
    -95.557868 41.651724
    -95.557868 41.651726
    -95.557868 41.651728
    -95.557868 41.65173
    -95.557868 41.651732
    -95.557868 41.651734
    -95.557868 41.651736
    -95.557868 41.651738
    -95.557868 41.65174
    -95.557868 41.651742
    -95.557868 41.651745
    -95.557868 41.651748
    -95.557868 41.651751
    -95.557868 41.651754
    -95.557868 41.651757
    -95.557868 41.65176
    -95.557868 41.651764
    -95.557868 41.651768
    -95.557868 41.651772
    -95.557868 41.651776
    -95.557868 41.651781
    -95.557868 41.651786
    -95.557868 41.651791
    -95.557868 41.651796
    -95.557868 41.651802
    -95.557868 41.651808
    -95.557868 41.651814
    -95.557868 41.651821
    -95.557868 41.651828
    -95.557868 41.651836
    -95.557868 41.651844
    -95.557868 41.651852
    -95.557868 41.651861
    -95.557868 41.65187
    -95.557868 41.65188
    -95.557868 41.65189
    -95.557868 41.651901
    -95.557868 41.651912
    -95.557868 41.651924
    -95.557868 41.651936
    -95.557868 41.651949
    -95.557868 41.651962
    -95.557868 41.651976
    -95.557868 41.65199
    -95.557868 41.652005
    -95.557868 41.652021
    -95.557868 41.652037
    -95.557868 41.652054
    -95.557868 41.652071
    -95.557868 41.652089
    -95.557868 41.652107
    -95.557868 41.652126
    -95.557868 41.652145
    -95.557868 41.652165
    -95.557868 41.652185
    -95.557868 41.652206
    -95.557868 41.652227
    -95.557868 41.652248
    -95.557873 41.653212
    -95.557871 41.654958
    -95.557867 41.655088
    -95.557867 41.655092
    -95.557866 41.655094
    -95.557866 41.655096
    -95.557866 41.655103
    -95.557866 41.655119
    -95.557866 41.655136
    -95.557866 41.655154
    -95.557866 41.655174
    -95.557866 41.655195
    -95.557866 41.655217
    -95.557866 41.65524
    -95.557849 41.656304
    -95.557865 41.656545
    -95.557865 41.65655
    -95.557865 41.656554
    -95.557865 41.656557
    -95.557865 41.656559
    -95.557865 41.656561
    -95.557865 41.656563
    -95.557865 41.656565
    -95.557867 41.656568
    -95.55789 41.656743
    -95.557891 41.657687
    -95.557879 41.657869
    -95.55786 41.657937
    -95.557862 41.658706
    -95.557862 41.65876
    -95.557879 41.659634
    -95.557879 41.65964
    -95.557879 41.659642
    -95.557879 41.659645
    -95.557879 41.659649
    -95.55788 41.659651
    -95.55788 41.659666
    -95.557881 41.659721
    -95.557886 41.660005
    -95.557892 41.660304
    -95.557892 41.660313
    -95.557888 41.660447
    -95.557888 41.660456
    -95.557888 41.660468
    -95.557888 41.660475
    -95.557888 41.66048
    -95.557888 41.660482
    -95.557887 41.660483
    -95.557887 41.660485
    -95.557866 41.661192
    -95.557871 41.662353
    -95.557871 41.662357
    -95.557871 41.662369
    -95.557872 41.662651
    -95.557888 41.664689
    -95.557876 41.666587
    -95.557857 41.667002
    -95.557857 41.667013
    -95.557857 41.667024
    -95.557857 41.667035
    -95.557857 41.667046
    -95.557857 41.667057
    -95.557857 41.667068
    -95.557857 41.667079
    -95.557857 41.66709
    -95.557857 41.667101
    -95.557857 41.667112
    -95.557857 41.667123
    -95.557857 41.667133
    -95.557857 41.667143
    -95.557857 41.667153
    -95.557857 41.667163
    -95.557857 41.667173
    -95.557857 41.667183
    -95.557857 41.667193
    -95.557857 41.667202
    -95.557857 41.667211
    -95.557857 41.66722
    -95.557857 41.667229
    -95.557857 41.667238
    -95.557821 41.668485
    -95.557821 41.668497
    -95.557819 41.668552
    -95.557855 41.669412
    -95.557855 41.669414
    -95.557855 41.669416
    -95.557855 41.669418
    -95.557855 41.66942
    -95.557855 41.669422
    -95.557855 41.669424
    -95.557855 41.669426
    -95.557855 41.669428
    -95.557855 41.66943
    -95.557855 41.669432
    -95.557855 41.669434
    -95.557855 41.669436
    -95.557855 41.669438
    -95.557855 41.66944
    -95.557855 41.669442
    -95.557855 41.669444
    -95.557855 41.669446
    -95.557855 41.669448
    -95.557855 41.66945
    -95.557855 41.669452
    -95.557855 41.669454
    -95.557855 41.669456
    -95.557855 41.669458
    -95.557855 41.66946
    -95.557855 41.669462
    -95.557855 41.669464
    -95.557855 41.669466
    -95.557855 41.669468
    -95.557855 41.66947
    -95.557855 41.669472
    -95.557855 41.669474
    -95.557855 41.669476
    -95.557855 41.669478
    -95.557855 41.66948
    -95.557855 41.669482
    -95.557855 41.669485
    -95.557855 41.669488
    -95.557855 41.669491
    -95.557855 41.669494
    -95.557855 41.669497
    -95.557855 41.6695
    -95.557855 41.669503
    -95.557855 41.669506
    -95.557855 41.669509
    -95.557855 41.669512
    -95.557855 41.669516
    -95.557855 41.66952
    -95.557855 41.669524
    -95.557855 41.669528
    -95.557855 41.669532
    -95.557855 41.669536
    -95.557855 41.66954
    -95.557855 41.669544
    -95.557855 41.669549
    -95.557855 41.669554
    -95.557855 41.669559
    -95.557855 41.669564
    -95.557855 41.669569
    -95.557855 41.669575
    -95.557855 41.669581
    -95.557855 41.669587
    -95.557855 41.669593
    -95.557855 41.669599
    -95.557855 41.669606
    -95.557855 41.669613
    -95.557855 41.66962
    -95.557855 41.669628
    -95.557855 41.669636
    -95.557855 41.669644
    -95.557855 41.669652
    -95.557855 41.669661
    -95.557855 41.66967
    -95.557855 41.66968
    -95.557855 41.66969
    -95.557855 41.6697
    -95.557855 41.669711
    -95.557855 41.669722
    -95.557855 41.669734
    -95.557855 41.669747
    -95.557855 41.66976
    -95.557855 41.669774
    -95.557855 41.669788
    -95.557855 41.669803
    -95.557855 41.669819
    -95.55787 41.670371
    -95.557854 41.671953
    -95.557853 41.673755
    -95.55786 41.674829
    -95.55786 41.674838
    -95.557809 41.688252
    -95.557806 41.688946
    -95.557805 41.689136
    -95.557805 41.689168
    -95.557787 41.690909
    -95.557782 41.691397
    -95.55778 41.691605
    -95.557779 41.691693
    -95.557779 41.691699
    -95.557779 41.691703
    -95.557778 41.691704
    -95.557778 41.691706
    -95.557778 41.691718
    -95.557778 41.691731
    -95.557769 41.692592
    -95.557752 41.694254
    -95.557734 41.696002
    -95.557725 41.696283
    -95.557725 41.696291
    -95.557725 41.696295
    -95.557732 41.696702
    -95.557732 41.696709
    -95.557732 41.696719
    -95.557732 41.696892
    -95.557732 41.696948
    -95.557733 41.696949
    -95.557733 41.696951
    -95.557733 41.696953
    -95.557733 41.696957
    -95.557733 41.696965
    -95.557733 41.69698
    -95.557733 41.697002
    -95.557733 41.697004
    -95.557733 41.697075
    -95.557733 41.697134
    -95.557733 41.697168
    -95.557734 41.697669
    -95.557735 41.698172
    -95.557735 41.698181
    -95.557737 41.698317
    -95.557737 41.698319
    -95.557738 41.698321
    -95.557738 41.698325
    -95.557738 41.698332
    -95.557738 41.698345
    -95.557738 41.698371
    -95.557757 41.699744
    -95.55771 41.703186
    -95.557703 41.703512
    -95.557703 41.70352
    -95.557702 41.703521
    -95.557702 41.703523
    -95.557702 41.703527
    -95.557702 41.703538
    -95.5577 41.703629
    -95.557698 41.703699
    -95.557697 41.70374
    -95.557697 41.703755
    -95.557697 41.703768
    -95.557696 41.703803
    -95.557646 41.706109
    -95.557623 41.706595
    -95.557623 41.706603
    -95.557623 41.706605
    -95.557623 41.706607
    -95.557622 41.706608
    -95.557622 41.706613
    -95.557622 41.706619
    -95.557602 41.707032
    -95.557617 41.707521
    -95.557618 41.707563
    -95.557619 41.707594
    -95.557619 41.707602
    -95.557619 41.707606
    -95.557619 41.707609
    -95.55762 41.70761
    -95.55762 41.707612
    -95.55762 41.707619
    -95.557721 41.710853
    -95.557789 41.71236
    -95.557747 41.712564
    -95.557746 41.712566
    -95.557712 41.712729
    -95.55767 41.712877
    -95.557684 41.712997
    -95.557663 41.713084
    -95.557657 41.713473
    -95.557664 41.713918
    -95.557664 41.713924
    -95.557666 41.714069
    -95.557666 41.714094
    -95.557666 41.714101
    -95.557668 41.714261
    -95.557669 41.714301
    -95.557655 41.714797
    -95.557655 41.714806
    -95.557655 41.714811
    -95.557655 41.714814
    -95.557655 41.714817
    -95.55765 41.714952
    -95.557651 41.715422
    -95.557653 41.71636
    -95.557666 41.716905
    -95.557665 41.717114
    -95.557715 41.717929
    -95.557715 41.717948
    -95.557715 41.717992
    -95.557715 41.718209
    -95.55768 41.718916
    -95.557674 41.719696
    -95.55769 41.720055
    -95.55769 41.720061
    -95.55769 41.720066
    -95.55769 41.720069
    -95.55769 41.720072
    -95.55769 41.720074
    -95.55769 41.720077
    -95.55769 41.720079
    -95.557718 41.720662
    -95.557741 41.721637
    -95.557698 41.722793
    -95.557703 41.723296
    -95.557694 41.724146
    -95.557664 41.72497
    -95.557617 41.725136
    -95.557603 41.725186
    -95.557597 41.725208
    -95.557577 41.725277
    -95.55754 41.725644
    -95.557504 41.726534
    -95.557496 41.72692
    -95.557503 41.72722
    -95.557489 41.727599
    -95.557489 41.727604
    -95.557483 41.727779
    -95.557498 41.728419
    -95.557497 41.72864
    -95.557507 41.728756
    -95.557508 41.728766
    -95.557535 41.729073
    -95.55755 41.729786
    -95.55755 41.729791
    -95.55755 41.729794
    -95.55755 41.729796
    -95.55755 41.729798
    -95.557566 41.730528
    -95.557538 41.732299
    -95.557512 41.732398
    -95.557512 41.7324
    -95.557512 41.732402
    -95.557512 41.732404
    -95.557512 41.732406
    -95.557512 41.732408
    -95.557512 41.732411
    -95.557512 41.732427
    -95.557512 41.732437
    -95.557477 41.743117
    -95.55739 41.746926
    -95.55739 41.746953
    -95.557383 41.749059
    -95.55738 41.750094
    -95.557373 41.752206
    -95.557371 41.752736
    -95.55737 41.752919
    -95.55737 41.752952
    -95.55737 41.752969
    -95.55737 41.753002
    -95.55737 41.753051
    -95.55737 41.753055
    -95.55737 41.753058
    -95.557369 41.753059
    -95.557369 41.753067
    -95.557369 41.753081
    -95.557369 41.753104
    -95.557367 41.753787
    -95.557366 41.754177
    -95.557366 41.754187
    -95.557366 41.754194
    -95.557366 41.754199
    -95.557366 41.754203
    -95.557366 41.754206
    -95.557366 41.754208
    -95.557366 41.75421
    -95.557366 41.754212
    -95.557368 41.754444
    -95.557385 41.754467
    -95.557395 41.754481
    -95.557408 41.754584
    -95.557399 41.754917
    -95.557399 41.754971
    -95.557399 41.754974
    -95.5574 41.755076
    -95.557401 41.755331
    -95.557401 41.755333
    -95.557401 41.755337
    -95.557401 41.755357
    -95.557406 41.756866
    -95.557417 41.75726
    -95.557376 41.757795
    -95.557361 41.757872
    -95.55736 41.757873
    -95.55736 41.757875
    -95.557332 41.758021
    -95.557231 41.758268
    -95.557168 41.758477
    -95.557059 41.758845
    -95.557042 41.759057
    -95.557027 41.759239
    -95.557027 41.759438
    -95.557088 41.759534
    -95.557197 41.759644
    -95.55733 41.759823
    -95.55735 41.75985
    -95.557424 41.759979
    -95.557387 41.760507
    -95.557363 41.761478
    -95.557364 41.761487
    -95.557385 41.761674
    -95.557375 41.762997
    -95.557379 41.765111
    -95.557385 41.76554
    -95.557385 41.765546
    -95.557398 41.766487
    -95.55743 41.767866
    -95.557424 41.768132
    -95.557424 41.768134
    -95.557413 41.768564
    -95.557382 41.769033
    -95.557372 41.770011
    -95.557377 41.771157
    -95.557371 41.772115
    -95.557333 41.773162
    -95.557322 41.773581
    -95.557322 41.773589
    -95.557322 41.773596
    -95.557322 41.773603
    -95.557322 41.773609
    -95.557322 41.773615
    -95.557322 41.77362
    -95.557322 41.773624
    -95.557322 41.773628
    -95.557322 41.773631
    -95.557322 41.773634
    -95.557322 41.773636
    -95.557322 41.773638
    -95.557322 41.773641
    -95.557322 41.773643
    -95.557322 41.773645
    -95.55732 41.773648
    -95.557321 41.773733
    -95.557321 41.773757
    -95.557321 41.773778
    -95.557321 41.773796
    -95.557321 41.773812
    -95.557321 41.773827
    -95.557321 41.77384
    -95.557321 41.773852
    -95.557321 41.773862
    -95.557321 41.773871
    -95.557321 41.773879
    -95.557321 41.773887
    -95.557321 41.773894
    -95.557321 41.7739
    -95.557321 41.773906
    -95.557321 41.773911
    -95.557321 41.773916
    -95.557321 41.77392
    -95.557321 41.773924
    -95.557321 41.773927
    -95.557321 41.77393
    -95.557321 41.773933
    -95.557321 41.773936
    -95.557321 41.773938
    -95.557321 41.77394
    -95.557321 41.773942
    -95.557321 41.773944
    -95.557321 41.773946
    -95.557321 41.773948
    -95.557321 41.77395
    -95.557321 41.773952
    -95.557321 41.773954
    -95.557321 41.773956
    -95.557344 41.77503
    -95.557356 41.776391
    -95.557356 41.776396
    -95.557357 41.776489
    -95.557349 41.777995
    -95.557355 41.779586
    -95.557336 41.780966
    -95.557329 41.782419
    -95.557332 41.782673
    -95.557345 41.783624
    -95.557345 41.783641
    -95.557358 41.784611
    -95.557232 41.789123
    -95.557195 41.790894
    -95.557213 41.793784
    -95.557247 41.796372
    -95.557271 41.798153
    -95.557233 41.802862
    -95.55721 41.805452
    -95.557227 41.806399
    -95.557206 41.825524
    -95.557194 41.825744
    -95.557214 41.825844
    -95.557182 41.830684
    -95.557186 41.830819
    -95.557186 41.830886
    -95.557165 41.838719
    -95.557172 41.838948
    -95.557177 41.839155
    -95.557144 41.856242
    -95.557145 41.856264
    -95.557175 41.863063
    -95.557277 41.863449
    -95.557077 41.863456
    -95.555637 41.863503
    -95.550475 41.863517
    -95.550161 41.863518
    -95.538781 41.863539
    -95.537509 41.863536
    -95.524029 41.8635
    -95.51316 41.863472
    -95.507822 41.863458
    -95.507448 41.863457
    -95.500301 41.863418
    -95.493829 41.863374
    -95.491979 41.863367
    -95.491475 41.863365
    -95.490681 41.863346
    -95.487307 41.863325
    -95.486348 41.863309
    -95.484683 41.863302
    -95.483957 41.86331
    -95.483314 41.863296
    -95.480845 41.863277
    -95.479224 41.863279
    -95.478654 41.863284
    -95.47775 41.863264
    -95.475561 41.863246
    -95.474717 41.86325
    -95.472819 41.86324
    -95.471372 41.863213
    -95.470268 41.863208
    -95.468082 41.863219
    -95.46661 41.8632
    -95.465525 41.863173
    -95.46156 41.863163
    -95.460786 41.863172
    -95.459662 41.863164
    -95.456547 41.863197
    -95.45336 41.863262
    -95.440528 41.863236
    -95.440367 41.863232
    -95.439973 41.863247
    -95.43936 41.863227
    -95.438957 41.863232
    -95.437956 41.86322
    -95.437127 41.863228
    -95.436552 41.863247
    -95.436353 41.863254
    -95.436052 41.863256
    -95.435577 41.863258
    -95.432529 41.86324
    -95.43213 41.863238
    -95.430482 41.863243
    -95.430218 41.863252
    -95.429956 41.863257
    -95.429772 41.86326
    -95.429327 41.863268
    -95.429065 41.863273
    -95.428976 41.863248
    -95.42867 41.863198
    -95.428289 41.863187
    -95.428148 41.86319
    -95.427707 41.863199
    -95.426327 41.863202
    -95.4256 41.863211
    -95.424526 41.86324
    -95.424213 41.863227
    -95.424177 41.863222
    -95.424146 41.863222
    -95.421605 41.863199
    -95.408946 41.863314
    -95.402205 41.863538
    -95.402033 41.863541
    -95.402013 41.863541
    -95.402002 41.863539
    -95.401953 41.863531
    -95.401518 41.863517
    -95.398762 41.863539
    -95.396583 41.863575
    -95.395729 41.8636
    -95.39545 41.863608
    -95.394031 41.86361
    -95.392545 41.863601
    -95.391721 41.863602
    -95.390924 41.863604
    -95.3889 41.863614
    -95.387667 41.86364
    -95.385137 41.863672
    -95.384405 41.863672
    -95.383285 41.863673
    -95.383109 41.863689
    -95.383025 41.863736
    -95.38299 41.863798
    -95.375278 41.863837
    -95.374523 41.863841
    -95.373004 41.863848
    -95.37065 41.86386
    -95.366497 41.863881
    -95.365515 41.863827
    -95.363659 41.86385
    -95.363324 41.863858
    -95.363311 41.863853
    -95.363256 41.863833
    -95.363134 41.863822
    -95.362872 41.863813
    -95.362327 41.863829
    -95.360018 41.863872
    -95.358298 41.863885
    -95.356049 41.863917
    -95.355996 41.863917
    -95.35462 41.863937
    -95.352676 41.863964
    -95.350976 41.863976
    -95.349461 41.863993
    -95.347766 41.864012
    -95.346142 41.863994
    -95.344809 41.863997
    -95.344189 41.863999
    -95.333402 41.86412
    -95.331489 41.86413
    -95.32484 41.864121
    -95.324832 41.864115
    -95.324813 41.8641
    -95.324792 41.864102
    -95.32412 41.864177
    -95.324103 41.864179
    -95.324091 41.86418
    -95.324076 41.864182
    -95.324048 41.864189
    -95.323939 41.864195
    -95.323736 41.864207
    -95.322004 41.864169
    -95.318758 41.864169
    -95.318386 41.864169
    -95.317095 41.864146
    -95.316035 41.86414
    -95.315211 41.864146
    -95.31513 41.864147
    -95.313985 41.864147
    -95.312743 41.864148
    -95.30703 41.864129
    -95.305511 41.86413
    -95.303456 41.864126
    -95.302131 41.864123
    -95.302087 41.864123
    -95.302076 41.864123
    -95.301591 41.864122
    -95.300903 41.864123
    -95.298934 41.864096
    -95.296411 41.864084
    -95.295611 41.864083
    -95.292351 41.864081
    -95.292186 41.864081
    -95.292098 41.86408
    -95.290957 41.864067
    -95.287459 41.864038
    -95.28722 41.864036
    -95.286203 41.864028
    -95.285808 41.864015
    -95.285434 41.864002
    -95.285359 41.864001
    -95.284986 41.863994
    -95.284356 41.863992
    -95.28338 41.863989
    -95.282336 41.863977
    -95.281614 41.863951
    -95.278878 41.863924
    -95.278743 41.863922
    -95.278718 41.863922
    -95.278108 41.863913
    -95.276316 41.863888
    -95.274038 41.863876
    -95.27263 41.863863
    -95.272589 41.863863
    -95.270719 41.863857
    -95.269584 41.863854
    -95.267759 41.863835
    -95.266866 41.863841
    -95.262191 41.86387
    -95.259033 41.863869
    -95.258135 41.863901
    -95.257279 41.8639
    -95.255336 41.863899
    -95.252396 41.863897
    -95.250089 41.863915
    -95.249504 41.863887
    -95.249062 41.863882
    -95.247645 41.863914
    -95.246809 41.863915
    -95.245412 41.863929
    -95.244435 41.863925
    -95.243829 41.863913
    -95.242557 41.863915
    -95.239274 41.863873
    -95.238489 41.86387
    -95.237492 41.863839
    -95.236163 41.86386
    -95.235218 41.863855
    -95.23166 41.863832
    -95.229532 41.863809
    -95.228325 41.863809
    -95.227554 41.863798
    -95.223457 41.863784
    -95.222807 41.863782
    -95.220882 41.863776
    -95.216671 41.86375
    -95.212341 41.863735
    -95.209583 41.863713
    -95.209166 41.86371
    -95.209064 41.863709
    -95.209023 41.863709
END
END
