35015 Eddy County
1
    -104.329638 32.000188
    -104.341767 32.00012
    -104.350917 32.00012
    -104.375498 32.000118
    -104.407157 32.000118
    -104.411506 32.000118
    -104.417459 32.000118
    -104.423558 32.000118
    -104.42362 32.000118
    -104.460888 32.000118
    -104.463786 32.000118
    -104.466406 32.000116
    -104.490919 32.000174
    -104.490957 32.000175
    -104.491758 32.000196
    -104.49176 32.000196
    -104.493483 32.000146
    -104.493619 32.000148
    -104.5005 32.000222
    -104.531068 32.000309
    -104.531604 32.00031
    -104.531916 32.00031
    -104.531926 32.00031
    -104.531937 32.000311
    -104.532177 32.00031
    -104.532342 32.00031
    -104.532751 32.000307
    -104.533723 32.000305
    -104.534284 32.000303
    -104.534631 32.000301
    -104.542808 32.000272
    -104.543244 32.00027
    -104.543519 32.000269
    -104.544364 32.000266
    -104.545881 32.000261
    -104.546223 32.000259
    -104.546309 32.000258
    -104.546444 32.000259
    -104.547013 32.000257
    -104.547337 32.000255
    -104.547599 32.000255
    -104.549162 32.000248
    -104.56631 32.000189
    -104.56631 32.000188
    -104.574248 32.000168
    -104.574668 32.000174
    -104.585783 32.000249
    -104.607583 32.000398
    -104.607588 32.000398
    -104.62617 32.000422
    -104.630304 32.000416
    -104.631139 32.000421
    -104.640409 32.000394
    -104.640914 32.000396
    -104.641652 32.000408
    -104.643525 32.000442
    -104.644273 32.000441
    -104.644294 32.000441
    -104.647322 32.000432
    -104.647323 32.000432
    -104.670846 32.000408
    -104.67177 32.000407
    -104.691337 32.000388
    -104.691858 32.000387
    -104.701317 32.000378
    -104.701395 32.000377
    -104.701735 32.000376
    -104.702248 32.000377
    -104.702481 32.000377
    -104.70258 32.000376
    -104.714908 32.00037
    -104.715132 32.00037
    -104.721084 32.000367
    -104.731473 32.000361
    -104.736823 32.00041
    -104.740564 32.000445
    -104.750503 32.000537
    -104.754859 32.000526
    -104.755096 32.000526
    -104.762906 32.000508
    -104.768177 32.000578
    -104.776185 32.00042
    -104.786892 32.000465
    -104.788289 32.00047
    -104.78829 32.00047
    -104.794431 32.000496
    -104.794603 32.000496
    -104.800591 32.000655
    -104.800725 32.000659
    -104.800928 32.000663
    -104.802698 32.000658
    -104.802851 32.000657
    -104.82065 32.000593
    -104.829526 32.000642
    -104.832698 32.000659
    -104.832823 32.00066
    -104.833441 32.000664
    -104.833934 32.000658
    -104.834097 32.000657
    -104.841756 32.00058
    -104.847757 32.00052
    -104.847777 32.00641
    -104.847747 32.019911
    -104.847743 32.028626
    -104.847742 32.029885
    -104.847742 32.031509
    -104.84774 32.035784
    -104.847735 32.046204
    -104.847727 32.063322
    -104.847727 32.064528
    -104.847724 32.07077
    -104.847724 32.070873
    -104.847724 32.070932
    -104.847724 32.070963
    -104.847724 32.070979
    -104.847723 32.070987
    -104.847723 32.070995
    -104.847723 32.071216
    -104.847723 32.071526
    -104.847723 32.071834
    -104.847723 32.072159
    -104.847723 32.072245
    -104.847723 32.072252
    -104.847723 32.072274
    -104.847726 32.074581
    -104.847751 32.093997
    -104.847759 32.098712
    -104.847759 32.098867
    -104.847759 32.098969
    -104.847759 32.099027
    -104.847759 32.099044
    -104.84776 32.09905
    -104.84776 32.099058
    -104.84776 32.099088
    -104.84776 32.099374
    -104.847764 32.102066
    -104.847764 32.102075
    -104.847767 32.110128
    -104.847768 32.114142
    -104.847769 32.118156
    -104.847775 32.118344
    -104.847824 32.120053
    -104.847832 32.120328
    -104.847833 32.120377
    -104.847838 32.120521
    -104.847838 32.120529
    -104.847838 32.120538
    -104.847842 32.120667
    -104.847874 32.121795
    -104.847972 32.125245
    -104.847989 32.128092
    -104.848016 32.132795
    -104.848046 32.137044
    -104.848045 32.13711
    -104.847991 32.140669
    -104.847952 32.143217
    -104.847936 32.144229
    -104.847883 32.147728
    -104.847883 32.147737
    -104.847916 32.155216
    -104.847916 32.155239
    -104.847916 32.155261
    -104.847917 32.155266
    -104.847917 32.155275
    -104.847917 32.155324
    -104.847917 32.155359
    -104.847918 32.155531
    -104.847919 32.155789
    -104.847922 32.156461
    -104.84793 32.158296
    -104.847948 32.162474
    -104.847951 32.163265
    -104.84807 32.190404
    -104.848068 32.190411
    -104.848062 32.19043
    -104.848061 32.190435
    -104.848047 32.19048
    -104.847972 32.190684
    -104.847965 32.190704
    -104.84796 32.190717
    -104.847958 32.190722
    -104.847943 32.190762
    -104.847917 32.190834
    -104.847919 32.192439
    -104.847922 32.19612
    -104.847919 32.196322
    -104.847918 32.196379
    -104.847875 32.198944
    -104.847845 32.200763
    -104.847841 32.201017
    -104.847832 32.207353
    -104.847832 32.207363
    -104.847865 32.22289
    -104.847865 32.222907
    -104.847753 32.223784
    -104.84772 32.224038
    -104.847703 32.229751
    -104.847628 32.235419
    -104.847567 32.250327
    -104.847563 32.253129
    -104.851189 32.253194
    -104.851185 32.260227
    -104.851185 32.260435
    -104.851174 32.273387
    -104.851221 32.282469
    -104.851221 32.282522
    -104.851221 32.282562
    -104.851222 32.28257
    -104.851222 32.282577
    -104.851222 32.282589
    -104.851222 32.282606
    -104.851222 32.282642
    -104.851222 32.282663
    -104.851222 32.282679
    -104.85131 32.290511
    -104.85131 32.29057
    -104.851319 32.293087
    -104.851323 32.294426
    -104.851349 32.301913
    -104.851353 32.302431
    -104.85141 32.315282
    -104.851411 32.318918
    -104.851411 32.318927
    -104.851411 32.318967
    -104.851411 32.31914
    -104.851411 32.320071
    -104.851415 32.321213
    -104.851415 32.321262
    -104.851415 32.321275
    -104.851416 32.321556
    -104.851432 32.326031
    -104.851448 32.33081
    -104.851462 32.335028
    -104.85147 32.337274
    -104.85147 32.337298
    -104.85147 32.337326
    -104.85147 32.337365
    -104.85147 32.337404
    -104.85147 32.337417
    -104.85147 32.337424
    -104.851471 32.337432
    -104.851471 32.337459
    -104.851474 32.338392
    -104.851487 32.342394
    -104.851488 32.342632
    -104.85152 32.352356
    -104.851542 32.358593
    -104.851543 32.358824
    -104.851553 32.361722
    -104.851554 32.361941
    -104.851554 32.362046
    -104.851554 32.362083
    -104.851615 32.364936
    -104.851615 32.364966
    -104.851701 32.366935
    -104.851704 32.367013
    -104.851718 32.367342
    -104.851725 32.367496
    -104.851726 32.367522
    -104.851727 32.36755
    -104.851728 32.367574
    -104.851729 32.36758
    -104.851737 32.367763
    -104.85204 32.374739
    -104.85204 32.374797
    -104.85204 32.37482
    -104.852041 32.375104
    -104.852049 32.375619
    -104.852216 32.385989
    -104.852216 32.386025
    -104.852216 32.386037
    -104.852216 32.386065
    -104.852215 32.386175
    -104.852172 32.392536
    -104.852142 32.397404
    -104.852141 32.397502
    -104.852063 32.407899
    -104.852069 32.407953
    -104.852069 32.40796
    -104.852072 32.407997
    -104.852065 32.408631
    -104.852038 32.412711
    -104.851955 32.425407
    -104.851943 32.427346
    -104.851946 32.427628
    -104.851939 32.430241
    -104.851939 32.430336
    -104.851939 32.430418
    -104.851939 32.430443
    -104.851939 32.430457
    -104.851939 32.430464
    -104.851938 32.430471
    -104.851938 32.430523
    -104.851938 32.430688
    -104.851938 32.430778
    -104.851938 32.430825
    -104.851938 32.430849
    -104.851938 32.430861
    -104.851938 32.43087
    -104.85193 32.434115
    -104.851891 32.437996
    -104.851865 32.440655
    -104.851836 32.443573
    -104.851835 32.443764
    -104.851809 32.447752
    -104.851729 32.45986
    -104.851726 32.460783
    -104.851695 32.465439
    -104.851665 32.469862
    -104.851639 32.473658
    -104.851626 32.477227
    -104.851618 32.477592
    -104.851527 32.482559
    -104.85152 32.482946
    -104.851495 32.484333
    -104.851493 32.484429
    -104.851559 32.48829
    -104.85166 32.494577
    -104.851658 32.494664
    -104.851423 32.500065
    -104.851431 32.500812
    -104.851513 32.508782
    -104.851513 32.508794
    -104.851514 32.508802
    -104.851514 32.508809
    -104.851514 32.508827
    -104.851514 32.50884
    -104.851515 32.508911
    -104.851516 32.509024
    -104.851516 32.50905
    -104.851518 32.509234
    -104.851526 32.51003
    -104.851527 32.510173
    -104.851535 32.512425
    -104.851534 32.512856
    -104.851533 32.513038
    -104.851533 32.513076
    -104.851532 32.513081
    -104.851532 32.513087
    -104.851532 32.513097
    -104.851532 32.513115
    -104.851532 32.513184
    -104.851515 32.516451
    -104.851525 32.520505
    -104.848581 32.520567
    -104.848022 32.520578
    -104.842026 32.520705
    -104.842102 32.52826
    -104.842129 32.530878
    -104.842133 32.53129
    -104.842137 32.531726
    -104.842226 32.540505
    -104.842226 32.540833
    -104.842226 32.540889
    -104.842214 32.546342
    -104.842204 32.55117
    -104.84219 32.557518
    -104.842188 32.55831
    -104.842162 32.57041
    -104.842142 32.579573
    -104.84214 32.580897
    -104.842139 32.581364
    -104.842134 32.583464
    -104.842133 32.583822
    -104.84213 32.585254
    -104.842126 32.587327
    -104.842127 32.587365
    -104.842148 32.595623
    -104.842165 32.601943
    -104.842165 32.602189
    -104.842168 32.60322
    -104.842169 32.60341
    -104.842171 32.604174
    -104.842181 32.60799
    -104.842182 32.608303
    -104.842196 32.613667
    -104.842197 32.613906
    -104.842204 32.616588
    -104.842208 32.618125
    -104.842209 32.618594
    -104.84221 32.618802
    -104.842226 32.625104
    -104.842224 32.625436
    -104.842153 32.634784
    -104.842132 32.637572
    -104.842128 32.638084
    -104.842126 32.638405
    -104.842126 32.647294
    -104.842126 32.649108
    -104.842126 32.658005
    -104.842182 32.665369
    -104.842206 32.668447
    -104.842207 32.668497
    -104.842226 32.671106
    -104.842226 32.672654
    -104.842226 32.673671
    -104.842226 32.673979
    -104.842226 32.679191
    -104.842225 32.686749
    -104.84221 32.694623
    -104.842226 32.697705
    -104.842336 32.707816
    -104.842458 32.719081
    -104.842463 32.719507
    -104.842526 32.725306
    -104.842525 32.72598
    -104.842497 32.739691
    -104.842475 32.750106
    -104.842467 32.751424
    -104.842431 32.7575
    -104.842371 32.767505
    -104.842369 32.767795
    -104.842368 32.767998
    -104.842345 32.771889
    -104.842314 32.777244
    -104.842241 32.789566
    -104.842192 32.797736
    -104.842147 32.805314
    -104.842064 32.819235
    -104.842051 32.821483
    -104.842049 32.821739
    -104.842048 32.821899
    -104.842048 32.821962
    -104.842027 32.825305
    -104.842002 32.827156
    -104.841992 32.827857
    -104.841981 32.828619
    -104.841961 32.830064
    -104.841959 32.83025
    -104.841921 32.833001
    -104.841785 32.84301
    -104.841724 32.847443
    -104.841594 32.857005
    -104.841458 32.867016
    -104.841456 32.867134
    -104.841428 32.869204
    -104.841429 32.869405
    -104.841455 32.875104
    -104.841476 32.879579
    -104.841502 32.885325
    -104.841516 32.887651
    -104.841523 32.888045
    -104.841542 32.889087
    -104.841629 32.912903
    -104.841614 32.914709
    -104.841613 32.91489
    -104.841559 32.921678
    -104.841495 32.929752
    -104.841415 32.939918
    -104.841328 32.950791
    -104.841308 32.953308
    -104.841264 32.958862
    -104.841258 32.959676
    -104.841239 32.962047
    -104.841233 32.962853
    -104.841229 32.963303
    -104.84062 32.963303
    -104.837718 32.963303
    -104.83282 32.963303
    -104.82645 32.963303
    -104.812397 32.963303
    -104.810867 32.963303
    -104.791808 32.963304
    -104.78567 32.963305
    -104.77801 32.963358
    -104.776566 32.963369
    -104.762406 32.96347
    -104.753866 32.963531
    -104.750527 32.963555
    -104.750035 32.963554
    -104.748329 32.963551
    -104.743465 32.963543
    -104.738902 32.963535
    -104.738739 32.963529
    -104.738686 32.963526
    -104.73866 32.963524
    -104.736425 32.963522
    -104.728077 32.963514
    -104.727485 32.963513
    -104.725451 32.96351
    -104.725099 32.96351
    -104.719464 32.963504
    -104.719326 32.963504
    -104.719291 32.963504
    -104.718844 32.963506
    -104.718556 32.963507
    -104.717403 32.963509
    -104.70228 32.963546
    -104.685099 32.963586
    -104.68453 32.963588
    -104.67769 32.963605
    -104.677125 32.963606
    -104.665479 32.963679
    -104.657042 32.963732
    -104.655297 32.963743
    -104.654785 32.96367
    -104.650165 32.963775
    -104.649809 32.963777
    -104.649407 32.963779
    -104.647105 32.963794
    -104.645024 32.963807
    -104.644937 32.963791
    -104.644729 32.963758
    -104.644456 32.963803
    -104.637674 32.963751
    -104.636709 32.963744
    -104.630096 32.963693
    -104.629435 32.963687
    -104.626927 32.963682
    -104.625524 32.963656
    -104.609485 32.963683
    -104.606729 32.963687
    -104.603529 32.963692
    -104.599554 32.9637
    -104.599331 32.963701
    -104.596961 32.963704
    -104.596853 32.963704
    -104.594394 32.963707
    -104.594323 32.963707
    -104.594037 32.963709
    -104.593671 32.963711
    -104.587078 32.963742
    -104.569835 32.963822
    -104.569569 32.963824
    -104.568594 32.963828
    -104.551422 32.963908
    -104.550948 32.963976
    -104.550878 32.963984
    -104.55076 32.963997
    -104.549398 32.964
    -104.549077 32.964001
    -104.548397 32.964002
    -104.547932 32.964004
    -104.547854 32.964005
    -104.547699 32.964006
    -104.54409 32.964024
    -104.542978 32.964025
    -104.542642 32.964025
    -104.541782 32.964027
    -104.539449 32.964041
    -104.537881 32.964048
    -104.537792 32.964048
    -104.532605 32.964073
    -104.532255 32.96407
    -104.525679 32.964108
    -104.524864 32.964112
    -104.520568 32.964142
    -104.520521 32.964142
    -104.516228 32.96423
    -104.514855 32.964181
    -104.508053 32.964229
    -104.507973 32.96423
    -104.507887 32.96423
    -104.499152 32.964243
    -104.498961 32.964243
    -104.491953 32.964253
    -104.490985 32.964379
    -104.490702 32.964416
    -104.488581 32.964261
    -104.486324 32.964267
    -104.483673 32.96427
    -104.482994 32.964273
    -104.482867 32.964273
    -104.478469 32.964284
    -104.476695 32.964289
    -104.474692 32.964295
    -104.472982 32.964299
    -104.469952 32.964306
    -104.469882 32.964306
    -104.469612 32.964308
    -104.465598 32.964315
    -104.465009 32.964319
    -104.464475 32.964322
    -104.464401 32.964322
    -104.464283 32.964323
    -104.45635 32.96434
    -104.455611 32.964343
    -104.455512 32.964343
    -104.447049 32.964364
    -104.439236 32.964387
    -104.43899 32.964384
    -104.429762 32.964389
    -104.429492 32.964388
    -104.429152 32.964391
    -104.427543 32.964395
    -104.426132 32.964398
    -104.425672 32.964401
    -104.424835 32.964382
    -104.424759 32.964384
    -104.422533 32.964408
    -104.422057 32.964413
    -104.421804 32.964458
    -104.41926 32.964473
    -104.418187 32.964474
    -104.417939 32.964474
    -104.413639 32.96446
    -104.412689 32.96446
    -104.41255 32.964461
    -104.410172 32.964478
    -104.40695 32.964481
    -104.406732 32.964488
    -104.405744 32.964489
    -104.404513 32.9645
    -104.395495 32.964526
    -104.395423 32.964526
    -104.394783 32.96453
    -104.392637 32.96454
    -104.391245 32.964537
    -104.39109 32.964539
    -104.39092 32.964541
    -104.390683 32.964543
    -104.387282 32.964554
    -104.386727 32.964557
    -104.386257 32.964551
    -104.381813 32.96457
    -104.380418 32.96457
    -104.3796 32.964575
    -104.37875 32.96457
    -104.378462 32.964568
    -104.378404 32.964568
    -104.378277 32.964568
    -104.378223 32.964568
    -104.37798 32.964582
    -104.377799 32.964579
    -104.377762 32.964578
    -104.377513 32.964567
    -104.377484 32.964567
    -104.377371 32.964567
    -104.376618 32.964564
    -104.372942 32.964551
    -104.371437 32.964557
    -104.369508 32.964557
    -104.36927 32.96456
    -104.367833 32.96456
    -104.367122 32.964554
    -104.366427 32.964557
    -104.3662 32.964563
    -104.363243 32.964568
    -104.362472 32.964582
    -104.362228 32.964598
    -104.362212 32.964599
    -104.362033 32.96461
    -104.358455 32.964575
    -104.358086 32.964571
    -104.354994 32.964565
    -104.354797 32.964564
    -104.354648 32.964564
    -104.354499 32.964564
    -104.354254 32.964563
    -104.354047 32.964562
    -104.353943 32.964562
    -104.353821 32.964562
    -104.353484 32.964561
    -104.335051 32.964522
    -104.329684 32.964511
    -104.329417 32.964509
    -104.309648 32.964715
    -104.30959 32.964716
    -104.30937 32.964719
    -104.30913 32.964721
    -104.309014 32.964722
    -104.308892 32.964723
    -104.291897 32.9649
    -104.291642 32.964903
    -104.291016 32.96491
    -104.279024 32.964941
    -104.278612 32.964942
    -104.27537 32.96495
    -104.275285 32.96495
    -104.26537 32.964975
    -104.250515 32.96501
    -104.241445 32.965029
    -104.226193 32.96506
    -104.224784 32.965063
    -104.199524 32.965113
    -104.182525 32.965146
    -104.172151 32.965167
    -104.169586 32.965173
    -104.168877 32.965173
    -104.166534 32.965179
    -104.165327 32.965183
    -104.164103 32.965185
    -104.162996 32.965187
    -104.132273 32.965249
    -104.12714 32.965259
    -104.125607 32.965262
    -104.125512 32.965262
    -104.122692 32.965266
    -104.111821 32.965282
    -104.107588 32.965289
    -104.102366 32.965297
    -104.101973 32.965297
    -104.092311 32.965311
    -104.074967 32.965487
    -104.074599 32.965425
    -104.074424 32.965395
    -104.070782 32.96535
    -104.070681 32.965352
    -104.07064 32.965352
    -104.070498 32.965354
    -104.067737 32.965389
    -104.067648 32.96539
    -104.06695 32.965398
    -104.066875 32.965399
    -104.055154 32.965549
    -104.054398 32.965553
    -104.053614 32.965561
    -104.051405 32.965579
    -104.046418 32.965606
    -104.04511 32.965612
    -104.029391 32.965414
    -104.023824 32.965282
    -104.018657 32.965159
    -104.017981 32.965159
    -104.017778 32.965159
    -104.000509 32.965204
    -103.985304 32.965268
    -103.975485 32.965383
    -103.967653 32.965327
    -103.950253 32.965204
    -103.92615 32.965271
    -103.916731 32.965232
    -103.876896 32.965064
    -103.875508 32.965058
    -103.875215 32.965165
    -103.874177 32.965168
    -103.866273 32.965192
    -103.866097 32.965193
    -103.864008 32.9652
    -103.858125 32.965218
    -103.856252 32.965224
    -103.854053 32.965232
    -103.848949 32.965248
    -103.845203 32.96526
    -103.844226 32.965263
    -103.843468 32.965265
    -103.843161 32.965266
    -103.842961 32.965266
    -103.839729 32.965281
    -103.839697 32.965282
    -103.839362 32.965288
    -103.834551 32.965373
    -103.829306 32.965468
    -103.828855 32.96546
    -103.827432 32.965434
    -103.826481 32.965417
    -103.822337 32.965341
    -103.819714 32.965295
    -103.817478 32.965255
    -103.815441 32.965218
    -103.81502 32.96521
    -103.8146 32.965203
    -103.814642 32.965094
    -103.814639 32.963572
    -103.814587 32.945285
    -103.814583 32.943863
    -103.814578 32.940055
    -103.814578 32.939905
    -103.814578 32.939893
    -103.814578 32.939887
    -103.814578 32.939881
    -103.814577 32.939855
    -103.814577 32.93981
    -103.814577 32.939739
    -103.814577 32.939564
    -103.814577 32.939458
    -103.814577 32.939413
    -103.814574 32.937424
    -103.814568 32.937204
    -103.814542 32.936279
    -103.814475 32.92826
    -103.814498 32.914498
    -103.814496 32.909742
    -103.814496 32.906124
    -103.814494 32.894348
    -103.814495 32.893634
    -103.814495 32.893608
    -103.814494 32.890715
    -103.814493 32.888311
    -103.814493 32.888199
    -103.814493 32.888174
    -103.814493 32.887583
    -103.814493 32.885649
    -103.814493 32.885509
    -103.814493 32.885489
    -103.814493 32.881564
    -103.814493 32.879694
    -103.814494 32.879638
    -103.814494 32.879602
    -103.814527 32.87706
    -103.814514 32.876317
    -103.814513 32.876255
    -103.81451 32.876088
    -103.81451 32.876073
    -103.814509 32.876034
    -103.814493 32.875118
    -103.814507 32.874592
    -103.814573 32.872076
    -103.814569 32.871861
    -103.814569 32.871839
    -103.814533 32.869608
    -103.814416 32.864433
    -103.814443 32.861407
    -103.814445 32.861145
    -103.814508 32.850178
    -103.814548 32.843141
    -103.814548 32.843133
    -103.814551 32.842633
    -103.814551 32.842618
    -103.81465 32.827227
    -103.814651 32.827063
    -103.814651 32.827051
    -103.814651 32.827032
    -103.814651 32.827011
    -103.814651 32.826994
    -103.814652 32.826988
    -103.814652 32.826975
    -103.81466 32.825691
    -103.814667 32.825537
    -103.814674 32.825393
    -103.814678 32.825308
    -103.814743 32.823939
    -103.814831 32.822074
    -103.814829 32.821767
    -103.814816 32.820123
    -103.814785 32.816249
    -103.814788 32.815627
    -103.814788 32.815597
    -103.814788 32.815586
    -103.814802 32.812499
    -103.814861 32.799812
    -103.814861 32.799773
    -103.814862 32.799564
    -103.814862 32.799507
    -103.814862 32.799467
    -103.814863 32.799462
    -103.814863 32.799453
    -103.814863 32.799441
    -103.814863 32.799424
    -103.814863 32.799383
    -103.814863 32.799346
    -103.814873 32.797308
    -103.814935 32.783799
    -103.814997 32.770449
    -103.814998 32.770234
    -103.814816 32.755501
    -103.814767 32.755452
    -103.814764 32.755218
    -103.814764 32.755186
    -103.814758 32.754574
    -103.814758 32.754559
    -103.814758 32.754518
    -103.814757 32.754407
    -103.814757 32.754365
    -103.814756 32.754254
    -103.814756 32.75421
    -103.814755 32.754097
    -103.814755 32.75408
    -103.814755 32.754066
    -103.814755 32.754056
    -103.814754 32.754051
    -103.814739 32.75262
    -103.814712 32.750118
    -103.8147 32.747611
    -103.8147 32.747568
    -103.8147 32.747529
    -103.814669 32.741104
    -103.814666 32.740381
    -103.814663 32.739792
    -103.814655 32.738017
    -103.814643 32.735647
    -103.814601 32.727086
    -103.814543 32.725108
    -103.814281 32.704554
    -103.814265 32.703296
    -103.814074 32.688332
    -103.814067 32.687753
    -103.813962 32.68045
    -103.813961 32.680296
    -103.813897 32.672122
    -103.813838 32.664333
    -103.81376 32.663373
    -103.813757 32.660756
    -103.813814 32.658814
    -103.813753 32.653021
    -103.813751 32.652828
    -103.813786 32.647875
    -103.813786 32.647863
    -103.813829 32.643428
    -103.813834 32.642958
    -103.813842 32.642136
    -103.813866 32.639626
    -103.813873 32.638941
    -103.813888 32.637329
    -103.813895 32.63662
    -103.813933 32.632812
    -103.813941 32.632037
    -103.81401 32.62512
    -103.814003 32.621735
    -103.813967 32.602935
    -103.814089 32.590812
    -103.81409 32.590677
    -103.814239 32.585116
    -103.814242 32.584997
    -103.814134 32.582408
    -103.814164 32.581964
    -103.814181 32.581713
    -103.814269 32.579452
    -103.814266 32.579258
    -103.814236 32.577463
    -103.814235 32.577361
    -103.814271 32.577159
    -103.814273 32.577148
    -103.81428 32.577106
    -103.814297 32.577008
    -103.814351 32.576703
    -103.814351 32.575969
    -103.814101 32.569015
    -103.814039 32.566789
    -103.814024 32.566235
    -103.813976 32.56452
    -103.813975 32.564492
    -103.813975 32.56448
    -103.813975 32.564464
    -103.813974 32.564435
    -103.813944 32.563361
    -103.813943 32.563322
    -103.813833 32.559316
    -103.81384 32.556928
    -103.813861 32.550039
    -103.813873 32.54638
    -103.813872 32.545599
    -103.813864 32.539256
    -103.81386 32.535666
    -103.813853 32.529367
    -103.813853 32.529317
    -103.813849 32.525598
    -103.813959 32.522464
    -103.812672 32.52252
    -103.81265 32.52252
    -103.805205 32.522402
    -103.802175 32.522356
    -103.796823 32.522335
    -103.796803 32.522335
    -103.793745 32.522323
    -103.784697 32.52229
    -103.779753 32.522351
    -103.767859 32.522498
    -103.76543 32.522528
    -103.760389 32.522474
    -103.750494 32.522368
    -103.74413 32.522441
    -103.743019 32.522454
    -103.74256 32.522458
    -103.742102 32.522464
    -103.740548 32.522484
    -103.740203 32.522486
    -103.732388 32.522532
    -103.731578 32.522537
    -103.730383 32.522543
    -103.730277 32.522544
    -103.730086 32.522545
    -103.730026 32.522545
    -103.729979 32.522545
    -103.729343 32.522548
    -103.722938 32.522587
    -103.722938 32.522531
    -103.722934 32.520966
    -103.722896 32.520122
    -103.722887 32.519924
    -103.722871 32.519545
    -103.722871 32.519537
    -103.72287 32.51952
    -103.722869 32.519503
    -103.722812 32.500121
    -103.722821 32.486402
    -103.722821 32.485847
    -103.722821 32.485677
    -103.722825 32.472366
    -103.722825 32.472251
    -103.722823 32.470512
    -103.722823 32.470361
    -103.722823 32.470319
    -103.722823 32.470288
    -103.722823 32.470265
    -103.722823 32.470247
    -103.722823 32.470193
    -103.72282 32.46767
    -103.72282 32.467539
    -103.72282 32.467454
    -103.72282 32.467393
    -103.72282 32.467348
    -103.72282 32.467315
    -103.72282 32.46729
    -103.72282 32.46727
    -103.72282 32.467255
    -103.72282 32.467243
    -103.72282 32.467234
    -103.72282 32.467227
    -103.72282 32.467221
    -103.72282 32.467213
    -103.72282 32.467206
    -103.722824 32.466201
    -103.722824 32.466139
    -103.722828 32.46566
    -103.722824 32.465179
    -103.722812 32.458837
    -103.722812 32.45883
    -103.72281 32.457743
    -103.72281 32.457676
    -103.722809 32.457671
    -103.722809 32.457657
    -103.722809 32.45764
    -103.722809 32.457608
    -103.722809 32.457507
    -103.722809 32.457399
    -103.722809 32.457317
    -103.722809 32.45727
    -103.722809 32.457247
    -103.722808 32.45673
    -103.722802 32.451292
    -103.7228 32.449366
    -103.722799 32.448801
    -103.722798 32.447854
    -103.722798 32.447493
    -103.722798 32.447278
    -103.722798 32.447203
    -103.722776 32.427502
    -103.722774 32.425367
    -103.722752 32.405904
    -103.722752 32.405751
    -103.722748 32.401902
    -103.722745 32.399918
    -103.722745 32.399521
    -103.722744 32.398735
    -103.722719 32.375121
    -103.722835 32.374856
    -103.722973 32.374539
    -103.722964 32.352914
    -103.722964 32.352902
    -103.722953 32.328108
    -103.722952 32.324862
    -103.722952 32.324776
    -103.722952 32.324556
    -103.722944 32.305683
    -103.722944 32.305567
    -103.722944 32.305335
    -103.722943 32.303945
    -103.722917 32.274282
    -103.722913 32.269699
    -103.722897 32.252103
    -103.722922 32.250123
    -103.722686 32.245804
    -103.722747 32.242581
    -103.722753 32.242278
    -103.722815 32.239095
    -103.722887 32.237282
    -103.722886 32.237277
    -103.722886 32.237269
    -103.722863 32.236694
    -103.722782 32.234619
    -103.722769 32.23428
    -103.7227 32.232519
    -103.722643 32.231052
    -103.722625 32.218251
    -103.722782 32.213015
    -103.722787 32.212854
    -103.722689 32.210797
    -103.722772 32.209012
    -103.72256 32.191073
    -103.722593 32.190097
    -103.722785 32.184472
    -103.722891 32.179637
    -103.72281 32.177187
    -103.722566 32.175229
    -103.722539 32.17501
    -103.722406 32.156648
    -103.722405 32.156457
    -103.722404 32.156309
    -103.722299 32.134929
    -103.722301 32.134802
    -103.722428 32.125124
    -103.722949 32.074564
    -103.722942 32.069733
    -103.722936 32.064543
    -103.722936 32.064512
    -103.722906 32.041578
    -103.722886 32.026127
    -103.72286 32.006466
    -103.72286 32.0063
    -103.72286 32.00629
    -103.722858 32.004816
    -103.722857 32.003833
    -103.722853 32.000206
    -103.739292 32.0002
    -103.739471 32.0002
    -103.748317 32.000197
    -103.74841 32.000206
    -103.750471 32.000411
    -103.755297 32.000413
    -103.755434 32.000413
    -103.75564 32.000413
    -103.757384 32.000414
    -103.757701 32.000414
    -103.763621 32.000417
    -103.807263 32.000439
    -103.807382 32.000439
    -103.812595 32.000442
    -103.824574 32.000449
    -103.824669 32.000449
    -103.827615 32.00045
    -103.832886 32.000453
    -103.833247 32.000453
    -103.835976 32.000455
    -103.836207 32.000455
    -103.836688 32.000455
    -103.836709 32.000456
    -103.836716 32.000456
    -103.836725 32.000456
    -103.836761 32.000456
    -103.836825 32.000456
    -103.836925 32.000456
    -103.837057 32.000456
    -103.837195 32.000456
    -103.837414 32.000456
    -103.837462 32.000456
    -103.839998 32.000458
    -103.840503 32.000458
    -103.84053 32.000458
    -103.869247 32.000537
    -103.875476 32.000554
    -103.88996 32.000411
    -103.895255 32.00036
    -103.896133 32.000351
    -103.896874 32.000343
    -103.896894 32.000343
    -103.897509 32.000337
    -103.897916 32.000332
    -103.898074 32.000331
    -103.898276 32.000329
    -103.899084 32.000321
    -103.901424 32.000298
    -103.905194 32.000262
    -103.910363 32.000211
    -103.911454 32.0002
    -103.914531 32.000145
    -103.915663 32.000124
    -103.91577 32.000124
    -103.916029 32.000124
    -103.916816 32.000124
    -103.919881 32.000124
    -103.92007 32.000124
    -103.928672 32.000124
    -103.932433 32.000124
    -103.932559 32.000124
    -103.933335 32.000124
    -103.937601 32.000124
    -103.93849 32.000124
    -103.947349 32.000124
    -103.947361 32.000124
    -103.948657 32.000124
    -103.957209 32.000124
    -103.959911 32.000124
    -103.962666 32.000124
    -103.962921 32.000124
    -103.963177 32.000124
    -103.963257 32.000124
    -103.963333 32.000124
    -103.965838 32.000124
    -103.966102 32.000124
    -103.968065 32.000124
    -103.970646 32.000124
    -103.971587 32.000124
    -103.977313 32.000124
    -103.977673 32.000124
    -103.97804 32.000124
    -103.978276 32.000124
    -103.978881 32.000124
    -103.979162 32.000124
    -103.979358 32.000124
    -103.979442 32.000124
    -103.979568 32.000124
    -103.979695 32.000124
    -103.979937 32.000124
    -103.980179 32.000125
    -103.981563 32.000124
    -103.98342 32.000122
    -103.983427 32.000121
    -103.984656 32.000124
    -103.984925 32.000124
    -103.987273 32.000124
    -103.987425 32.000124
    -104.000481 32.000124
    -104.002533 32.000013
    -104.002599 32.000012
    -104.00263 32.000013
    -104.002651 32.000015
    -104.002989 32.000013
    -104.014738 32.00001
    -104.014789 32.000011
    -104.022881 32.00001
    -104.024521 32.00001
    -104.02697 32.000009
    -104.029926 32.000008
    -104.03112 32.000008
    -104.031167 32.000008
    -104.032204 32.000008
    -104.032329 32.000008
    -104.04104 32.000007
    -104.076095 32.000003
    -104.077884 32.000003
    -104.094597 31.999999
    -104.095859 31.999999
    -104.096518 32.0
    -104.096769 32.0
    -104.096827 32.0
    -104.0969 31.999998
    -104.096927 31.999997
    -104.096933 31.999997
    -104.096947 31.999997
    -104.096948 31.999997
    -104.109586 31.999999
    -104.118999 31.999998
    -104.119081 31.999998
    -104.125432 32.00002
    -104.125488 32.000021
    -104.125845 32.00002
    -104.148759 32.000007
    -104.17624 31.999991
    -104.176271 31.999991
    -104.192251 31.999983
    -104.192491 31.999982
    -104.192697 31.999983
    -104.192755 31.999982
    -104.193044 31.999982
    -104.211433 31.999973
    -104.21154 31.999972
    -104.222114 31.999967
    -104.222826 31.999968
    -104.223093 31.999967
    -104.242447 31.999964
    -104.242837 31.999964
    -104.243053 31.999964
    -104.249774 31.99996
    -104.250494 31.99996
    -104.252421 31.999939
    -104.27818 31.999986
    -104.279865 31.999988
    -104.279957 31.999988
    -104.283342 31.999947
    -104.283387 31.999982
    -104.287478 32.000002
    -104.288056 32.000006
    -104.291495 32.000002
    -104.29773 32.000008
    -104.310977 32.000022
    -104.311069 32.000022
    -104.311836 32.000022
    -104.311854 32.000022
    -104.319091 32.000085
    -104.329112 32.000108
    -104.329488 32.000186
    -104.329638 32.000188
END
END
