35023 Hidalgo County
1
    -109.048639 31.920913
    -109.048618 31.930272
    -109.048618 31.930459
    -109.048608 31.935012
    -109.048594 31.941461
    -109.048554 31.959291
    -109.048543 31.964125
    -109.048542 31.964698
    -109.048539 31.966012
    -109.048527 31.971654
    -109.04852 31.974153
    -109.048512 31.978329
    -109.048511 31.97894
    -109.048473 31.995501
    -109.048472 31.995782
    -109.048465 32.000089
    -109.048577 32.00265
    -109.048578 32.003397
    -109.048584 32.006251
    -109.048596 32.012399
    -109.048597 32.013636
    -109.048719 32.02686
    -109.048731 32.028174
    -109.048526 32.049661
    -109.048517 32.050607
    -109.048477 32.054729
    -109.048323 32.070887
    -109.04832 32.072156
    -109.048301 32.081307
    -109.0483 32.081826
    -109.048296 32.084093
    -109.048295 32.084361
    -109.048293 32.085365
    -109.048286 32.089114
    -109.048285 32.089442
    -109.04828 32.092272
    -109.048275 32.094479
    -109.048272 32.096338
    -109.048266 32.099254
    -109.048257 32.103904
    -109.048251 32.106637
    -109.048246 32.109312
    -109.048245 32.109533
    -109.048241 32.111593
    -109.048234 32.115209
    -109.048232 32.115814
    -109.048229 32.117792
    -109.048224 32.120216
    -109.048217 32.123675
    -109.048214 32.124955
    -109.048214 32.125084
    -109.04821 32.126889
    -109.048202 32.130854
    -109.048197 32.133457
    -109.048182 32.141233
    -109.048177 32.143725
    -109.048174 32.145088
    -109.048173 32.145556
    -109.048173 32.145697
    -109.048162 32.150951
    -109.048153 32.155389
    -109.048142 32.160736
    -109.048141 32.160975
    -109.048141 32.160977
    -109.048135 32.163978
    -109.048128 32.167456
    -109.048119 32.171683
    -109.048116 32.17329
    -109.048108 32.177101
    -109.048095 32.183389
    -109.048088 32.187025
    -109.048085 32.188353
    -109.048084 32.188606
    -109.048084 32.188774
    -109.048078 32.191574
    -109.048071 32.195458
    -109.04807 32.196025
    -109.048067 32.196266
    -109.048042 32.1987
    -109.048052 32.203491
    -109.048039 32.21087
    -109.048039 32.210937
    -109.048052 32.213988
    -109.048039 32.216564
    -109.048031 32.218077
    -109.048025 32.220474
    -109.048024 32.220888
    -109.048011 32.225797
    -109.048009 32.226756
    -109.048009 32.227162
    -109.048009 32.227255
    -109.048008 32.227432
    -109.048008 32.227552
    -109.048007 32.227959
    -109.048008 32.228752
    -109.048002 32.231792
    -109.047997 32.234079
    -109.047989 32.237704
    -109.047976 32.243682
    -109.047967 32.248008
    -109.047963 32.250076
    -109.047956 32.253199
    -109.047942 32.262397
    -109.047946 32.262811
    -109.047946 32.262898
    -109.047913 32.279248
    -109.047912 32.279429
    -109.047896 32.282896
    -109.047884 32.289503
    -109.047878 32.292825
    -109.047874 32.295116
    -109.047874 32.295527
    -109.047872 32.296337
    -109.047868 32.298257
    -109.04786 32.302318
    -109.047857 32.304705
    -109.047859 32.305073
    -109.04786 32.305169
    -109.047858 32.30634
    -109.047856 32.307121
    -109.047856 32.307228
    -109.047833 32.319546
    -109.047833 32.319626
    -109.047797 32.333118
    -109.047774 32.341414
    -109.047773 32.341803
    -109.047779 32.342291
    -109.047773 32.345187
    -109.04777 32.348467
    -109.047768 32.350657
    -109.047713 32.375909
    -109.047687 32.388123
    -109.047685 32.38891
    -109.047676 32.391078
    -109.047675 32.391337
    -109.04767 32.397101
    -109.047669 32.397745
    -109.047668 32.399228
    -109.047666 32.40123
    -109.047665 32.402042
    -109.047667 32.402119
    -109.047665 32.40223
    -109.047652 32.402867
    -109.047643 32.407431
    -109.047629 32.413987
    -109.047629 32.414093
    -109.04762 32.42024
    -109.047617 32.422541
    -109.047612 32.426377
    -109.047632 32.431252
    -109.047639 32.43311
    -109.047666 32.439678
    -109.04768 32.443215
    -109.047707 32.449705
    -109.047738 32.457309
    -109.047766 32.464118
    -109.047816 32.476334
    -109.047836 32.481341
    -109.047879 32.491791
    -109.047879 32.491918
    -109.047912 32.500261
    -109.04791 32.501961
    -109.047899 32.514615
    -109.047893 32.520553
    -109.04788 32.533206
    -109.047875 32.53792
    -109.047865 32.547928
    -109.047861 32.554403
    -109.047849 32.564805
    -109.047848 32.565674
    -109.047843 32.570951
    -109.047835 32.5781
    -109.047835 32.578508
    -109.047824 32.589699
    -109.047815 32.598914
    -109.047809 32.60214
    -109.047808 32.602448
    -109.047804 32.604422
    -109.047798 32.607386
    -109.047781 32.616396
    -109.047776 32.61871
    -109.047776 32.618735
    -109.047774 32.619887
    -109.047765 32.6248
    -109.047764 32.625255
    -109.047741 32.63685
    -109.047738 32.637905
    -109.047714 32.647024
    -109.047714 32.647074
    -109.047713 32.647423
    -109.047713 32.647658
    -109.047712 32.647936
    -109.047705 32.651767
    -109.047699 32.655057
    -109.047693 32.658473
    -109.047731 32.680828
    -109.047746 32.681057
    -109.047774 32.681497
    -109.047774 32.681621
    -109.047776 32.682277
    -109.047796 32.68263
    -109.047777 32.683124
    -109.04777 32.68358
    -109.047785 32.684407
    -109.047776 32.685076
    -109.047658 32.686279
    -109.047653 32.686327
    -109.047653 32.686552
    -109.047652 32.686672
    -109.047652 32.686791
    -109.047647 32.689247
    -109.047645 32.689988
    -109.047641 32.691829
    -109.047638 32.693438
    -109.047635 32.694415
    -109.047634 32.694999
    -109.047633 32.695808
    -109.047633 32.695967
    -109.047616 32.703857
    -109.047592 32.715148
    -109.047567 32.726851
    -109.047567 32.726897
    -109.047518 32.749997
    -109.047468 32.753501
    -109.047423 32.756588
    -109.047405 32.757855
    -109.047285 32.766066
    -109.047262 32.767671
    -109.047254 32.768112
    -109.04722 32.770496
    -109.047215 32.770839
    -109.047117 32.777569
    -109.038132 32.777493
    -109.035052 32.777467
    -109.034501 32.777462
    -109.025015 32.777381
    -109.01728 32.777315
    -109.001668 32.77718
    -109.001412 32.777178
    -109.000617 32.777171
    -108.988488 32.777307
    -108.979405 32.777379
    -108.979186 32.777327
    -108.966311 32.777509
    -108.951076 32.777751
    -108.943303 32.777836
    -108.94287 32.777841
    -108.942699 32.777842
    -108.91349 32.777715
    -108.897375 32.777645
    -108.883845 32.777586
    -108.881241 32.777579
    -108.875614 32.777549
    -108.870838 32.777158
    -108.870769 32.77716
    -108.869717 32.77717
    -108.854381 32.777276
    -108.854207 32.763354
    -108.854041 32.750073
    -108.853586 32.725575
    -108.853589 32.725422
    -108.853583 32.725287
    -108.853577 32.725119
    -108.852958 32.709136
    -108.853364 32.705523
    -108.853389 32.704622
    -108.853404 32.704327
    -108.853405 32.704157
    -108.853406 32.704022
    -108.853556 32.690435
    -108.853625 32.684196
    -108.85351 32.674417
    -108.853224 32.667313
    -108.853413 32.653683
    -108.853412 32.653598
    -108.853412 32.653408
    -108.853388 32.635995
    -108.853413 32.633766
    -108.853374 32.625076
    -108.852982 32.617919
    -108.852968 32.6165
    -108.853016 32.610667
    -108.853027 32.609243
    -108.853032 32.608597
    -108.853039 32.607646
    -108.85304 32.607563
    -108.853075 32.603627
    -108.847499 32.603687
    -108.847384 32.603687
    -108.835379 32.603723
    -108.835108 32.603724
    -108.835025 32.603724
    -108.83419 32.603752
    -108.815832 32.603842
    -108.798806 32.603928
    -108.798268 32.603937
    -108.797972 32.603942
    -108.797964 32.603932
    -108.763215 32.603941
    -108.763096 32.603942
    -108.762977 32.603942
    -108.76294 32.603942
    -108.762894 32.603943
    -108.762786 32.603897
    -108.762673 32.603898
    -108.760005 32.603931
    -108.752424 32.603904
    -108.75061 32.603899
    -108.73932 32.603673
    -108.738053 32.603665
    -108.735116 32.603676
    -108.703971 32.603696
    -108.694894 32.603633
    -108.689713 32.603597
    -108.686267 32.603572
    -108.683608 32.603554
    -108.680903 32.603536
    -108.68083 32.603536
    -108.680751 32.603536
    -108.680603 32.603535
    -108.667969 32.603504
    -108.659553 32.603423
    -108.659434 32.603422
    -108.659316 32.60342
    -108.656893 32.603543
    -108.652239 32.603679
    -108.652169 32.603682
    -108.646373 32.603582
    -108.64639 32.600751
    -108.646437 32.592582
    -108.64646 32.588631
    -108.646495 32.58262
    -108.646521 32.578176
    -108.646538 32.575226
    -108.64654 32.575015
    -108.646551 32.572601
    -108.646552 32.572496
    -108.646589 32.564238
    -108.64659 32.564067
    -108.646593 32.563254
    -108.646575 32.559542
    -108.646611 32.559345
    -108.646629 32.555939
    -108.64669 32.54461
    -108.64669 32.543683
    -108.646693 32.543529
    -108.646697 32.543362
    -108.646801 32.539115
    -108.647073 32.521571
    -108.647134 32.518075
    -108.647155 32.516897
    -108.639577 32.516864
    -108.633101 32.516837
    -108.632929 32.516835
    -108.625607 32.516806
    -108.611562 32.516876
    -108.600595 32.516865
    -108.595872 32.51686
    -108.571586 32.516835
    -108.570628 32.516835
    -108.57051 32.516835
    -108.562786 32.516651
    -108.561542 32.516601
    -108.560617 32.516565
    -108.557074 32.516691
    -108.554998 32.516683
    -108.554865 32.516683
    -108.552996 32.516691
    -108.548787 32.516709
    -108.548668 32.51671
    -108.537035 32.516751
    -108.53702 32.510778
    -108.53702 32.510717
    -108.53702 32.510711
    -108.53702 32.510649
    -108.53702 32.510627
    -108.537227 32.503067
    -108.537157 32.502862
    -108.537113 32.502735
    -108.537113 32.502208
    -108.537234 32.501922
    -108.53728 32.50079
    -108.537004 32.500081
    -108.536989 32.497676
    -108.536984 32.49667
    -108.536984 32.49655
    -108.53698 32.495652
    -108.536972 32.494093
    -108.53695 32.489758
    -108.53698 32.481056
    -108.537039 32.467294
    -108.53704 32.463403
    -108.537051 32.452776
    -108.537046 32.447347
    -108.536928 32.437458
    -108.536938 32.432659
    -108.536939 32.432406
    -108.536942 32.431305
    -108.536966 32.420819
    -108.536969 32.419945
    -108.53698 32.415526
    -108.53698 32.411485
    -108.536981 32.411031
    -108.536983 32.407103
    -108.536993 32.387842
    -108.536985 32.38646
    -108.537095 32.377665
    -108.537131 32.375082
    -108.537035 32.374316
    -108.537029 32.370278
    -108.537039 32.368378
    -108.537032 32.363951
    -108.537023 32.358773
    -108.537044 32.355485
    -108.53699 32.33347
    -108.536972 32.325874
    -108.537244 32.323603
    -108.537165 32.322496
    -108.537079 32.321281
    -108.537054 32.3196
    -108.537027 32.317673
    -108.536931 32.314524
    -108.53691 32.313816
    -108.53692 32.312828
    -108.536923 32.312632
    -108.536931 32.311996
    -108.536989 32.308518
    -108.536984 32.298746
    -108.53698 32.29099
    -108.536979 32.290126
    -108.536976 32.282612
    -108.536975 32.280714
    -108.536975 32.277924
    -108.536979 32.275582
    -108.536986 32.271631
    -108.536986 32.271178
    -108.536986 32.271062
    -108.536987 32.270795
    -108.536987 32.270519
    -108.536987 32.270475
    -108.536988 32.270001
    -108.536988 32.26991
    -108.536989 32.26938
    -108.536991 32.268555
    -108.537007 32.268355
    -108.537031 32.26827
    -108.537073 32.267794
    -108.537075 32.266644
    -108.537074 32.266511
    -108.537069 32.265925
    -108.537078 32.264372
    -108.537075 32.261695
    -108.537078 32.260226
    -108.537083 32.257012
    -108.537079 32.253026
    -108.537077 32.252696
    -108.53707 32.251344
    -108.537068 32.250965
    -108.537069 32.248936
    -108.537075 32.247922
    -108.537076 32.24655
    -108.537076 32.245578
    -108.537077 32.244214
    -108.537077 32.24373
    -108.537066 32.240057
    -108.537065 32.237639
    -108.537065 32.23706
    -108.537071 32.235961
    -108.537069 32.231623
    -108.537078 32.230521
    -108.537076 32.227247
    -108.537083 32.2262
    -108.537083 32.225358
    -108.537084 32.222054
    -108.537081 32.221466
    -108.537079 32.221002
    -108.537086 32.219949
    -108.537079 32.216793
    -108.537085 32.215733
    -108.537075 32.214678
    -108.537082 32.211585
    -108.537076 32.204327
    -108.537078 32.202233
    -108.537085 32.201192
    -108.537086 32.200153
    -108.537079 32.199126
    -108.537053 32.198552
    -108.537034 32.19811
    -108.536977 32.197099
    -108.536972 32.196849
    -108.536957 32.196081
    -108.536979 32.181793
    -108.536985 32.178438
    -108.536991 32.174425
    -108.536994 32.172418
    -108.536998 32.167828
    -108.536991 32.167194
    -108.536985 32.166715
    -108.536904 32.165622
    -108.536793 32.164287
    -108.536725 32.163469
    -108.53672 32.162415
    -108.537002 32.161403
    -108.537249 32.160598
    -108.537623 32.15938
    -108.537862 32.158355
    -108.537876 32.157314
    -108.537878 32.15299
    -108.537874 32.150793
    -108.537876 32.14009
    -108.537876 32.139225
    -108.537874 32.134735
    -108.537866 32.13364
    -108.537865 32.132556
    -108.53787 32.131468
    -108.53787 32.131158
    -108.537867 32.128169
    -108.537872 32.125948
    -108.537864 32.120344
    -108.537857 32.118102
    -108.537933 32.11701
    -108.537691 32.110118
    -108.53774 32.106726
    -108.537741 32.10669
    -108.53794 32.093083
    -108.538097 32.082374
    -108.538135 32.079836
    -108.524586 32.079732
    -108.524624 32.053846
    -108.524491 32.052371
    -108.524489 32.052345
    -108.52446 32.052022
    -108.524421 32.051581
    -108.524462 32.044064
    -108.524464 32.043773
    -108.524492 32.038769
    -108.524514 32.034598
    -108.524515 32.034446
    -108.52455 32.027366
    -108.524542 32.026802
    -108.52459 32.020127
    -108.524593 32.020021
    -108.52459 32.01991
    -108.524939 32.007679
    -108.524969 32.006679
    -108.525143 32.000421
    -108.525154 32.00009
    -108.525116 31.988518
    -108.525116 31.988495
    -108.525102 31.984219
    -108.525102 31.98421
    -108.525087 31.979758
    -108.524998 31.975534
    -108.524898 31.97084
    -108.524691 31.960607
    -108.524576 31.955141
    -108.524562 31.954425
    -108.524542 31.944353
    -108.524574 31.941397
    -108.524581 31.93233
    -108.524585 31.929889
    -108.524724 31.926733
    -108.524733 31.926528
    -108.524724 31.926239
    -108.524726 31.925374
    -108.524791 31.924674
    -108.524729 31.924123
    -108.524804 31.923068
    -108.52479 31.922676
    -108.524789 31.922635
    -108.524792 31.922586
    -108.524848 31.921511
    -108.524887 31.920832
    -108.524893 31.92072
    -108.525017 31.916115
    -108.525041 31.915244
    -108.525104 31.912905
    -108.525116 31.912479
    -108.525108 31.912256
    -108.525092 31.91183
    -108.525086 31.911655
    -108.525063 31.911011
    -108.525061 31.910959
    -108.524936 31.907477
    -108.524877 31.905815
    -108.524877 31.905471
    -108.524876 31.90536
    -108.524875 31.905308
    -108.524864 31.904221
    -108.524851 31.90302
    -108.524825 31.900569
    -108.524824 31.900261
    -108.524808 31.895361
    -108.524807 31.895215
    -108.524785 31.88834
    -108.524754 31.87915
    -108.524753 31.87893
    -108.524741 31.875094
    -108.524735 31.87384
    -108.524723 31.870356
    -108.524659 31.869011
    -108.524658 31.868984
    -108.524668 31.866444
    -108.524648 31.864911
    -108.524702 31.863694
    -108.521572 31.863736
    -108.521552 31.863736
    -108.521295 31.86373
    -108.521038 31.863724
    -108.520569 31.863728
    -108.518695 31.863757
    -108.518689 31.863757
    -108.51778 31.863765
    -108.51777 31.863765
    -108.517259 31.863788
    -108.517234 31.863789
    -108.515231 31.863799
    -108.515138 31.863803
    -108.515086 31.863803
    -108.511941 31.863823
    -108.509104 31.863842
    -108.509087 31.863842
    -108.50762 31.863848
    -108.507493 31.863851
    -108.50746 31.863851
    -108.502583 31.863921
    -108.502542 31.86392
    -108.500602 31.863894
    -108.49362 31.863908
    -108.49032 31.8639
    -108.487595 31.863901
    -108.485352 31.863901
    -108.484197 31.863908
    -108.482587 31.863871
    -108.481962 31.8639
    -108.475884 31.863904
    -108.47128 31.863866
    -108.47124 31.863865
    -108.470718 31.863858
    -108.466045 31.863886
    -108.466035 31.863886
    -108.464152 31.863899
    -108.462162 31.863909
    -108.460405 31.86391
    -108.458291 31.863911
    -108.453732 31.863913
    -108.450114 31.863911
    -108.449035 31.863915
    -108.449025 31.863915
    -108.445767 31.863916
    -108.444866 31.863916
    -108.442688 31.863915
    -108.441641 31.863915
    -108.439704 31.863916
    -108.431817 31.863919
    -108.431372 31.863917
    -108.422755 31.863923
    -108.422745 31.863923
    -108.420516 31.863924
    -108.418277 31.863926
    -108.415672 31.863928
    -108.403936 31.863909
    -108.393424 31.863963
    -108.393354 31.863963
    -108.375675 31.863948
    -108.359168 31.863957
    -108.347996 31.863931
    -108.344198 31.863929
    -108.329939 31.863955
    -108.32989 31.863955
    -108.325611 31.863965
    -108.319444 31.863968
    -108.309273 31.863926
    -108.309207 31.863926
    -108.307525 31.863919
    -108.300472 31.863976
    -108.296496 31.863976
    -108.291035 31.863976
    -108.283435 31.863953
    -108.280321 31.863984
    -108.275592 31.863986
    -108.2747 31.863986
    -108.273572 31.863987
    -108.272537 31.863987
    -108.272456 31.863987
    -108.272439 31.863987
    -108.267227 31.863989
    -108.265852 31.86399
    -108.264333 31.863988
    -108.262372 31.863986
    -108.260919 31.863988
    -108.260809 31.863988
    -108.255753 31.863992
    -108.255673 31.863992
    -108.252314 31.863995
    -108.252255 31.863995
    -108.250546 31.863996
    -108.243216 31.864018
    -108.242498 31.86402
    -108.240501 31.864026
    -108.233964 31.864046
    -108.22517 31.864072
    -108.217194 31.864096
    -108.217222 31.851758
    -108.217233 31.851006
    -108.217235 31.84645
    -108.217241 31.843842
    -108.217255 31.835521
    -108.217255 31.83552
    -108.217263 31.832399
    -108.217278 31.826844
    -108.217294 31.823519
    -108.217284 31.823054
    -108.217291 31.821988
    -108.217295 31.820297
    -108.209995 31.820398
    -108.209987 31.812437
    -108.209987 31.812436
    -108.209995 31.783699
    -108.209167 31.783647
    -108.208394 31.783599
    -108.208445 31.7501
    -108.208437 31.746696
    -108.208437 31.744646
    -108.208436 31.739733
    -108.208416 31.733282
    -108.20841 31.729688
    -108.208402 31.727248
    -108.208408 31.723929
    -108.208402 31.723226
    -108.208371 31.722364
    -108.20837 31.721515
    -108.208382 31.719396
    -108.208382 31.719275
    -108.208375 31.718401
    -108.208369 31.717329
    -108.20833 31.703646
    -108.208312 31.69508
    -108.208303 31.688782
    -108.208245 31.648895
    -108.208115 31.630724
    -108.208138 31.625611
    -108.208087 31.613489
    -108.208092 31.600838
    -108.208192 31.589347
    -108.208243 31.577446
    -108.208291 31.566505
    -108.208347 31.560796
    -108.208478 31.547427
    -108.208658 31.529141
    -108.20869 31.525806
    -108.208598 31.509986
    -108.208566 31.504484
    -108.208546 31.501051
    -108.20854 31.500107
    -108.208525 31.499867
    -108.208521 31.499798
    -108.208572 31.499742
    -108.208538 31.492976
    -108.208493 31.478833
    -108.208372 31.460142
    -108.208366 31.458484
    -108.208393 31.429167
    -108.208402 31.422937
    -108.208407 31.41966
    -108.208481 31.376562
    -108.208494 31.375117
    -108.208547 31.357434
    -108.208536 31.356102
    -108.208557 31.341295
    -108.208576 31.3358
    -108.208573 31.333395
    -108.22754 31.333368
    -108.250588 31.333335
    -108.367567 31.333401
    -108.368287 31.333401
    -108.375569 31.333404
    -108.389045 31.333407
    -108.399206 31.333417
    -108.412089 31.33341
    -108.446064 31.333468
    -108.468774 31.333441
    -108.471844 31.333432
    -108.475353 31.333437
    -108.500594 31.333382
    -108.530035 31.333359
    -108.530115 31.333359
    -108.530228 31.333358
    -108.53788 31.333353
    -108.617312 31.333289
    -108.625597 31.333258
    -108.635478 31.333249
    -108.657092 31.333232
    -108.702117 31.333196
    -108.707046 31.333191
    -108.707657 31.333191
    -108.715301 31.333107
    -108.718941 31.33307
    -108.719073 31.333071
    -108.722405 31.333033
    -108.72566 31.332987
    -108.727018 31.33298
    -108.728376 31.332974
    -108.732805 31.332926
    -108.73503 31.332902
    -108.735714 31.332873
    -108.736397 31.332844
    -108.739039 31.332854
    -108.739448 31.332852
    -108.743099 31.332817
    -108.7506 31.332731
    -108.752208 31.332709
    -108.75648 31.332644
    -108.759064 31.332607
    -108.788711 31.332365
    -108.816063 31.332253
    -108.822059 31.332261
    -108.851105 31.332301
    -108.853717 31.332294
    -108.861028 31.332315
    -108.875604 31.33233
    -108.884545 31.33231
    -108.88692 31.332312
    -108.949314 31.332368
    -108.996683 31.332196
    -109.000607 31.332172
    -109.028254 31.332225
    -109.035699 31.33225
    -109.050039 31.332244
    -109.050044 31.332502
    -109.050045 31.336676
    -109.050045 31.339445
    -109.050046 31.342106
    -109.050048 31.342168
    -109.050055 31.342369
    -109.050067 31.34703
    -109.050067 31.347165
    -109.050057 31.349406
    -109.050054 31.349691
    -109.050047 31.350299
    -109.050047 31.352917
    -109.050045 31.37359
    -109.050052 31.373734
    -109.050116 31.37496
    -109.050051 31.394677
    -109.050051 31.395679
    -109.050051 31.395996
    -109.050052 31.396351
    -109.050049 31.412191
    -109.050049 31.412333
    -109.050046 31.418262
    -109.049981 31.429686
    -109.049942 31.436545
    -109.049934 31.437907
    -109.04996 31.448282
    -109.049995 31.455717
    -109.050006 31.460031
    -109.050019 31.465516
    -109.050019 31.465581
    -109.05004 31.471199
    -109.050101 31.475211
    -109.050164 31.479388
    -109.050172 31.479882
    -109.050173 31.480004
    -109.050078 31.485633
    -109.050012 31.489519
    -109.049901 31.496092
    -109.049843 31.499515
    -109.049812 31.499528
    -109.049813 31.499723
    -109.049816 31.499788
    -109.049811 31.499945
    -109.049811 31.500106
    -109.049795 31.503273
    -109.04978 31.50722
    -109.049747 31.514808
    -109.049745 31.515244
    -109.049726 31.519358
    -109.049712 31.52236
    -109.049671 31.524605
    -109.049534 31.532144
    -109.04953 31.532366
    -109.049396 31.540051
    -109.049311 31.544932
    -109.04933 31.55073
    -109.049336 31.552518
    -109.049354 31.557803
    -109.049414 31.574385
    -109.049345 31.5853
    -109.049306 31.59143
    -109.049301 31.591862
    -109.049297 31.592288
    -109.049239 31.601653
    -109.049237 31.602004
    -109.049218 31.605457
    -109.049208 31.610351
    -109.049208 31.610466
    -109.049155 31.623371
    -109.049155 31.623434
    -109.04915 31.625045
    -109.04912 31.634214
    -109.04911 31.635272
    -109.049111 31.636034
    -109.049113 31.636251
    -109.049115 31.636978
    -109.049126 31.64071
    -109.049132 31.642811
    -109.049143 31.646467
    -109.049173 31.65668
    -109.049203 31.669859
    -109.049207 31.670747
    -109.049208 31.670912
    -109.049214 31.673794
    -109.049203 31.67544
    -109.049171 31.681625
    -109.04917 31.681751
    -109.049133 31.685548
    -109.04913 31.687764
    -109.049125 31.69072
    -109.049123 31.69115
    -109.049106 31.694378
    -109.049079 31.698761
    -109.049061 31.701746
    -109.049047 31.704105
    -109.049038 31.707146
    -109.049037 31.707727
    -109.049022 31.713622
    -109.049003 31.718814
    -109.04899 31.721922
    -109.04899 31.721929
    -109.049011 31.731117
    -109.049011 31.731448
    -109.049022 31.750086
    -109.048988 31.76199
    -109.049255 31.790301
    -109.049298 31.79674
    -109.049298 31.796742
    -109.049186 31.797381
    -109.049186 31.797651
    -109.049185 31.797869
    -109.049185 31.79797
    -109.049177 31.802462
    -109.049176 31.802731
    -109.049173 31.804415
    -109.049162 31.810847
    -109.04917 31.810866
    -109.049169 31.811174
    -109.049168 31.81197
    -109.049164 31.813773
    -109.049164 31.813865
    -109.049157 31.818066
    -109.049157 31.818214
    -109.049139 31.822419
    -109.049133 31.823758
    -109.049131 31.82472
    -109.049131 31.825054
    -109.04913 31.825316
    -109.049133 31.826347
    -109.04913 31.827139
    -109.049123 31.829183
    -109.049118 31.830496
    -109.049118 31.830503
    -109.04912 31.83123
    -109.049124 31.832584
    -109.049125 31.833021
    -109.049122 31.83373
    -109.049119 31.834348
    -109.049116 31.836649
    -109.049114 31.837916
    -109.049118 31.840248
    -109.049115 31.841679
    -109.049111 31.843714
    -109.049107 31.845327
    -109.049107 31.848804
    -109.049107 31.848967
    -109.049107 31.856404
    -109.049099 31.859569
    -109.049095 31.861382
    -109.049093 31.862276
    -109.049087 31.863374
    -109.049066 31.867287
    -109.049056 31.869226
    -109.049048 31.870689
    -109.049045 31.870932
    -109.048816 31.872283
    -109.048741 31.875798
    -109.048738 31.876905
    -109.048727 31.881215
    -109.048725 31.881974
    -109.048717 31.885312
    -109.048708 31.88954
    -109.0487 31.892744
    -109.048694 31.895472
    -109.04869 31.897706
    -109.048688 31.89815
    -109.048688 31.898204
    -109.048673 31.905325
    -109.048639 31.920913
END
END
