35041 Roosevelt County
1
    -103.509726 33.657177
    -103.509726 33.657218
    -103.511583 33.657208
    -103.512995 33.657193
    -103.513001 33.657193
    -103.514949 33.657173
    -103.51864 33.657198
    -103.520454 33.657191
    -103.52046 33.657191
    -103.522777 33.657183
    -103.522784 33.657183
    -103.524551 33.657176
    -103.524558 33.657176
    -103.525869 33.657171
    -103.526557 33.657164
    -103.526692 33.657153
    -103.526699 33.657153
    -103.526706 33.657153
    -103.526715 33.657153
    -103.527315 33.657113
    -103.527836 33.657085
    -103.528411 33.657111
    -103.52894 33.657174
    -103.528963 33.657177
    -103.528969 33.657178
    -103.529038 33.657187
    -103.529608 33.657265
    -103.529813 33.657304
    -103.529822 33.657306
    -103.529906 33.657322
    -103.530268 33.657356
    -103.530567 33.657348
    -103.531048 33.65729
    -103.531411 33.657241
    -103.531756 33.657219
    -103.532829 33.657246
    -103.533436 33.657269
    -103.533748 33.657269
    -103.534007 33.657253
    -103.534374 33.6572
    -103.535424 33.657023
    -103.535745 33.657016
    -103.536687 33.657019
    -103.536749 33.657023
    -103.536772 33.657024
    -103.537466 33.657067
    -103.537673 33.657089
    -103.537682 33.65709
    -103.538288 33.657153
    -103.538305 33.657151
    -103.538339 33.657148
    -103.540045 33.656991
    -103.545447 33.656848
    -103.547184 33.656802
    -103.559348 33.656727
    -103.569936 33.656662
    -103.576999 33.656618
    -103.585787 33.656564
    -103.58596 33.656563
    -103.612515 33.656401
    -103.620096 33.656355
    -103.625512 33.656384
    -103.629196 33.656373
    -103.629282 33.656373
    -103.649087 33.656274
    -103.655088 33.656262
    -103.668054 33.656217
    -103.670971 33.656207
    -103.672681 33.656201
    -103.672935 33.6562
    -103.672968 33.6562
    -103.672979 33.6562
    -103.672985 33.6562
    -103.672991 33.656199
    -103.673013 33.656199
    -103.673069 33.656199
    -103.673118 33.656199
    -103.673355 33.656198
    -103.673898 33.656196
    -103.677107 33.656185
    -103.677161 33.656185
    -103.677222 33.656185
    -103.707346 33.65616
    -103.707359 33.656201
    -103.707635 33.656325
    -103.708029 33.656313
    -103.708529 33.656206
    -103.710341 33.656298
    -103.718252 33.656136
    -103.71826 33.656136
    -103.718289 33.65776
    -103.718278 33.658469
    -103.71829 33.661036
    -103.71829 33.661102
    -103.718114 33.668643
    -103.718106 33.670671
    -103.718051 33.685143
    -103.71844 33.685167
    -103.718439 33.68528
    -103.718436 33.685688
    -103.718395 33.691227
    -103.717964 33.701821
    -103.717968 33.701951
    -103.718022 33.703675
    -103.718079 33.712596
    -103.718052 33.713833
    -103.71781 33.727371
    -103.717647 33.735926
    -103.717513 33.743037
    -103.717462 33.750092
    -103.717465 33.754882
    -103.717514 33.77154
    -103.717515 33.77176
    -103.717515 33.771973
    -103.717234 33.789764
    -103.717233 33.789825
    -103.71723 33.790024
    -103.717176 33.792446
    -103.717047 33.806509
    -103.716794 33.8193
    -103.731208 33.819287
    -103.732717 33.819286
    -103.736669 33.819285
    -103.738644 33.81933
    -103.740149 33.819317
    -103.746959 33.819258
    -103.750515 33.819139
    -103.755573 33.819168
    -103.756399 33.819197
    -103.760631 33.819191
    -103.762628 33.819189
    -103.769437 33.819182
    -103.769445 33.819182
    -103.771022 33.819181
    -103.77198 33.81918
    -103.772457 33.81918
    -103.774587 33.819178
    -103.782832 33.81917
    -103.782838 33.81917
    -103.782846 33.81917
    -103.782853 33.81917
    -103.782859 33.81917
    -103.789171 33.819196
    -103.789241 33.819196
    -103.794203 33.819186
    -103.801822 33.81918
    -103.805409 33.819182
    -103.81462 33.819187
    -103.815754 33.819188
    -103.816636 33.819189
    -103.817022 33.819189
    -103.817168 33.819189
    -103.834887 33.8192
    -103.834971 33.8192
    -103.835046 33.8192
    -103.836382 33.8192
    -103.838752 33.819199
    -103.839444 33.8192
    -103.83991 33.8192
    -103.841906 33.819252
    -103.841904 33.82012
    -103.841788 33.864302
    -103.841787 33.864817
    -103.841785 33.865874
    -103.841784 33.866229
    -103.84178 33.868176
    -103.84178 33.868194
    -103.841775 33.870051
    -103.841775 33.870059
    -103.841698 33.873757
    -103.841696 33.873843
    -103.841694 33.873945
    -103.841694 33.873962
    -103.841691 33.8741
    -103.84167 33.875087
    -103.841675 33.87609
    -103.841676 33.876257
    -103.841676 33.876335
    -103.841676 33.876388
    -103.841711 33.883536
    -103.841711 33.88356
    -103.841682 33.88389
    -103.841582 33.885168
    -103.841591 33.886619
    -103.841591 33.886641
    -103.841604 33.888739
    -103.841605 33.888843
    -103.841605 33.88886
    -103.841605 33.888883
    -103.841605 33.888904
    -103.841605 33.888909
    -103.841606 33.888917
    -103.841606 33.888928
    -103.841607 33.889092
    -103.841608 33.889286
    -103.841611 33.889764
    -103.841615 33.890474
    -103.841615 33.890507
    -103.841648 33.896523
    -103.841706 33.905384
    -103.841729 33.908905
    -103.841729 33.908929
    -103.841729 33.908953
    -103.841729 33.908958
    -103.84173 33.908969
    -103.84173 33.908981
    -103.84173 33.909023
    -103.841732 33.909295
    -103.841737 33.910096
    -103.84174 33.910609
    -103.841753 33.91263
    -103.841755 33.913001
    -103.841773 33.91581
    -103.841799 33.919936
    -103.841833 33.925341
    -103.84184 33.926512
    -103.841867 33.930891
    -103.841868 33.93101
    -103.84187 33.931275
    -103.841871 33.931455
    -103.841871 33.931502
    -103.841871 33.931535
    -103.841871 33.931541
    -103.841871 33.931592
    -103.841873 33.931912
    -103.841878 33.932673
    -103.841887 33.93401
    -103.841916 33.935968
    -103.84188 33.941069
    -103.841834 33.950182
    -103.841832 33.95057
    -103.841831 33.950713
    -103.84183 33.950875
    -103.84183 33.950943
    -103.84183 33.951006
    -103.841828 33.951547
    -103.841822 33.952242
    -103.841766 33.959792
    -103.841742 33.963027
    -103.84173 33.963625
    -103.841599 33.980364
    -103.841599 33.98039
    -103.841612 33.981762
    -103.841583 33.987605
    -103.841549 33.994269
    -103.841555 33.995067
    -103.841556 33.995199
    -103.841558 33.995343
    -103.84153 33.997108
    -103.841554 33.998717
    -103.841547 33.999893
    -103.841546 34.000012
    -103.841546 34.000061
    -103.841546 34.000139
    -103.841547 34.000268
    -103.841577 34.009153
    -103.841577 34.009192
    -103.84168 34.016807
    -103.841618 34.017082
    -103.841618 34.0218
    -103.841618 34.030848
    -103.841618 34.033275
    -103.841618 34.048883
    -103.841618 34.053381
    -103.841618 34.057982
    -103.841618 34.075007
    -103.841619 34.080505
    -103.841619 34.081681
    -103.843888 34.081662
    -103.844247 34.081659
    -103.844607 34.081656
    -103.844967 34.081653
    -103.859263 34.081531
    -103.860062 34.081599
    -103.864576 34.081643
    -103.867852 34.081642
    -103.875519 34.08163
    -103.889177 34.081653
    -103.889719 34.081516
    -103.889921 34.081519
    -103.902963 34.081677
    -103.90482 34.081699
    -103.910272 34.081765
    -103.910321 34.081762
    -103.911515 34.081692
    -103.911841 34.081673
    -103.929923 34.082384
    -103.945949 34.082784
    -103.946066 34.08697
    -103.946037 34.08761
    -103.945862 34.098867
    -103.945842 34.101723
    -103.945714 34.1154
    -103.945696 34.117345
    -103.945655 34.121938
    -103.945647 34.122645
    -103.945621 34.125082
    -103.94564 34.127183
    -103.946121 34.172074
    -103.946126 34.173034
    -103.946229 34.194294
    -103.946243 34.198673
    -103.946288 34.207467
    -103.946229 34.208114
    -103.946091 34.208975
    -103.946174 34.214515
    -103.946174 34.214538
    -103.946181 34.214902
    -103.946181 34.214918
    -103.946214 34.221812
    -103.946037 34.229484
    -103.945905 34.232668
    -103.94592 34.232985
    -103.945993 34.235351
    -103.945979 34.238803
    -103.945966 34.242035
    -103.946037 34.243755
    -103.946052 34.244072
    -103.946227 34.250075
    -103.946126 34.259881
    -103.949627 34.259881
    -103.949612 34.260271
    -103.949406 34.274091
    -103.949222 34.286274
    -103.949213 34.299621
    -103.949223 34.303258
    -103.949219 34.313473
    -103.949171 34.332323
    -103.949171 34.334298
    -103.949142 34.348374
    -103.949136 34.349587
    -103.949068 34.35751
    -103.949068 34.358303
    -103.948995 34.370281
    -103.94897 34.375078
    -103.94898 34.377746
    -103.949024 34.390139
    -103.949024 34.390492
    -103.949024 34.402065
    -103.948995 34.404849
    -103.948892 34.410984
    -103.948877 34.411179
    -103.949068 34.423231
    -103.948923 34.430184
    -103.948918 34.430433
    -103.948922 34.430721
    -103.948996 34.435946
    -103.948998 34.43602
    -103.949005 34.436398
    -103.949004 34.436806
    -103.948973 34.437192
    -103.949007 34.437611
    -103.94905 34.438009
    -103.949017 34.438467
    -103.949016 34.438877
    -103.94912 34.441118
    -103.94912 34.44133
    -103.94912 34.441334
    -103.94912 34.448626
    -103.94912 34.450132
    -103.94912 34.450413
    -103.949117 34.450673
    -103.949116 34.450735
    -103.949116 34.450746
    -103.949116 34.450751
    -103.949133 34.452271
    -103.949149 34.453712
    -103.949149 34.453731
    -103.949149 34.454054
    -103.949156 34.455374
    -103.949169 34.456307
    -103.949189 34.458383
    -103.94911 34.460678
    -103.94911 34.462212
    -103.94911 34.463164
    -103.949059 34.471954
    -103.949059 34.472165
    -103.949021 34.475719
    -103.949046 34.492929
    -103.948893 34.499678
    -103.948973 34.500066
    -103.949021 34.515766
    -103.94897 34.521414
    -103.948896 34.529533
    -103.948676 34.532912
    -103.948668 34.533515
    -103.948625 34.536974
    -103.948702 34.537873
    -103.948646 34.5384
    -103.948786 34.539613
    -103.948648 34.542338
    -103.948815 34.543276
    -103.948815 34.546161
    -103.948842 34.546494
    -103.948799 34.549477
    -103.948799 34.549487
    -103.948799 34.549492
    -103.948799 34.549497
    -103.9488 34.549503
    -103.948804 34.549688
    -103.948971 34.551531
    -103.948962 34.551837
    -103.948761 34.560837
    -103.948753 34.562085
    -103.948753 34.567755
    -103.948739 34.56846
    -103.948727 34.568707
    -103.948667 34.570758
    -103.948631 34.572243
    -103.948628 34.572362
    -103.948655 34.572476
    -103.948564 34.573442
    -103.948753 34.574017
    -103.948778 34.577841
    -103.948778 34.577909
    -103.948778 34.586456
    -103.948839 34.605058
    -103.948828 34.605058
    -103.937404 34.605068
    -103.935458 34.605054
    -103.933334 34.605037
    -103.93223 34.605044
    -103.929572 34.605059
    -103.921547 34.605007
    -103.906542 34.605032
    -103.901944 34.604991
    -103.900269 34.605003
    -103.900045 34.605005
    -103.899745 34.605007
    -103.898605 34.605015
    -103.896869 34.605021
    -103.890948 34.605037
    -103.887049 34.605001
    -103.886365 34.605004
    -103.886363 34.605004
    -103.883116 34.605016
    -103.882619 34.605015
    -103.879267 34.605007
    -103.875965 34.605014
    -103.874986 34.605009
    -103.873473 34.604972
    -103.871694 34.604968
    -103.869725 34.604973
    -103.869487 34.604978
    -103.869282 34.604982
    -103.84742 34.604956
    -103.847412 34.604955
    -103.845177 34.604954
    -103.845173 34.604953
    -103.829918 34.604936
    -103.829907 34.604935
    -103.827417 34.604933
    -103.824194 34.604932
    -103.821705 34.604919
    -103.821147 34.604917
    -103.818782 34.604935
    -103.815348 34.604922
    -103.813492 34.604937
    -103.813226 34.604936
    -103.812583 34.604933
    -103.812502 34.604933
    -103.812232 34.604938
    -103.811951 34.604931
    -103.81152 34.60492
    -103.811194 34.604918
    -103.809962 34.604931
    -103.797561 34.604916
    -103.794839 34.604886
    -103.794615 34.604888
    -103.794604 34.604915
    -103.794603 34.604915
    -103.794139 34.604917
    -103.791552 34.60493
    -103.766754 34.604932
    -103.750521 34.604842
    -103.74163 34.604863
    -103.741629 34.604863
    -103.741122 34.604832
    -103.740531 34.604794
    -103.739309 34.604745
    -103.738232 34.604671
    -103.738503 34.594032
    -103.73851 34.593445
    -103.73851 34.59211
    -103.738503 34.59129
    -103.738503 34.589531
    -103.738518 34.587673
    -103.738518 34.586704
    -103.73851 34.585735
    -103.738518 34.584743
    -103.738518 34.579453
    -103.738518 34.578815
    -103.738525 34.578053
    -103.738525 34.57613
    -103.738533 34.575081
    -103.738533 34.571911
    -103.738541 34.570827
    -103.738541 34.569725
    -103.738533 34.568623
    -103.738548 34.567539
    -103.738564 34.565369
    -103.738572 34.565138
    -103.738577 34.564987
    -103.738587 34.564716
    -103.738602 34.564304
    -103.738708 34.56329
    -103.738716 34.562408
    -103.738663 34.561531
    -103.738663 34.558384
    -103.73867 34.557201
    -103.73867 34.555984
    -103.738663 34.554787
    -103.73864 34.55368
    -103.738632 34.55262
    -103.738617 34.551556
    -103.738617 34.550472
    -103.738609 34.549374
    -103.738609 34.548267
    -103.738602 34.547153
    -103.738602 34.546028
    -103.738586 34.543755
    -103.738586 34.542599
    -103.738571 34.541458
    -103.738571 34.539173
    -103.738564 34.538025
    -103.738564 34.536888
    -103.738556 34.535923
    -103.738556 34.535857
    -103.738556 34.533493
    -103.738549 34.53239
    -103.738541 34.531193
    -103.738541 34.530048
    -103.738525 34.528915
    -103.738495 34.524368
    -103.738495 34.523205
    -103.738495 34.522151
    -103.738495 34.522053
    -103.738487 34.521668
    -103.738484 34.521544
    -103.73848 34.521362
    -103.738487 34.520924
    -103.738472 34.518612
    -103.738416 34.51419
    -103.738415 34.51413
    -103.738365 34.510155
    -103.738342 34.506847
    -103.738342 34.505318
    -103.73838 34.499203
    -103.738411 34.496735
    -103.738426 34.494282
    -103.738441 34.493061
    -103.738447 34.492132
    -103.738448 34.49205
    -103.738457 34.490643
    -103.738472 34.489422
    -103.738472 34.48819
    -103.738579 34.479546
    -103.738579 34.478283
    -103.738584 34.477834
    -103.738586 34.477631
    -103.738587 34.47739
    -103.73859 34.476763
    -103.738594 34.475742
    -103.738625 34.473217
    -103.738686 34.463154
    -103.738688 34.462876
    -103.738701 34.461033
    -103.738716 34.459816
    -103.738739 34.456158
    -103.738754 34.454926
    -103.738754 34.453682
    -103.738762 34.452446
    -103.738762 34.451233
    -103.738777 34.448643
    -103.738778 34.448568
    -103.738782 34.448294
    -103.738805 34.446762
    -103.738823 34.44556
    -103.738846 34.444462
    -103.738861 34.443371
    -103.738884 34.442299
    -103.738899 34.441326
    -103.738907 34.440441
    -103.738922 34.439743
    -103.738922 34.43948
    -103.738937 34.438988
    -103.738953 34.437363
    -103.738976 34.436337
    -103.739006 34.434158
    -103.739019 34.43356
    -103.739029 34.433075
    -103.739044 34.431969
    -103.739067 34.430832
    -103.739098 34.428551
    -103.739151 34.425701
    -103.739143 34.42519
    -103.739113 34.424648
    -103.739126 34.424389
    -103.739143 34.42406
    -103.739166 34.423611
    -103.739182 34.422451
    -103.739174 34.421852
    -103.739174 34.421288
    -103.739182 34.420753
    -103.739182 34.420265
    -103.739183 34.420193
    -103.739189 34.419796
    -103.739204 34.419334
    -103.739207 34.419146
    -103.739208 34.419084
    -103.739212 34.418858
    -103.739212 34.418343
    -103.739258 34.414986
    -103.739258 34.414452
    -103.739264 34.414049
    -103.739266 34.413889
    -103.739271 34.413513
    -103.739273 34.413395
    -103.739287 34.413225
    -103.739302 34.413051
    -103.739291 34.412755
    -103.738808 34.400316
    -103.738799 34.400078
    -103.739017 34.390075
    -103.739224 34.380628
    -103.739258 34.379062
    -103.73942 34.375074
    -103.739501 34.374008
    -103.739527 34.371786
    -103.739568 34.36252
    -103.739577 34.360603
    -103.739578 34.360519
    -103.739743 34.346996
    -103.739747 34.346743
    -103.739751 34.34649
    -103.739752 34.346426
    -103.739753 34.346361
    -103.739757 34.346134
    -103.739761 34.345906
    -103.740253 34.345042
    -103.740253 34.33331
    -103.739801 34.332619
    -103.739817 34.327175
    -103.739867 34.321097
    -103.740009 34.304044
    -103.74001 34.303943
    -103.740011 34.303818
    -103.740017 34.303076
    -103.736096 34.30298
    -103.735458 34.302964
    -103.731835 34.302895
    -103.730577 34.302873
    -103.722549 34.302899
    -103.706646 34.302994
    -103.692066 34.303007
    -103.691716 34.303008
    -103.687041 34.303012
    -103.686985 34.303012
    -103.683429 34.303016
    -103.681531 34.303018
    -103.670462 34.30304
    -103.670326 34.30304
    -103.652934 34.302946
    -103.652775 34.302945
    -103.652599 34.302944
    -103.644247 34.302919
    -103.644137 34.302919
    -103.6356 34.302905
    -103.635548 34.302906
    -103.634489 34.302929
    -103.626998 34.303095
    -103.625515 34.30305
    -103.620514 34.303083
    -103.619589 34.303089
    -103.618016 34.3031
    -103.602505 34.302991
    -103.601407 34.303033
    -103.600891 34.303053
    -103.600188 34.30308
    -103.593726 34.303145
    -103.593653 34.303145
    -103.5925 34.303137
    -103.590906 34.303112
    -103.589293 34.303102
    -103.587367 34.30312
    -103.58723 34.303115
    -103.586911 34.303104
    -103.57827 34.303067
    -103.564565 34.303009
    -103.547478 34.303155
    -103.533013 34.303278
    -103.530245 34.303246
    -103.530176 34.303246
    -103.530063 34.303245
    -103.522647 34.303309
    -103.521008 34.30331
    -103.520708 34.303311
    -103.520659 34.303335
    -103.520222 34.303308
    -103.519551 34.303287
    -103.517627 34.303283
    -103.514039 34.303308
    -103.513787 34.303282
    -103.513679 34.303281
    -103.513388 34.303281
    -103.500513 34.30325
    -103.472589 34.3034
    -103.459597 34.303318
    -103.452398 34.303216
    -103.451101 34.303206
    -103.450917 34.303205
    -103.44193 34.303136
    -103.433106 34.30336
    -103.424352 34.303351
    -103.407214 34.303334
    -103.398178 34.303325
    -103.375509 34.303303
    -103.371794 34.303299
    -103.345953 34.303273
    -103.344754 34.303272
    -103.344434 34.303272
    -103.337157 34.303297
    -103.330174 34.303321
    -103.327904 34.303387
    -103.327202 34.303394
    -103.32579 34.303394
    -103.325242 34.303397
    -103.325027 34.303398
    -103.324874 34.303397
    -103.324242 34.303394
    -103.323433 34.303398
    -103.321927 34.303394
    -103.321831 34.303394
    -103.320374 34.303398
    -103.319969 34.303383
    -103.319679 34.303379
    -103.319606 34.303378
    -103.319306 34.303375
    -103.31884 34.303371
    -103.318062 34.30337
    -103.317711 34.30337
    -103.316452 34.303368
    -103.315208 34.303375
    -103.314613 34.303375
    -103.314064 34.303383
    -103.314046 34.303383
    -103.313964 34.303382
    -103.313762 34.303381
    -103.313677 34.303381
    -103.313558 34.30338
    -103.311455 34.303368
    -103.311334 34.303367
    -103.293265 34.303221
    -103.27799 34.303206
    -103.273217 34.303175
    -103.266705 34.303081
    -103.266125 34.303126
    -103.25195 34.303239
    -103.246933 34.303513
    -103.245974 34.303492
    -103.245499 34.303482
    -103.244911 34.303505
    -103.244644 34.30352
    -103.24408 34.303524
    -103.243675 34.30352
    -103.242874 34.303528
    -103.242081 34.303513
    -103.241707 34.303493
    -103.241379 34.303463
    -103.241081 34.303421
    -103.240356 34.303368
    -103.238571 34.303345
    -103.238113 34.303345
    -103.236259 34.303333
    -103.235077 34.303318
    -103.23423 34.303318
    -103.232918 34.303303
    -103.230995 34.303272
    -103.230515 34.303272
    -103.230477 34.303274
    -103.230203 34.303286
    -103.230087 34.303291
    -103.229698 34.303337
    -103.229301 34.303368
    -103.228943 34.303368
    -103.227341 34.303326
    -103.226685 34.303318
    -103.226231 34.303316
    -103.225929 34.303314
    -103.225786 34.30331
    -103.225674 34.303307
    -103.225396 34.30331
    -103.225365 34.30331
    -103.224567 34.303308
    -103.224515 34.303308
    -103.224159 34.303307
    -103.223825 34.303309
    -103.223779 34.303309
    -103.223587 34.30331
    -103.219543 34.303265
    -103.218857 34.303253
    -103.218178 34.303246
    -103.21731 34.303227
    -103.215413 34.303187
    -103.215305 34.303185
    -103.214928 34.303177
    -103.214898 34.303176
    -103.214715 34.303173
    -103.214662 34.303172
    -103.213547 34.30315
    -103.211525 34.303135
    -103.210014 34.303131
    -103.209244 34.303123
    -103.208499 34.30312
    -103.207703 34.303116
    -103.206955 34.30312
    -103.200478 34.303101
    -103.197861 34.303089
    -103.197528 34.303098
    -103.19732 34.303101
    -103.197112 34.3031
    -103.196777 34.303099
    -103.196604 34.303099
    -103.195389 34.303097
    -103.194611 34.303089
    -103.192055 34.303085
    -103.191185 34.30307
    -103.190338 34.303082
    -103.189507 34.303085
    -103.188675 34.303078
    -103.187836 34.303078
    -103.187656 34.303076
    -103.186989 34.30307
    -103.186134 34.303078
    -103.184402 34.303055
    -103.183487 34.303051
    -103.182526 34.303059
    -103.181549 34.303062
    -103.179619 34.303059
    -103.178535 34.303051
    -103.177773 34.303051
    -103.176003 34.303043
    -103.174824 34.303043
    -103.17424 34.303043
    -103.172417 34.303036
    -103.170525 34.303036
    -103.170135 34.303034
    -103.16959 34.303032
    -103.162514 34.303005
    -103.160926 34.302996
    -103.160643 34.302994
    -103.159798 34.302994
    -103.158859 34.302986
    -103.157292 34.302996
    -103.15699 34.302998
    -103.155167 34.302994
    -103.154251 34.302986
    -103.150581 34.302979
    -103.148781 34.302971
    -103.147896 34.302975
    -103.145 34.302966
    -103.143898 34.302963
    -103.14357 34.302959
    -103.143242 34.302956
    -103.14119 34.302956
    -103.140335 34.302948
    -103.137976 34.302943
    -103.136726 34.30294
    -103.135886 34.302934
    -103.135788 34.302933
    -103.134901 34.302931
    -103.133926 34.302929
    -103.132042 34.302917
    -103.128311 34.302902
    -103.127396 34.302891
    -103.126099 34.302883
    -103.12599 34.302883
    -103.125287 34.302883
    -103.124855 34.302883
    -103.120445 34.302865
    -103.120209 34.302864
    -103.117208 34.302843
    -103.111031 34.302799
    -103.108551 34.302788
    -103.108388 34.302785
    -103.108047 34.30278
    -103.106087 34.302769
    -103.103111 34.302765
    -103.102119 34.302757
    -103.099302 34.302752
    -103.098244 34.30275
    -103.096291 34.302738
    -103.094337 34.302738
    -103.091103 34.302727
    -103.090446 34.302727
    -103.089508 34.302719
    -103.0867 34.302719
    -103.082779 34.302704
    -103.080704 34.3027
    -103.079666 34.302692
    -103.077887 34.302691
    -103.075417 34.302689
    -103.074348 34.302677
    -103.073575 34.302673
    -103.073524 34.302673
    -103.072235 34.302681
    -103.070107 34.302673
    -103.069075 34.302671
    -103.065804 34.302666
    -103.063652 34.302658
    -103.061531 34.302658
    -103.057449 34.302639
    -103.056514 34.302642
    -103.056122 34.302643
    -103.051474 34.302615
    -103.04938 34.302606
    -103.047367 34.302586
    -103.044754 34.302571
    -103.043936 34.302585
    -103.043948 34.301394
    -103.043923 34.300442
    -103.043847 34.296587
    -103.043848 34.296586
    -103.043841 34.294926
    -103.043841 34.294602
    -103.043795 34.290348
    -103.043784 34.289505
    -103.043778 34.289322
    -103.043755 34.288116
    -103.043753 34.285541
    -103.043756 34.284971
    -103.043668 34.280054
    -103.043633 34.278228
    -103.04359 34.276052
    -103.043567 34.274878
    -103.043557 34.274781
    -103.043764 34.273583
    -103.043766 34.272578
    -103.043745 34.271807
    -103.043665 34.269323
    -103.043659 34.269095
    -103.043586 34.266475
    -103.043649 34.264558
    -103.043758 34.260952
    -103.043738 34.260321
    -103.043615 34.260313
    -103.043602 34.260312
    -103.043769 34.257458
    -103.043768 34.256908
    -103.043767 34.256178
    -103.043731 34.253995
    -103.043742 34.250094
    -103.043742 34.250018
    -103.04375 34.248853
    -103.043743 34.246485
    -103.043748 34.245595
    -103.043738 34.24555
    -103.043508 34.244415
    -103.043511 34.242353
    -103.043485 34.240601
    -103.043482 34.238098
    -103.043547 34.233875
    -103.043542 34.23266
    -103.04355 34.232045
    -103.043555 34.231204
    -103.043544 34.228612
    -103.043561 34.227146
    -103.043568 34.221738
    -103.043556 34.216699
    -103.043568 34.21437
    -103.043711 34.212959
    -103.043832 34.211567
    -103.043833 34.211567
    -103.043834 34.211567
    -103.043837 34.211545
    -103.043835 34.2049
    -103.043566 34.204873
    -103.043579 34.204612
    -103.043833 34.199838
    -103.043833 34.199052
    -103.043831 34.194641
    -103.043745 34.190254
    -103.043738 34.187707
    -103.043728 34.187035
    -103.043688 34.185836
    -103.043671 34.184538
    -103.043595 34.18126
    -103.043618 34.180196
    -103.043619 34.178832
    -103.04378 34.172305
    -103.043813 34.17163
    -103.043826 34.171021
    -103.043885 34.164103
    -103.043903 34.162064
    -103.043857 34.160659
    -103.043834 34.157539
    -103.043846 34.153904
    -103.043818 34.152777
    -103.043831 34.151506
    -103.043865 34.148016
    -103.043845 34.14177
    -103.043869 34.140731
    -103.043857 34.139471
    -103.043861 34.138318
    -103.043861 34.135563
    -103.043862 34.133232
    -103.043739 34.131274
    -103.043656 34.130156
    -103.043501 34.127449
    -103.043393 34.125954
    -103.043283 34.124264
    -103.043324 34.121309
    -103.043402 34.117606
    -103.043452 34.114391
    -103.043452 34.113896
    -103.043479 34.112834
    -103.04348 34.112814
    -103.043679 34.110087
    -103.043682 34.110056
    -103.043511 34.107986
    -103.043481 34.107616
    -103.043511 34.104772
    -103.043532 34.10203
    -103.043595 34.092847
    -103.043595 34.092809
    -103.043569 34.087947
    -103.043516 34.079382
    -103.043574 34.078057
    -103.043598 34.074629
    -103.043598 34.074628
    -103.043686 34.063078
    -103.043693 34.061574
    -103.043702 34.059519
    -103.043728 34.053357
    -103.043738 34.051303
    -103.043738 34.051276
    -103.043738 34.051236
    -103.043738 34.051196
    -103.043739 34.05117
    -103.043739 34.051161
    -103.043739 34.051136
    -103.043739 34.051128
    -103.043739 34.050899
    -103.043742 34.050214
    -103.043744 34.049986
    -103.043707 34.049325
    -103.043718 34.048728
    -103.043682 34.047527
    -103.043714 34.045649
    -103.043717 34.044512
    -103.043767 34.043545
    -103.043721 34.04232
    -103.043771 34.041538
    -103.043759 34.039835
    -103.043782 34.037283
    -103.043781 34.036645
    -103.043693 34.036354
    -103.04378 34.035816
    -103.04359 34.033328
    -103.043558 34.032747
    -103.043566 34.03261
    -103.043478 34.020439
    -103.043653 34.018374
    -103.043672 34.018152
    -103.043686 34.018049
    -103.043697 34.017981
    -103.043651 34.017876
    -103.043638 34.017852
    -103.043638 34.017832
    -103.043636 34.017696
    -103.043545 34.015256
    -103.043547 34.015046
    -103.043571 34.011185
    -103.043658 34.010505
    -103.043643 34.01033
    -103.043643 34.008912
    -103.043625 34.007542
    -103.043624 34.00615
    -103.043609 34.004766
    -103.043617 34.00364
    -103.043742 33.999889
    -103.044018 33.983489
    -103.044116 33.978034
    -103.044139 33.976487
    -103.044173 33.974557
    -103.044215 33.974489
    -103.044263 33.974351
    -103.044289 33.974191
    -103.04429 33.973783
    -103.044387 33.96803
    -103.044431 33.966761
    -103.044416 33.96577
    -103.044439 33.964588
    -103.044474 33.963251
    -103.044506 33.961556
    -103.044531 33.96047
    -103.044545 33.960066
    -103.044545 33.960057
    -103.044561 33.959601
    -103.044584 33.958561
    -103.044846 33.94722
    -103.044879 33.946328
    -103.044879 33.946059
    -103.044881 33.946032
    -103.044891 33.945609
    -103.04489 33.945583
    -103.044939 33.943688
    -103.045026 33.939453
    -103.045043 33.938621
    -103.045698 33.906299
    -103.045615 33.906025
    -103.045671 33.901629
    -103.045644 33.901537
    -103.046341 33.879447
    -103.046342 33.879409
    -103.046344 33.879346
    -103.046471 33.875145
    -103.046907 33.8503
    -103.046991 33.842289
    -103.046998 33.841742
    -103.047026 33.839079
    -103.046999 33.838896
    -103.047082 33.836218
    -103.047164 33.835783
    -103.047193 33.831935
    -103.047337 33.825118
    -103.047346 33.824675
    -103.047414 33.821493
    -103.047497 33.821241
    -103.047415 33.821035
    -103.047552 33.817554
    -103.047637 33.808899
    -103.047886 33.796166
    -103.048012 33.793978
    -103.048037 33.793274
    -103.048127 33.788513
    -103.04814 33.788389
    -103.048157 33.787968
    -103.048189 33.787245
    -103.04819 33.787213
    -103.048301 33.781007
    -103.048301 33.781
    -103.048285 33.780111
    -103.048598 33.767116
    -103.048624 33.76659
    -103.048686 33.765873
    -103.048687 33.765871
    -103.048709 33.76532
    -103.048756 33.76338
    -103.048798 33.76171
    -103.048825 33.759934
    -103.04886 33.758503
    -103.04887 33.758474
    -103.048871 33.758474
    -103.048873 33.758398
    -103.048873 33.758359
    -103.048876 33.758294
    -103.049095 33.750099
    -103.049178 33.746924
    -103.049096 33.746764
    -103.049096 33.74627
    -103.049261 33.744918
    -103.049293 33.743807
    -103.049405 33.74164
    -103.049608 33.737766
    -103.049617 33.734777
    -103.049648 33.732044
    -103.049655 33.731531
    -103.049926 33.71754
    -103.049958 33.71466
    -103.050004 33.71058
    -103.050015 33.706641
    -103.050097 33.704958
    -103.050132 33.702759
    -103.050147 33.70204
    -103.050148 33.701971
    -103.050148 33.701736
    -103.050148 33.701261
    -103.05015 33.700874
    -103.050177 33.697094
    -103.050248 33.690539
    -103.050288 33.686926
    -103.050288 33.684338
    -103.050234 33.684178
    -103.050316 33.683972
    -103.050564 33.67243
    -103.050532 33.672408
    -103.051087 33.658186
    -103.05128 33.652186
    -103.051417 33.650972
    -103.051535 33.650487
    -103.051166 33.649202
    -103.051363 33.64195
    -103.051336 33.641744
    -103.051418 33.641515
    -103.051611 33.630248
    -103.051529 33.629904
    -103.051584 33.629584
    -103.051664 33.629489
    -103.051764 33.627801
    -103.051767 33.627747
    -103.051777 33.627599
    -103.051724 33.626292
    -103.051683 33.625099
    -103.051759 33.621701
    -103.05189 33.614899
    -103.05189 33.614848
    -103.051936 33.611917
    -103.052147 33.598862
    -103.05224 33.594884
    -103.05223 33.592409
    -103.052282 33.5866
    -103.052285 33.585908
    -103.052375 33.581413
    -103.052586 33.576011
    -103.05264 33.570786
    -103.05262 33.570599
    -103.05263 33.570599
    -103.053037 33.570596
    -103.054709 33.570585
    -103.062752 33.570494
    -103.066504 33.570504
    -103.068011 33.570498
    -103.079989 33.570492
    -103.081799 33.570488
    -103.085008 33.570481
    -103.085541 33.570493
    -103.09528 33.570491
    -103.095416 33.570399
    -103.097332 33.570582
    -103.097675 33.570548
    -103.097797 33.570536
    -103.10677 33.570442
    -103.10688 33.570533
    -103.110026 33.570418
    -103.110387 33.570364
    -103.110491 33.570349
    -103.111713 33.570628
    -103.114049 33.570626
    -103.114795 33.570622
    -103.114999 33.570621
    -103.125501 33.570557
    -103.131865 33.570553
    -103.132031 33.570553
    -103.136339 33.57055
    -103.146978 33.570544
    -103.147062 33.570544
    -103.161921 33.570537
    -103.184106 33.570526
    -103.2031 33.570517
    -103.203229 33.570517
    -103.218162 33.57051
    -103.227203 33.570506
    -103.235822 33.570502
    -103.235863 33.570502
    -103.250505 33.570446
    -103.276669 33.570594
    -103.276912 33.570596
    -103.278892 33.570596
    -103.289614 33.570586
    -103.303725 33.570573
    -103.311017 33.570519
    -103.314291 33.570458
    -103.314541 33.570453
    -103.314867 33.570448
    -103.3156 33.570461
    -103.316607 33.570466
    -103.317518 33.570454
    -103.318623 33.570469
    -103.321194 33.570476
    -103.321493 33.570478
    -103.321499 33.570478
    -103.321506 33.570478
    -103.321512 33.570478
    -103.32152 33.570478
    -103.321532 33.570478
    -103.321549 33.570478
    -103.321575 33.570478
    -103.321617 33.570478
    -103.321691 33.570478
    -103.323149 33.570482
    -103.323413 33.570473
    -103.323427 33.570473
    -103.323441 33.570473
    -103.323454 33.570473
    -103.323467 33.570473
    -103.323479 33.570473
    -103.323491 33.570473
    -103.323502 33.570473
    -103.323512 33.570473
    -103.323521 33.570473
    -103.32353 33.570473
    -103.323538 33.570473
    -103.323545 33.570473
    -103.323552 33.570473
    -103.324032 33.570463
    -103.324058 33.570462
    -103.324172 33.57046
    -103.324322 33.570472
    -103.324328 33.570472
    -103.324334 33.570472
    -103.32434 33.570472
    -103.324346 33.570472
    -103.324352 33.570472
    -103.324358 33.570472
    -103.324364 33.570472
    -103.32437 33.570472
    -103.324376 33.570472
    -103.324382 33.570472
    -103.324388 33.570472
    -103.324394 33.570472
    -103.3244 33.570472
    -103.324406 33.570472
    -103.324412 33.570472
    -103.324418 33.570472
    -103.324424 33.570472
    -103.32443 33.570472
    -103.324436 33.570472
    -103.324442 33.570472
    -103.324448 33.570472
    -103.324454 33.570472
    -103.32446 33.570472
    -103.324466 33.570472
    -103.324472 33.570472
    -103.324478 33.570472
    -103.324484 33.570472
    -103.32449 33.570472
    -103.324496 33.570472
    -103.324502 33.570472
    -103.324508 33.570472
    -103.324514 33.570472
    -103.32452 33.570472
    -103.324526 33.570472
    -103.324532 33.570472
    -103.324538 33.570472
    -103.324544 33.570472
    -103.32455 33.570472
    -103.324556 33.570472
    -103.324562 33.570472
    -103.324568 33.570472
    -103.324574 33.570472
    -103.32458 33.570472
    -103.324586 33.570472
    -103.324592 33.570472
    -103.324598 33.570472
    -103.324604 33.570472
    -103.32461 33.570472
    -103.324616 33.570472
    -103.324622 33.570472
    -103.324628 33.570472
    -103.324634 33.570472
    -103.32464 33.570472
    -103.324646 33.570472
    -103.324653 33.570472
    -103.324661 33.570472
    -103.324669 33.570472
    -103.324677 33.570472
    -103.324685 33.570472
    -103.324693 33.570472
    -103.324701 33.570472
    -103.324709 33.570472
    -103.324717 33.570472
    -103.324725 33.570472
    -103.324735 33.570472
    -103.324745 33.570472
    -103.324755 33.570472
    -103.324765 33.570472
    -103.324775 33.570472
    -103.324785 33.570472
    -103.324791 33.570472
    -103.324797 33.570472
    -103.324803 33.570472
    -103.324809 33.570472
    -103.324815 33.570472
    -103.324821 33.570472
    -103.324827 33.570472
    -103.324833 33.570472
    -103.324839 33.570472
    -103.324845 33.570472
    -103.324852 33.570472
    -103.324859 33.570472
    -103.324866 33.570472
    -103.324873 33.570472
    -103.32488 33.570472
    -103.324887 33.570472
    -103.324894 33.570472
    -103.324901 33.570472
    -103.324909 33.570472
    -103.324917 33.570472
    -103.324925 33.570472
    -103.324933 33.570472
    -103.324941 33.570472
    -103.324949 33.570472
    -103.324957 33.570472
    -103.324966 33.570472
    -103.324975 33.570472
    -103.324984 33.570472
    -103.324993 33.570472
    -103.325002 33.570472
    -103.325012 33.570472
    -103.325022 33.570472
    -103.325032 33.570472
    -103.325042 33.570472
    -103.325053 33.570472
    -103.325064 33.570472
    -103.325075 33.570472
    -103.325086 33.570472
    -103.325098 33.570472
    -103.32511 33.570472
    -103.325122 33.570472
    -103.325134 33.570472
    -103.325147 33.570472
    -103.32516 33.570472
    -103.325173 33.570472
    -103.325187 33.570472
    -103.325201 33.570472
    -103.325215 33.570472
    -103.32523 33.570472
    -103.325245 33.570472
    -103.325261 33.570472
    -103.325277 33.570472
    -103.325293 33.570472
    -103.32531 33.570472
    -103.325327 33.570472
    -103.325345 33.570472
    -103.325363 33.570472
    -103.325382 33.570472
    -103.325402 33.570472
    -103.325422 33.570472
    -103.325443 33.570472
    -103.325465 33.570472
    -103.325487 33.570472
    -103.32551 33.570472
    -103.325534 33.570472
    -103.325559 33.570472
    -103.325584 33.570472
    -103.32561 33.570472
    -103.325637 33.570472
    -103.325665 33.570472
    -103.325694 33.570472
    -103.325724 33.570472
    -103.325756 33.570472
    -103.325789 33.570472
    -103.325823 33.570472
    -103.325859 33.570472
    -103.325896 33.570472
    -103.325935 33.570472
    -103.325976 33.570472
    -103.326018 33.570472
    -103.326062 33.570472
    -103.326108 33.570472
    -103.326157 33.570472
    -103.326208 33.570472
    -103.326262 33.570472
    -103.326319 33.570472
    -103.326379 33.570472
    -103.326442 33.570472
    -103.326508 33.570472
    -103.326578 33.570472
    -103.326653 33.570472
    -103.326732 33.570472
    -103.326816 33.570472
    -103.327134 33.570473
    -103.328477 33.570509
    -103.331064 33.570518
    -103.33109 33.570518
    -103.332421 33.570523
    -103.335969 33.57051
    -103.336663 33.570515
    -103.33972 33.570539
    -103.339746 33.570539
    -103.35021 33.570511
    -103.357095 33.570539
    -103.359735 33.570628
    -103.371922 33.570597
    -103.375507 33.570449
    -103.381238 33.570423
    -103.385345 33.570405
    -103.408778 33.570358
    -103.408875 33.570357
    -103.410162 33.570356
    -103.410234 33.570356
    -103.426201 33.570335
    -103.426214 33.570335
    -103.426365 33.570334
    -103.431114 33.570299
    -103.440819 33.570382
    -103.442672 33.57037
    -103.451989 33.57031
    -103.455451 33.570307
    -103.477537 33.570108
    -103.477692 33.570107
    -103.490187 33.57011
    -103.495356 33.570093
    -103.495882 33.570069
    -103.49822 33.570108
    -103.500509 33.570349
    -103.50402 33.570316
    -103.510114 33.570258
    -103.510267 33.570256
    -103.509951 33.578911
    -103.509978 33.579026
    -103.510087 33.579278
    -103.510005 33.579781
    -103.510011 33.582363
    -103.509914 33.584794
    -103.509902 33.585162
    -103.509896 33.586397
    -103.509899 33.586872
    -103.509909 33.588353
    -103.509932 33.588496
    -103.509957 33.588649
    -103.509997 33.588893
    -103.510025 33.588966
    -103.510053 33.58904
    -103.51008 33.589112
    -103.510089 33.589129
    -103.510103 33.589157
    -103.510169 33.589285
    -103.510308 33.589488
    -103.510395 33.589605
    -103.51007 33.589611
    -103.509915 33.600508
    -103.509915 33.60052
    -103.509911 33.60082
    -103.510103 33.600795
    -103.510028 33.607195
    -103.51001 33.608773
    -103.509957 33.613428
    -103.510011 33.613657
    -103.509982 33.615671
    -103.5099 33.615877
    -103.509872 33.616358
    -103.50985 33.625097
    -103.509782 33.635355
    -103.509668 33.642546
    -103.509726 33.657177
END
END
