41003 Benton County
1
    -123.18202 44.720154
    -123.177226 44.720124
    -123.174927 44.720128
    -123.174375 44.720129
    -123.172723 44.720132
    -123.172172 44.720134
    -123.171738 44.720135
    -123.170407 44.72013
    -123.166413 44.720116
    -123.165114 44.720122
    -123.164031 44.720128
    -123.16335 44.72015
    -123.163214 44.720156
    -123.162641 44.720172
    -123.160976 44.720221
    -123.160514 44.720219
    -123.159805 44.720217
    -123.158973 44.720218
    -123.157495 44.720222
    -123.156477 44.720233
    -123.155646 44.720242
    -123.154596 44.720253
    -123.153525 44.720265
    -123.151449 44.720267
    -123.151201 44.720268
    -123.1504 44.720262
    -123.150298 44.720262
    -123.150196 44.720261
    -123.150131 44.72026
    -123.149805 44.720258
    -123.14968 44.720261
    -123.149369 44.720269
    -123.149326 44.72027
    -123.149058 44.720277
    -123.148726 44.719764
    -123.147507 44.717047
    -123.147489 44.714848
    -123.146727 44.712845
    -123.145982 44.711407
    -123.144773 44.70985
    -123.143316 44.70831
    -123.140304 44.705472
    -123.138884 44.704214
    -123.137793 44.703308
    -123.137464 44.702988
    -123.1366 44.702178
    -123.135908 44.70169
    -123.134581 44.700826
    -123.133244 44.700002
    -123.131522 44.699035
    -123.129312 44.697805
    -123.128088 44.697126
    -123.126854 44.696438
    -123.126206 44.696014
    -123.125917 44.695703
    -123.125428 44.695124
    -123.125041 44.694441
    -123.12453 44.693903
    -123.123691 44.693237
    -123.122761 44.692556
    -123.121934 44.691898
    -123.121299 44.691353
    -123.121105 44.69108
    -123.120666 44.6893
    -123.120262 44.687762
    -123.11964 44.685733
    -123.119339 44.684493
    -123.119371 44.684057
    -123.119435 44.683501
    -123.119432 44.683049
    -123.119212 44.682083
    -123.118709 44.68094
    -123.118287 44.680192
    -123.117705 44.67901
    -123.117517 44.678592
    -123.117304 44.678097
    -123.117258 44.67781
    -123.117234 44.677545
    -123.116892 44.676966
    -123.115974 44.676284
    -123.11465 44.675588
    -123.114522 44.675549
    -123.113193 44.675143
    -123.111736 44.674826
    -123.109705 44.674762
    -123.106885 44.674709
    -123.105532 44.674763
    -123.10195 44.67568
    -123.100643 44.675959
    -123.098106 44.676074
    -123.094912 44.676031
    -123.092509 44.675887
    -123.091153 44.675425
    -123.090216 44.675158
    -123.089899 44.675067
    -123.089254 44.674727
    -123.088812 44.674493
    -123.088338 44.674243
    -123.087883 44.67364
    -123.087839 44.673555
    -123.087313 44.672546
    -123.086736 44.670073
    -123.086173 44.66814
    -123.085388 44.666854
    -123.084184 44.665294
    -123.082802 44.664485
    -123.082623 44.664381
    -123.080452 44.663479
    -123.07836 44.662326
    -123.07725 44.661419
    -123.075654 44.660168
    -123.074838 44.659373
    -123.074122 44.65836
    -123.073643 44.657331
    -123.073467 44.656074
    -123.073212 44.654656
    -123.073192 44.654331
    -123.073138 44.653455
    -123.073132 44.652359
    -123.073352 44.651165
    -123.073574 44.650495
    -123.074291 44.649613
    -123.074482 44.649451
    -123.075424 44.64865
    -123.077232 44.647208
    -123.078206 44.646585
    -123.078412 44.646454
    -123.079682 44.646032
    -123.086335 44.643819
    -123.086455 44.643781
    -123.088313 44.643195
    -123.088332 44.643189
    -123.091433 44.642211
    -123.095339 44.641107
    -123.096822 44.640799
    -123.09776 44.640605
    -123.101193 44.639818
    -123.104014 44.639349
    -123.104133 44.63933
    -123.105113 44.639224
    -123.105311 44.639202
    -123.105803 44.63915
    -123.105836 44.63915
    -123.106177 44.639142
    -123.1066 44.639133
    -123.10707 44.639129
    -123.108685 44.639262
    -123.109795 44.639693
    -123.110063 44.639801
    -123.110835 44.640114
    -123.11088 44.640133
    -123.112528 44.640594
    -123.113581 44.640687
    -123.113837 44.64071
    -123.115686 44.640839
    -123.116637 44.640853
    -123.119519 44.640896
    -123.121017 44.640607
    -123.121107 44.640584
    -123.121978 44.640363
    -123.122174 44.640313
    -123.123038 44.640094
    -123.126206 44.639291
    -123.130146 44.638556
    -123.131597 44.638332
    -123.133623 44.638056
    -123.135547 44.637862
    -123.136988 44.637775
    -123.138477 44.637945
    -123.14002 44.63793
    -123.14252 44.63787
    -123.146879 44.637632
    -123.14957 44.637498
    -123.150434 44.637507
    -123.151046 44.637515
    -123.153321 44.637456
    -123.155415 44.63735
    -123.15707 44.637269
    -123.157701 44.637314
    -123.159088 44.637453
    -123.16132 44.637619
    -123.163336 44.637609
    -123.164428 44.637507
    -123.165517 44.637051
    -123.167032 44.636367
    -123.168456 44.635691
    -123.169756 44.634951
    -123.170563 44.634496
    -123.17088 44.634245
    -123.170932 44.634205
    -123.171376 44.633397
    -123.171739 44.632428
    -123.171953 44.631219
    -123.171985 44.629712
    -123.172069 44.629011
    -123.172124 44.628866
    -123.171855 44.62779
    -123.170669 44.626089
    -123.170099 44.625235
    -123.169942 44.625009
    -123.169875 44.624843
    -123.169674 44.624542
    -123.169803 44.623689
    -123.17011 44.622674
    -123.171626 44.621011
    -123.173508 44.620175
    -123.174226 44.620036
    -123.175844 44.620005
    -123.178372 44.620028
    -123.179922 44.619901
    -123.180897 44.619527
    -123.181816 44.619
    -123.182518 44.618306
    -123.182931 44.617854
    -123.183175 44.61745
    -123.183449 44.616087
    -123.183309 44.615356
    -123.183033 44.613891
    -123.182812 44.613029
    -123.18291 44.611036
    -123.183233 44.610294
    -123.18392 44.609246
    -123.185101 44.6084
    -123.187396 44.607453
    -123.187849 44.60723
    -123.189262 44.606832
    -123.191101 44.606382
    -123.193063 44.605752
    -123.19519 44.604953
    -123.197141 44.60393
    -123.198028 44.602857
    -123.198065 44.602758
    -123.198396 44.601861
    -123.198645 44.60042
    -123.198355 44.599046
    -123.19701 44.59756
    -123.193832 44.596419
    -123.192034 44.596027
    -123.191431 44.595896
    -123.188362 44.595751
    -123.18719 44.595583
    -123.185714 44.59507
    -123.184161 44.594289
    -123.183202 44.593077
    -123.182946 44.59099
    -123.183011 44.590002
    -123.183073 44.589912
    -123.183125 44.589836
    -123.183549 44.589233
    -123.184791 44.587451
    -123.185055 44.587442
    -123.185375 44.587298
    -123.18564 44.587179
    -123.186063 44.586988
    -123.19195 44.585814
    -123.195441 44.585615
    -123.197696 44.585628
    -123.198011 44.585694
    -123.203044 44.586063
    -123.206301 44.586028
    -123.210396 44.585748
    -123.212371 44.585572
    -123.214573 44.585376
    -123.217845 44.584965
    -123.220049 44.584926
    -123.221793 44.584597
    -123.223078 44.584355
    -123.227875 44.583056
    -123.232606 44.581496
    -123.238108 44.579465
    -123.239179 44.579062
    -123.240572 44.578537
    -123.242356 44.577867
    -123.248404 44.575696
    -123.251209 44.574626
    -123.25212 44.573848
    -123.253373 44.572781
    -123.253609 44.572516
    -123.254317 44.571477
    -123.2548 44.570454
    -123.25525 44.569408
    -123.255632 44.568369
    -123.255891 44.566726
    -123.255959 44.566412
    -123.256178 44.566167
    -123.256196 44.566101
    -123.256197 44.5661
    -123.256242 44.565845
    -123.256541 44.565438
    -123.257579 44.563743
    -123.258382 44.562436
    -123.260251 44.559351
    -123.260389 44.558986
    -123.260558 44.558125
    -123.260565 44.558088
    -123.260578 44.558025
    -123.260587 44.557923
    -123.260622 44.557843
    -123.260661 44.557764
    -123.260791 44.557491
    -123.260836 44.556879
    -123.260739 44.556365
    -123.260634 44.555808
    -123.260443 44.555526
    -123.260338 44.555391
    -123.26026 44.55529
    -123.260151 44.555148
    -123.259522 44.55485
    -123.258276 44.554407
    -123.256098 44.553779
    -123.254997 44.553626
    -123.254043 44.55352
    -123.253279 44.553423
    -123.253241 44.553401
    -123.25222 44.55281
    -123.250891 44.552039
    -123.250364 44.551734
    -123.247404 44.550583
    -123.244983 44.549369
    -123.24292 44.548154
    -123.242113 44.547324
    -123.241754 44.545917
    -123.241754 44.544575
    -123.242382 44.543616
    -123.243907 44.541827
    -123.24579 44.539654
    -123.246876 44.538535
    -123.247404 44.537992
    -123.248391 44.536969
    -123.249108 44.535499
    -123.249532 44.534333
    -123.249736 44.533773
    -123.250122 44.532899
    -123.250254 44.532434
    -123.250619 44.531893
    -123.251209 44.531305
    -123.251448 44.531163
    -123.251744 44.530948
    -123.252456 44.530085
    -123.253023 44.529149
    -123.253376 44.52887
    -123.253239 44.527969
    -123.252484 44.527025
    -123.251728 44.526486
    -123.251209 44.526321
    -123.250029 44.525947
    -123.248077 44.525947
    -123.245055 44.526172
    -123.242726 44.526936
    -123.241215 44.527609
    -123.240081 44.528059
    -123.2392 44.528193
    -123.238067 44.527969
    -123.235297 44.525992
    -123.234227 44.525408
    -123.233093 44.524644
    -123.232023 44.523701
    -123.231079 44.522623
    -123.229883 44.520287
    -123.228938 44.518445
    -123.228001 44.516608
    -123.227989 44.516481
    -123.227357 44.515403
    -123.226817 44.514879
    -123.226629 44.514759
    -123.226318 44.514042
    -123.22581 44.513286
    -123.22521 44.51266
    -123.224518 44.511937
    -123.223688 44.511443
    -123.222672 44.510982
    -123.221657 44.510752
    -123.220135 44.510555
    -123.218023 44.51022
    -123.21743 44.50988
    -123.216247 44.508954
    -123.214683 44.507681
    -123.214318 44.507315
    -123.21391 44.506907
    -123.213206 44.50588
    -123.212619 44.504978
    -123.212608 44.504952
    -123.212162 44.503904
    -123.212183 44.502791
    -123.212032 44.501913
    -123.211967 44.501218
    -123.212381 44.499844
    -123.212979 44.498731
    -123.213623 44.49734
    -123.213918 44.496052
    -123.214343 44.495079
    -123.215082 44.494188
    -123.215055 44.494063
    -123.214409 44.491014
    -123.21428 44.490407
    -123.214177 44.489435
    -123.214778 44.488627
    -123.215945 44.488152
    -123.217299 44.487676
    -123.219354 44.486962
    -123.219923 44.48645
    -123.220331 44.486085
    -123.22035 44.486047
    -123.220892 44.484997
    -123.221019 44.484751
    -123.220995 44.484618
    -123.220922 44.484211
    -123.220828 44.483677
    -123.220156 44.482585
    -123.219144 44.481805
    -123.217614 44.48116
    -123.215479 44.480414
    -123.214276 44.479649
    -123.213651 44.478364
    -123.213426 44.476371
    -123.213666 44.474921
    -123.213992 44.473803
    -123.214862 44.473211
    -123.216169 44.471695
    -123.216643 44.470416
    -123.216462 44.468473
    -123.215716 44.465937
    -123.213822 44.460622
    -123.211785 44.457143
    -123.211314 44.455053
    -123.21074 44.453227
    -123.210667 44.450663
    -123.210883 44.449514
    -123.210186 44.449168
    -123.209707 44.448917
    -123.209304 44.448706
    -123.209133 44.448524
    -123.207346 44.44661
    -123.207344 44.446609
    -123.207087 44.44649
    -123.206392 44.446053
    -123.206291 44.445872
    -123.206209 44.445858
    -123.20567 44.444862
    -123.205287 44.444041
    -123.205287 44.443038
    -123.205798 44.441852
    -123.206309 44.440803
    -123.206757 44.439708
    -123.206974 44.439033
    -123.207062 44.438366
    -123.207266 44.437782
    -123.207587 44.437074
    -123.208026 44.436302
    -123.208522 44.435698
    -123.209194 44.435239
    -123.209953 44.435052
    -123.211355 44.434781
    -123.212903 44.434572
    -123.214363 44.434593
    -123.215999 44.43501
    -123.216992 44.43526
    -123.217814 44.43533
    -123.219412 44.435102
    -123.220627 44.434692
    -123.221461 44.434166
    -123.221566 44.433959
    -123.22227 44.433077
    -123.224136 44.430508
    -123.224522 44.430123
    -123.22459 44.426847
    -123.22434 44.425338
    -123.223997 44.423863
    -123.222783 44.422772
    -123.222195 44.422371
    -123.220762 44.421169
    -123.22014 44.420682
    -123.21938 44.419436
    -123.219263 44.417863
    -123.219345 44.416461
    -123.219626 44.415423
    -123.220131 44.414289
    -123.221394 44.413539
    -123.223415 44.413123
    -123.224887 44.413752
    -123.226234 44.414631
    -123.227935 44.414778
    -123.229728 44.414446
    -123.230731 44.414261
    -123.232625 44.413144
    -123.233552 44.412375
    -123.233649 44.411706
    -123.23339 44.409722
    -123.232008 44.408988
    -123.230222 44.408406
    -123.228597 44.407324
    -123.227955 44.406611
    -123.227035 44.404712
    -123.225861 44.401327
    -123.224738 44.398411
    -123.223411 44.394775
    -123.223217 44.393001
    -123.223099 44.392646
    -123.224133 44.391753
    -123.225898 44.390436
    -123.228741 44.38935
    -123.230136 44.388538
    -123.232508 44.387084
    -123.234369 44.386137
    -123.236187 44.38539
    -123.237165 44.384949
    -123.237925 44.384668
    -123.239548 44.384636
    -123.241045 44.38463
    -123.242167 44.384524
    -123.243334 44.38425
    -123.243845 44.383979
    -123.244589 44.383506
    -123.245003 44.382833
    -123.245089 44.382161
    -123.244897 44.381659
    -123.244701 44.380821
    -123.24427 44.379951
    -123.243935 44.379181
    -123.2436 44.378545
    -123.241803 44.376741
    -123.241189 44.376174
    -123.240434 44.375573
    -123.239401 44.374844
    -123.237663 44.373718
    -123.234346 44.372053
    -123.230872 44.370993
    -123.2275 44.370273
    -123.224519 44.369744
    -123.223936 44.369205
    -123.222467 44.367626
    -123.221043 44.365573
    -123.220336 44.364106
    -123.219752 44.362575
    -123.21946 44.360827
    -123.219551 44.360387
    -123.219696 44.360224
    -123.219952 44.359936
    -123.220321 44.359522
    -123.221426 44.359595
    -123.225379 44.359822
    -123.225989 44.359992
    -123.228576 44.360215
    -123.229041 44.360036
    -123.230361 44.359717
    -123.231897 44.358636
    -123.23337 44.356805
    -123.233834 44.354719
    -123.233537 44.352629
    -123.231654 44.350178
    -123.229775 44.346319
    -123.229663 44.345996
    -123.229013 44.344111
    -123.228773 44.342964
    -123.229076 44.342614
    -123.229477 44.342338
    -123.230225 44.341431
    -123.233411 44.339215
    -123.237449 44.337881
    -123.240744 44.337789
    -123.243519 44.336463
    -123.244359 44.335729
    -123.245107 44.334366
    -123.245698 44.332898
    -123.245678 44.332099
    -123.245379 44.331692
    -123.244844 44.330984
    -123.243733 44.330453
    -123.243416 44.330344
    -123.242827 44.330142
    -123.241047 44.329576
    -123.23741 44.329595
    -123.231467 44.330481
    -123.229868 44.330664
    -123.226196 44.331084
    -123.222468 44.330677
    -123.220295 44.32943
    -123.219041 44.328287
    -123.217482 44.32616
    -123.21691 44.324952
    -123.216943 44.323654
    -123.217645 44.320381
    -123.217807 44.319758
    -123.217857 44.319566
    -123.218158 44.318405
    -123.218336 44.31693
    -123.21764 44.31423
    -123.217304 44.313118
    -123.216919 44.311648
    -123.216178 44.310808
    -123.215522 44.310379
    -123.214125 44.309747
    -123.211304 44.309222
    -123.207189 44.308952
    -123.203385 44.308114
    -123.200347 44.307747
    -123.199967 44.307563
    -123.198139 44.307824
    -123.194772 44.307265
    -123.19369 44.306878
    -123.192608 44.305804
    -123.191526 44.303998
    -123.190805 44.302364
    -123.190684 44.30086
    -123.191225 44.299613
    -123.192067 44.297334
    -123.192187 44.294626
    -123.191586 44.292218
    -123.190564 44.289424
    -123.189362 44.287489
    -123.187739 44.285769
    -123.185834 44.284784
    -123.185954 44.28471
    -123.186108 44.284669
    -123.185682 44.284473
    -123.184405 44.283886
    -123.18398 44.283691
    -123.184621 44.283704
    -123.184955 44.28371
    -123.189408 44.283797
    -123.19905 44.283769
    -123.199329 44.283843
    -123.20067 44.283851
    -123.210638 44.283862
    -123.214378 44.283868
    -123.215081 44.283869
    -123.216357 44.283915
    -123.216411 44.283916
    -123.222069 44.283787
    -123.224885 44.283736
    -123.22805 44.283641
    -123.229043 44.283728
    -123.229227 44.283717
    -123.230045 44.28366
    -123.23272 44.283672
    -123.239301 44.283646
    -123.243857 44.283625
    -123.247891 44.283643
    -123.248572 44.28364
    -123.248694 44.28364
    -123.251167 44.283737
    -123.259889 44.283817
    -123.26019 44.283819
    -123.263758 44.283806
    -123.276872 44.283753
    -123.276919 44.283753
    -123.288667 44.283705
    -123.288812 44.283705
    -123.295443 44.283625
    -123.320817 44.28359
    -123.32462 44.283578
    -123.328688 44.283576
    -123.33025 44.283573
    -123.330456 44.283573
    -123.346645 44.283549
    -123.350827 44.283543
    -123.356759 44.283535
    -123.35699 44.283535
    -123.367802 44.283519
    -123.370955 44.283515
    -123.371084 44.280975
    -123.376209 44.280852
    -123.377755 44.280867
    -123.382697 44.280934
    -123.38822 44.280931
    -123.388426 44.280931
    -123.389169 44.280931
    -123.391284 44.280947
    -123.393247 44.280971
    -123.398485 44.281007
    -123.401765 44.281009
    -123.401971 44.281009
    -123.402794 44.28101
    -123.407275 44.281016
    -123.407908 44.281026
    -123.417137 44.281066
    -123.421164 44.281069
    -123.42512 44.281072
    -123.433201 44.281125
    -123.433407 44.281126
    -123.436698 44.281148
    -123.442043 44.281142
    -123.444886 44.281139
    -123.448347 44.281135
    -123.455629 44.281121
    -123.456061 44.28112
    -123.456269 44.28112
    -123.464527 44.281144
    -123.464961 44.281145
    -123.465651 44.281145
    -123.471686 44.281149
    -123.471892 44.281149
    -123.472026 44.281149
    -123.483517 44.281164
    -123.489178 44.281175
    -123.489384 44.281175
    -123.49387 44.281183
    -123.494382 44.281184
    -123.494876 44.281185
    -123.496864 44.281223
    -123.498124 44.281248
    -123.501213 44.281308
    -123.501213 44.281139
    -123.502687 44.281134
    -123.503333 44.28115
    -123.503364 44.281151
    -123.503802 44.281163
    -123.503915 44.281164
    -123.506106 44.28118
    -123.509386 44.281221
    -123.51333 44.281285
    -123.515638 44.281323
    -123.520227 44.281292
    -123.522055 44.281281
    -123.523014 44.281295
    -123.524018 44.281309
    -123.525573 44.281332
    -123.529743 44.281393
    -123.532009 44.281366
    -123.532215 44.281363
    -123.532651 44.281354
    -123.532857 44.28135
    -123.534148 44.281323
    -123.534903 44.281325
    -123.536693 44.281378
    -123.538985 44.281343
    -123.539231 44.28134
    -123.541172 44.281287
    -123.541401 44.281281
    -123.543511 44.281268
    -123.54366 44.281267
    -123.545324 44.281257
    -123.547159 44.28125
    -123.547246 44.281231
    -123.547248 44.281231
    -123.547423 44.281202
    -123.552027 44.281202
    -123.552673 44.281175
    -123.553713 44.281187
    -123.55499 44.281202
    -123.558867 44.281268
    -123.560755 44.2813
    -123.562964 44.281337
    -123.563171 44.281341
    -123.572406 44.281499
    -123.57313 44.281502
    -123.573165 44.281502
    -123.593454 44.281601
    -123.593516 44.279251
    -123.593464 44.278985
    -123.593468 44.278748
    -123.593475 44.278458
    -123.593516 44.276564
    -123.593594 44.276581
    -123.600399 44.276738
    -123.605518 44.277014
    -123.608617 44.277143
    -123.608824 44.277152
    -123.609867 44.277195
    -123.615767 44.277451
    -123.619603 44.277702
    -123.623413 44.2777
    -123.62362 44.2777
    -123.624825 44.2777
    -123.624903 44.277734
    -123.626215 44.277717
    -123.633054 44.277963
    -123.639977 44.278212
    -123.644451 44.278482
    -123.647245 44.27865
    -123.652414 44.278901
    -123.652859 44.278908
    -123.654272 44.278929
    -123.65721 44.278967
    -123.657366 44.278969
    -123.661699 44.27911
    -123.661721 44.279096
    -123.661856 44.279013
    -123.665854 44.27906
    -123.665952 44.279061
    -123.670802 44.279118
    -123.67344 44.279125
    -123.679238 44.279295
    -123.682126 44.279379
    -123.688341 44.279591
    -123.696174 44.279784
    -123.69661 44.27966
    -123.697117 44.279672
    -123.697626 44.279685
    -123.697645 44.279685
    -123.708894 44.27995
    -123.710903 44.279997
    -123.711296 44.280005
    -123.714886 44.280303
    -123.714829 44.281384
    -123.714849 44.281491
    -123.715125 44.283897
    -123.71885 44.283814
    -123.721435 44.28375
    -123.721509 44.28375
    -123.722949 44.283798
    -123.7236 44.283819
    -123.724839 44.283807
    -123.725041 44.283805
    -123.726278 44.283793
    -123.733026 44.283835
    -123.735047 44.283855
    -123.739422 44.283897
    -123.74495 44.283898
    -123.745345 44.283898
    -123.745955 44.283883
    -123.751001 44.283754
    -123.753167 44.283697
    -123.753444 44.28369
    -123.755433 44.283726
    -123.75839 44.283702
    -123.767929 44.283625
    -123.768131 44.283623
    -123.769176 44.283614
    -123.77396 44.283574
    -123.77542 44.283561
    -123.775427 44.284592
    -123.775431 44.285211
    -123.775477 44.291937
    -123.77549 44.293898
    -123.775492 44.294316
    -123.775499 44.295449
    -123.775523 44.298848
    -123.775531 44.299981
    -123.775539 44.301152
    -123.775563 44.304665
    -123.775572 44.305836
    -123.775581 44.307222
    -123.77561 44.31138
    -123.77562 44.312766
    -123.77562 44.312768
    -123.77562 44.312776
    -123.77562 44.312779
    -123.775624 44.313432
    -123.775638 44.315393
    -123.775643 44.316047
    -123.775646 44.316339
    -123.776083 44.31633
    -123.779186 44.316272
    -123.782021 44.316075
    -123.782918 44.316061
    -123.785243 44.316025
    -123.785738 44.31602
    -123.796167 44.31591
    -123.796934 44.315903
    -123.796935 44.315902
    -123.798706 44.315883
    -123.799022 44.31588
    -123.802341 44.315845
    -123.809423 44.31577
    -123.815399 44.315707
    -123.8154 44.315706
    -123.816405 44.315695
    -123.816436 44.317426
    -123.816437 44.317431
    -123.816464 44.319
    -123.816465 44.319023
    -123.816489 44.320334
    -123.81649 44.320337
    -123.816492 44.320519
    -123.816543 44.323404
    -123.816546 44.323516
    -123.81669 44.331487
    -123.816697 44.331881
    -123.816934 44.343959
    -123.816931 44.344804
    -123.815442 44.344853
    -123.81369 44.344853
    -123.813568 44.344851
    -123.813205 44.344845
    -123.813084 44.344844
    -123.813074 44.344844
    -123.813044 44.344844
    -123.813035 44.344844
    -123.813014 44.344843
    -123.81295 44.344843
    -123.81293 44.344843
    -123.812919 44.344843
    -123.812888 44.344843
    -123.812878 44.344843
    -123.812825 44.344843
    -123.812121 44.344835
    -123.811808 44.344831
    -123.799713 44.344902
    -123.797446 44.344897
    -123.792672 44.344883
    -123.792638 44.344883
    -123.783796 44.344649
    -123.781909 44.34469
    -123.781908 44.344691
    -123.775266 44.344833
    -123.769446 44.345048
    -123.767371 44.345083
    -123.765236 44.345118
    -123.76092 44.345177
    -123.760489 44.345182
    -123.75773 44.345359
    -123.757723 44.34536
    -123.756758 44.345423
    -123.755881 44.345453
    -123.755876 44.345454
    -123.751218 44.345614
    -123.749924 44.345696
    -123.748181 44.345708
    -123.746392 44.34572
    -123.745824 44.345724
    -123.74409 44.345736
    -123.743866 44.345737
    -123.734872 44.345801
    -123.735168 44.352495
    -123.735185 44.352917
    -123.735185 44.352919
    -123.735221 44.353729
    -123.735603 44.360739
    -123.731562 44.360685
    -123.72933 44.360669
    -123.72838 44.360663
    -123.72679 44.360652
    -123.715212 44.360569
    -123.715237 44.361933
    -123.715373 44.369213
    -123.715374 44.369264
    -123.715374 44.369359
    -123.715374 44.36936
    -123.715375 44.369454
    -123.715374 44.369456
    -123.715387 44.374843
    -123.715629 44.379974
    -123.715641 44.380246
    -123.715631 44.38074
    -123.715692 44.381572
    -123.715941 44.38496
    -123.716252 44.389719
    -123.720549 44.389673
    -123.72054 44.390766
    -123.720492 44.406719
    -123.720483 44.409615
    -123.720476 44.410436
    -123.720472 44.411273
    -123.720467 44.412279
    -123.720511 44.415638
    -123.720518 44.416591
    -123.720489 44.417485
    -123.720418 44.425192
    -123.720416 44.425427
    -123.720405 44.42807
    -123.72039 44.430677
    -123.720381 44.431696
    -123.720396 44.432818
    -123.72042 44.433053
    -123.719998 44.433054
    -123.719904 44.433054
    -123.708062 44.433366
    -123.696886 44.433669
    -123.696297 44.433689
    -123.69567 44.433706
    -123.693364 44.433708
    -123.691589 44.433812
    -123.691434 44.433811
    -123.688849 44.433756
    -123.680197 44.433792
    -123.674432 44.433787
    -123.661972 44.433512
    -123.652093 44.433093
    -123.652069 44.433093
    -123.650628 44.433099
    -123.649028 44.433106
    -123.647668 44.433112
    -123.645793 44.433113
    -123.643757 44.433121
    -123.643704 44.433121
    -123.637848 44.433195
    -123.636887 44.43321
    -123.636795 44.433211
    -123.629375 44.433189
    -123.629289 44.433187
    -123.626235 44.433181
    -123.623134 44.433245
    -123.617691 44.433359
    -123.61731 44.43337
    -123.617306 44.433371
    -123.61131 44.433546
    -123.611247 44.433548
    -123.610203 44.433577
    -123.606363 44.433592
    -123.605429 44.433584
    -123.597217 44.43289
    -123.597275 44.43749
    -123.597294 44.43918
    -123.597376 44.440848
    -123.597501 44.443382
    -123.597506 44.44349
    -123.597522 44.443816
    -123.597528 44.443925
    -123.597549 44.444356
    -123.597612 44.44565
    -123.597633 44.446082
    -123.597687 44.44717
    -123.597723 44.447889
    -123.59773 44.448041
    -123.597908 44.451614
    -123.598006 44.453594
    -123.597957 44.455351
    -123.597954 44.455447
    -123.597945 44.455757
    -123.59793 44.456355
    -123.597767 44.462315
    -123.597757 44.462694
    -123.597969 44.469557
    -123.597923 44.470842
    -123.597694 44.47728
    -123.596852 44.477196
    -123.596813 44.478952
    -123.596799 44.479616
    -123.596742 44.482226
    -123.596729 44.482807
    -123.596713 44.483537
    -123.596708 44.483796
    -123.596616 44.488
    -123.596391 44.498329
    -123.596359 44.499814
    -123.596358 44.499842
    -123.596358 44.499891
    -123.596361 44.500122
    -123.596363 44.5002
    -123.596374 44.500984
    -123.5964 44.502822
    -123.596406 44.503337
    -123.596415 44.50394
    -123.596417 44.504094
    -123.596418 44.504122
    -123.596458 44.506891
    -123.596503 44.50993
    -123.596566 44.514255
    -123.596619 44.51786
    -123.596702 44.521198
    -123.596736 44.522559
    -123.596769 44.523876
    -123.596855 44.52763
    -123.597161 44.540762
    -123.597217 44.542904
    -123.597232 44.54346
    -123.597273 44.544967
    -123.597275 44.545031
    -123.59729 44.545593
    -123.597275 44.546913
    -123.597414 44.554395
    -123.597197 44.564263
    -123.597025 44.572148
    -123.597071 44.588841
    -123.597073 44.592038
    -123.597073 44.592442
    -123.597075 44.594037
    -123.597076 44.594487
    -123.597081 44.598939
    -123.597082 44.599229
    -123.597076 44.605166
    -123.597075 44.605505
    -123.597071 44.610092
    -123.597083 44.615704
    -123.597082 44.616633
    -123.597031 44.625892
    -123.597031 44.627372
    -123.597037 44.629358
    -123.59704 44.630206
    -123.597019 44.633165
    -123.597014 44.633871
    -123.597014 44.635014
    -123.597014 44.63685
    -123.59701 44.64049
    -123.597001 44.64268
    -123.597025 44.643839
    -123.597025 44.644726
    -123.597028 44.64481
    -123.59709 44.646506
    -123.59712 44.647323
    -123.597134 44.647643
    -123.597142 44.649274
    -123.597189 44.650655
    -123.597212 44.651327
    -123.597702 44.651325
    -123.602858 44.651312
    -123.602826 44.653791
    -123.602794 44.656336
    -123.602793 44.656394
    -123.60279 44.656517
    -123.602781 44.657063
    -123.602779 44.657246
    -123.602728 44.660631
    -123.602713 44.661606
    -123.602677 44.664019
    -123.602675 44.664533
    -123.602673 44.665509
    -123.602672 44.665667
    -123.602671 44.666142
    -123.602671 44.666301
    -123.602671 44.666322
    -123.602671 44.666388
    -123.602671 44.66641
    -123.602671 44.666768
    -123.602638 44.682137
    -123.602638 44.682543
    -123.602638 44.682589
    -123.602637 44.682663
    -123.602637 44.683026
    -123.602637 44.683145
    -123.602636 44.683147
    -123.602636 44.683324
    -123.602636 44.683858
    -123.602636 44.684036
    -123.602636 44.684041
    -123.602636 44.684056
    -123.602636 44.684061
    -123.602637 44.685573
    -123.602642 44.690109
    -123.602644 44.691622
    -123.602648 44.6949
    -123.602615 44.698942
    -123.602601 44.700593
    -123.602578 44.703605
    -123.602573 44.705353
    -123.602567 44.707601
    -123.602555 44.71338
    -123.602556 44.714347
    -123.60256 44.716596
    -123.602561 44.717515
    -123.602564 44.720272
    -123.602566 44.721191
    -123.602378 44.721175
    -123.601818 44.72113
    -123.601631 44.721115
    -123.600789 44.721046
    -123.598264 44.720842
    -123.597423 44.720774
    -123.596617 44.72071
    -123.595891 44.720651
    -123.591298 44.720281
    -123.589768 44.720158
    -123.589492 44.720136
    -123.588666 44.72007
    -123.588391 44.720048
    -123.587637 44.719987
    -123.587476 44.719974
    -123.584732 44.719756
    -123.583818 44.719684
    -123.582562 44.719584
    -123.580757 44.719441
    -123.580482 44.719458
    -123.578793 44.719561
    -123.577536 44.719639
    -123.577333 44.719651
    -123.576725 44.719688
    -123.576523 44.719701
    -123.575733 44.719749
    -123.575457 44.719767
    -123.573363 44.719888
    -123.572573 44.719935
    -123.572097 44.719963
    -123.570669 44.720047
    -123.570193 44.720075
    -123.569421 44.72012
    -123.567456 44.720236
    -123.567107 44.720254
    -123.566336 44.720296
    -123.565765 44.720326
    -123.564055 44.720418
    -123.563485 44.72045
    -123.562802 44.720487
    -123.562502 44.720503
    -123.560997 44.720584
    -123.559552 44.720633
    -123.558569 44.720668
    -123.556652 44.720735
    -123.55099 44.720941
    -123.550821 44.720947
    -123.549672 44.720985
    -123.544134 44.721169
    -123.541219 44.721296
    -123.540533 44.721276
    -123.540509 44.721276
    -123.53757 44.721226
    -123.53436 44.721169
    -123.530576 44.721099
    -123.530421 44.721096
    -123.525778 44.721002
    -123.522974 44.720928
    -123.521363 44.720886
    -123.515901 44.720783
    -123.514074 44.720748
    -123.513776 44.720742
    -123.512885 44.720725
    -123.512588 44.72072
    -123.51247 44.720717
    -123.512196 44.720713
    -123.512117 44.720711
    -123.512 44.72071
    -123.509691 44.720673
    -123.509495 44.72067
    -123.509168 44.72067
    -123.507208 44.720658
    -123.506825 44.720662
    -123.503419 44.72069
    -123.502849 44.720694
    -123.501215 44.720708
    -123.490932 44.720744
    -123.486962 44.720742
    -123.479251 44.72073
    -123.474372 44.720719
    -123.471823 44.720712
    -123.47056 44.720722
    -123.468289 44.720708
    -123.466425 44.720696
    -123.464718 44.720691
    -123.463823 44.720689
    -123.462771 44.720698
    -123.461506 44.720681
    -123.460423 44.720692
    -123.446749 44.72064
    -123.444128 44.720637
    -123.443285 44.720637
    -123.442149 44.720634
    -123.438419 44.720622
    -123.438206 44.720617
    -123.437576 44.720616
    -123.434111 44.720604
    -123.4311 44.720595
    -123.430039 44.720585
    -123.428762 44.720588
    -123.418461 44.720559
    -123.415421 44.720549
    -123.414116 44.720559
    -123.413679 44.720543
    -123.412801 44.720541
    -123.412146 44.720542
    -123.41148 44.720536
    -123.409764 44.720531
    -123.407729 44.720524
    -123.406658 44.720521
    -123.40482 44.720522
    -123.404294 44.72052
    -123.403595 44.720518
    -123.402156 44.720506
    -123.400235 44.7205
    -123.397429 44.720487
    -123.395695 44.72048
    -123.393151 44.720468
    -123.391505 44.720465
    -123.389043 44.720455
    -123.388699 44.720454
    -123.386006 44.720444
    -123.383473 44.720441
    -123.382983 44.720441
    -123.38047 44.720433
    -123.37633 44.720417
    -123.37536 44.72041
    -123.373948 44.720399
    -123.371468 44.720355
    -123.36647 44.720285
    -123.361501 44.720216
    -123.355654 44.720157
    -123.353769 44.72014
    -123.353541 44.720138
    -123.353389 44.72014
    -123.349922 44.720118
    -123.347961 44.720108
    -123.347514 44.720105
    -123.345217 44.720093
    -123.342785 44.720079
    -123.341061 44.72007
    -123.339873 44.720063
    -123.339138 44.720059
    -123.337832 44.720053
    -123.336881 44.720048
    -123.335644 44.720044
    -123.334097 44.720038
    -123.333795 44.720039
    -123.333261 44.720037
    -123.332619 44.720034
    -123.331635 44.720033
    -123.330486 44.72003
    -123.330125 44.720031
    -123.327255 44.720021
    -123.325952 44.720018
    -123.325378 44.720015
    -123.323914 44.720018
    -123.322252 44.720008
    -123.320321 44.720003
    -123.319484 44.72
    -123.318798 44.72
    -123.31797 44.719997
    -123.316962 44.719995
    -123.316612 44.719994
    -123.314133 44.719964
    -123.313673 44.719959
    -123.313359 44.719956
    -123.309263 44.719911
    -123.304897 44.719863
    -123.303834 44.719851
    -123.302328 44.719835
    -123.301882 44.719835
    -123.299552 44.719805
    -123.297811 44.719786
    -123.297464 44.719783
    -123.296087 44.719776
    -123.295691 44.719777
    -123.295155 44.719779
    -123.293779 44.719782
    -123.292538 44.719786
    -123.292152 44.719781
    -123.290662 44.719791
    -123.287186 44.719801
    -123.286745 44.719802
    -123.28617 44.719796
    -123.284364 44.719808
    -123.282501 44.719813
    -123.281652 44.719816
    -123.281108 44.719817
    -123.279377 44.719822
    -123.277276 44.719828
    -123.276064 44.719831
    -123.275562 44.719839
    -123.272709 44.719906
    -123.267898 44.720078
    -123.265925 44.720117
    -123.261222 44.720223
    -123.261055 44.720223
    -123.261055 44.720224
    -123.260758 44.720225
    -123.260368 44.720225
    -123.259368 44.720224
    -123.25928 44.720223
    -123.25786 44.720222
    -123.257857 44.720222
    -123.255348 44.720232
    -123.254092 44.720234
    -123.253677 44.720234
    -123.253185 44.720235
    -123.252812 44.72024
    -123.252581 44.720237
    -123.25258 44.720237
    -123.250986 44.720224
    -123.250851 44.720217
    -123.245031 44.720053
    -123.244866 44.720049
    -123.244669 44.720046
    -123.244658 44.720042
    -123.240276 44.719914
    -123.234781 44.720166
    -123.234175 44.720204
    -123.221604 44.720178
    -123.214133 44.720199
    -123.212891 44.720197
    -123.206274 44.720185
    -123.205767 44.720179
    -123.201988 44.720176
    -123.193104 44.72017
    -123.182743 44.720163
    -123.18202 44.720154
END
END
