41011 Coos County
1
    -124.515265 43.126487
    -124.514922 43.127478
    -124.513499 43.130559
    -124.512351 43.133304
    -124.508816 43.13943
    -124.505969 43.143379
    -124.501229 43.148162
    -124.493926 43.153542
    -124.484966 43.158007
    -124.481613 43.15944
    -124.480111 43.165491
    -124.477883 43.170436
    -124.475816 43.178859
    -124.473629 43.184132
    -124.471118 43.190187
    -124.467463 43.196476
    -124.465235 43.200308
    -124.46945 43.208309
    -124.471262 43.219514
    -124.470015 43.228675
    -124.471197 43.23804
    -124.470326 43.245496
    -124.467923 43.249831
    -124.46678 43.253159
    -124.465866 43.255377
    -124.465006 43.257466
    -124.461881 43.261863
    -124.461756 43.261902
    -124.460133 43.263602
    -124.455498 43.268233
    -124.461955 43.273383
    -124.46367 43.27475
    -124.474849 43.288566
    -124.476712 43.294125
    -124.478002 43.303459
    -124.47709 43.310512
    -124.477899 43.323891
    -124.477711 43.324458
    -124.476948 43.329371
    -124.471637 43.339151
    -124.461424 43.350117
    -124.446699 43.358157
    -124.443788 43.366775
    -124.441075 43.372884
    -124.439539 43.374833
    -124.438054 43.374833
    -124.435453 43.377619
    -124.43194 43.381049
    -124.431713 43.381222
    -124.425643 43.385886
    -124.415224 43.390765
    -124.407805 43.393697
    -124.400351 43.39542
    -124.392186 43.396544
    -124.387548 43.399615
    -124.383843 43.401265
    -124.380274 43.402846
    -124.379242 43.404066
    -124.37623 43.40904
    -124.374369 43.412738
    -124.360319 43.434317
    -124.358111 43.440561
    -124.355795 43.446072
    -124.352634 43.452045
    -124.351467 43.454249
    -124.346219 43.462473
    -124.343836 43.465012
    -124.340196 43.473394
    -124.328714 43.499835
    -124.329601 43.499835
    -124.321784 43.519617
    -124.316646 43.533726
    -124.31109 43.547331
    -124.305634 43.56138
    -124.303029 43.568089
    -124.296769 43.585958
    -124.293101 43.600201
    -124.290327 43.610619
    -124.251228 43.610617
    -124.251036 43.610636
    -124.240018 43.610527
    -124.228999 43.610418
    -124.228996 43.610417
    -124.224901 43.610377
    -124.224018 43.610369
    -124.219037 43.61032
    -124.218375 43.610314
    -124.194358 43.610491
    -124.185781 43.610495
    -124.185593 43.610495
    -124.184696 43.610508
    -124.183693 43.610497
    -124.183662 43.610989
    -124.183655 43.611099
    -124.183342 43.611134
    -124.182154 43.611123
    -124.181517 43.611117
    -124.180855 43.611111
    -124.180635 43.611111
    -124.175655 43.611072
    -124.175626 43.611072
    -124.175234 43.611068
    -124.174647 43.611064
    -124.17406 43.611059
    -124.173669 43.611057
    -124.173104 43.611052
    -124.172258 43.611046
    -124.171411 43.611039
    -124.170847 43.611035
    -124.166089 43.610999
    -124.161149 43.61096
    -124.161041 43.610959
    -124.160828 43.610957
    -124.160509 43.610955
    -124.16019 43.610952
    -124.159978 43.610951
    -124.159759 43.610948
    -124.159432 43.610946
    -124.159103 43.610943
    -124.158885 43.610942
    -124.158839 43.610942
    -124.147112 43.610851
    -124.146448 43.610846
    -124.146355 43.610845
    -124.146186 43.610843
    -124.146149 43.610843
    -124.145679 43.610839
    -124.14551 43.610838
    -124.14549 43.610837
    -124.145432 43.610837
    -124.145413 43.610837
    -124.144741 43.610831
    -124.144426 43.610828
    -124.133524 43.610746
    -124.133523 43.610746
    -124.126985 43.610697
    -124.126244 43.610691
    -124.124394 43.610724
    -124.123554 43.610739
    -124.123292 43.610739
    -124.122574 43.610734
    -124.117866 43.610706
    -124.117863 43.610705
    -124.114937 43.610688
    -124.114925 43.610687
    -124.114614 43.610663
    -124.114345 43.610663
    -124.114227 43.610662
    -124.114052 43.610661
    -124.113876 43.610659
    -124.113759 43.610659
    -124.113635 43.610658
    -124.11345 43.610657
    -124.113264 43.610655
    -124.113141 43.610655
    -124.113102 43.610655
    -124.104616 43.610605
    -124.103827 43.610599
    -124.102633 43.610595
    -124.101663 43.610589
    -124.101662 43.610589
    -124.093933 43.610551
    -124.062399 43.610394
    -124.060386 43.610387
    -124.060384 43.610386
    -124.053254 43.610338
    -124.052393 43.610334
    -124.050212 43.610322
    -124.04109 43.610276
    -124.038049 43.610261
    -124.036226 43.610251
    -124.030757 43.610223
    -124.028934 43.610214
    -124.02702 43.610203
    -124.009461 43.610064
    -124.009055 43.61006
    -124.009024 43.61006
    -124.00874 43.610059
    -124.001144 43.609974
    -123.999845 43.609376
    -123.996473 43.60935
    -123.996344 43.60935
    -123.982871 43.609365
    -123.982839 43.609365
    -123.979227 43.609363
    -123.979004 43.609363
    -123.976658 43.609361
    -123.97655 43.609361
    -123.976549 43.609361
    -123.973464 43.609356
    -123.966884 43.609348
    -123.966322 43.60935
    -123.957838 43.609386
    -123.957751 43.609386
    -123.953708 43.609384
    -123.953706 43.609384
    -123.949566 43.609379
    -123.949561 43.608578
    -123.944382 43.608611
    -123.942422 43.608625
    -123.937769 43.608614
    -123.934842 43.608607
    -123.934656 43.608607
    -123.93063 43.608598
    -123.92543 43.608586
    -123.923119 43.608548
    -123.922988 43.608581
    -123.922329 43.60858
    -123.919838 43.608575
    -123.905612 43.608544
    -123.904823 43.608541
    -123.902562 43.608537
    -123.892942 43.608516
    -123.888687 43.608508
    -123.883676 43.608497
    -123.876212 43.608482
    -123.875988 43.608417
    -123.875424 43.608254
    -123.87543 43.601624
    -123.87543 43.601552
    -123.875431 43.600629
    -123.875431 43.600502
    -123.875431 43.600122
    -123.875432 43.599996
    -123.875433 43.598868
    -123.875435 43.596959
    -123.875436 43.595485
    -123.875437 43.595195
    -123.875438 43.594358
    -123.875439 43.592872
    -123.875444 43.588993
    -123.875447 43.586182
    -123.87545 43.583085
    -123.87545 43.58306
    -123.875451 43.582846
    -123.875466 43.568861
    -123.875467 43.568003
    -123.87547 43.566143
    -123.875469 43.565896
    -123.875475 43.556796
    -123.875475 43.556579
    -123.875487 43.550376
    -123.875487 43.550142
    -123.875489 43.548594
    -123.875489 43.548556
    -123.875491 43.547598
    -123.875491 43.547458
    -123.875492 43.547124
    -123.875492 43.54697
    -123.875494 43.543406
    -123.875506 43.53473
    -123.875507 43.534619
    -123.875508 43.534385
    -123.875512 43.532533
    -123.875516 43.530909
    -123.875515 43.530673
    -123.875517 43.529027
    -123.875717 43.526913
    -123.875847 43.52597
    -123.875528 43.524966
    -123.875529 43.524097
    -123.875525 43.524046
    -123.875525 43.524025
    -123.875526 43.523639
    -123.875526 43.523599
    -123.875526 43.523166
    -123.875528 43.521869
    -123.875529 43.521437
    -123.875529 43.521152
    -123.87553 43.520297
    -123.875531 43.520013
    -123.875528 43.517982
    -123.875527 43.517414
    -123.875529 43.515949
    -123.870738 43.515964
    -123.870284 43.515966
    -123.868986 43.515969
    -123.868382 43.515972
    -123.863535 43.515989
    -123.863417 43.515989
    -123.863237 43.515989
    -123.862346 43.515992
    -123.86205 43.515994
    -123.861645 43.515995
    -123.860432 43.515999
    -123.860028 43.516001
    -123.859868 43.516002
    -123.858082 43.516009
    -123.857855 43.515997
    -123.857415 43.515973
    -123.851267 43.515983
    -123.848718 43.515986
    -123.836613 43.516004
    -123.835897 43.516006
    -123.835605 43.516006
    -123.831801 43.516012
    -123.830767 43.516014
    -123.829935 43.516018
    -123.827441 43.516031
    -123.82661 43.516036
    -123.825894 43.516039
    -123.82375 43.516051
    -123.823035 43.516055
    -123.82281 43.516056
    -123.822715 43.516056
    -123.822291 43.516058
    -123.82022 43.516063
    -123.819218 43.516065
    -123.818771 43.516066
    -123.818626 43.516066
    -123.818569 43.516066
    -123.818567 43.515933
    -123.816834 43.51603
    -123.816865 43.514921
    -123.816944 43.512073
    -123.817183 43.503531
    -123.817263 43.500684
    -123.817283 43.499943
    -123.817345 43.49772
    -123.817367 43.49698
    -123.817367 43.496975
    -123.817367 43.496961
    -123.817368 43.496957
    -123.817374 43.496718
    -123.817379 43.496547
    -123.8175 43.49302
    -123.817513 43.492725
    -123.81751 43.492381
    -123.817524 43.491898
    -123.817537 43.491276
    -123.817769 43.481615
    -123.817771 43.481535
    -123.817815 43.479711
    -123.817831 43.479019
    -123.817881 43.476944
    -123.817893 43.47646
    -123.817898 43.476253
    -123.817898 43.476224
    -123.8179 43.476138
    -123.817901 43.47611
    -123.817903 43.476042
    -123.817979 43.472867
    -123.818082 43.472867
    -123.818077 43.472255
    -123.818073 43.471796
    -123.818039 43.468614
    -123.818035 43.468252
    -123.818032 43.467888
    -123.818031 43.467806
    -123.818024 43.467065
    -123.818022 43.466817
    -123.81802 43.466614
    -123.818013 43.46587
    -123.817994 43.463641
    -123.817988 43.462898
    -123.817975 43.461404
    -123.817972 43.461003
    -123.817959 43.45958
    -123.817927 43.455942
    -123.817922 43.455405
    -123.817919 43.455127
    -123.817917 43.454906
    -123.817822 43.448417
    -123.81781 43.447574
    -123.817796 43.446602
    -123.817792 43.446333
    -123.817787 43.445953
    -123.817734 43.435064
    -123.817726 43.433354
    -123.817713 43.431929
    -123.817707 43.431237
    -123.816935 43.431251
    -123.815508 43.431278
    -123.812848 43.431327
    -123.810686 43.431368
    -123.810613 43.431368
    -123.810098 43.431377
    -123.8098 43.431384
    -123.804487 43.431483
    -123.804459 43.431484
    -123.788404 43.431783
    -123.788228 43.431786
    -123.785916 43.431829
    -123.785848 43.43183
    -123.780728 43.431926
    -123.780334 43.431933
    -123.775591 43.432021
    -123.774684 43.432037
    -123.771963 43.432089
    -123.771057 43.432106
    -123.770543 43.432115
    -123.769001 43.432144
    -123.768488 43.432154
    -123.768422 43.432155
    -123.766443 43.432192
    -123.766172 43.432197
    -123.764294 43.432232
    -123.764268 43.432232
    -123.764005 43.432237
    -123.764005 43.430182
    -123.764005 43.428529
    -123.764005 43.424697
    -123.764005 43.424658
    -123.764005 43.420637
    -123.764005 43.418683
    -123.764004 43.417359
    -123.764004 43.413882
    -123.764004 43.405933
    -123.764004 43.405694
    -123.764004 43.401915
    -123.764004 43.401832
    -123.764004 43.401221
    -123.764004 43.40122
    -123.764004 43.40039
    -123.764004 43.399262
    -123.764004 43.397903
    -123.764004 43.397074
    -123.764004 43.395967
    -123.764004 43.392646
    -123.764004 43.39154
    -123.764004 43.390827
    -123.764004 43.388689
    -123.764004 43.387977
    -123.764004 43.387422
    -123.764004 43.385757
    -123.764004 43.385204
    -123.764004 43.385203
    -123.764004 43.385198
    -123.764004 43.385184
    -123.764004 43.38518
    -123.764004 43.384894
    -123.764004 43.384038
    -123.764004 43.383753
    -123.764004 43.383127
    -123.764004 43.381249
    -123.764004 43.380623
    -123.764004 43.380592
    -123.764004 43.3805
    -123.764004 43.38047
    -123.764004 43.379579
    -123.764004 43.376908
    -123.764004 43.376018
    -123.764004 43.37538
    -123.764004 43.37518
    -123.764004 43.375055
    -123.764004 43.374835
    -123.764003 43.370257
    -123.764002 43.365133
    -123.764001 43.353476
    -123.764001 43.352762
    -123.764001 43.352466
    -123.764001 43.352104
    -123.764001 43.352093
    -123.764001 43.35206
    -123.764001 43.35205
    -123.764 43.351584
    -123.764 43.350189
    -123.764 43.349724
    -123.764 43.349334
    -123.764 43.348164
    -123.764 43.347774
    -123.764 43.347023
    -123.764 43.34477
    -123.764 43.34402
    -123.764 43.341978
    -123.764 43.341665
    -123.764 43.341461
    -123.764 43.339913
    -123.764 43.339397
    -123.763999 43.337008
    -123.763998 43.329843
    -123.763998 43.327455
    -123.763998 43.32745
    -123.763998 43.327436
    -123.763998 43.327432
    -123.763998 43.327366
    -123.763998 43.327268
    -123.763998 43.327168
    -123.763998 43.327103
    -123.763998 43.327036
    -123.763998 43.326937
    -123.763998 43.326837
    -123.763998 43.326771
    -123.763998 43.325188
    -123.763998 43.323154
    -123.763997 43.320442
    -123.763997 43.318861
    -123.763997 43.317847
    -123.763997 43.314806
    -123.763997 43.313793
    -123.764004 43.301299
    -123.764004 43.293774
    -123.764004 43.292187
    -123.764004 43.291364
    -123.764004 43.288897
    -123.764004 43.288839
    -123.764004 43.288075
    -123.764004 43.286376
    -123.764004 43.283043
    -123.764004 43.281282
    -123.764005 43.279585
    -123.764005 43.278952
    -123.764005 43.277055
    -123.764005 43.276423
    -123.764005 43.275452
    -123.764005 43.272541
    -123.764005 43.271571
    -123.764005 43.271508
    -123.764005 43.271319
    -123.764005 43.271257
    -123.764005 43.270886
    -123.764005 43.266902
    -123.764005 43.266193
    -123.764005 43.265697
    -123.764004 43.264895
    -123.764003 43.264699
    -123.764004 43.263638
    -123.764004 43.263169
    -123.764 43.257935
    -123.761158 43.257923
    -123.760709 43.257922
    -123.757185 43.257907
    -123.7512 43.257884
    -123.74757 43.257881
    -123.746785 43.25788
    -123.744432 43.257877
    -123.743648 43.257877
    -123.741854 43.257875
    -123.736475 43.25787
    -123.734682 43.257869
    -123.734631 43.257867
    -123.733259 43.257866
    -123.732897 43.257866
    -123.724864 43.257857
    -123.72471 43.257857
    -123.721646 43.257854
    -123.721476 43.257854
    -123.721452 43.25785
    -123.720105 43.257852
    -123.711843 43.257843
    -123.709736 43.25784
    -123.703798 43.257835
    -123.703807 43.257453
    -123.703861 43.255347
    -123.703862 43.255294
    -123.703997 43.249835
    -123.703995 43.248781
    -123.703995 43.248754
    -123.703994 43.248319
    -123.703994 43.248152
    -123.703982 43.243286
    -123.70396 43.235063
    -123.703948 43.230329
    -123.703943 43.22862
    -123.703935 43.225443
    -123.703908 43.214412
    -123.703907 43.214143
    -123.703905 43.213535
    -123.703905 43.213396
    -123.703904 43.213343
    -123.703904 43.213185
    -123.703904 43.213133
    -123.703901 43.2123
    -123.703895 43.209801
    -123.703894 43.208969
    -123.703885 43.205591
    -123.703858 43.195457
    -123.70385 43.19208
    -123.70385 43.19207
    -123.70385 43.192041
    -123.70385 43.192032
    -123.703848 43.191101
    -123.703835 43.18622
    -123.703818 43.179377
    -123.703807 43.174798
    -123.703802 43.17311
    -123.703796 43.170536
    -123.702834 43.170435
    -123.702832 43.170435
    -123.702195 43.170368
    -123.701896 43.170336
    -123.7019 43.167134
    -123.7019 43.167133
    -123.701904 43.163516
    -123.701905 43.162285
    -123.701906 43.161595
    -123.701913 43.155319
    -123.701913 43.155231
    -123.701919 43.149677
    -123.70192 43.14809
    -123.701922 43.147688
    -123.701922 43.146716
    -123.701922 43.146472
    -123.701925 43.143488
    -123.701926 43.143486
    -123.701927 43.14171
    -123.701928 43.14109
    -123.701929 43.14016
    -123.701932 43.137509
    -123.701944 43.125357
    -123.701947 43.12483
    -123.701949 43.122495
    -123.70195 43.121823
    -123.701951 43.120984
    -123.701955 43.117239
    -123.701955 43.117068
    -123.701957 43.115763
    -123.701959 43.113965
    -123.701961 43.112532
    -123.701961 43.112444
    -123.701976 43.09853
    -123.701976 43.098281
    -123.701983 43.092609
    -123.701984 43.092344
    -123.701984 43.091856
    -123.701987 43.089469
    -123.701988 43.088306
    -123.701989 43.087288
    -123.705137 43.087286
    -123.706533 43.087284
    -123.707166 43.087282
    -123.7079 43.087283
    -123.707963 43.085767
    -123.70788 43.083612
    -123.708931 43.083608
    -123.709935 43.083604
    -123.710776 43.0836
    -123.713303 43.08359
    -123.714145 43.083587
    -123.714146 43.083587
    -123.714198 43.083586
    -123.714358 43.083586
    -123.714412 43.083586
    -123.726724 43.083536
    -123.730485 43.083521
    -123.736761 43.083495
    -123.741475 43.083477
    -123.743912 43.083466
    -123.751196 43.083436
    -123.758759 43.083177
    -123.76063 43.083127
    -123.760773 43.071837
    -123.760774 43.071837
    -123.760792 43.069182
    -123.760795 43.068708
    -123.760805 43.067285
    -123.760809 43.066811
    -123.760808 43.066709
    -123.760824 43.064428
    -123.760826 43.064318
    -123.76085 43.060761
    -123.760851 43.060436
    -123.760858 43.059464
    -123.760861 43.05914
    -123.760868 43.058055
    -123.760891 43.054803
    -123.760899 43.053719
    -123.760906 43.052495
    -123.760937 43.047601
    -123.760962 43.044568
    -123.760963 43.044427
    -123.760996 43.039636
    -123.761103 43.031824
    -123.761113 43.031109
    -123.761142 43.02898
    -123.761172 43.026827
    -123.761182 43.026081
    -123.761187 43.025713
    -123.761237 43.022177
    -123.761269 43.019855
    -123.761304 43.017306
    -123.761305 43.017229
    -123.761309 43.016878
    -123.761324 43.015826
    -123.761329 43.015476
    -123.76133 43.015319
    -123.761337 43.01485
    -123.76134 43.014694
    -123.761348 43.014034
    -123.761376 43.012056
    -123.761386 43.011397
    -123.761402 43.010201
    -123.761451 43.006616
    -123.761468 43.005421
    -123.76147 43.005198
    -123.761479 43.004531
    -123.761483 43.004309
    -123.761506 43.002646
    -123.761545 42.999836
    -123.761856 42.997681
    -123.762095 42.996036
    -123.773252 42.996017
    -123.773451 42.996017
    -123.773589 42.996016
    -123.773889 42.996016
    -123.774458 42.996016
    -123.777775 42.99601
    -123.778079 42.996008
    -123.778791 42.996003
    -123.780931 42.995993
    -123.784351 42.99599
    -123.792428 42.995984
    -123.79396 42.995974
    -123.795353 42.995998
    -123.797759 42.995987
    -123.798684 42.995982
    -123.799376 42.99598
    -123.801903 42.995967
    -123.805632 42.995961
    -123.807828 42.995957
    -123.80827 42.995956
    -123.80923 42.995954
    -123.810057 42.995953
    -123.811918 42.99595
    -123.812845 42.995948
    -123.815629 42.995943
    -123.816557 42.995942
    -123.820798 42.995935
    -123.820792 42.990817
    -123.82079 42.988948
    -123.820789 42.988888
    -123.82079 42.988837
    -123.820787 42.986578
    -123.820787 42.986456
    -123.820786 42.985456
    -123.820783 42.983559
    -123.820779 42.98066
    -123.820777 42.979127
    -123.820771 42.972855
    -123.820769 42.971375
    -123.820767 42.969792
    -123.820767 42.969775
    -123.820764 42.966695
    -123.820762 42.965345
    -123.820762 42.965127
    -123.820762 42.965045
    -123.820762 42.964965
    -123.82076 42.964296
    -123.820759 42.96309
    -123.820758 42.962289
    -123.820758 42.961691
    -123.820758 42.96162
    -123.820744 42.95048
    -123.820725 42.934465
    -123.820713 42.923374
    -123.820712 42.922192
    -123.820709 42.920678
    -123.820709 42.920098
    -123.820703 42.915732
    -123.820696 42.909635
    -123.819596 42.909635
    -123.819602 42.907518
    -123.819604 42.906621
    -123.819606 42.905374
    -123.819606 42.905087
    -123.819608 42.904367
    -123.819611 42.903059
    -123.819613 42.902339
    -123.819617 42.900466
    -123.81963 42.894847
    -123.819635 42.892975
    -123.819635 42.892754
    -123.819637 42.892094
    -123.819638 42.891874
    -123.81964 42.890589
    -123.81965 42.886736
    -123.819653 42.885452
    -123.819656 42.884345
    -123.819657 42.883485
    -123.819663 42.880907
    -123.819665 42.880048
    -123.819667 42.879056
    -123.819674 42.876131
    -123.819674 42.87608
    -123.819676 42.875089
    -123.819677 42.874835
    -123.819681 42.872993
    -123.819692 42.868488
    -123.819696 42.866707
    -123.819701 42.864612
    -123.819702 42.863871
    -123.819707 42.861649
    -123.819709 42.860909
    -123.819713 42.858656
    -123.819729 42.851897
    -123.819735 42.849645
    -123.819736 42.849514
    -123.819736 42.849503
    -123.819736 42.84947
    -123.819736 42.84946
    -123.819736 42.849431
    -123.819736 42.849387
    -123.819739 42.84803
    -123.819749 42.844043
    -123.819749 42.843959
    -123.819752 42.842603
    -123.819755 42.841279
    -123.819763 42.837985
    -123.81977 42.834339
    -123.819771 42.834339
    -123.819778 42.831554
    -123.819795 42.824334
    -123.819393 42.824334
    -123.818187 42.824334
    -123.817786 42.824334
    -123.817617 42.824334
    -123.817113 42.824334
    -123.816945 42.824334
    -123.815894 42.824334
    -123.814612 42.824334
    -123.81389 42.824334
    -123.812744 42.824334
    -123.811694 42.824334
    -123.811712 42.822477
    -123.811701 42.822181
    -123.811724 42.821369
    -123.811738 42.820138
    -123.81176 42.818241
    -123.811777 42.816894
    -123.811828 42.812568
    -123.811837 42.81184
    -123.81185 42.810519
    -123.811871 42.808655
    -123.811875 42.808442
    -123.811876 42.808185
    -123.811876 42.808159
    -123.81189 42.807132
    -123.811964 42.8006
    -123.811968 42.800159
    -123.811984 42.798836
    -123.81199 42.798396
    -123.81199 42.798297
    -123.811993 42.798002
    -123.811995 42.797904
    -123.811996 42.797904
    -123.812025 42.795261
    -123.812044 42.793518
    -123.812048 42.793223
    -123.812051 42.793032
    -123.812088 42.789848
    -123.812089 42.789755
    -123.812093 42.789433
    -123.824599 42.789183
    -123.824793 42.789179
    -123.825558 42.789193
    -123.825587 42.789194
    -123.825655 42.789194
    -123.849495 42.789034
    -123.849895 42.781734
    -123.868852 42.781734
    -123.868973 42.781734
    -123.869096 42.781734
    -123.869104 42.781447
    -123.869188 42.778501
    -123.869296 42.774734
    -123.875304 42.774756
    -123.875475 42.774757
    -123.876196 42.774759
    -123.877549 42.774763
    -123.878862 42.774768
    -123.881577 42.774777
    -123.881776 42.774778
    -123.881817 42.774778
    -123.881846 42.774779
    -123.881855 42.774779
    -123.881867 42.774779
    -123.881953 42.774779
    -123.882018 42.774779
    -123.88206 42.774779
    -123.882084 42.774779
    -123.882097 42.774779
    -123.882104 42.774779
    -123.88428 42.774786
    -123.884292 42.774786
    -123.884953 42.774788
    -123.889458 42.774804
    -123.890442 42.774808
    -123.89613 42.774829
    -123.900009 42.774843
    -123.900088 42.774843
    -123.921931 42.77492
    -123.92243 42.774922
    -123.925499 42.774933
    -123.9257 42.766502
    -123.926045 42.752061
    -123.926098 42.749833
    -123.926298 42.739433
    -123.937898 42.739433
    -123.937625 42.732192
    -123.937545 42.730068
    -123.937544 42.73006
    -123.937535 42.729822
    -123.9375 42.728874
    -123.937498 42.728833
    -123.937673 42.728834
    -123.953171 42.728911
    -123.953282 42.728912
    -123.955277 42.728922
    -123.957399 42.728933
    -123.957414 42.726678
    -123.957416 42.726334
    -123.95746 42.719978
    -123.957499 42.714232
    -123.958076 42.714235
    -123.958278 42.714236
    -123.959103 42.71424
    -123.9769 42.714332
    -123.977001 42.710717
    -123.97701 42.710385
    -123.977282 42.700746
    -123.977299 42.700132
    -123.990155 42.700066
    -123.990318 42.700065
    -123.992018 42.700047
    -123.992909 42.70005
    -123.993031 42.70005
    -123.993185 42.70005
    -123.99331 42.700049
    -123.9969 42.700032
    -123.997 42.685632
    -124.0012 42.685632
    -124.002717 42.685627
    -124.015874 42.685587
    -124.02857 42.685649
    -124.040816 42.685711
    -124.041271 42.685713
    -124.054866 42.685817
    -124.057501 42.685794
    -124.06057 42.685831
    -124.062598 42.685856
    -124.066709 42.68584
    -124.067065 42.685849
    -124.067622 42.685864
    -124.067658 42.685865
    -124.067666 42.685865
    -124.067674 42.685866
    -124.067683 42.685866
    -124.067692 42.685866
    -124.068024 42.685875
    -124.068383 42.685885
    -124.068393 42.685886
    -124.068401 42.685887
    -124.068546 42.685904
    -124.068584 42.685909
    -124.068664 42.685919
    -124.070028 42.686082
    -124.070048 42.685704
    -124.070066 42.685405
    -124.070068 42.685361
    -124.071196 42.685365
    -124.071217 42.685365
    -124.071294 42.685365
    -124.072314 42.68537
    -124.072326 42.68537
    -124.072355 42.68537
    -124.072363 42.68537
    -124.072429 42.68537
    -124.072445 42.68537
    -124.072452 42.685371
    -124.072459 42.685371
    -124.072483 42.685371
    -124.072514 42.685371
    -124.072567 42.685371
    -124.072586 42.685371
    -124.077078 42.685391
    -124.078779 42.685399
    -124.080887 42.685408
    -124.085611 42.685429
    -124.088587 42.685443
    -124.089988 42.68544
    -124.089907 42.68474
    -124.089838 42.679557
    -124.089834 42.679248
    -124.089761 42.678228
    -124.095461 42.678018
    -124.095546 42.678015
    -124.09563 42.678012
    -124.095637 42.678012
    -124.095644 42.678012
    -124.095655 42.678012
    -124.095671 42.678012
    -124.095689 42.678012
    -124.095705 42.678012
    -124.095717 42.678012
    -124.095725 42.678012
    -124.095734 42.678013
    -124.095837 42.678013
    -124.103402 42.678054
    -124.109986 42.678089
    -124.110105 42.67809
    -124.110176 42.67809
    -124.110183 42.67809
    -124.11339 42.678107
    -124.113944 42.678096
    -124.11886 42.678003
    -124.120106 42.677989
    -124.120002 42.676925
    -124.119993 42.676843
    -124.11998 42.67672
    -124.119853 42.676037
    -124.11985 42.676021
    -124.119849 42.676016
    -124.119751 42.675491
    -124.119668 42.675047
    -124.119668 42.674975
    -124.119699 42.674906
    -124.119764 42.67483
    -124.119762 42.67481
    -124.119676 42.673856
    -124.119388 42.670867
    -124.120649 42.670868
    -124.126204 42.670843
    -124.128383 42.670803
    -124.128301 42.666469
    -124.132194 42.666394
    -124.132969 42.666379
    -124.132985 42.666379
    -124.133177 42.67033
    -124.133207 42.670948
    -124.138939 42.670819
    -124.138935 42.67337
    -124.138935 42.673618
    -124.138934 42.674363
    -124.138934 42.674687
    -124.138929 42.678428
    -124.138917 42.68818
    -124.138916 42.689233
    -124.138916 42.689505
    -124.138917 42.690063
    -124.138938 42.698934
    -124.138885 42.713721
    -124.138877 42.719911
    -124.138865 42.729979
    -124.138865 42.730098
    -124.138862 42.732504
    -124.138862 42.732605
    -124.138862 42.732958
    -124.138862 42.733099
    -124.138862 42.73316
    -124.138862 42.733187
    -124.138862 42.733199
    -124.138862 42.733209
    -124.138857 42.73683
    -124.138855 42.737218
    -124.138855 42.737223
    -124.138855 42.738737
    -124.138854 42.739672
    -124.142626 42.739665
    -124.144953 42.73966
    -124.145052 42.73966
    -124.14507 42.73966
    -124.145292 42.73966
    -124.145305 42.73966
    -124.145312 42.73966
    -124.14532 42.739659
    -124.145347 42.739659
    -124.145391 42.739659
    -124.145446 42.739659
    -124.145499 42.739659
    -124.145537 42.739659
    -124.145559 42.739659
    -124.159858 42.739632
    -124.159941 42.739632
    -124.160071 42.749832
    -124.160118 42.755021
    -124.16014 42.757576
    -124.16015 42.758675
    -124.160194 42.763541
    -124.160209 42.765213
    -124.160218 42.767637
    -124.16022 42.768167
    -124.160225 42.769512
    -124.160257 42.778796
    -124.160268 42.782086
    -124.160293 42.789232
    -124.160301 42.789232
    -124.160313 42.789232
    -124.160325 42.789232
    -124.160333 42.789231
    -124.16034 42.789231
    -124.160347 42.789231
    -124.164614 42.789177
    -124.164683 42.794564
    -124.164839 42.806809
    -124.164847 42.807486
    -124.164972 42.817251
    -124.164389 42.817254
    -124.164254 42.817255
    -124.164069 42.817256
    -124.16404 42.817256
    -124.163982 42.817256
    -124.162429 42.817263
    -124.162184 42.817264
    -124.162175 42.817264
    -124.160781 42.817271
    -124.160772 42.817272
    -124.160761 42.817272
    -124.16074 42.817272
    -124.160709 42.817272
    -124.160686 42.817272
    -124.160671 42.817272
    -124.160635 42.817272
    -124.159375 42.817279
    -124.160875 42.828018
    -124.160716 42.828023
    -124.155802 42.828179
    -124.15577 42.82818
    -124.155275 42.828196
    -124.155221 42.828198
    -124.155194 42.828199
    -124.154975 42.828206
    -124.154808 42.828211
    -124.154614 42.828217
    -124.154105 42.828233
    -124.144556 42.828534
    -124.142435 42.828601
    -124.142084 42.828612
    -124.142103 42.829581
    -124.14219 42.834025
    -124.14219 42.834045
    -124.142093 42.839923
    -124.142028 42.843445
    -124.141963 42.846991
    -124.141977 42.849334
    -124.145244 42.849319
    -124.146621 42.849313
    -124.146681 42.852867
    -124.146799 42.85989
    -124.149231 42.860008
    -124.15122 42.860104
    -124.151267 42.863932
    -124.156458 42.86384
    -124.156508 42.867769
    -124.161289 42.867679
    -124.161173 42.874375
    -124.161165 42.874831
    -124.160868 42.882444
    -124.168292 42.882402
    -124.168624 42.8824
    -124.17851 42.882343
    -124.180681 42.882338
    -124.180593 42.885156
    -124.180616 42.88597
    -124.18168 42.885955
    -124.184897 42.885913
    -124.184923 42.887895
    -124.184995 42.893041
    -124.189185 42.89312
    -124.190508 42.893145
    -124.19055 42.89388
    -124.190716 42.896708
    -124.200283 42.896722
    -124.200581 42.900016
    -124.204678 42.899931
    -124.204737 42.89993
    -124.205092 42.899923
    -124.205103 42.900286
    -124.205108 42.900452
    -124.205109 42.900473
    -124.205175 42.902495
    -124.205177 42.902558
    -124.205178 42.902578
    -124.205179 42.902607
    -124.205179 42.90262
    -124.205179 42.902631
    -124.205207 42.90349
    -124.205211 42.903621
    -124.205612 42.903611
    -124.212096 42.903466
    -124.214687 42.9035
    -124.214709 42.903989
    -124.214709 42.903995
    -124.214879 42.907717
    -124.214936 42.908978
    -124.214937 42.908983
    -124.214937 42.908988
    -124.214938 42.909001
    -124.214938 42.90901
    -124.214946 42.909192
    -124.215012 42.910727
    -124.215001 42.910727
    -124.214976 42.910728
    -124.214969 42.910728
    -124.214962 42.910728
    -124.214954 42.910728
    -124.210095 42.91079
    -124.210108 42.911718
    -124.210137 42.913853
    -124.210198 42.918304
    -124.210198 42.918321
    -124.212893 42.918256
    -124.212901 42.918256
    -124.213082 42.918252
    -124.213172 42.91825
    -124.215713 42.918189
    -124.215798 42.918187
    -124.215808 42.918187
    -124.215832 42.918186
    -124.215853 42.918186
    -124.216069 42.918181
    -124.219494 42.918099
    -124.219522 42.921769
    -124.219524 42.922011
    -124.219531 42.922838
    -124.219534 42.923314
    -124.219539 42.923887
    -124.219608 42.932646
    -124.219613 42.933297
    -124.223469 42.933249
    -124.237659 42.933071
    -124.239897 42.933043
    -124.239544 42.940207
    -124.248299 42.940424
    -124.248194 42.942678
    -124.248186 42.942854
    -124.248145 42.943753
    -124.249843 42.94378
    -124.249851 42.94378
    -124.249913 42.943781
    -124.251216 42.943584
    -124.251649 42.943602
    -124.252226 42.943626
    -124.252249 42.944325
    -124.25225 42.944354
    -124.252251 42.944377
    -124.252251 42.944391
    -124.252252 42.944438
    -124.252252 42.944445
    -124.252258 42.944625
    -124.25236 42.951102
    -124.253999 42.95109
    -124.254006 42.95109
    -124.2543 42.951088
    -124.254513 42.951097
    -124.254522 42.951098
    -124.254569 42.9511
    -124.254926 42.951115
    -124.256976 42.951204
    -124.257114 42.951882
    -124.257112 42.953266
    -124.257112 42.953348
    -124.257112 42.953353
    -124.257111 42.954055
    -124.257111 42.954757
    -124.268315 42.954505
    -124.269188 42.954485
    -124.269285 42.954486
    -124.276456 42.954561
    -124.281278 42.954611
    -124.285011 42.954589
    -124.286127 42.954591
    -124.292174 42.954593
    -124.292826 42.954593
    -124.292845 42.954593
    -124.292866 42.954593
    -124.296345 42.954577
    -124.298181 42.954568
    -124.298461 42.954659
    -124.303747 42.95462
    -124.303785 42.95462
    -124.309906 42.954575
    -124.310467 42.954571
    -124.311904 42.95456
    -124.317179 42.954546
    -124.31733 42.954546
    -124.323657 42.954569
    -124.324787 42.954573
    -124.324944 42.954574
    -124.32496 42.954574
    -124.324986 42.954574
    -124.325018 42.954574
    -124.32505 42.954575
    -124.325059 42.954575
    -124.325068 42.954575
    -124.325075 42.954575
    -124.325084 42.954575
    -124.325167 42.954575
    -124.327005 42.954582
    -124.33517 42.954612
    -124.335613 42.954648
    -124.335733 42.954656
    -124.335907 42.954617
    -124.335915 42.954615
    -124.335922 42.954614
    -124.335931 42.954612
    -124.335991 42.954598
    -124.336064 42.954582
    -124.33609 42.954576
    -124.336193 42.954553
    -124.336265 42.954537
    -124.33633 42.954522
    -124.35476 42.954494
    -124.354789 42.954494
    -124.358762 42.954488
    -124.364212 42.95448
    -124.364546 42.95448
    -124.366511 42.954478
    -124.367378 42.954477
    -124.367671 42.954477
    -124.368001 42.954477
    -124.37622 42.954471
    -124.377685 42.954602
    -124.379413 42.954683
    -124.391568 42.955051
    -124.392405 42.955078
    -124.395694 42.955178
    -124.398788 42.955272
    -124.399677 42.955299
    -124.401874 42.955366
    -124.408614 42.955571
    -124.408767 42.955573
    -124.414937 42.955658
    -124.414938 42.955653
    -124.415068 42.954902
    -124.415299 42.95357
    -124.420258 42.953831
    -124.422753 42.953963
    -124.42296 42.953974
    -124.424069 42.954033
    -124.424601 42.954061
    -124.424649 42.954064
    -124.424962 42.954086
    -124.425027 42.954109
    -124.425614 42.954133
    -124.42588 42.954144
    -124.426824 42.954183
    -124.427669 42.954385
    -124.42817 42.954301
    -124.428354 42.95427
    -124.428812 42.954318
    -124.428848 42.954322
    -124.429007 42.954339
    -124.430939 42.954385
    -124.436623 42.954519
    -124.436826 42.954524
    -124.437171 42.954532
    -124.437958 42.95455
    -124.438172 42.954556
    -124.440006 42.95461
    -124.448425 42.95481
    -124.4545 42.954955
    -124.454507 42.954955
    -124.454782 42.95484
    -124.454804 42.954831
    -124.454811 42.954828
    -124.454817 42.954825
    -124.455005 42.954746
    -124.455095 42.954747
    -124.455103 42.954747
    -124.455269 42.954748
    -124.455431 42.95475
    -124.455796 42.954753
    -124.457133 42.954765
    -124.45779 42.954771
    -124.458017 42.954773
    -124.458112 42.954774
    -124.458166 42.954775
    -124.458192 42.954775
    -124.458234 42.954775
    -124.46 42.954792
    -124.460928 42.9548
    -124.463208 42.954822
    -124.463437 42.954824
    -124.463802 42.954827
    -124.464075 42.95483
    -124.464257 42.954832
    -124.464354 42.954833
    -124.464371 42.954833
    -124.464379 42.954833
    -124.466496 42.954852
    -124.469563 42.95488
    -124.472681 42.954909
    -124.475799 42.954938
    -124.47593 42.954939
    -124.476014 42.95494
    -124.476098 42.954941
    -124.477506 42.954954
    -124.477523 42.954954
    -124.477537 42.954954
    -124.477545 42.954955
    -124.477553 42.954955
    -124.477587 42.954955
    -124.477821 42.954957
    -124.479539 42.954972
    -124.480031 42.954963
    -124.484961 42.954873
    -124.489891 42.954783
    -124.501223 42.954576
    -124.552282 42.954518
    -124.545172 42.970736
    -124.530606 42.99983
    -124.532992 42.99983
    -124.529086 43.007335
    -124.524994 43.01642
    -124.520967 43.026768
    -124.520796 43.027208
    -124.515849 43.039899
    -124.512746 43.050219
    -124.509767 43.056865
    -124.507866 43.060072
    -124.507016 43.063311
    -124.505331 43.067953
    -124.507933 43.073295
    -124.5096 43.081308
    -124.509199 43.085415
    -124.513238 43.092258
    -124.513646 43.09295
    -124.514421 43.094262
    -124.516361 43.102542
    -124.515963 43.111558
    -124.515024 43.114497
    -124.515491 43.118959
    -124.515506 43.119097
    -124.515573 43.119739
    -124.515535 43.124146
    -124.51584 43.12483
    -124.515265 43.126487
END
END
