41027 Hood River County
1
    -121.87897 45.514034
    -121.879822 45.513796
    -121.881228 45.513557
    -121.882177 45.51298
    -121.886179 45.512399
    -121.888394 45.512596
    -121.889261 45.512638
    -121.890677 45.51272
    -121.893782 45.513353
    -121.894613 45.513901
    -121.895764 45.514634
    -121.897131 45.515569
    -121.897893 45.516286
    -121.899524 45.517109
    -121.902169 45.518376
    -121.903208 45.51871
    -121.904201 45.519031
    -121.90616 45.520111
    -121.906742 45.520497
    -121.907071 45.521262
    -121.90703 45.522314
    -121.907013 45.523087
    -121.907007 45.524776
    -121.907245 45.52513
    -121.907644 45.525396
    -121.908534 45.525727
    -121.909457 45.526324
    -121.909846 45.526683
    -121.910247 45.527051
    -121.910869 45.527787
    -121.911212 45.528321
    -121.911294 45.528449
    -121.911528 45.530131
    -121.911915 45.530742
    -121.912551 45.531692
    -121.913244 45.532891
    -121.913764 45.534452
    -121.913576 45.535867
    -121.913149 45.537009
    -121.913193 45.537532
    -121.91351 45.538159
    -121.91451 45.539697
    -121.915351 45.540985
    -121.915826 45.542401
    -121.916862 45.543576
    -121.91782 45.544028
    -121.920467 45.545238
    -121.921357 45.54581
    -121.922303 45.546438
    -121.922222 45.546744
    -121.921648 45.547028
    -121.921203 45.547249
    -121.919705 45.547665
    -121.918035 45.547904
    -121.915907 45.548222
    -121.914513 45.54843
    -121.911162 45.549294
    -121.909217 45.549725
    -121.908529 45.55036
    -121.907599 45.551364
    -121.905869 45.552624
    -121.905054 45.553539
    -121.903965 45.554462
    -121.902509 45.555401
    -121.901866 45.556172
    -121.902447 45.556833
    -121.902822 45.557388
    -121.903252 45.558547
    -121.903237 45.559608
    -121.902993 45.560412
    -121.902819 45.561078
    -121.903105 45.561223
    -121.90427 45.561306
    -121.905298 45.561637
    -121.906906 45.562596
    -121.90711 45.563184
    -121.907621 45.564013
    -121.907928 45.564512
    -121.908325 45.565324
    -121.908128 45.56596
    -121.907624 45.566409
    -121.907268 45.56673
    -121.908046 45.566739
    -121.909155 45.566709
    -121.910435 45.566783
    -121.911588 45.567291
    -121.912499 45.568129
    -121.912839 45.569087
    -121.913327 45.569932
    -121.913839 45.570841
    -121.914053 45.571581
    -121.913662 45.572128
    -121.913489 45.572602
    -121.913267 45.573864
    -121.912965 45.57515
    -121.912219 45.576026
    -121.911187 45.576821
    -121.911299 45.577408
    -121.911331 45.578043
    -121.911008 45.578758
    -121.910526 45.579417
    -121.910443 45.58002
    -121.910176 45.581234
    -121.91077 45.581412
    -121.913674 45.581593
    -121.9159 45.582714
    -121.91696 45.583753
    -121.917997 45.584816
    -121.918483 45.586384
    -121.917977 45.58726
    -121.916771 45.588481
    -121.915968 45.589324
    -121.915816 45.590321
    -121.916133 45.591158
    -121.915924 45.592018
    -121.914993 45.593328
    -121.914532 45.594188
    -121.914839 45.594767
    -121.915054 45.595395
    -121.914926 45.596086
    -121.915414 45.597108
    -121.915445 45.59788
    -121.915156 45.598957
    -121.914203 45.599961
    -121.913605 45.600765
    -121.913214 45.60119
    -121.913098 45.601809
    -121.913335 45.602566
    -121.914235 45.603628
    -121.915021 45.604466
    -121.915556 45.605279
    -121.915614 45.605427
    -121.916066 45.606566
    -121.916167 45.607322
    -121.916509 45.607677
    -121.917137 45.607806
    -121.918109 45.608113
    -121.919319 45.608822
    -121.919992 45.609402
    -121.921351 45.610136
    -121.921625 45.610394
    -121.921909 45.610844
    -121.921964 45.614025
    -121.92209 45.621321
    -121.922151 45.624838
    -121.922221 45.63898
    -121.922228 45.639262
    -121.922238 45.639675
    -121.922229 45.640357
    -121.922258 45.644706
    -121.922276 45.645302
    -121.92226 45.64601
    -121.922255 45.646877
    -121.922251 45.647517
    -121.922244 45.648253
    -121.922237 45.64899
    -121.922236 45.649058
    -121.922236 45.649125
    -121.91839 45.650602
    -121.916727 45.651241
    -121.911787 45.653023
    -121.910215 45.653637
    -121.908267 45.654399
    -121.907187 45.655507
    -121.904726 45.658036
    -121.904464 45.658306
    -121.904314 45.65846
    -121.903576 45.659217
    -121.902764 45.660051
    -121.901362 45.661491
    -121.900858 45.662009
    -121.900823 45.662342
    -121.90082 45.662368
    -121.900786 45.6627
    -121.900885 45.663445
    -121.901037 45.664582
    -121.901132 45.665292
    -121.901189 45.665719
    -121.901298 45.666542
    -121.901408 45.667365
    -121.901724 45.66974
    -121.901855 45.670716
    -121.900947 45.671305
    -121.89445 45.675526
    -121.887952 45.679746
    -121.883903 45.682375
    -121.882798 45.683094
    -121.882276 45.683433
    -121.87795 45.686243
    -121.877645 45.686441
    -121.877322 45.68665
    -121.876356 45.687277
    -121.87619 45.687386
    -121.876035 45.687487
    -121.875963 45.687533
    -121.875747 45.687674
    -121.875676 45.687722
    -121.873712 45.689004
    -121.872425 45.689843
    -121.871748 45.690286
    -121.867167 45.693277
    -121.861948 45.694519
    -121.858172 45.695419
    -121.854151 45.696376
    -121.842088 45.699249
    -121.838068 45.700207
    -121.838038 45.700213
    -121.837951 45.700234
    -121.837922 45.700242
    -121.837526 45.700338
    -121.83634 45.700628
    -121.835945 45.700726
    -121.825685 45.703238
    -121.825056 45.703393
    -121.820055 45.704617
    -121.814168 45.706059
    -121.811304 45.706761
    -121.794647 45.704018
    -121.793497 45.703829
    -121.788862 45.703066
    -121.784226 45.702302
    -121.782913 45.702086
    -121.781599 45.701869
    -121.774454 45.700693
    -121.769512 45.699879
    -121.767308 45.699517
    -121.751186 45.696862
    -121.747606 45.696234
    -121.74698 45.696124
    -121.746354 45.696014
    -121.735104 45.694039
    -121.730611 45.694164
    -121.725275 45.694311
    -121.72516 45.694315
    -121.71971 45.694466
    -121.71504 45.694596
    -121.711712 45.694688
    -121.71037 45.694725
    -121.710208 45.694729
    -121.710047 45.694734
    -121.707358 45.694809
    -121.703416 45.695847
    -121.695697 45.697881
    -121.694738 45.698134
    -121.693778 45.698386
    -121.69257 45.698704
    -121.691363 45.699022
    -121.689716 45.699456
    -121.688068 45.69989
    -121.68483 45.700743
    -121.682851 45.701264
    -121.681591 45.701596
    -121.679398 45.702174
    -121.677205 45.702752
    -121.676738 45.702874
    -121.676271 45.702997
    -121.676133 45.703034
    -121.675996 45.70307
    -121.673896 45.703624
    -121.671796 45.704177
    -121.668619 45.705014
    -121.668362 45.705082
    -121.660539 45.704992
    -121.659859 45.704984
    -121.659179 45.704977
    -121.658879 45.704974
    -121.658579 45.70497
    -121.658287 45.704966
    -121.657995 45.704963
    -121.657428 45.704956
    -121.656861 45.70495
    -121.656136 45.704942
    -121.655411 45.704934
    -121.651498 45.704889
    -121.647585 45.704844
    -121.645746 45.704822
    -121.642893 45.70479
    -121.638201 45.704737
    -121.638119 45.704736
    -121.634667 45.704697
    -121.632637 45.704674
    -121.631215 45.704658
    -121.631167 45.704657
    -121.626185 45.705915
    -121.61956 45.707382
    -121.616581 45.708043
    -121.611229 45.709229
    -121.609291 45.709658
    -121.604069 45.710815
    -121.601539 45.711375
    -121.596909 45.712401
    -121.595551 45.712702
    -121.594193 45.713003
    -121.589951 45.713943
    -121.585709 45.714883
    -121.583337 45.715408
    -121.580965 45.715934
    -121.576421 45.71694
    -121.572471 45.717815
    -121.571876 45.717947
    -121.568384 45.71872
    -121.564892 45.719494
    -121.563837 45.719728
    -121.562782 45.719962
    -121.562676 45.719986
    -121.56257 45.720009
    -121.558972 45.720806
    -121.557142 45.721211
    -121.555375 45.721603
    -121.54655 45.723558
    -121.540225 45.724959
    -121.537726 45.725514
    -121.536156 45.725862
    -121.534587 45.72621
    -121.534152 45.726307
    -121.533106 45.726541
    -121.532845 45.726495
    -121.532406 45.726419
    -121.531773 45.726309
    -121.529875 45.725979
    -121.529243 45.725869
    -121.529066 45.725838
    -121.527872 45.72563
    -121.5267 45.725426
    -121.525433 45.725205
    -121.524156 45.724984
    -121.523762 45.724915
    -121.523274 45.72483
    -121.522392 45.724677
    -121.519844 45.724233
    -121.512202 45.722904
    -121.511967 45.722863
    -121.511115 45.722714
    -121.509655 45.722461
    -121.50711 45.722019
    -121.506559 45.721923
    -121.504566 45.721576
    -121.504153 45.721504
    -121.50374 45.721432
    -121.503218 45.721342
    -121.502696 45.721251
    -121.501184 45.720988
    -121.499153 45.720846
    -121.497444 45.71994
    -121.494669 45.718469
    -121.494585 45.718424
    -121.492465 45.7173
    -121.491623 45.716853
    -121.485895 45.71372
    -121.483707 45.712524
    -121.483226 45.71226
    -121.482744 45.711997
    -121.481773 45.711466
    -121.480193 45.710591
    -121.475679 45.70809
    -121.470029 45.704959
    -121.467895 45.703787
    -121.4661 45.702801
    -121.462849 45.701367
    -121.460195 45.700864
    -121.450623 45.69905
    -121.450061 45.698943
    -121.441051 45.697236
    -121.441051 45.696331
    -121.441051 45.693616
    -121.441051 45.692712
    -121.441051 45.692711
    -121.441051 45.692564
    -121.441052 45.692351
    -121.441052 45.692123
    -121.441052 45.691976
    -121.441052 45.691914
    -121.441052 45.69184
    -121.441052 45.691726
    -121.441053 45.691301
    -121.441053 45.690978
    -121.441054 45.690729
    -121.441054 45.690232
    -121.441055 45.690087
    -121.441055 45.688744
    -121.441056 45.688248
    -121.441056 45.688176
    -121.441056 45.688072
    -121.441056 45.687011
    -121.441058 45.683301
    -121.441059 45.682065
    -121.441059 45.681836
    -121.441059 45.681182
    -121.441061 45.678535
    -121.441062 45.677653
    -121.441062 45.677642
    -121.441062 45.677317
    -121.441062 45.676311
    -121.441063 45.675976
    -121.441063 45.675895
    -121.441063 45.675596
    -121.441064 45.674457
    -121.441065 45.674078
    -121.441065 45.67394
    -121.44106 45.673363
    -121.441045 45.671221
    -121.441041 45.670507
    -121.441041 45.670177
    -121.441041 45.669187
    -121.441041 45.668858
    -121.441041 45.668857
    -121.44104 45.667257
    -121.441039 45.66246
    -121.441039 45.660861
    -121.441038 45.656571
    -121.441038 45.656137
    -121.441034 45.643701
    -121.441033 45.639412
    -121.441035 45.639378
    -121.441165 45.636913
    -121.441564 45.629416
    -121.441697 45.626918
    -121.441718 45.626502
    -121.441785 45.625255
    -121.441808 45.62484
    -121.441805 45.62477
    -121.441796 45.624562
    -121.441794 45.624493
    -121.441791 45.62442
    -121.441782 45.624201
    -121.441779 45.624129
    -121.441762 45.623711
    -121.441711 45.622458
    -121.441695 45.622041
    -121.441632 45.620484
    -121.441445 45.615816
    -121.441386 45.614318
    -121.441384 45.61426
    -121.441363 45.613771
    -121.441304 45.612305
    -121.441286 45.611817
    -121.44125 45.610917
    -121.441165 45.608773
    -121.441142 45.60822
    -121.441107 45.607322
    -121.441104 45.607248
    -121.441073 45.606451
    -121.441311 45.602621
    -121.441365 45.601746
    -121.441948 45.592367
    -121.441571 45.585018
    -121.441487 45.583375
    -121.441288 45.5795
    -121.441287 45.579441
    -121.441268 45.578482
    -121.441257 45.577925
    -121.441117 45.57561
    -121.44106 45.574654
    -121.44106 45.574544
    -121.44106 45.574215
    -121.44106 45.574106
    -121.441068 45.574089
    -121.441092 45.574041
    -121.441101 45.574025
    -121.441097 45.573958
    -121.441087 45.573757
    -121.441084 45.573691
    -121.441007 45.572154
    -121.440779 45.567545
    -121.440703 45.566009
    -121.440688 45.565712
    -121.440676 45.565473
    -121.440596 45.563866
    -121.440577 45.563468
    -121.440581 45.563331
    -121.440584 45.563195
    -121.440613 45.562126
    -121.440712 45.558514
    -121.440746 45.55731
    -121.440753 45.557024
    -121.440776 45.556168
    -121.440784 45.555883
    -121.440786 45.555786
    -121.440788 45.555412
    -121.440796 45.554002
    -121.440798 45.553634
    -121.440799 45.553532
    -121.440818 45.553002
    -121.440877 45.551414
    -121.440899 45.550886
    -121.440907 45.550667
    -121.440931 45.550011
    -121.44094 45.549793
    -121.440949 45.549553
    -121.440976 45.548833
    -121.440986 45.548594
    -121.440966 45.54708
    -121.440943 45.545317
    -121.440906 45.542541
    -121.440886 45.541029
    -121.440884 45.540909
    -121.44088 45.540551
    -121.440879 45.540432
    -121.440877 45.540332
    -121.440874 45.540033
    -121.440873 45.539934
    -121.44087 45.539831
    -121.440865 45.539522
    -121.440865 45.539421
    -121.440847 45.538084
    -121.440797 45.534076
    -121.440781 45.532741
    -121.44078 45.532671
    -121.440777 45.532463
    -121.440777 45.532394
    -121.440774 45.532146
    -121.440773 45.532093
    -121.440773 45.532066
    -121.440766 45.531479
    -121.440762 45.531192
    -121.440758 45.530892
    -121.440754 45.530626
    -121.440754 45.530567
    -121.440745 45.529828
    -121.440742 45.529562
    -121.440733 45.528878
    -121.440706 45.526827
    -121.440698 45.526144
    -121.440694 45.525837
    -121.440691 45.525661
    -121.440673 45.524212
    -121.440667 45.52373
    -121.440666 45.523698
    -121.440667 45.523607
    -121.440668 45.523577
    -121.440665 45.523378
    -121.440658 45.5229
    -121.440631 45.520875
    -121.440623 45.520202
    -121.440622 45.520064
    -121.440618 45.519808
    -121.440612 45.519301
    -121.441284 45.519322
    -121.441678 45.519335
    -121.442814 45.519337
    -121.446223 45.519346
    -121.44691 45.519348
    -121.44736 45.519352
    -121.44742 45.519352
    -121.447602 45.519353
    -121.447663 45.519354
    -121.455777 45.519415
    -121.480122 45.5196
    -121.482525 45.519619
    -121.482323 45.51391
    -121.482259 45.512122
    -121.48207 45.506758
    -121.482008 45.50497
    -121.482002 45.50481
    -121.481985 45.504333
    -121.48198 45.504176
    -121.481976 45.504052
    -121.481976 45.504051
    -121.481925 45.502635
    -121.481827 45.499837
    -121.481681 45.498023
    -121.481559 45.496489
    -121.481562 45.495329
    -121.481573 45.491849
    -121.481575 45.491381
    -121.481577 45.490689
    -121.481577 45.490558
    -121.481579 45.490201
    -121.481579 45.490167
    -121.481579 45.490037
    -121.481579 45.489948
    -121.481579 45.489681
    -121.481579 45.489661
    -121.48158 45.489594
    -121.481571 45.48875
    -121.481553 45.486221
    -121.481548 45.485378
    -121.481546 45.485147
    -121.481559 45.48257
    -121.481604 45.474148
    -121.48162 45.471341
    -121.481621 45.471187
    -121.481629 45.469635
    -121.481646 45.466686
    -121.481657 45.464519
    -121.481667 45.462814
    -121.481667 45.462635
    -121.481668 45.462098
    -121.481669 45.46192
    -121.481671 45.461115
    -121.481679 45.458702
    -121.481682 45.457898
    -121.481682 45.457787
    -121.481684 45.456831
    -121.481694 45.453634
    -121.481699 45.45257
    -121.4817 45.452439
    -121.481703 45.451349
    -121.481715 45.447692
    -121.48172 45.446473
    -121.48172 45.446292
    -121.481722 45.445748
    -121.481723 45.445568
    -121.481724 45.445052
    -121.481728 45.44418
    -121.481715 45.443507
    -121.481708 45.443068
    -121.481707 45.442992
    -121.481696 45.442387
    -121.481663 45.440572
    -121.481653 45.439968
    -121.481637 45.439091
    -121.481591 45.43646
    -121.481576 45.435584
    -121.481544 45.433789
    -121.481449 45.428404
    -121.481418 45.426609
    -121.481395 45.425271
    -121.481401 45.424944
    -121.481497 45.41995
    -121.48153 45.418286
    -121.481568 45.41626
    -121.481685 45.410185
    -121.481703 45.4093
    -121.481725 45.408161
    -121.481732 45.407784
    -121.481743 45.40727
    -121.481745 45.406655
    -121.481747 45.406279
    -121.481749 45.405751
    -121.481756 45.40417
    -121.481759 45.403643
    -121.481762 45.402895
    -121.481773 45.40065
    -121.481777 45.399903
    -121.481776 45.399812
    -121.481774 45.399539
    -121.481774 45.399448
    -121.48178 45.398378
    -121.481799 45.395233
    -121.481799 45.395169
    -121.481809 45.3941
    -121.48188 45.386183
    -121.48192 45.381837
    -121.482146 45.374839
    -121.481567 45.362448
    -121.481199 45.35454
    -121.481186 45.353869
    -121.48115 45.351859
    -121.481139 45.351189
    -121.481137 45.351094
    -121.481119 45.350116
    -121.481061 45.346898
    -121.481042 45.345826
    -121.481032 45.345311
    -121.481004 45.34377
    -121.480995 45.343257
    -121.480995 45.343256
    -121.48099 45.342978
    -121.480956 45.341139
    -121.480842 45.334785
    -121.480805 45.332667
    -121.480803 45.332584
    -121.480799 45.332338
    -121.480799 45.332256
    -121.480796 45.332142
    -121.480795 45.33209
    -121.480789 45.331598
    -121.480769 45.329624
    -121.480763 45.328968
    -121.480735 45.32626
    -121.480652 45.318136
    -121.480625 45.315428
    -121.480622 45.315195
    -121.4806 45.313111
    -121.48058 45.311087
    -121.48053 45.306164
    -121.480507 45.303848
    -121.480505 45.303706
    -121.480478 45.301107
    -121.480405 45.293836
    -121.480395 45.292889
    -121.480392 45.292541
    -121.480388 45.292134
    -121.480369 45.290151
    -121.480368 45.290092
    -121.480362 45.289423
    -121.480386 45.288755
    -121.480542 45.284569
    -121.480588 45.283351
    -121.480595 45.283174
    -121.480626 45.282337
    -121.480719 45.279826
    -121.48075 45.278989
    -121.480752 45.278914
    -121.48076 45.278692
    -121.480763 45.278618
    -121.480803 45.277526
    -121.480925 45.274253
    -121.480967 45.273162
    -121.480978 45.272842
    -121.48101 45.271991
    -121.481141 45.268479
    -121.481186 45.267309
    -121.48119 45.267188
    -121.481197 45.266998
    -121.481231 45.266069
    -121.481244 45.265761
    -121.481288 45.264584
    -121.481421 45.261054
    -121.481457 45.260121
    -121.481466 45.259878
    -121.481478 45.259558
    -121.481514 45.258598
    -121.481527 45.258279
    -121.483323 45.258267
    -121.48871 45.258232
    -121.490507 45.258221
    -121.492356 45.258209
    -121.497906 45.258173
    -121.499756 45.258162
    -121.500162 45.258177
    -121.501182 45.258218
    -121.501386 45.25821
    -121.501795 45.258198
    -121.502102 45.258184
    -121.502551 45.258166
    -121.504825 45.258078
    -121.505585 45.258049
    -121.505773 45.258048
    -121.506337 45.258046
    -121.506526 45.258046
    -121.507787 45.258024
    -121.511573 45.257959
    -121.512835 45.257938
    -121.51717 45.25793
    -121.530175 45.257907
    -121.534511 45.2579
    -121.53838 45.257893
    -121.549989 45.257872
    -121.55073 45.257871
    -121.553703 45.257866
    -121.553859 45.257867
    -121.55386 45.257866
    -121.554869 45.257864
    -121.5579 45.257858
    -121.558911 45.257857
    -121.559409 45.257846
    -121.560907 45.257814
    -121.561029 45.257812
    -121.561407 45.257811
    -121.56246 45.25781
    -121.56562 45.257811
    -121.566402 45.257812
    -121.566675 45.257812
    -121.567154 45.257812
    -121.567321 45.257811
    -121.567634 45.257811
    -121.568772 45.257809
    -121.569262 45.257808
    -121.569909 45.257807
    -121.570085 45.257807
    -121.573142 45.257803
    -121.582844 45.25779
    -121.586078 45.257787
    -121.58684 45.257786
    -121.589129 45.257788
    -121.589894 45.257789
    -121.590042 45.257789
    -121.593158 45.257791
    -121.602951 45.2578
    -121.606216 45.257805
    -121.606807 45.257802
    -121.608579 45.257796
    -121.609171 45.257795
    -121.609305 45.257794
    -121.60933 45.257794
    -121.609709 45.257793
    -121.609844 45.257793
    -121.61044 45.257791
    -121.61223 45.257784
    -121.612827 45.257783
    -121.614244 45.257786
    -121.618499 45.257795
    -121.619908 45.257799
    -121.619917 45.257799
    -121.620309 45.257791
    -121.621486 45.257766
    -121.621879 45.257759
    -121.622132 45.257753
    -121.62216 45.257753
    -121.622891 45.257749
    -121.623145 45.257748
    -121.624133 45.257743
    -121.625672 45.257736
    -121.625941 45.257735
    -121.626185 45.257734
    -121.627097 45.257752
    -121.628085 45.257773
    -121.629235 45.257797
    -121.631532 45.257852
    -121.636098 45.258
    -121.636435 45.258011
    -121.641838 45.258121
    -121.646856 45.258013
    -121.654784 45.257992
    -121.658092 45.257997
    -121.660147 45.258
    -121.661601 45.258003
    -121.668121 45.258014
    -121.668165 45.258014
    -121.668177 45.258014
    -121.668417 45.258014
    -121.669127 45.258015
    -121.669176 45.258015
    -121.66943 45.258015
    -121.674905 45.258015
    -121.680738 45.258016
    -121.68522 45.258016
    -121.687505 45.258016
    -121.691332 45.258016
    -121.696808 45.258017
    -121.697162 45.260067
    -121.696465 45.263273
    -121.695095 45.265892
    -121.692273 45.27026
    -121.691453 45.274633
    -121.689305 45.275819
    -121.688004 45.279034
    -121.68571 45.280695
    -121.685007 45.281807
    -121.684964 45.28271
    -121.684974 45.283667
    -121.684979 45.283941
    -121.683839 45.286209
    -121.683449 45.286987
    -121.680667 45.289888
    -121.680355 45.29278
    -121.679473 45.295422
    -121.680264 45.298216
    -121.681748 45.299382
    -121.6837 45.301732
    -121.686256 45.304089
    -121.687424 45.306939
    -121.688411 45.3102
    -121.689639 45.314459
    -121.690842 45.317623
    -121.692555 45.31957
    -121.695066 45.321686
    -121.698236 45.323213
    -121.700363 45.326738
    -121.702958 45.330335
    -121.70226 45.333356
    -121.70344 45.336125
    -121.705001 45.340448
    -121.704064 45.343743
    -121.703171 45.346377
    -121.702323 45.348528
    -121.702463 45.35005
    -121.702137 45.351476
    -121.701652 45.352347
    -121.701581 45.352475
    -121.70115 45.353402
    -121.70088 45.354565
    -121.700835 45.354763
    -121.701067 45.356518
    -121.701516 45.357984
    -121.701348 45.359176
    -121.701125 45.361221
    -121.700751 45.362384
    -121.700639 45.362735
    -121.70078 45.363737
    -121.700781 45.363747
    -121.700928 45.364386
    -121.700863 45.365457
    -121.700847 45.366262
    -121.700841 45.366297
    -121.700774 45.366698
    -121.700503 45.367793
    -121.700565 45.36796
    -121.700631 45.368133
    -121.700802 45.36859
    -121.700393 45.369292
    -121.700054 45.370411
    -121.699453 45.371402
    -121.699163 45.371551
    -121.699127 45.371569
    -121.698277 45.372006
    -121.698221 45.373162
    -121.69809 45.373338
    -121.698035 45.373566
    -121.697667 45.373636
    -121.697517 45.373663
    -121.69722 45.373718
    -121.696889 45.373758
    -121.696977 45.373877
    -121.697025 45.374117
    -121.697027 45.374207
    -121.697154 45.374205
    -121.697158 45.374385
    -121.69716 45.374475
    -121.697288 45.374474
    -121.697376 45.37453
    -121.69774 45.374761
    -121.697885 45.375684
    -121.69852 45.376429
    -121.698916 45.377269
    -121.699206 45.377557
    -121.69935 45.378549
    -121.699486 45.378724
    -121.699615 45.378996
    -121.700051 45.379427
    -121.700219 45.379595
    -121.70053 45.379793
    -121.700922 45.380082
    -121.701175 45.380385
    -121.70157 45.380865
    -121.702825 45.381803
    -121.702934 45.381884
    -121.703002 45.3822
    -121.703398 45.382552
    -121.70392 45.383039
    -121.704306 45.383446
    -121.705875 45.383547
    -121.707275 45.383704
    -121.708672 45.38457
    -121.709063 45.384742
    -121.709375 45.384973
    -121.709481 45.38504
    -121.710313 45.385567
    -121.710999 45.385712
    -121.711641 45.386068
    -121.712352 45.386382
    -121.712425 45.386421
    -121.713141 45.386795
    -121.714123 45.387003
    -121.715255 45.387142
    -121.71576 45.387326
    -121.71656 45.387611
    -121.717708 45.388459
    -121.719376 45.389384
    -121.720536 45.39032
    -121.721592 45.391542
    -121.72191 45.391858
    -121.722522 45.393242
    -121.722661 45.393508
    -121.722657 45.3936
    -121.722935 45.394057
    -121.723702 45.394302
    -121.723817 45.394304
    -121.724534 45.394319
    -121.724671 45.394306
    -121.724814 45.394325
    -121.725438 45.394337
    -121.726766 45.394363
    -121.727146 45.394453
    -121.727228 45.394463
    -121.728114 45.394572
    -121.728684 45.394706
    -121.729356 45.394811
    -121.730753 45.395667
    -121.733239 45.39577
    -121.734372 45.396036
    -121.734631 45.396154
    -121.735198 45.396423
    -121.735659 45.396571
    -121.736408 45.396963
    -121.736914 45.397227
    -121.737176 45.397311
    -121.738005 45.397657
    -121.738242 45.397596
    -121.739044 45.397387
    -121.741788 45.397255
    -121.743135 45.397278
    -121.743985 45.397632
    -121.744444 45.397823
    -121.745099 45.398306
    -121.746698 45.398643
    -121.747681 45.398727
    -121.748648 45.398835
    -121.74938 45.399178
    -121.749997 45.399375
    -121.75104 45.399921
    -121.752057 45.400209
    -121.752952 45.400473
    -121.754049 45.400608
    -121.754653 45.400891
    -121.755395 45.400983
    -121.756941 45.401304
    -121.757058 45.401328
    -121.757722 45.401432
    -121.758605 45.401941
    -121.75921 45.402243
    -121.759899 45.402463
    -121.76067 45.402908
    -121.761095 45.402998
    -121.76157 45.403168
    -121.761832 45.403252
    -121.76265 45.403592
    -121.763218 45.403687
    -121.766793 45.403384
    -121.767449 45.40328
    -121.768218 45.403185
    -121.768594 45.403087
    -121.76905 45.40298
    -121.769736 45.402715
    -121.770473 45.402541
    -121.770702 45.402453
    -121.770978 45.402385
    -121.771171 45.402343
    -121.77216 45.402574
    -121.775182 45.402668
    -121.775361 45.402926
    -121.77556 45.403147
    -121.775562 45.403237
    -121.77569 45.403235
    -121.775692 45.403325
    -121.77582 45.403324
    -121.775822 45.403414
    -121.77595 45.403412
    -121.775952 45.403502
    -121.776079 45.403501
    -121.776081 45.403591
    -121.776209 45.403589
    -121.776272 45.403726
    -121.77717 45.404446
    -121.777322 45.404974
    -121.777584 45.405301
    -121.777747 45.40576
    -121.778511 45.406396
    -121.77864 45.40676
    -121.778848 45.407149
    -121.779823 45.407911
    -121.780467 45.408449
    -121.781125 45.408977
    -121.781514 45.409393
    -121.782725 45.409971
    -121.783781 45.410807
    -121.784336 45.411623
    -121.784913 45.411975
    -121.785412 45.412443
    -121.786595 45.413164
    -121.787737 45.414236
    -121.788488 45.414694
    -121.789767 45.41509
    -121.790696 45.415281
    -121.791229 45.415252
    -121.791517 45.415261
    -121.792253 45.415823
    -121.792433 45.417254
    -121.792691 45.417576
    -121.792819 45.417939
    -121.792958 45.418113
    -121.793208 45.41848
    -121.793486 45.418827
    -121.793647 45.420602
    -121.793414 45.421617
    -121.79329 45.423328
    -121.793926 45.424358
    -121.794189 45.425585
    -121.794298 45.426099
    -121.795508 45.427164
    -121.79641 45.427609
    -121.796687 45.427636
    -121.797266 45.427693
    -121.797547 45.427732
    -121.79795 45.427788
    -121.798365 45.427983
    -121.798767 45.428176
    -121.798781 45.428274
    -121.798973 45.430019
    -121.799242 45.430994
    -121.799429 45.431228
    -121.800394 45.431426
    -121.801064 45.4317
    -121.801803 45.431972
    -121.802347 45.43223
    -121.803118 45.432469
    -121.803596 45.432834
    -121.803871 45.433786
    -121.804965 45.434625
    -121.805094 45.434989
    -121.805658 45.435267
    -121.805871 45.43543
    -121.80594 45.435472
    -121.805923 45.437408
    -121.805672 45.437858
    -121.805557 45.438175
    -121.805836 45.439206
    -121.805972 45.439747
    -121.806255 45.440111
    -121.806236 45.440688
    -121.806265 45.441047
    -121.80624 45.441779
    -121.806543 45.442167
    -121.806679 45.442732
    -121.80643 45.443261
    -121.806197 45.443342
    -121.805928 45.443434
    -121.805406 45.443726
    -121.80508 45.444234
    -121.804803 45.444527
    -121.804774 45.44462
    -121.804788 45.444675
    -121.805241 45.445651
    -121.80634 45.447661
    -121.807236 45.449389
    -121.806034 45.451371
    -121.80578 45.452734
    -121.806529 45.453736
    -121.806848 45.454326
    -121.807827 45.454714
    -121.809307 45.455114
    -121.810639 45.455475
    -121.812723 45.456147
    -121.813801 45.457665
    -121.815598 45.459072
    -121.8171 45.460009
    -121.81735 45.460146
    -121.818968 45.461036
    -121.820094 45.461457
    -121.820288 45.461529
    -121.820394 45.461666
    -121.821769 45.463435
    -121.821905 45.46361
    -121.823956 45.464895
    -121.825506 45.465976
    -121.829348 45.467883
    -121.830794 45.46961
    -121.83296 45.471202
    -121.834921 45.472259
    -121.836037 45.474108
    -121.838648 45.475183
    -121.841706 45.475982
    -121.843977 45.476128
    -121.845323 45.476669
    -121.846187 45.478752
    -121.846688 45.480318
    -121.847097 45.482047
    -121.847803 45.48346
    -121.848816 45.484388
    -121.849751 45.486269
    -121.851622 45.486438
    -121.853426 45.486479
    -121.855092 45.48689
    -121.85768 45.488433
    -121.859266 45.489256
    -121.860202 45.489474
    -121.862153 45.491847
    -121.863178 45.492711
    -121.861556 45.494205
    -121.859933 45.496854
    -121.859646 45.498437
    -121.859541 45.499743
    -121.859912 45.499836
    -121.860214 45.50092
    -121.860571 45.501474
    -121.861294 45.502229
    -121.861892 45.502614
    -121.862775 45.503263
    -121.863509 45.503777
    -121.864106 45.504314
    -121.865494 45.505309
    -121.866229 45.5062
    -121.866907 45.506979
    -121.867334 45.507847
    -121.868068 45.508914
    -121.868645 45.510088
    -121.868914 45.511641
    -121.868997 45.512519
    -121.86922 45.51367
    -121.86945 45.514257
    -121.870459 45.514697
    -121.871811 45.515063
    -121.872945 45.515398
    -121.87408 45.515797
    -121.874651 45.515762
    -121.876188 45.51524
    -121.87775 45.514638
    -121.878541 45.514172
    -121.87897 45.514034
END
END
