41057 Tillamook County
1
    -124.046945 45.159039
    -124.046921 45.159116
    -124.046853 45.159348
    -124.04683 45.159426
    -124.046337 45.16109
    -124.044792 45.165999
    -124.045031 45.166939
    -124.045337 45.168142
    -124.045792 45.169907
    -124.045633 45.171985
    -124.044863 45.174818
    -124.044444 45.1774
    -124.04508 45.179795
    -124.048103 45.183328
    -124.05113 45.187113
    -124.051596 45.187864
    -124.053987 45.191717
    -124.05502 45.194871
    -124.055163 45.195309
    -124.057042 45.19884
    -124.058435 45.202731
    -124.058486 45.202874
    -124.059487 45.206655
    -124.059618 45.211757
    -124.059827 45.215599
    -124.058889 45.219314
    -124.058211 45.222525
    -124.056917 45.225987
    -124.05605 45.227744
    -124.054837 45.230204
    -124.052131 45.233411
    -124.051039 45.234655
    -124.049978 45.235863
    -124.048986 45.236996
    -124.046965 45.239627
    -124.046282 45.240518
    -124.045963 45.240883
    -124.044677 45.242355
    -124.04436 45.242719
    -124.043322 45.245174
    -124.043336 45.246937
    -124.043227 45.247882
    -124.043006 45.249824
    -124.041674 45.254866
    -124.041305 45.256266
    -124.040257 45.268828
    -124.040504 45.2704
    -124.041314 45.275552
    -124.042356 45.282176
    -124.04605 45.291854
    -124.046552 45.293168
    -124.06124 45.30416
    -124.073829 45.317509
    -124.076977 45.330071
    -124.076977 45.330213
    -124.076977 45.341846
    -124.075432 45.347054
    -124.073608 45.353196
    -124.072782 45.355981
    -124.066488 45.366973
    -124.064203 45.369823
    -124.060195 45.374823
    -124.058164 45.376414
    -124.052683 45.379609
    -124.047023 45.382367
    -124.04643 45.382637
    -124.043308 45.384061
    -124.042787 45.387299
    -124.041827 45.391348
    -124.041046 45.396018
    -124.040175 45.400129
    -124.038773 45.404802
    -124.037549 45.409723
    -124.036498 45.413336
    -124.036163 45.419001
    -124.035819 45.422051
    -124.040389 45.424827
    -124.04346 45.426692
    -124.048088 45.431094
    -124.052431 45.435076
    -124.05316 45.435744
    -124.053613 45.436234
    -124.056986 45.439885
    -124.058111 45.441103
    -124.058949 45.442008
    -124.061272 45.446419
    -124.061496 45.446846
    -124.063953 45.451512
    -124.064243 45.457361
    -124.064876 45.46047
    -124.064535 45.464019
    -124.064543 45.466257
    -124.064549 45.467567
    -124.063496 45.470558
    -124.062666 45.472618
    -124.061914 45.474484
    -124.060598 45.478223
    -124.059367 45.481215
    -124.057694 45.484582
    -124.056105 45.486891
    -124.05478 45.4887
    -124.055326 45.492184
    -124.055774 45.49322
    -124.056402 45.494669
    -124.056323 45.497283
    -124.056234 45.499823
    -124.056434 45.502146
    -124.053115 45.514225
    -124.045936 45.523775
    -124.039104 45.530243
    -124.029728 45.535907
    -124.02666 45.537877
    -124.026661 45.539911
    -124.027101 45.543671
    -124.026926 45.546013
    -124.028355 45.547813
    -124.029032 45.548665
    -124.032279 45.554523
    -124.03623 45.563032
    -124.036785 45.568509
    -124.037112 45.571724
    -124.036692 45.574121
    -124.035538 45.580722
    -124.032471 45.588178
    -124.031492 45.590184
    -124.030367 45.592492
    -124.030894 45.593663
    -124.030933 45.595477
    -124.031003 45.598716
    -124.031073 45.601923
    -124.030005 45.608349
    -124.029475 45.611546
    -124.029324 45.612461
    -124.028203 45.614361
    -124.024674 45.620347
    -124.02321 45.622312
    -124.021339 45.624825
    -124.021147 45.624825
    -124.020571 45.624825
    -124.020379 45.624825
    -124.019828 45.625333
    -124.019071 45.626034
    -124.018472 45.627091
    -124.018103 45.627743
    -124.017593 45.628645
    -124.016887 45.63124
    -124.016648 45.632119
    -124.016256 45.639425
    -124.016233 45.642374
    -124.016204 45.6461
    -124.016187 45.648192
    -124.01616 45.651679
    -124.016071 45.654467
    -124.016006 45.656559
    -124.015868 45.660964
    -124.01485 45.666789
    -124.013551 45.672428
    -124.01348 45.672741
    -124.011657 45.676717
    -124.011384 45.688725
    -124.010805 45.708285
    -124.012042 45.708832
    -124.013897 45.709558
    -124.019116 45.712732
    -124.02087 45.714645
    -124.022044 45.715925
    -124.024805 45.720233
    -124.03045 45.720989
    -124.033667 45.722511
    -124.043648 45.727235
    -124.043799 45.727307
    -124.060016 45.739541
    -124.06742 45.749795
    -124.067442 45.749826
    -124.067968 45.750315
    -124.06994 45.760412
    -124.070395 45.76274
    -124.070186 45.764191
    -124.068962 45.772719
    -124.068277 45.775537
    -124.067371 45.779268
    -124.067283 45.779439
    -124.067021 45.779956
    -124.066934 45.780128
    -124.066636 45.780713
    -124.065745 45.782468
    -124.065448 45.783054
    -124.052608 45.783051
    -124.014089 45.783045
    -124.007469 45.783044
    -124.00125 45.783056
    -123.994823 45.783084
    -123.975544 45.783169
    -123.975543 45.783169
    -123.973344 45.783179
    -123.969118 45.783198
    -123.968066 45.783201
    -123.967888 45.783212
    -123.96743 45.783225
    -123.966556 45.783227
    -123.96475 45.783251
    -123.964341 45.783252
    -123.963116 45.783256
    -123.962708 45.783258
    -123.961656 45.783269
    -123.958501 45.783303
    -123.95745 45.783315
    -123.957311 45.783309
    -123.956894 45.783293
    -123.956756 45.783288
    -123.955917 45.783288
    -123.953404 45.783288
    -123.952566 45.783289
    -123.951911 45.783289
    -123.949947 45.783289
    -123.949293 45.783289
    -123.948322 45.783296
    -123.94541 45.783321
    -123.944577 45.783329
    -123.94444 45.783329
    -123.938138 45.783332
    -123.921662 45.783341
    -123.919232 45.783342
    -123.912931 45.783346
    -123.912575 45.78334
    -123.911507 45.783322
    -123.911152 45.783316
    -123.910579 45.783309
    -123.90886 45.783289
    -123.908288 45.783283
    -123.907758 45.783281
    -123.906171 45.783278
    -123.905642 45.783278
    -123.905192 45.783272
    -123.903845 45.783256
    -123.903396 45.783251
    -123.901591 45.783257
    -123.90006 45.783263
    -123.896925 45.783274
    -123.896179 45.783276
    -123.894375 45.783283
    -123.893159 45.783273
    -123.892914 45.783271
    -123.89076 45.783254
    -123.889513 45.783244
    -123.888298 45.783235
    -123.887056 45.783235
    -123.883333 45.783235
    -123.882092 45.783235
    -123.878936 45.783235
    -123.878029 45.783235
    -123.876246 45.783235
    -123.867089 45.783276
    -123.865841 45.783281
    -123.861779 45.7833
    -123.861733 45.7833
    -123.860499 45.783304
    -123.858857 45.783311
    -123.856662 45.78332
    -123.855454 45.783325
    -123.855383 45.783325
    -123.853407 45.783326
    -123.849024 45.783331
    -123.847479 45.783332
    -123.845504 45.783334
    -123.844904 45.783334
    -123.843105 45.783336
    -123.842506 45.783337
    -123.842395 45.783337
    -123.842065 45.783337
    -123.841955 45.783338
    -123.841528 45.783338
    -123.84025 45.78334
    -123.839824 45.783341
    -123.839771 45.78334
    -123.839615 45.783337
    -123.839563 45.783337
    -123.839276 45.783332
    -123.839106 45.78333
    -123.838416 45.783339
    -123.83813 45.783343
    -123.837702 45.783343
    -123.836668 45.783345
    -123.836418 45.783345
    -123.836375 45.783346
    -123.836183 45.783346
    -123.835991 45.783347
    -123.835822 45.783348
    -123.835652 45.783348
    -123.834865 45.78335
    -123.831487 45.783358
    -123.830362 45.783362
    -123.830292 45.783362
    -123.829586 45.783348
    -123.82726 45.783305
    -123.826485 45.783291
    -123.825358 45.783305
    -123.824803 45.783312
    -123.824674 45.783314
    -123.824546 45.783315
    -123.824422 45.783317
    -123.824297 45.783319
    -123.823733 45.783326
    -123.823573 45.783328
    -123.823413 45.78333
    -123.82328 45.783332
    -123.823147 45.783333
    -123.821977 45.783347
    -123.820851 45.783362
    -123.820845 45.783362
    -123.817638 45.783359
    -123.807999 45.78335
    -123.804787 45.783347
    -123.804477 45.783347
    -123.803825 45.78335
    -123.802346 45.783357
    -123.798097 45.783379
    -123.796313 45.783386
    -123.795023 45.783392
    -123.792583 45.783404
    -123.792205 45.783406
    -123.790435 45.783409
    -123.783991 45.78342
    -123.781843 45.783425
    -123.780858 45.783427
    -123.779911 45.783429
    -123.777906 45.783432
    -123.776922 45.783434
    -123.774677 45.783438
    -123.772873 45.783441
    -123.771432 45.783444
    -123.771053 45.783446
    -123.769427 45.783449
    -123.766196 45.783455
    -123.75782 45.783472
    -123.754962 45.783477
    -123.75124 45.783485
    -123.750404 45.783387
    -123.749484 45.78328
    -123.748777 45.783279
    -123.746659 45.783279
    -123.745953 45.783279
    -123.745916 45.783279
    -123.745425 45.783279
    -123.743844 45.78328
    -123.743317 45.783281
    -123.742769 45.783282
    -123.742328 45.783279
    -123.740088 45.783267
    -123.739365 45.783263
    -123.738709 45.78326
    -123.738377 45.783259
    -123.737987 45.783258
    -123.73682 45.783255
    -123.736431 45.783254
    -123.736335 45.783254
    -123.733603 45.783265
    -123.73107 45.783276
    -123.72512 45.783301
    -123.722293 45.783313
    -123.721821 45.783312
    -123.720407 45.783309
    -123.719936 45.783308
    -123.719815 45.783307
    -123.719655 45.783307
    -123.719454 45.783318
    -123.719334 45.783326
    -123.71933 45.782316
    -123.719327 45.781652
    -123.719305 45.77663
    -123.719302 45.77586
    -123.719297 45.774957
    -123.719292 45.774036
    -123.719288 45.77315
    -123.718536 45.773145
    -123.717414 45.773137
    -123.716494 45.773132
    -123.716333 45.773125
    -123.716127 45.773116
    -123.715853 45.773104
    -123.715693 45.773097
    -123.715541 45.773097
    -123.715084 45.773097
    -123.714933 45.773098
    -123.714757 45.773098
    -123.712805 45.773106
    -123.706422 45.773132
    -123.704295 45.773141
    -123.704188 45.773141
    -123.702783 45.773142
    -123.702317 45.773143
    -123.69825 45.773146
    -123.696739 45.773148
    -123.693875 45.77315
    -123.69231 45.773151
    -123.68666 45.773156
    -123.679026 45.773162
    -123.674598 45.773166
    -123.672979 45.773168
    -123.671888 45.773169
    -123.664563 45.773178
    -123.663758 45.773178
    -123.661048 45.773182
    -123.655509 45.773201
    -123.651533 45.773215
    -123.638894 45.773258
    -123.63363 45.773276
    -123.633555 45.773274
    -123.633456 45.77327
    -123.633356 45.773267
    -123.633286 45.773264
    -123.633276 45.773264
    -123.633196 45.773261
    -123.633077 45.773257
    -123.633008 45.773255
    -123.631653 45.773347
    -123.62759 45.773627
    -123.626236 45.773721
    -123.624201 45.773903
    -123.618099 45.774449
    -123.616065 45.774632
    -123.61563 45.774651
    -123.614693 45.774695
    -123.614328 45.774702
    -123.613894 45.774712
    -123.613494 45.77472
    -123.612296 45.774745
    -123.611897 45.774754
    -123.6086 45.774804
    -123.59871 45.774954
    -123.595414 45.775005
    -123.58865 45.775107
    -123.568358 45.775416
    -123.567569 45.775429
    -123.567125 45.775436
    -123.561594 45.77538
    -123.560632 45.775377
    -123.559754 45.775363
    -123.554236 45.775275
    -123.552397 45.775246
    -123.552174 45.775241
    -123.551509 45.775227
    -123.551287 45.775223
    -123.549843 45.775192
    -123.545826 45.775108
    -123.545514 45.77511
    -123.544071 45.775123
    -123.540194 45.775157
    -123.534406 45.775209
    -123.528563 45.77526
    -123.524687 45.775295
    -123.521174 45.775327
    -123.514298 45.77539
    -123.510638 45.775421
    -123.507478 45.775449
    -123.507126 45.775449
    -123.50617 45.775446
    -123.503302 45.775438
    -123.502346 45.775436
    -123.501945 45.775441
    -123.501232 45.775451
    -123.500743 45.775438
    -123.500343 45.775428
    -123.499253 45.775428
    -123.495986 45.775431
    -123.494897 45.775433
    -123.493335 45.775431
    -123.488652 45.775428
    -123.487091 45.775427
    -123.4849 45.775427
    -123.484896 45.775984
    -123.484872 45.779913
    -123.480556 45.779906
    -123.477808 45.779903
    -123.475138 45.779891
    -123.469011 45.779865
    -123.467128 45.779857
    -123.464459 45.779846
    -123.460263 45.77983
    -123.447678 45.779783
    -123.444186 45.77977
    -123.443483 45.779767
    -123.443395 45.779766
    -123.443131 45.779766
    -123.443043 45.779766
    -123.440816 45.779748
    -123.434135 45.779697
    -123.431908 45.77968
    -123.431734 45.779679
    -123.431214 45.779676
    -123.431041 45.779676
    -123.430166 45.779672
    -123.427543 45.779663
    -123.426669 45.77966
    -123.426115 45.779658
    -123.424453 45.779654
    -123.4239 45.779653
    -123.423555 45.779652
    -123.422519 45.779649
    -123.422175 45.779648
    -123.41902 45.779639
    -123.409555 45.779612
    -123.406401 45.779603
    -123.405724 45.779602
    -123.403695 45.7796
    -123.403019 45.7796
    -123.402429 45.779596
    -123.400659 45.779585
    -123.400069 45.779582
    -123.398147 45.779575
    -123.392385 45.779556
    -123.390464 45.77955
    -123.389708 45.779547
    -123.387442 45.77954
    -123.386687 45.779538
    -123.381541 45.779521
    -123.376226 45.779505
    -123.366106 45.779613
    -123.360962 45.779669
    -123.360966 45.779347
    -123.360978 45.778382
    -123.360983 45.778061
    -123.360983 45.778044
    -123.360983 45.777993
    -123.360983 45.777977
    -123.360998 45.776928
    -123.361045 45.773784
    -123.361061 45.772736
    -123.36108 45.7718
    -123.361136 45.768992
    -123.361156 45.768057
    -123.361163 45.767924
    -123.361187 45.767525
    -123.361191 45.767463
    -123.361191 45.767393
    -123.36119 45.766725
    -123.361187 45.764723
    -123.361187 45.764056
    -123.361208 45.762659
    -123.361208 45.762651
    -123.361504 45.75845
    -123.361561 45.757647
    -123.361526 45.75705
    -123.361359 45.754316
    -123.361228 45.752131
    -123.36109 45.749833
    -123.361172 45.749065
    -123.361174 45.748401
    -123.361176 45.74663
    -123.361124 45.746117
    -123.360949 45.744386
    -123.360983 45.743389
    -123.360998 45.742931
    -123.361034 45.741887
    -123.361066 45.74156
    -123.361113 45.741105
    -123.361143 45.740803
    -123.361226 45.739992
    -123.361225 45.739896
    -123.361224 45.739593
    -123.361218 45.737565
    -123.361395 45.736744
    -123.361519 45.736176
    -123.361505 45.733347
    -123.361531 45.731535
    -123.361553 45.729876
    -123.361463 45.728157
    -123.361373 45.726419
    -123.361335 45.725294
    -123.361283 45.723815
    -123.361235 45.722423
    -123.361096 45.719385
    -123.361077 45.718958
    -123.361071 45.717909
    -123.361072 45.717894
    -123.361069 45.717478
    -123.361063 45.716185
    -123.361061 45.715754
    -123.361056 45.714708
    -123.361048 45.714431
    -123.360939 45.710465
    -123.360903 45.709143
    -123.360901 45.709099
    -123.360898 45.708969
    -123.360897 45.708926
    -123.360892 45.708695
    -123.360977 45.708716
    -123.361207 45.708717
    -123.362079 45.708718
    -123.363211 45.70872
    -123.364882 45.708724
    -123.36661 45.708764
    -123.370137 45.708851
    -123.376167 45.70886
    -123.389614 45.708866
    -123.398565 45.708868
    -123.39891 45.708868
    -123.39979 45.708869
    -123.399945 45.708867
    -123.400291 45.708864
    -123.40038 45.708863
    -123.400649 45.708859
    -123.400739 45.708859
    -123.40462 45.708867
    -123.412792 45.708886
    -123.416266 45.708894
    -123.420148 45.708903
    -123.42085 45.708904
    -123.422958 45.708909
    -123.423661 45.708911
    -123.425129 45.708914
    -123.427699 45.708919
    -123.439104 45.708946
    -123.446946 45.708976
    -123.448163 45.708981
    -123.450806 45.708994
    -123.452813 45.709001
    -123.453114 45.709004
    -123.45402 45.709016
    -123.454322 45.70902
    -123.465968 45.709062
    -123.477497 45.709104
    -123.484799 45.709131
    -123.484789 45.705655
    -123.484782 45.705261
    -123.484741 45.70235
    -123.484761 45.700969
    -123.484753 45.699669
    -123.48473 45.695771
    -123.484723 45.694472
    -123.484702 45.690412
    -123.484684 45.687032
    -123.484708 45.681992
    -123.48472 45.679313
    -123.477559 45.679373
    -123.464516 45.679491
    -123.464287 45.679514
    -123.464454 45.669449
    -123.464528 45.665027
    -123.456875 45.665057
    -123.443492 45.665127
    -123.443667 45.660534
    -123.443693 45.659853
    -123.443719 45.659164
    -123.443798 45.657099
    -123.443825 45.656411
    -123.443845 45.655859
    -123.443858 45.655544
    -123.443908 45.654206
    -123.44393 45.653656
    -123.443962 45.652816
    -123.444041 45.650775
    -123.443563 45.650772
    -123.442723 45.650769
    -123.44139 45.650764
    -123.440263 45.65076
    -123.43739 45.650748
    -123.436059 45.650743
    -123.436035 45.650743
    -123.435296 45.650739
    -123.43301 45.65073
    -123.43225 45.65073
    -123.430651 45.650723
    -123.425856 45.650705
    -123.424258 45.650699
    -123.424006 45.650698
    -123.423251 45.650695
    -123.423 45.650695
    -123.423023 45.649562
    -123.423066 45.647564
    -123.423095 45.646164
    -123.42312 45.645032
    -123.423125 45.644774
    -123.423141 45.644001
    -123.423147 45.643744
    -123.423148 45.643287
    -123.423153 45.641917
    -123.423155 45.641461
    -123.423167 45.640738
    -123.423204 45.638572
    -123.423205 45.638538
    -123.423217 45.637851
    -123.423218 45.637754
    -123.423229 45.637121
    -123.423246 45.636165
    -123.422013 45.636146
    -123.421291 45.636135
    -123.421284 45.636135
    -123.42116 45.636132
    -123.420791 45.636126
    -123.420668 45.636126
    -123.419109 45.636101
    -123.418648 45.636094
    -123.417065 45.636071
    -123.412787 45.636006
    -123.41259 45.636001
    -123.410819 45.635959
    -123.410571 45.635953
    -123.410502 45.635952
    -123.408382 45.635902
    -123.405717 45.635839
    -123.401815 45.635745
    -123.401104 45.635729
    -123.399626 45.635726
    -123.398571 45.635724
    -123.395409 45.63572
    -123.394355 45.635719
    -123.394003 45.635718
    -123.39295 45.635717
    -123.392599 45.635717
    -123.391915 45.635716
    -123.389863 45.635713
    -123.389179 45.635712
    -123.389094 45.635712
    -123.385914 45.635707
    -123.380468 45.6357
    -123.380485 45.63252
    -123.380491 45.631357
    -123.380507 45.62873
    -123.38051 45.628095
    -123.380514 45.627212
    -123.380527 45.624833
    -123.380511 45.624566
    -123.380461 45.623686
    -123.380462 45.6234
    -123.380466 45.622544
    -123.380468 45.622259
    -123.380472 45.621438
    -123.380474 45.621151
    -123.380475 45.620929
    -123.380388 45.62094
    -123.378554 45.621167
    -123.378538 45.621167
    -123.377718 45.621192
    -123.377569 45.621196
    -123.377123 45.621208
    -123.376975 45.621213
    -123.37666 45.621222
    -123.376226 45.621236
    -123.37575 45.621416
    -123.375676 45.621445
    -123.375442 45.621463
    -123.375292 45.621474
    -123.374843 45.62151
    -123.374694 45.621522
    -123.374285 45.621554
    -123.373062 45.62165
    -123.372654 45.621683
    -123.371093 45.621805
    -123.366413 45.622175
    -123.364853 45.622298
    -123.36395 45.622368
    -123.361242 45.622582
    -123.360933 45.622607
    -123.360339 45.622579
    -123.358225 45.622483
    -123.354797 45.622329
    -123.351884 45.622197
    -123.351353 45.622174
    -123.349771 45.622103
    -123.346622 45.621961
    -123.340758 45.621698
    -123.340638 45.619278
    -123.34058 45.618119
    -123.340439 45.615259
    -123.34046 45.614972
    -123.340468 45.614862
    -123.340475 45.614778
    -123.340492 45.614534
    -123.340501 45.614425
    -123.340558 45.613657
    -123.340732 45.611355
    -123.34079 45.610588
    -123.340814 45.610271
    -123.340996 45.607862
    -123.341024 45.607495
    -123.333193 45.607555
    -123.330963 45.607573
    -123.33046 45.607577
    -123.328732 45.607561
    -123.323548 45.607515
    -123.32182 45.6075
    -123.320933 45.607492
    -123.319914 45.607483
    -123.319573 45.60748
    -123.312832 45.607421
    -123.310586 45.607402
    -123.310426 45.6074
    -123.309946 45.607396
    -123.309786 45.607395
    -123.308063 45.60738
    -123.302895 45.607335
    -123.301173 45.607321
    -123.300826 45.607318
    -123.299787 45.607309
    -123.299441 45.607306
    -123.299431 45.60708
    -123.299401 45.606404
    -123.299391 45.606179
    -123.29939 45.606119
    -123.299387 45.605941
    -123.299387 45.605883
    -123.299382 45.60576
    -123.299376 45.605394
    -123.299376 45.605272
    -123.299368 45.604832
    -123.299345 45.603515
    -123.299338 45.603076
    -123.299334 45.602884
    -123.299325 45.60231
    -123.299322 45.602119
    -123.299243 45.597593
    -123.29923 45.596791
    -123.299165 45.592995
    -123.302136 45.593006
    -123.308143 45.593029
    -123.308474 45.593031
    -123.311296 45.593042
    -123.312669 45.593047
    -123.314187 45.593052
    -123.318743 45.59307
    -123.320262 45.593077
    -123.320215 45.591696
    -123.320077 45.587553
    -123.320031 45.586173
    -123.320026 45.586031
    -123.320012 45.585605
    -123.320008 45.585464
    -123.319949 45.584183
    -123.319772 45.580342
    -123.319717 45.579126
    -123.319714 45.579063
    -123.319716 45.578955
    -123.31972 45.578802
    -123.319723 45.578631
    -123.319726 45.578524
    -123.319871 45.578525
    -123.320309 45.578528
    -123.320454 45.57853
    -123.320475 45.578531
    -123.321509 45.578539
    -123.325819 45.578579
    -123.341913 45.578733
    -123.347145 45.578782
    -123.347774 45.578788
    -123.355607 45.578863
    -123.361131 45.578916
    -123.361102 45.569515
    -123.361095 45.567075
    -123.361101 45.566437
    -123.361148 45.562025
    -123.361111 45.561516
    -123.36111 45.560848
    -123.36111 45.560802
    -123.361108 45.560316
    -123.361107 45.558865
    -123.361109 45.558486
    -123.361108 45.558383
    -123.361095 45.557238
    -123.361094 45.557157
    -123.361051 45.553481
    -123.361038 45.552332
    -123.361037 45.552256
    -123.361015 45.55144
    -123.360988 45.550409
    -123.360974 45.549861
    -123.361841 45.549874
    -123.362657 45.549888
    -123.362675 45.549889
    -123.366972 45.549921
    -123.376225 45.549992
    -123.379918 45.550009
    -123.384234 45.550032
    -123.384426 45.550033
    -123.385005 45.550036
    -123.385198 45.550037
    -123.387578 45.550039
    -123.394718 45.55005
    -123.397098 45.550055
    -123.397104 45.550055
    -123.399508 45.55006
    -123.400515 45.550063
    -123.40232 45.550069
    -123.402194 45.547391
    -123.402112 45.545651
    -123.401999 45.543243
    -123.401998 45.543199
    -123.401991 45.542874
    -123.40197 45.541769
    -123.401965 45.541432
    -123.401965 45.541401
    -123.401933 45.540613
    -123.401837 45.538249
    -123.401807 45.537462
    -123.401744 45.535897
    -123.401727 45.535477
    -123.404172 45.535468
    -123.412856 45.53544
    -123.42254 45.53541
    -123.422465 45.52947
    -123.422463 45.529336
    -123.422447 45.528137
    -123.422416 45.525745
    -123.422399 45.52454
    -123.422384 45.523342
    -123.422357 45.52134
    -123.422355 45.521118
    -123.428133 45.521153
    -123.429913 45.521165
    -123.430134 45.521166
    -123.430772 45.52117
    -123.432686 45.521182
    -123.433052 45.521185
    -123.433325 45.521186
    -123.435074 45.521197
    -123.440324 45.52123
    -123.442074 45.521242
    -123.442733 45.521198
    -123.442692 45.520351
    -123.442624 45.517999
    -123.442586 45.516898
    -123.442553 45.515925
    -123.442535 45.515402
    -123.442364 45.510355
    -123.442355 45.510098
    -123.442329 45.509331
    -123.442326 45.50922
    -123.442321 45.509074
    -123.442315 45.508905
    -123.442298 45.508406
    -123.442296 45.50832
    -123.442293 45.508238
    -123.442266 45.507435
    -123.442185 45.505029
    -123.442158 45.504228
    -123.441908 45.499831
    -123.441869 45.498644
    -123.441841 45.497797
    -123.441626 45.491298
    -123.454437 45.491495
    -123.460875 45.491594
    -123.46082 45.490335
    -123.46066 45.486584
    -123.460659 45.486564
    -123.460609 45.48539
    -123.460605 45.485306
    -123.460536 45.483718
    -123.460329 45.478955
    -123.460261 45.477367
    -123.460256 45.477248
    -123.460666 45.475202
    -123.461969 45.468717
    -123.462404 45.466556
    -123.46242 45.466472
    -123.462433 45.466411
    -123.462471 45.466221
    -123.462488 45.466138
    -123.462498 45.466082
    -123.462532 45.465915
    -123.462544 45.46586
    -123.463171 45.462697
    -123.463398 45.457353
    -123.463792 45.448135
    -123.480281 45.447953
    -123.485624 45.447895
    -123.485719 45.444667
    -123.485724 45.444609
    -123.485742 45.444439
    -123.485748 45.444382
    -123.48577 45.444166
    -123.485783 45.443811
    -123.485851 45.442097
    -123.485874 45.441526
    -123.485888 45.441101
    -123.485931 45.439826
    -123.485946 45.439402
    -123.485946 45.439386
    -123.485947 45.439334
    -123.485953 45.439133
    -123.485956 45.439067
    -123.485975 45.438498
    -123.486142 45.433607
    -123.482473 45.433645
    -123.481986 45.433652
    -123.478701 45.433687
    -123.477196 45.433703
    -123.468847 45.433796
    -123.465563 45.433833
    -123.465436 45.433834
    -123.465058 45.433838
    -123.464932 45.43384
    -123.464915 45.433102
    -123.464787 45.427249
    -123.464616 45.421138
    -123.464609 45.421009
    -123.464562 45.419345
    -123.464551 45.415884
    -123.464544 45.41383
    -123.464526 45.407668
    -123.46452 45.405615
    -123.46452 45.405477
    -123.46452 45.405066
    -123.464519 45.404931
    -123.464513 45.403263
    -123.464518 45.402919
    -123.464575 45.399483
    -123.464617 45.396889
    -123.46462 45.39673
    -123.464443 45.395143
    -123.464415 45.394891
    -123.464348 45.394295
    -123.46418 45.392806
    -123.464146 45.392509
    -123.464081 45.391915
    -123.464057 45.391695
    -123.464017 45.391336
    -123.464005 45.391166
    -123.463848 45.388913
    -123.463796 45.388162
    -123.463787 45.388036
    -123.463773 45.38783
    -123.463712 45.386925
    -123.463704 45.386836
    -123.463675 45.386505
    -123.463653 45.385046
    -123.463613 45.382331
    -123.463589 45.38067
    -123.46357 45.379354
    -123.463568 45.379212
    -123.463562 45.378928
    -123.46355 45.378081
    -123.463548 45.377864
    -123.463547 45.377799
    -123.463554 45.377483
    -123.463577 45.376536
    -123.463586 45.376221
    -123.4636 45.375943
    -123.463641 45.375109
    -123.463656 45.374832
    -123.463662 45.374772
    -123.463682 45.374595
    -123.46369 45.374536
    -123.463771 45.373845
    -123.463755 45.373527
    -123.463736 45.373139
    -123.463568 45.369658
    -123.463552 45.368937
    -123.463523 45.367536
    -123.463506 45.367392
    -123.463455 45.366961
    -123.463439 45.366818
    -123.463418 45.365898
    -123.463357 45.363143
    -123.463342 45.362441
    -123.463337 45.362224
    -123.463311 45.361053
    -123.4633 45.360552
    -123.463091 45.357548
    -123.463023 45.356554
    -123.463011 45.35638
    -123.462983 45.355982
    -123.462982 45.355958
    -123.462901 45.354788
    -123.462875 45.35439
    -123.462769 45.35285
    -123.462515 45.349125
    -123.462454 45.348235
    -123.462454 45.348225
    -123.462418 45.346695
    -123.462389 45.345529
    -123.462308 45.342148
    -123.462258 45.338219
    -123.46228 45.337231
    -123.462301 45.336244
    -123.462327 45.335044
    -123.462337 45.33405
    -123.462355 45.331995
    -123.462375 45.329941
    -123.462345 45.325213
    -123.462381 45.324137
    -123.462404 45.323252
    -123.462418 45.32284
    -123.462433 45.322428
    -123.462438 45.322287
    -123.462443 45.322146
    -123.462446 45.322048
    -123.46245 45.321951
    -123.462468 45.321489
    -123.462463 45.318344
    -123.462462 45.317619
    -123.462528 45.316052
    -123.462626 45.313709
    -123.462766 45.306798
    -123.46279 45.305994
    -123.462782 45.305782
    -123.462772 45.305528
    -123.462794 45.305288
    -123.462982 45.300425
    -123.463011 45.299668
    -123.463024 45.299327
    -123.463025 45.298496
    -123.462729 45.294945
    -123.462738 45.294715
    -123.462847 45.291751
    -123.462883 45.289733
    -123.462973 45.288292
    -123.462975 45.287638
    -123.46301 45.280165
    -123.463088 45.278141
    -123.463047 45.275746
    -123.463055 45.274969
    -123.463058 45.274789
    -123.463061 45.274486
    -123.463074 45.273533
    -123.46308 45.272772
    -123.463073 45.271726
    -123.463059 45.268592
    -123.463059 45.26819
    -123.463042 45.267549
    -123.463041 45.267517
    -123.463034 45.267277
    -123.463042 45.267193
    -123.463074 45.266889
    -123.463119 45.266126
    -123.463142 45.265771
    -123.463138 45.265544
    -123.463138 45.265484
    -123.463129 45.264864
    -123.463127 45.264638
    -123.463198 45.25992
    -123.463217 45.258596
    -123.463226 45.258036
    -123.463232 45.25764
    -123.463226 45.257469
    -123.463237 45.25734
    -123.463276 45.254915
    -123.463322 45.251784
    -123.463352 45.249833
    -123.463329 45.249833
    -123.463328 45.248928
    -123.463327 45.246216
    -123.463327 45.245312
    -123.463313 45.23952
    -123.463312 45.238933
    -123.463311 45.238181
    -123.463307 45.235179
    -123.463313 45.233417
    -123.463319 45.232025
    -123.463323 45.230973
    -123.463333 45.22808
    -123.463341 45.226353
    -123.463321 45.224442
    -123.463305 45.221404
    -123.463303 45.220841
    -123.463294 45.218894
    -123.46329 45.218383
    -123.463281 45.216797
    -123.463278 45.216269
    -123.464654 45.216269
    -123.467987 45.216271
    -123.468785 45.216271
    -123.470162 45.216272
    -123.470821 45.216272
    -123.481215 45.216274
    -123.481258 45.216275
    -123.481302 45.216275
    -123.482624 45.216275
    -123.482791 45.216275
    -123.490229 45.216278
    -123.493049 45.216279
    -123.493135 45.216266
    -123.50122 45.216016
    -123.504434 45.216029
    -123.504484 45.216029
    -123.505111 45.216031
    -123.505615 45.216033
    -123.506898 45.216038
    -123.506991 45.216038
    -123.507619 45.216041
    -123.508208 45.216042
    -123.509976 45.216048
    -123.510566 45.21605
    -123.51216 45.216057
    -123.515092 45.216071
    -123.516161 45.216073
    -123.516947 45.216079
    -123.518547 45.216095
    -123.518758 45.216096
    -123.519393 45.216099
    -123.519606 45.216103
    -123.519699 45.216103
    -123.519979 45.216105
    -123.520073 45.216106
    -123.520537 45.21611
    -123.521935 45.216122
    -123.522285 45.216125
    -123.522401 45.216126
    -123.522525 45.216125
    -123.522904 45.216129
    -123.523033 45.216133
    -123.523925 45.216138
    -123.529853 45.216186
    -123.531082 45.216198
    -123.532736 45.216186
    -123.541007 45.216148
    -123.543612 45.216148
    -123.547209 45.216147
    -123.554722 45.216146
    -123.554872 45.216145
    -123.555099 45.216158
    -123.55513 45.21616
    -123.555233 45.216167
    -123.556883 45.21616
    -123.560459 45.216146
    -123.561835 45.216167
    -123.563463 45.216193
    -123.563486 45.216192
    -123.563797 45.216201
    -123.564731 45.216228
    -123.56499 45.216237
    -123.565043 45.216238
    -123.56524 45.216238
    -123.565833 45.216244
    -123.566032 45.216248
    -123.566569 45.216253
    -123.567119 45.216258
    -123.568185 45.216268
    -123.568725 45.216275
    -123.56996 45.216276
    -123.573668 45.216283
    -123.574871 45.216285
    -123.574905 45.216285
    -123.576186 45.216289
    -123.577756 45.216294
    -123.58145 45.216308
    -123.583883 45.216314
    -123.586309 45.21632
    -123.589161 45.216328
    -123.590205 45.216332
    -123.592485 45.21635
    -123.594487 45.216366
    -123.597595 45.216391
    -123.601698 45.21655
    -123.602454 45.216555
    -123.605779 45.216579
    -123.606123 45.216599
    -123.607157 45.216659
    -123.607349 45.21667
    -123.607501 45.216678
    -123.607823 45.216688
    -123.608708 45.216717
    -123.608791 45.216719
    -123.60885 45.216721
    -123.608993 45.216726
    -123.609116 45.216733
    -123.610362 45.21679
    -123.610822 45.216813
    -123.614034 45.216996
    -123.614107 45.216994
    -123.614223 45.216992
    -123.615091 45.216975
    -123.615357 45.216971
    -123.615421 45.216972
    -123.61753 45.217012
    -123.624049 45.217138
    -123.626222 45.21718
    -123.628605 45.217173
    -123.63576 45.217153
    -123.638145 45.217148
    -123.63958 45.217152
    -123.64389 45.217173
    -123.645329 45.217181
    -123.646711 45.217167
    -123.648063 45.217155
    -123.650858 45.217127
    -123.652241 45.217114
    -123.655077 45.216991
    -123.657906 45.21687
    -123.658979 45.216881
    -123.66077 45.216901
    -123.66332 45.216929
    -123.663593 45.216922
    -123.666432 45.216852
    -123.667259 45.216825
    -123.670217 45.216713
    -123.67247 45.216628
    -123.673289 45.216597
    -123.678445 45.216391
    -123.681274 45.216326
    -123.681575 45.216319
    -123.682294 45.216303
    -123.68536 45.216156
    -123.687758 45.216163
    -123.691707 45.216177
    -123.691828 45.216176
    -123.694954 45.21614
    -123.697353 45.216113
    -123.699086 45.216095
    -123.700211 45.216085
    -123.704513 45.216049
    -123.708786 45.216115
    -123.711471 45.216158
    -123.711645 45.216167
    -123.713944 45.216172
    -123.718105 45.216183
    -123.719969 45.216188
    -123.720246 45.216188
    -123.720522 45.216189
    -123.720841 45.216189
    -123.723147 45.216197
    -123.73496 45.216259
    -123.737806 45.216273
    -123.738591 45.216277
    -123.740946 45.216289
    -123.741689 45.216294
    -123.741731 45.216294
    -123.742233 45.216297
    -123.743742 45.216306
    -123.744245 45.216309
    -123.745491 45.216309
    -123.749229 45.216309
    -123.750475 45.216309
    -123.750486 45.21631
    -123.750565 45.216309
    -123.750841 45.216309
    -123.750934 45.21631
    -123.750992 45.21631
    -123.751166 45.21631
    -123.751225 45.216311
    -123.751225 45.216287
    -123.751225 45.216215
    -123.751225 45.216191
    -123.752085 45.216186
    -123.754665 45.216173
    -123.755526 45.21617
    -123.759433 45.216151
    -123.761967 45.216139
    -123.764049 45.216129
    -123.768121 45.21611
    -123.780337 45.216053
    -123.782496 45.216043
    -123.782583 45.216043
    -123.78441 45.216034
    -123.784435 45.215295
    -123.784512 45.213078
    -123.784538 45.21234
    -123.784547 45.21217
    -123.784574 45.211663
    -123.784584 45.211494
    -123.784584 45.211488
    -123.784584 45.211273
    -123.784614 45.210914
    -123.78463 45.210698
    -123.784634 45.210505
    -123.784446 45.208501
    -123.784515 45.208013
    -123.784481 45.207665
    -123.784422 45.207065
    -123.784425 45.205865
    -123.784419 45.204596
    -123.784413 45.203329
    -123.784413 45.202525
    -123.784413 45.202476
    -123.784408 45.202415
    -123.784406 45.202207
    -123.784392 45.202208
    -123.783761 45.193937
    -123.783733 45.188593
    -123.783731 45.188229
    -123.783718 45.185698
    -123.783711 45.184114
    -123.783725 45.180293
    -123.783708 45.177016
    -123.783699 45.175208
    -123.783705 45.174122
    -123.783706 45.17398
    -123.783712 45.173555
    -123.783715 45.173414
    -123.783722 45.173012
    -123.783828 45.171197
    -123.783835 45.171064
    -123.783962 45.168916
    -123.784025 45.165755
    -123.784057 45.164542
    -123.784116 45.162323
    -123.784139 45.161499
    -123.784187 45.159604
    -123.784203 45.158965
    -123.784253 45.157082
    -123.784551 45.153381
    -123.784564 45.151458
    -123.784577 45.149671
    -123.784583 45.148739
    -123.784601 45.148364
    -123.784654 45.147241
    -123.784673 45.146867
    -123.784816 45.143926
    -123.784819 45.143871
    -123.784812 45.143675
    -123.784764 45.142324
    -123.784753 45.142029
    -123.784795 45.139246
    -123.78481 45.136471
    -123.784813 45.135988
    -123.784811 45.135096
    -123.784808 45.132899
    -123.784769 45.132153
    -123.784695 45.130685
    -123.784657 45.12993
    -123.784547 45.128385
    -123.784584 45.126937
    -123.784552 45.126284
    -123.784543 45.126089
    -123.784508 45.125376
    -123.78438 45.124831
    -123.78409 45.124831
    -123.784221 45.115108
    -123.784229 45.114496
    -123.784246 45.113249
    -123.78427 45.111413
    -123.784344 45.105904
    -123.78437 45.104025
    -123.784374 45.103668
    -123.784473 45.096354
    -123.784578 45.088642
    -123.784586 45.088021
    -123.784611 45.086157
    -123.78462 45.085537
    -123.78464 45.084071
    -123.784691 45.080296
    -123.784707 45.079006
    -123.784711 45.07873
    -123.784738 45.076831
    -123.784746 45.076726
    -123.78478 45.076416
    -123.784794 45.076315
    -123.780063 45.07639
    -123.765873 45.07662
    -123.764219 45.076647
    -123.761522 45.076691
    -123.761186 45.07668
    -123.761144 45.076679
    -123.75916 45.076609
    -123.753207 45.076405
    -123.751977 45.076364
    -123.751224 45.076338
    -123.750399 45.076336
    -123.747924 45.07633
    -123.7471 45.076328
    -123.74695 45.076322
    -123.746663 45.076313
    -123.746503 45.076308
    -123.746354 45.076303
    -123.746138 45.076445
    -123.746095 45.076441
    -123.745685 45.076401
    -123.744328 45.076272
    -123.743878 45.07623
    -123.742308 45.076206
    -123.739767 45.076169
    -123.737598 45.076137
    -123.736028 45.076114
    -123.734569 45.076111
    -123.733109 45.076108
    -123.730192 45.076102
    -123.728734 45.076099
    -123.727829 45.076097
    -123.727536 45.076097
    -123.725117 45.076097
    -123.724213 45.076098
    -123.724239 45.075514
    -123.724318 45.073765
    -123.724345 45.073182
    -123.724381 45.071424
    -123.724415 45.070502
    -123.724523 45.067559
    -123.724565 45.066428
    -123.724569 45.06629
    -123.724585 45.065876
    -123.724591 45.065739
    -123.724621 45.064902
    -123.724713 45.062393
    -123.724744 45.061557
    -123.724838 45.058999
    -123.72488 45.057858
    -123.725022 45.053987
    -123.725119 45.051325
    -123.725213 45.048768
    -123.725247 45.047811
    -123.725353 45.044943
    -123.725389 45.043987
    -123.725654 45.043988
    -123.726449 45.043994
    -123.726714 45.043997
    -123.727432 45.044001
    -123.72959 45.044017
    -123.730309 45.044022
    -123.731537 45.04403
    -123.735222 45.044055
    -123.736451 45.044064
    -123.737599 45.044071
    -123.741045 45.044095
    -123.741983 45.044102
    -123.742194 45.044103
    -123.743114 45.044109
    -123.745874 45.044128
    -123.746795 45.044135
    -123.746933 45.044136
    -123.74768 45.044163
    -123.750337 45.044261
    -123.751223 45.044294
    -123.753655 45.044312
    -123.760951 45.044367
    -123.763384 45.044386
    -123.763586 45.044387
    -123.764194 45.044391
    -123.764397 45.044393
    -123.764465 45.044394
    -123.766118 45.044402
    -123.771282 45.044429
    -123.773004 45.044438
    -123.773359 45.044427
    -123.773424 45.044424
    -123.774685 45.044384
    -123.775106 45.044371
    -123.776296 45.044393
    -123.779866 45.04446
    -123.781057 45.044483
    -123.781724 45.044495
    -123.783727 45.044533
    -123.784395 45.044546
    -123.784467 45.044546
    -123.784686 45.044547
    -123.784759 45.044548
    -123.785128 45.044549
    -123.786093 45.044554
    -123.786236 45.044554
    -123.786607 45.044557
    -123.788573 45.044566
    -123.788849 45.044568
    -123.790068 45.044574
    -123.794474 45.044596
    -123.796442 45.044606
    -123.796952 45.044613
    -123.798485 45.044636
    -123.798996 45.044644
    -123.799168 45.044647
    -123.799543 45.044657
    -123.801184 45.044703
    -123.801732 45.044719
    -123.802048 45.044728
    -123.802317 45.044731
    -123.804073 45.044755
    -123.804659 45.044763
    -123.80484 45.044765
    -123.805385 45.044772
    -123.805567 45.044775
    -123.805848 45.044778
    -123.806691 45.044789
    -123.806973 45.044793
    -123.807692 45.044792
    -123.809848 45.04479
    -123.810568 45.04479
    -123.810896 45.04479
    -123.810918 45.04479
    -123.81188 45.04484
    -123.812208 45.044858
    -123.812562 45.044867
    -123.813627 45.044894
    -123.813982 45.044904
    -123.814298 45.044926
    -123.815246 45.044995
    -123.815562 45.045018
    -123.817982 45.045006
    -123.821529 45.044989
    -123.825245 45.045015
    -123.827666 45.045033
    -123.827805 45.045033
    -123.828223 45.045034
    -123.828363 45.045035
    -123.828577 45.045035
    -123.830882 45.045041
    -123.836571 45.045059
    -123.838439 45.045074
    -123.840959 45.045096
    -123.841203 45.045098
    -123.841839 45.045113
    -123.84448 45.045176
    -123.845361 45.045197
    -123.845638 45.045194
    -123.846472 45.045185
    -123.846751 45.045183
    -123.847654 45.045173
    -123.848742 45.045161
    -123.850363 45.045158
    -123.851266 45.045157
    -123.851267 45.045157
    -123.851373 45.045157
    -123.852236 45.045155
    -123.855144 45.045151
    -123.856114 45.04515
    -123.858992 45.045147
    -123.85997 45.045142
    -123.86502 45.045122
    -123.867321 45.045113
    -123.871538 45.045134
    -123.874328 45.045148
    -123.875394 45.045113
    -123.87556 45.045107
    -123.876057 45.045092
    -123.876224 45.045087
    -123.876974 45.045011
    -123.879226 45.044787
    -123.879977 45.044712
    -123.881088 45.044714
    -123.884423 45.044723
    -123.885535 45.044726
    -123.887608 45.044731
    -123.89383 45.044746
    -123.895904 45.044751
    -123.899049 45.044758
    -123.899263 45.044759
    -123.9072 45.044778
    -123.908486 45.044781
    -123.911632 45.044789
    -123.911723 45.044788
    -123.912119 45.044789
    -123.913584 45.044793
    -123.913918 45.044794
    -123.914074 45.044795
    -123.920085 45.044809
    -123.929252 45.044832
    -123.938118 45.044853
    -123.941057 45.044861
    -123.94413 45.044869
    -123.944245 45.044869
    -123.944593 45.044869
    -123.944709 45.04487
    -123.945196 45.044871
    -123.94666 45.044875
    -123.94701 45.044876
    -123.947149 45.044876
    -123.95427 45.044894
    -123.954603 45.044895
    -123.9547 45.044895
    -123.954745 45.044902
    -123.954906 45.044902
    -123.956203 45.044905
    -123.956312 45.044906
    -123.96633 45.044926
    -123.966456 45.044677
    -123.966357 45.043981
    -123.968344 45.044034
    -123.978517 45.044306
    -123.980145 45.044349
    -123.985029 45.044479
    -123.986658 45.044523
    -123.987057 45.044533
    -123.988257 45.044565
    -123.988592 45.044575
    -123.988657 45.044577
    -123.989462 45.044598
    -123.991878 45.044662
    -123.992684 45.044684
    -123.993867 45.044716
    -123.997419 45.044813
    -123.997633 45.044819
    -123.998604 45.044845
    -123.998668 45.044847
    -123.998812 45.044851
    -124.000195 45.044888
    -124.000428 45.044903
    -124.001145 45.044943
    -124.001162 45.044944
    -124.001192 45.044946
    -124.001214 45.044947
    -124.001232 45.044948
    -124.001854 45.044966
    -124.002285 45.044988
    -124.002476 45.044984
    -124.005068 45.044954
    -124.00541 45.04495
    -124.005499 45.044949
    -124.010282 45.044893
    -124.010946 45.044885
    -124.012353 45.044868
    -124.015065 45.044837
    -124.01522 45.044835
    -124.015374 45.044833
    -124.015969 45.044825
    -124.018164 45.0448
    -124.020954 45.044768
    -124.027024 45.044697
    -124.027557 45.04469
    -124.033094 45.044626
    -124.045447 45.044499
    -124.082507 45.04412
    -124.094861 45.043995
    -124.095833 45.043986
    -124.093561 45.054166
    -124.090932 45.061542
    -124.088166 45.069304
    -124.081425 45.085457
    -124.073334 45.099592
    -124.065245 45.107668
    -124.064621 45.108834
    -124.059851 45.117762
    -124.055808 45.124826
    -124.055119 45.126651
    -124.054419 45.128363
    -124.053653 45.130238
    -124.052537 45.133701
    -124.050668 45.139126
    -124.050131 45.140688
    -124.049751 45.142803
    -124.049166 45.146053
    -124.048195 45.151456
    -124.04782 45.15586
    -124.047793 45.156179
    -124.046945 45.159039
END
END
