20161 Riley County
1
    -96.960257 39.452413
    -96.960256 39.452427
    -96.960254 39.452471
    -96.960254 39.452486
    -96.96024 39.452823
    -96.960217 39.453395
    -96.960192 39.453837
    -96.960174 39.454175
    -96.960158 39.454448
    -96.960113 39.455267
    -96.960099 39.455541
    -96.960091 39.455682
    -96.960068 39.456108
    -96.960062 39.45622
    -96.960057 39.45625
    -96.960063 39.456915
    -96.960082 39.458912
    -96.960089 39.459578
    -96.960066 39.460717
    -96.959939 39.46693
    -96.959684 39.479336
    -96.959657 39.480553
    -96.95965 39.480741
    -96.959638 39.48112
    -96.959634 39.481305
    -96.95963 39.481494
    -96.959615 39.48207
    -96.959574 39.483798
    -96.959561 39.484375
    -96.959556 39.484809
    -96.959571 39.485592
    -96.959572 39.48561
    -96.959562 39.486111
    -96.959531 39.487668
    -96.959521 39.488188
    -96.959501 39.489144
    -96.959445 39.492014
    -96.959427 39.492971
    -96.95942 39.493304
    -96.9594 39.494303
    -96.959394 39.494637
    -96.959393 39.494646
    -96.959393 39.494674
    -96.959393 39.494684
    -96.959392 39.494697
    -96.959392 39.494736
    -96.959392 39.49475
    -96.95938 39.495325
    -96.95938 39.495348
    -96.959379 39.495393
    -96.959375 39.495603
    -96.959333 39.496929
    -96.95933 39.497013
    -96.959328 39.49704
    -96.959328 39.497054
    -96.959326 39.497086
    -96.959258 39.499255
    -96.959245 39.499999
    -96.959244 39.500045
    -96.959243 39.500045
    -96.959231 39.500809
    -96.959236 39.505751
    -96.959197 39.508546
    -96.95922 39.50955
    -96.959221 39.510183
    -96.959241 39.510792
    -96.959241 39.5108
    -96.959248 39.511017
    -96.959134 39.518914
    -96.959051 39.524709
    -96.95905 39.525661
    -96.95903 39.526639
    -96.959022 39.527774
    -96.95899 39.52837
    -96.958965 39.528547
    -96.958948 39.5286
    -96.958948 39.528773
    -96.958947 39.529684
    -96.958768 39.539332
    -96.958755 39.539633
    -96.958735 39.54156
    -96.958739 39.543953
    -96.958708 39.545644
    -96.958725 39.546808
    -96.95871 39.548277
    -96.958738 39.553778
    -96.958632 39.558786
    -96.958859 39.5664
    -96.958858 39.5664
    -96.958814 39.566402
    -96.95788 39.566389
    -96.956439 39.566382
    -96.955143 39.566366
    -96.954217 39.566391
    -96.953854 39.566401
    -96.951054 39.566412
    -96.949326 39.566394
    -96.94631 39.566424
    -96.945644 39.566431
    -96.945432 39.566437
    -96.94442 39.566467
    -96.942988 39.566464
    -96.941877 39.56645
    -96.941223 39.566432
    -96.939994 39.566435
    -96.939994 39.566436
    -96.939955 39.566437
    -96.939732 39.566438
    -96.939033 39.566409
    -96.938819 39.566422
    -96.938724 39.566449
    -96.938635 39.566536
    -96.938615 39.566566
    -96.934487 39.566429
    -96.932221 39.56644
    -96.93182 39.566439
    -96.930508 39.566535
    -96.930422 39.566538
    -96.92542 39.56645
    -96.92121 39.566414
    -96.921209 39.566414
    -96.921 39.566414
    -96.919332 39.566416
    -96.918751 39.566419
    -96.91732 39.566425
    -96.915778 39.566411
    -96.914485 39.56641
    -96.913597 39.566434
    -96.912866 39.566466
    -96.91275 39.566468
    -96.912635 39.566448
    -96.912624 39.566448
    -96.912582 39.566448
    -96.91173 39.566435
    -96.911528 39.566432
    -96.911325 39.566428
    -96.909597 39.566401
    -96.909466 39.566401
    -96.909319 39.566402
    -96.909242 39.566422
    -96.908993 39.566455
    -96.90862 39.566479
    -96.908167 39.566475
    -96.90787 39.566473
    -96.906368 39.566446
    -96.904661 39.566442
    -96.902424 39.566418
    -96.900242 39.566434
    -96.899758 39.566438
    -96.899523 39.56644
    -96.897265 39.566419
    -96.893908 39.566428
    -96.889747 39.566385
    -96.888528 39.566396
    -96.884715 39.566388
    -96.884554 39.56638
    -96.884007 39.566385
    -96.883552 39.566403
    -96.883451 39.566403
    -96.883418 39.566403
    -96.883215 39.566402
    -96.881517 39.566397
    -96.881087 39.566395
    -96.879263 39.566399
    -96.877538 39.566398
    -96.877488 39.566398
    -96.876871 39.5664
    -96.875029 39.566406
    -96.873227 39.566399
    -96.871244 39.566423
    -96.870936 39.566427
    -96.867972 39.566405
    -96.867684 39.566407
    -96.867135 39.56641
    -96.865649 39.566436
    -96.863832 39.566395
    -96.862755 39.566404
    -96.861705 39.566413
    -96.859632 39.566412
    -96.8589 39.566419
    -96.858224 39.566425
    -96.857805 39.566427
    -96.857805 39.566428
    -96.857584 39.566431
    -96.856798 39.566431
    -96.856789 39.566431
    -96.855941 39.56643
    -96.85564 39.566424
    -96.854272 39.5664
    -96.852713 39.566413
    -96.849446 39.566407
    -96.848864 39.566415
    -96.847767 39.56643
    -96.846153 39.566423
    -96.845145 39.566405
    -96.844083 39.566404
    -96.843831 39.566403
    -96.843626 39.566404
    -96.841258 39.566421
    -96.833665 39.566392
    -96.83195 39.566416
    -96.831881 39.566417
    -96.830153 39.566408
    -96.829177 39.56641
    -96.828854 39.566414
    -96.82885 39.566414
    -96.828849 39.566414
    -96.828164 39.566429
    -96.825791 39.566419
    -96.825293 39.566434
    -96.815176 39.566406
    -96.814769 39.566417
    -96.814031 39.566438
    -96.812517 39.566444
    -96.810073 39.566436
    -96.81001 39.566436
    -96.808342 39.566415
    -96.806544 39.566423
    -96.806345 39.566423
    -96.802899 39.566427
    -96.802151 39.566417
    -96.801494 39.566421
    -96.800884 39.566417
    -96.800197 39.566428
    -96.799008 39.566404
    -96.798258 39.566399
    -96.797913 39.566403
    -96.797323 39.566394
    -96.797119 39.566391
    -96.796581 39.566393
    -96.796168 39.566388
    -96.79567 39.566364
    -96.795174 39.566355
    -96.793254 39.566377
    -96.792548 39.56637
    -96.791736 39.566352
    -96.791213 39.566347
    -96.790936 39.56635
    -96.790935 39.56635
    -96.790599 39.566354
    -96.78966 39.566373
    -96.789293 39.566376
    -96.788804 39.566359
    -96.788091 39.566353
    -96.787819 39.566361
    -96.787631 39.566367
    -96.787251 39.56639
    -96.787237 39.56639
    -96.786447 39.566412
    -96.785794 39.566416
    -96.785025 39.566411
    -96.784381 39.566401
    -96.783217 39.566397
    -96.781009 39.566423
    -96.77999 39.566412
    -96.776248 39.56642
    -96.774494 39.566441
    -96.774466 39.566442
    -96.772777 39.566449
    -96.77075 39.56644
    -96.76964 39.566447
    -96.769275 39.566456
    -96.769274 39.566456
    -96.769034 39.566469
    -96.768163 39.566453
    -96.766873 39.566443
    -96.764175 39.566444
    -96.763354 39.566454
    -96.762878 39.566464
    -96.762225 39.566477
    -96.760687 39.566468
    -96.760655 39.566467
    -96.759603 39.566459
    -96.755601 39.566458
    -96.755596 39.566458
    -96.753555 39.566458
    -96.752942 39.566475
    -96.751972 39.566481
    -96.751268 39.566472
    -96.750344 39.566461
    -96.750343 39.56646
    -96.75 39.566457
    -96.749183 39.566437
    -96.748422 39.566429
    -96.746836 39.566461
    -96.746047 39.566471
    -96.745222 39.566458
    -96.74474 39.566465
    -96.744739 39.566465
    -96.743622 39.56648
    -96.743509 39.566482
    -96.7431 39.56648
    -96.742154 39.566465
    -96.74173 39.566482
    -96.741362 39.56649
    -96.741286 39.566491
    -96.741283 39.566491
    -96.741282 39.566491
    -96.740888 39.566493
    -96.740342 39.566497
    -96.738576 39.566465
    -96.737615 39.566488
    -96.736683 39.566492
    -96.736683 39.566493
    -96.736681 39.566493
    -96.736672 39.566494
    -96.736153 39.566479
    -96.735913 39.566476
    -96.734046 39.566453
    -96.73335 39.566455
    -96.732484 39.566502
    -96.732398 39.566506
    -96.731646 39.566525
    -96.730919 39.566481
    -96.730275 39.566479
    -96.729616 39.56649
    -96.728882 39.566463
    -96.728372 39.566451
    -96.727504 39.566438
    -96.726068 39.566432
    -96.725315 39.566444
    -96.725054 39.566466
    -96.72499 39.566471
    -96.724763 39.566501
    -96.724501 39.566523
    -96.724002 39.566524
    -96.72366 39.566511
    -96.723165 39.566505
    -96.722673 39.566482
    -96.72141 39.566489
    -96.721089 39.566471
    -96.720764 39.56646
    -96.720508 39.566464
    -96.720441 39.566475
    -96.720441 39.566476
    -96.719561 39.566493
    -96.718845 39.566493
    -96.718715 39.566473
    -96.718496 39.56646
    -96.718265 39.566473
    -96.718264 39.566473
    -96.718205 39.566476
    -96.717816 39.566478
    -96.716059 39.566485
    -96.715647 39.566455
    -96.713245 39.56643
    -96.713011 39.566451
    -96.712867 39.566502
    -96.712846 39.566541
    -96.712839 39.566564
    -96.707752 39.566579
    -96.707037 39.566582
    -96.706998 39.566539
    -96.706961 39.566517
    -96.706842 39.56648
    -96.706703 39.566474
    -96.706404 39.56646
    -96.705993 39.566466
    -96.705474 39.566464
    -96.70493 39.566437
    -96.704851 39.566418
    -96.703545 39.566423
    -96.702966 39.566419
    -96.698829 39.5665
    -96.698347 39.566509
    -96.696903 39.566538
    -96.696422 39.566548
    -96.695931 39.566555
    -96.694461 39.566579
    -96.693971 39.566587
    -96.692605 39.566562
    -96.688509 39.566489
    -96.687144 39.566465
    -96.686221 39.566448
    -96.683452 39.566398
    -96.68253 39.566382
    -96.681238 39.566359
    -96.681118 39.566412
    -96.680963 39.566425
    -96.680472 39.566406
    -96.680471 39.566406
    -96.680468 39.566406
    -96.679924 39.566401
    -96.676932 39.566432
    -96.676356 39.566437
    -96.675721 39.566429
    -96.675657 39.56644
    -96.675657 39.566441
    -96.675651 39.566443
    -96.675456 39.56648
    -96.675429 39.566491
    -96.673431 39.566536
    -96.673294 39.566495
    -96.672871 39.56643
    -96.67269 39.566421
    -96.671142 39.566419
    -96.66929 39.566442
    -96.666771 39.566423
    -96.666101 39.566418
    -96.665386 39.566413
    -96.664335 39.566411
    -96.664065 39.566405
    -96.663947 39.566402
    -96.663672 39.566398
    -96.663193 39.566409
    -96.662541 39.566424
    -96.66161 39.566417
    -96.661002 39.566443
    -96.660889 39.566441
    -96.660887 39.56644
    -96.660451 39.566434
    -96.659661 39.56642
    -96.659628 39.56642
    -96.658803 39.566412
    -96.658422 39.566365
    -96.658049 39.56636
    -96.657536 39.566342
    -96.657251 39.566371
    -96.657247 39.566371
    -96.657243 39.566371
    -96.657242 39.566371
    -96.65676 39.566421
    -96.656698 39.566462
    -96.656688 39.566483
    -96.656688 39.566484
    -96.652314 39.566445
    -96.641595 39.566305
    -96.63791 39.56627
    -96.63249 39.566276
    -96.627933 39.566204
    -96.625314 39.566163
    -96.619839 39.566203
    -96.619614 39.566205
    -96.592838 39.566236
    -96.592789 39.566237
    -96.590634 39.566226
    -96.589361 39.566232
    -96.588425 39.566249
    -96.588178 39.566268
    -96.588042 39.566343
    -96.587682 39.566332
    -96.58731 39.566324
    -96.58378 39.56631
    -96.583188 39.566317
    -96.582595 39.566324
    -96.58247 39.566325
    -96.582345 39.566326
    -96.58213 39.566328
    -96.581915 39.566331
    -96.58184 39.566332
    -96.581764 39.566333
    -96.581972 39.566153
    -96.582036 39.566097
    -96.582532 39.56576
    -96.582999 39.565006
    -96.582976 39.563547
    -96.582984 39.563311
    -96.583046 39.563158
    -96.583107 39.562858
    -96.583163 39.562628
    -96.58392 39.559821
    -96.585294 39.557743
    -96.586843 39.556327
    -96.587948 39.555391
    -96.589665 39.553949
    -96.590433 39.553463
    -96.590807 39.553212
    -96.591355 39.552649
    -96.591604 39.552394
    -96.59187 39.551606
    -96.591886 39.551559
    -96.591896 39.551532
    -96.592677 39.549406
    -96.59275 39.548252
    -96.592215 39.546617
    -96.592021 39.544335
    -96.591984 39.543983
    -96.592099 39.543767
    -96.592381 39.543236
    -96.593189 39.542627
    -96.594373 39.541739
    -96.594387 39.541729
    -96.595319 39.541042
    -96.596565 39.540273
    -96.599304 39.539315
    -96.601938 39.538344
    -96.602972 39.538125
    -96.603759 39.538203
    -96.60429 39.538245
    -96.60482 39.538287
    -96.605096 39.538309
    -96.605372 39.538331
    -96.606871 39.538422
    -96.608066 39.538251
    -96.610615 39.536802
    -96.615134 39.533733
    -96.617528 39.532611
    -96.617598 39.53258
    -96.618003 39.532639
    -96.618212 39.532668
    -96.618303 39.53268
    -96.618903 39.532768
    -96.619308 39.533019
    -96.619704 39.533259
    -96.620177 39.533965
    -96.620996 39.535223
    -96.621403 39.535898
    -96.622135 39.537114
    -96.622243 39.537277
    -96.622363 39.537428
    -96.622452 39.537595
    -96.622553 39.537749
    -96.62258 39.537791
    -96.622874 39.538265
    -96.623442 39.53836
    -96.623858 39.538248
    -96.62526 39.537871
    -96.625957 39.537723
    -96.629542 39.535394
    -96.62973 39.535273
    -96.629969 39.535111
    -96.630374 39.534855
    -96.632884 39.532228
    -96.634076 39.530319
    -96.63425 39.530025
    -96.634284 39.529967
    -96.634655 39.529362
    -96.634809 39.52903
    -96.635144 39.528332
    -96.635314 39.527976
    -96.635477 39.527642
    -96.635751 39.527065
    -96.635907 39.526735
    -96.636025 39.526488
    -96.636492 39.525517
    -96.63743 39.524609
    -96.638817 39.523724
    -96.641362 39.521981
    -96.641383 39.521962
    -96.644048 39.519568
    -96.644383 39.518926
    -96.644332 39.516207
    -96.644151 39.515805
    -96.641857 39.513747
    -96.640376 39.51168
    -96.640326 39.511577
    -96.640276 39.511474
    -96.640216 39.511352
    -96.640041 39.510933
    -96.639904 39.510604
    -96.639767 39.510275
    -96.639738 39.510206
    -96.639714 39.509392
    -96.639822 39.508853
    -96.63998 39.508677
    -96.640606 39.50818
    -96.641024 39.50773
    -96.64109 39.507577
    -96.64131 39.507071
    -96.641453 39.506787
    -96.641626 39.506444
    -96.642344 39.505978
    -96.642783 39.505757
    -96.644195 39.505603
    -96.64526 39.505978
    -96.64625 39.5067
    -96.646967 39.507145
    -96.64723 39.507309
    -96.647249 39.507314
    -96.647414 39.507354
    -96.647578 39.507393
    -96.647779 39.50744
    -96.647892 39.507445
    -96.648546 39.507476
    -96.649327 39.507117
    -96.650267 39.506308
    -96.651043 39.505288
    -96.651266 39.505015
    -96.651332 39.504935
    -96.651506 39.504724
    -96.651679 39.504513
    -96.65184 39.504317
    -96.651846 39.50431
    -96.651901 39.504249
    -96.651956 39.504188
    -96.652698 39.503371
    -96.653635 39.50294
    -96.655114 39.502174
    -96.656024 39.501267
    -96.656147 39.501101
    -96.656213 39.501013
    -96.656632 39.500457
    -96.65675 39.499997
    -96.657062 39.499432
    -96.657373 39.498867
    -96.657701 39.498273
    -96.658029 39.497679
    -96.659689 39.49467
    -96.660299 39.49401
    -96.660352 39.493953
    -96.660357 39.493949
    -96.660995 39.493405
    -96.661771 39.491971
    -96.662324 39.490698
    -96.663633 39.487686
    -96.665047 39.4832
    -96.665632 39.479746
    -96.666152 39.478317
    -96.666406 39.47762
    -96.667102 39.476469
    -96.667793 39.475324
    -96.669088 39.474276
    -96.670831 39.473686
    -96.673071 39.473065
    -96.673426 39.473006
    -96.673782 39.472948
    -96.673963 39.472918
    -96.674023 39.472932
    -96.674674 39.473082
    -96.675325 39.473231
    -96.675464 39.473311
    -96.675602 39.473391
    -96.676592 39.473962
    -96.677839 39.474566
    -96.678514 39.474893
    -96.679839 39.475649
    -96.680135 39.475817
    -96.681257 39.476855
    -96.681271 39.47696
    -96.681325 39.477358
    -96.681379 39.477755
    -96.681394 39.477869
    -96.680577 39.479399
    -96.679261 39.480431
    -96.678235 39.481238
    -96.677967 39.48214
    -96.67828 39.483041
    -96.678935 39.48341
    -96.67989 39.483442
    -96.681477 39.482957
    -96.6827 39.481949
    -96.682715 39.481901
    -96.683205 39.480354
    -96.683371 39.480063
    -96.683522 39.479798
    -96.683673 39.479532
    -96.683738 39.479416
    -96.683804 39.479301
    -96.683843 39.479232
    -96.683882 39.479163
    -96.683986 39.47898
    -96.68409 39.478797
    -96.68432 39.478392
    -96.684551 39.477987
    -96.684671 39.477777
    -96.684791 39.477566
    -96.684865 39.477436
    -96.684939 39.477306
    -96.687662 39.472524
    -96.689699 39.468536
    -96.689642 39.466354
    -96.689358 39.46435
    -96.688463 39.46324
    -96.6876 39.462122
    -96.688137 39.461002
    -96.690033 39.459905
    -96.691443 39.45942
    -96.695311 39.458167
    -96.697557 39.457926
    -96.698039 39.457874
    -96.698277 39.457926
    -96.698984 39.458082
    -96.700231 39.459014
    -96.70314 39.460636
    -96.703383 39.460717
    -96.705943 39.461566
    -96.706722 39.461533
    -96.707737 39.460944
    -96.709384 39.459589
    -96.715109 39.451692
    -96.715816 39.450716
    -96.718464 39.447516
    -96.719888 39.446342
    -96.720959 39.445459
    -96.721691 39.443848
    -96.721664 39.443754
    -96.721052 39.441594
    -96.718961 39.439118
    -96.716812 39.438292
    -96.716289 39.438162
    -96.715604 39.437991
    -96.714918 39.43782
    -96.714404 39.437692
    -96.71343 39.437082
    -96.713251 39.436969
    -96.713092 39.435689
    -96.71521 39.432168
    -96.715444 39.431975
    -96.719342 39.42881
    -96.7211 39.428058
    -96.721428 39.427918
    -96.721756 39.427778
    -96.722485 39.427466
    -96.724239 39.427518
    -96.72669 39.427762
    -96.727696 39.427608
    -96.728327 39.427132
    -96.728272 39.425956
    -96.727365 39.424259
    -96.726148 39.42282
    -96.72486 39.422009
    -96.723085 39.421391
    -96.721612 39.421273
    -96.721443 39.421304
    -96.720316 39.421509
    -96.718284 39.421777
    -96.717018 39.42161
    -96.715803 39.42104
    -96.715148 39.420293
    -96.715103 39.418932
    -96.715184 39.418379
    -96.715399 39.416919
    -96.715019 39.414198
    -96.714599 39.412138
    -96.714886 39.410801
    -96.71597 39.408738
    -96.717139 39.40719
    -96.717365 39.406893
    -96.717736 39.406584
    -96.719982 39.404715
    -96.720182 39.404627
    -96.720727 39.404388
    -96.721272 39.404148
    -96.721764 39.403931
    -96.722738 39.403809
    -96.723713 39.403896
    -96.724834 39.404305
    -96.725695 39.40465
    -96.726369 39.404753
    -96.726835 39.404495
    -96.726865 39.404012
    -96.726667 39.403601
    -96.726147 39.403063
    -96.724796 39.401761
    -96.724578 39.401552
    -96.722914 39.399839
    -96.721822 39.398456
    -96.720354 39.39585
    -96.719158 39.394338
    -96.717544 39.392802
    -96.716903 39.392192
    -96.71579 39.391151
    -96.714617 39.390054
    -96.712425 39.388214
    -96.710138 39.385883
    -96.707396 39.38331
    -96.705475 39.381936
    -96.703851 39.380986
    -96.703731 39.380916
    -96.701988 39.379937
    -96.700897 39.378779
    -96.699629 39.377227
    -96.698974 39.376173
    -96.697448 39.374997
    -96.696387 39.374206
    -96.694824 39.373069
    -96.694162 39.372383
    -96.693758 39.37198
    -96.693334 39.371681
    -96.69291 39.371496
    -96.692413 39.371318
    -96.691905 39.371189
    -96.691377 39.371188
    -96.690797 39.371284
    -96.690441 39.371429
    -96.690362 39.371461
    -96.688994 39.372097
    -96.68803 39.372281
    -96.687523 39.372305
    -96.68714 39.372304
    -96.686921 39.372282
    -96.686673 39.372256
    -96.686207 39.372134
    -96.685607 39.371884
    -96.68511 39.371609
    -96.684551 39.371222
    -96.68421 39.370769
    -96.684045 39.37031
    -96.683952 39.369867
    -96.683891 39.369351
    -96.684015 39.368779
    -96.684202 39.368231
    -96.684637 39.367522
    -96.685062 39.367072
    -96.685457 39.366202
    -96.685696 39.365622
    -96.685997 39.36513
    -96.686277 39.364599
    -96.686702 39.364035
    -96.687137 39.363663
    -96.6872 39.363609
    -96.687739 39.363246
    -96.688195 39.362916
    -96.68862 39.362578
    -96.689055 39.362345
    -96.689564 39.362136
    -96.689874 39.362032
    -96.690144 39.361838
    -96.690362 39.361492
    -96.690476 39.361178
    -96.690361 39.360727
    -96.690144 39.360203
    -96.689969 39.359948
    -96.689834 39.359751
    -96.689431 39.359259
    -96.689028 39.358735
    -96.688676 39.358211
    -96.68789 39.357525
    -96.686824 39.356549
    -96.685572 39.355541
    -96.684496 39.354621
    -96.683131 39.353443
    -96.682344 39.352838
    -96.681672 39.352241
    -96.680824 39.351523
    -96.679796 39.350722
    -96.679771 39.350707
    -96.678899 39.350248
    -96.678009 39.349812
    -96.677026 39.34932
    -96.676188 39.348948
    -96.67564 39.348625
    -96.674936 39.348076
    -96.674336 39.347592
    -96.673747 39.347124
    -96.673292 39.346632
    -96.672785 39.346084
    -96.672413 39.345584
    -96.67202 39.345076
    -96.671596 39.344584
    -96.670986 39.34414
    -96.670601 39.343904
    -96.670355 39.343752
    -96.669765 39.343494
    -96.668409 39.34313
    -96.667157 39.342927
    -96.666091 39.342853
    -96.665604 39.342893
    -96.665066 39.342989
    -96.66464 39.34319
    -96.664256 39.343496
    -96.663769 39.343769
    -96.66351 39.343874
    -96.663158 39.34397
    -96.662847 39.344002
    -96.66263 39.34397
    -96.662351 39.343873
    -96.662071 39.343671
    -96.661875 39.343364
    -96.661741 39.343123
    -96.661721 39.342881
    -96.661887 39.342317
    -96.66203 39.341833
    -96.662085 39.341648
    -96.662272 39.341165
    -96.662552 39.34069
    -96.662957 39.340054
    -96.663288 39.339611
    -96.663744 39.339418
    -96.664003 39.33933
    -96.664707 39.339242
    -96.665339 39.33921
    -96.66595 39.33909
    -96.666727 39.338801
    -96.6677 39.338351
    -96.66827 39.338037
    -96.668676 39.337715
    -96.668747 39.337659
    -96.669234 39.337055
    -96.669484 39.336515
    -96.669743 39.336153
    -96.669992 39.336008
    -96.670416 39.335904
    -96.670779 39.335783
    -96.671172 39.335647
    -96.671576 39.335285
    -96.671722 39.335019
    -96.671795 39.33468
    -96.671743 39.334496
    -96.671619 39.334052
    -96.671444 39.3336
    -96.670938 39.332778
    -96.670111 39.331874
    -96.669439 39.331149
    -96.668581 39.330318
    -96.667702 39.329438
    -96.666958 39.328777
    -96.666244 39.328252
    -96.665282 39.327655
    -96.664041 39.326952
    -96.662903 39.326427
    -96.662065 39.325975
    -96.660721 39.325418
    -96.659779 39.325062
    -96.659014 39.324852
    -96.657994 39.32463
    -96.657855 39.3246
    -96.656965 39.324503
    -96.65595 39.324389
    -96.654988 39.324412
    -96.653714 39.324604
    -96.652358 39.3249
    -96.651965 39.324996
    -96.651074 39.325253
    -96.650463 39.325502
    -96.649883 39.3258
    -96.649251 39.326097
    -96.648868 39.32629
    -96.648495 39.326451
    -96.648226 39.326499
    -96.647894 39.326571
    -96.647563 39.326643
    -96.647232 39.326602
    -96.646828 39.326408
    -96.64656 39.326182
    -96.646291 39.325851
    -96.646178 39.325497
    -96.646293 39.324868
    -96.646449 39.32399
    -96.646834 39.323145
    -96.647104 39.322653
    -96.647519 39.321832
    -96.647903 39.321309
    -96.648255 39.320826
    -96.648753 39.320327
    -96.649033 39.320021
    -96.649447 39.31978
    -96.650152 39.319515
    -96.650752 39.319298
    -96.651746 39.319089
    -96.652522 39.319026
    -96.653247 39.31893
    -96.653349 39.318939
    -96.65363 39.318963
    -96.654168 39.318931
    -96.65452 39.318883
    -96.654986 39.318763
    -96.655462 39.318635
    -96.655721 39.31845
    -96.655949 39.318305
    -96.656322 39.318047
    -96.65653 39.317685
    -96.656665 39.317202
    -96.656634 39.317008
    -96.656397 39.316686
    -96.656056 39.316355
    -96.655839 39.316081
    -96.655622 39.315532
    -96.655498 39.315274
    -96.65524 39.315081
    -96.654857 39.314814
    -96.654589 39.314564
    -96.654393 39.314161
    -96.654083 39.313524
    -96.653732 39.312951
    -96.653329 39.312516
    -96.653067 39.312221
    -96.652864 39.311992
    -96.652451 39.311677
    -96.651975 39.311305
    -96.651396 39.310894
    -96.651023 39.310652
    -96.650413 39.310264
    -96.649597 39.309788
    -96.648676 39.30948
    -96.648055 39.309334
    -96.647311 39.309092
    -96.646163 39.308526
    -96.645233 39.307977
    -96.643817 39.307008
    -96.643288 39.306609
    -96.642328 39.305886
    -96.641696 39.305373
    -96.641564 39.305265
    -96.640706 39.304587
    -96.639455 39.303715
    -96.638767 39.303073
    -96.63866 39.302973
    -96.637947 39.302359
    -96.637327 39.301827
    -96.636417 39.30131
    -96.635508 39.300744
    -96.63464 39.300091
    -96.6337 39.29938
    -96.632842 39.29846
    -96.632306 39.297742
    -96.631914 39.296944
    -96.631812 39.29634
    -96.631784 39.295854
    -96.631772 39.295647
    -96.631845 39.295268
    -96.631918 39.294712
    -96.632354 39.294084
    -96.63313 39.293714
    -96.633607 39.29353
    -96.634114 39.293442
    -96.634859 39.293515
    -96.635241 39.293532
    -96.635738 39.293444
    -96.636432 39.293235
    -96.637208 39.293116
    -96.637798 39.293052
    -96.638253 39.292964
    -96.638605 39.292827
    -96.638761 39.292537
    -96.638761 39.292183
    -96.638328 39.291401
    -96.637492 39.290368
    -96.63681 39.289626
    -96.636222 39.288892
    -96.635602 39.288214
    -96.634394 39.28735
    -96.633402 39.28664
    -96.632812 39.28618
    -96.632629 39.286043
    -96.632359 39.285841
    -96.632089 39.285639
    -96.63088 39.284735
    -96.630085 39.284161
    -96.629083 39.283419
    -96.62837 39.282837
    -96.627699 39.282176
    -96.627069 39.281571
    -96.62649 39.281062
    -96.626067 39.280723
    -96.625644 39.280368
    -96.625282 39.280126
    -96.624945 39.27979
    -96.62394 39.278734
    -96.622841 39.277752
    -96.621745 39.276792
    -96.621379 39.276469
    -96.620155 39.275544
    -96.619055 39.274742
    -96.617428 39.273566
    -96.616796 39.273088
    -96.616143 39.272408
    -96.615198 39.271387
    -96.614617 39.270666
    -96.613656 39.269846
    -96.612932 39.269192
    -96.612072 39.268531
    -96.611328 39.267975
    -96.610331 39.267086
    -96.609353 39.266569
    -96.6086 39.26628
    -96.608004 39.26609
    -96.606361 39.265854
    -96.60552 39.265664
    -96.604894 39.265459
    -96.603877 39.265063
    -96.603369 39.264903
    -96.602342 39.264698
    -96.601964 39.264637
    -96.601394 39.264546
    -96.600338 39.264424
    -96.599076 39.264234
    -96.598147 39.264014
    -96.597199 39.263664
    -96.596348 39.263041
    -96.59583 39.262531
    -96.595423 39.262049
    -96.595384 39.261988
    -96.594916 39.261259
    -96.59469 39.260744
    -96.594565 39.260288
    -96.594627 39.259733
    -96.594725 39.258752
    -96.594702 39.258104
    -96.594671 39.257731
    -96.594555 39.257254
    -96.59449 39.256938
    -96.594462 39.2568
    -96.594411 39.256595
    -96.594418 39.256018
    -96.5947 39.25527
    -96.594724 39.255205
    -96.594763 39.255097
    -96.594952 39.254658
    -96.595063 39.254404
    -96.595228 39.253888
    -96.595382 39.253372
    -96.595452 39.253165
    -96.595445 39.252904
    -96.595444 39.252835
    -96.595437 39.252801
    -96.595413 39.252706
    -96.595317 39.252296
    -96.59512 39.251987
    -96.594564 39.251592
    -96.593865 39.251189
    -96.593319 39.250801
    -96.592757 39.25044
    -96.592009 39.250004
    -96.591585 39.249833
    -96.591046 39.24962
    -96.590937 39.249617
    -96.589914 39.249579
    -96.589525 39.249573
    -96.58875 39.249561
    -96.587669 39.24952
    -96.587147 39.249449
    -96.587089 39.249442
    -96.587028 39.249435
    -96.58636 39.249334
    -96.585925 39.249242
    -96.584392 39.248986
    -96.583232 39.248693
    -96.583078 39.248653
    -96.582637 39.248605
    -96.58236 39.248576
    -96.582084 39.248546
    -96.581666 39.248499
    -96.579266 39.248586
    -96.578057 39.248761
    -96.576895 39.249188
    -96.576249 39.249547
    -96.576101 39.249994
    -96.575892 39.250464
    -96.575769 39.250759
    -96.57575 39.250881
    -96.575686 39.251262
    -96.575676 39.251691
    -96.575789 39.252111
    -96.575977 39.252532
    -96.576257 39.252952
    -96.576693 39.253304
    -96.577076 39.253588
    -96.577691 39.253838
    -96.578133 39.253974
    -96.578479 39.254065
    -96.578771 39.254144
    -96.579649 39.254344
    -96.580095 39.254527
    -96.580148 39.254547
    -96.580553 39.254698
    -96.580898 39.254976
    -96.581053 39.255224
    -96.581087 39.255366
    -96.581124 39.255511
    -96.58112 39.255545
    -96.581097 39.255633
    -96.581074 39.255729
    -96.580971 39.255974
    -96.580866 39.256126
    -96.580567 39.256385
    -96.580321 39.256568
    -96.579889 39.256826
    -96.579559 39.256925
    -96.579177 39.256941
    -96.578828 39.25694
    -96.578504 39.256843
    -96.57794 39.25657
    -96.577374 39.256139
    -96.576653 39.255552
    -96.576498 39.255424
    -96.57644 39.255391
    -96.576379 39.255295
    -96.576214 39.255248
    -96.575473 39.254563
    -96.575079 39.254202
    -96.57491 39.254065
    -96.574784 39.253962
    -96.574659 39.253858
    -96.574562 39.253778
    -96.574466 39.253699
    -96.574152 39.253392
    -96.573636 39.252984
    -96.573535 39.252904
    -96.573435 39.252825
    -96.571916 39.251624
    -96.571653 39.251444
    -96.571452 39.251305
    -96.57111 39.250966
    -96.570893 39.250612
    -96.570727 39.250217
    -96.570582 39.249994
    -96.570547 39.249139
    -96.570652 39.248309
    -96.570725 39.247761
    -96.570643 39.247245
    -96.57113 39.246223
    -96.571131 39.245772
    -96.571348 39.245563
    -96.572083 39.24512
    -96.572631 39.244702
    -96.572693 39.244573
    -96.572621 39.244411
    -96.572694 39.244258
    -96.574142 39.243809
    -96.574867 39.243729
    -96.575673 39.243754
    -96.576882 39.244069
    -96.578453 39.244853
    -96.579352 39.245393
    -96.580396 39.245758
    -96.580872 39.245847
    -96.581265 39.245783
    -96.581813 39.24551
    -96.582476 39.244914
    -96.582973 39.244495
    -96.583583 39.244214
    -96.584412 39.243868
    -96.585128 39.243804
    -96.585381 39.243783
    -96.586272 39.243663
    -96.587 39.243598
    -96.587677 39.243372
    -96.587985 39.243196
    -96.588202 39.243074
    -96.588415 39.242813
    -96.588553 39.242644
    -96.588566 39.241725
    -96.588356 39.240829
    -96.588164 39.240005
    -96.587325 39.238509
    -96.586905 39.237751
    -96.583571 39.234936
    -96.582787 39.234342
    -96.582551 39.234163
    -96.580694 39.233879
    -96.580131 39.23412
    -96.579991 39.234174
    -96.579674 39.234442
    -96.579369 39.23477
    -96.578989 39.23558
    -96.578237 39.236271
    -96.578169 39.236299
    -96.577094 39.236796
    -96.575673 39.237351
    -96.574724 39.237801
    -96.574102 39.237718
    -96.572846 39.237557
    -96.571525 39.237374
    -96.571258 39.237458
    -96.571116 39.237498
    -96.570864 39.237511
    -96.570071 39.237736
    -96.569336 39.237993
    -96.568623 39.238223
    -96.56818 39.238411
    -96.56794 39.238513
    -96.567699 39.238615
    -96.56751 39.238697
    -96.56732 39.238779
    -96.567052 39.238891
    -96.566307 39.239169
    -96.565884 39.239439
    -96.565501 39.239703
    -96.56545 39.239723
    -96.565047 39.239867
    -96.56469 39.240096
    -96.564204 39.240495
    -96.56349 39.240862
    -96.562822 39.241174
    -96.5625 39.241288
    -96.562342 39.241341
    -96.56193 39.241277
    -96.561257 39.240821
    -96.561047 39.240561
    -96.560952 39.24045
    -96.560858 39.240339
    -96.56041 39.239787
    -96.559504 39.23865
    -96.558974 39.237847
    -96.558384 39.236932
    -96.558296 39.23679
    -96.558261 39.23669
    -96.557889 39.235686
    -96.557729 39.235261
    -96.557641 39.235026
    -96.557543 39.234755
    -96.557445 39.234499
    -96.557406 39.234397
    -96.557343 39.234232
    -96.557193 39.233836
    -96.557095 39.233615
    -96.557051 39.233524
    -96.557007 39.233433
    -96.556725 39.232854
    -96.556053 39.231675
    -96.555718 39.231077
    -96.555174 39.230141
    -96.554636 39.229218
    -96.554513 39.229002
    -96.554474 39.228934
    -96.554436 39.228867
    -96.554372 39.228755
    -96.552636 39.225362
    -96.551832 39.223651
    -96.5518 39.223541
    -96.551767 39.223432
    -96.551713 39.223247
    -96.551658 39.223062
    -96.55121 39.221549
    -96.550723 39.219806
    -96.550309 39.218003
    -96.550466 39.21667
    -96.550604 39.21578
    -96.550603 39.215683
    -96.550602 39.215586
    -96.550594 39.214871
    -96.550345 39.21312
    -96.549393 39.211464
    -96.549348 39.211383
    -96.548082 39.209073
    -96.547125 39.208352
    -96.546144 39.208292
    -96.545964 39.208311
    -96.543964 39.208417
    -96.542766 39.208947
    -96.54194 39.210183
    -96.54226 39.212094
    -96.541943 39.213486
    -96.540866 39.214279
    -96.540317 39.214512
    -96.539271 39.214845
    -96.538493 39.214834
    -96.536922 39.21419
    -96.535414 39.21264
    -96.535087 39.212594
    -96.53416 39.212459
    -96.533623 39.212408
    -96.532654 39.212464
    -96.532217 39.212483
    -96.531581 39.212497
    -96.531372 39.212492
    -96.531033 39.212462
    -96.530412 39.212403
    -96.5298 39.212081
    -96.52968 39.212017
    -96.527454 39.210843
    -96.527358 39.210793
    -96.526923 39.210562
    -96.526856 39.210482
    -96.526676 39.210264
    -96.526169 39.209724
    -96.525778 39.209403
    -96.525715 39.209352
    -96.522639 39.207816
    -96.521812 39.207395
    -96.521503 39.207177
    -96.521355 39.207098
    -96.519946 39.206207
    -96.518622 39.205132
    -96.518415 39.204465
    -96.518329 39.203877
    -96.518422 39.202999
    -96.518629 39.202522
    -96.519215 39.200987
    -96.519374 39.200327
    -96.519761 39.199272
    -96.519995 39.198957
    -96.520117 39.198811
    -96.520364 39.198517
    -96.5206 39.198308
    -96.520732 39.198193
    -96.521236 39.197896
    -96.522246 39.197619
    -96.523114 39.197551
    -96.52431 39.19776
    -96.525675 39.197622
    -96.525899 39.197548
    -96.526702 39.197285
    -96.527147 39.197286
    -96.527529 39.197287
    -96.527911 39.197288
    -96.527912 39.197288
    -96.538061 39.197322
    -96.538311 39.197382
    -96.539269 39.197617
    -96.54026 39.197814
    -96.541075 39.198018
    -96.541498 39.198092
    -96.541675 39.198076
    -96.541739 39.198122
    -96.542437 39.198633
    -96.543408 39.19878
    -96.544844 39.198574
    -96.546446 39.198216
    -96.547149 39.197968
    -96.547728 39.19772
    -96.547816 39.197683
    -96.54838 39.197448
    -96.549073 39.197119
    -96.549982 39.197098
    -96.551417 39.197377
    -96.553862 39.197941
    -96.555637 39.198294
    -96.55654 39.198473
    -96.557164 39.198598
    -96.557351 39.198636
    -96.55753 39.198702
    -96.557789 39.198635
    -96.55815 39.198444
    -96.558269 39.198382
    -96.558681 39.19815
    -96.558818 39.198083
    -96.558945 39.198016
    -96.5592 39.197891
    -96.559353 39.19782
    -96.559518 39.197758
    -96.560238 39.19741
    -96.560517 39.197121
    -96.560562 39.196693
    -96.560569 39.19663
    -96.560446 39.195977
    -96.560369 39.19573
    -96.560356 39.19569
    -96.560226 39.195269
    -96.560096 39.194849
    -96.560082 39.194804
    -96.559957 39.1944
    -96.559832 39.193996
    -96.559814 39.19394
    -96.559685 39.193528
    -96.55956 39.193118
    -96.558976 39.191237
    -96.55873 39.189852
    -96.558621 39.189323
    -96.558511 39.188782
    -96.558489 39.188672
    -96.55848 39.188628
    -96.558373 39.188097
    -96.558359 39.187996
    -96.558337 39.187833
    -96.558315 39.187667
    -96.558307 39.187612
    -96.558238 39.187094
    -96.558235 39.187062
    -96.558217 39.186931
    -96.558177 39.186639
    -96.558147 39.186396
    -96.558283 39.186176
    -96.558367 39.185921
    -96.558453 39.185607
    -96.558298 39.184461
    -96.558365 39.183888
    -96.558384 39.183718
    -96.558255 39.182686
    -96.557829 39.18147
    -96.557828 39.181467
    -96.557787 39.181413
    -96.557366 39.18086
    -96.556948 39.180532
    -96.556252 39.180093
    -96.556035 39.179952
    -96.555813 39.179809
    -96.5554 39.179545
    -96.554756 39.179134
    -96.554497 39.178925
    -96.554377 39.178835
    -96.55409 39.178605
    -96.554012 39.178532
    -96.553682 39.178463
    -96.553588 39.178487
    -96.553495 39.17851
    -96.553361 39.178544
    -96.55306 39.179054
    -96.552616 39.179808
    -96.552542 39.179852
    -96.550745 39.181305
    -96.549487 39.181807
    -96.546946 39.182394
    -96.546631 39.182455
    -96.546316 39.182516
    -96.545692 39.182636
    -96.543787 39.183007
    -96.542529 39.183245
    -96.541887 39.183354
    -96.5411 39.183491
    -96.540897 39.183513
    -96.540854 39.18352
    -96.540798 39.18353
    -96.539274 39.183813
    -96.537931 39.183787
    -96.537786 39.183782
    -96.536774 39.183746
    -96.534831 39.184017
    -96.533478 39.184297
    -96.532463 39.184458
    -96.530965 39.184658
    -96.529466 39.184858
    -96.52909 39.184883
    -96.528714 39.184908
    -96.528297 39.184939
    -96.527325 39.185249
    -96.526738 39.185569
    -96.525512 39.186237
    -96.522573 39.187316
    -96.520435 39.18778
    -96.520223 39.18782
    -96.518579 39.187767
    -96.516365 39.187152
    -96.516058 39.187067
    -96.51545 39.186591
    -96.51521 39.186266
    -96.514848 39.185561
    -96.514134 39.184489
    -96.514163 39.183351
    -96.51446 39.182178
    -96.514943 39.181203
    -96.516166 39.180017
    -96.51757 39.178819
    -96.517896 39.178222
    -96.518629 39.177378
    -96.518855 39.176868
    -96.518835 39.176109
    -96.519072 39.174811
    -96.519023 39.174184
    -96.518869 39.173493
    -96.518307 39.172612
    -96.517736 39.17192
    -96.516907 39.171289
    -96.5167 39.17113
    -96.516033 39.170875
    -96.514807 39.17057
    -96.514482 39.170548
    -96.51406 39.170528
    -96.513579 39.170376
    -96.513383 39.170314
    -96.513187 39.170251
    -96.512751 39.170113
    -96.512282 39.170098
    -96.511596 39.17008
    -96.510405 39.169952
    -96.509551 39.169742
    -96.508505 39.169438
    -96.50735 39.168952
    -96.506417 39.168478
    -96.506235 39.168385
    -96.504544 39.167897
    -96.503098 39.167644
    -96.501416 39.167494
    -96.501055 39.167475
    -96.500795 39.167464
    -96.500535 39.167452
    -96.50028 39.16744
    -96.499688 39.167714
    -96.499087 39.167678
    -96.498053 39.167581
    -96.496824 39.167676
    -96.496616 39.167695
    -96.496198 39.167733
    -96.49578 39.167771
    -96.495749 39.167774
    -96.495514 39.167823
    -96.495045 39.167911
    -96.494532 39.168067
    -96.494316 39.168133
    -96.49421 39.168184
    -96.493997 39.168285
    -96.493784 39.168387
    -96.493534 39.168507
    -96.493365 39.168629
    -96.492812 39.169028
    -96.492399 39.169391
    -96.492123 39.169636
    -96.49184 39.170145
    -96.491527 39.170803
    -96.491437 39.171765
    -96.49142 39.172864
    -96.491291 39.174212
    -96.491173 39.17481
    -96.491045 39.175262
    -96.490868 39.175801
    -96.490469 39.176522
    -96.490164 39.177104
    -96.489563 39.177681
    -96.488973 39.178176
    -96.488883 39.178227
    -96.488524 39.178469
    -96.487936 39.178774
    -96.487216 39.179115
    -96.487081 39.179186
    -96.486946 39.179258
    -96.486879 39.179264
    -96.486103 39.179327
    -96.484755 39.179302
    -96.483567 39.179159
    -96.481843 39.178791
    -96.480095 39.177705
    -96.479828 39.177584
    -96.478048 39.176184
    -96.477198 39.174741
    -96.476317 39.172501
    -96.476047 39.17109
    -96.476045 39.169921
    -96.476385 39.168679
    -96.476389 39.168669
    -96.476746 39.167655
    -96.477034 39.166525
    -96.476951 39.165274
    -96.476628 39.164578
    -96.476117 39.164293
    -96.475534 39.164138
    -96.475434 39.164146
    -96.474699 39.164197
    -96.474557 39.164231
    -96.473059 39.164552
    -96.472933 39.164594
    -96.472178 39.164845
    -96.472057 39.164895
    -96.470977 39.165345
    -96.469896 39.165991
    -96.469191 39.166349
    -96.468601 39.166474
    -96.467778 39.166477
    -96.466048 39.166371
    -96.46594 39.16638
    -96.465451 39.166422
    -96.464962 39.166466
    -96.464841 39.166477
    -96.46326 39.167187
    -96.463083 39.167269
    -96.461709 39.167904
    -96.460186 39.168796
    -96.46015 39.169267
    -96.460136 39.169469
    -96.460151 39.169555
    -96.460222 39.169907
    -96.460305 39.170274
    -96.460371 39.170708
    -96.460472 39.171021
    -96.461053 39.172588
    -96.461801 39.17324
    -96.462923 39.173949
    -96.463696 39.174789
    -96.464042 39.175395
    -96.464184 39.176157
    -96.464121 39.176968
    -96.463941 39.177619
    -96.463885 39.177729
    -96.463842 39.177818
    -96.463808 39.177884
    -96.463656 39.178175
    -96.463218 39.179014
    -96.462754 39.179526
    -96.462732 39.179551
    -96.462593 39.179718
    -96.462271 39.180078
    -96.461992 39.180335
    -96.461056 39.181112
    -96.460543 39.181616
    -96.459868 39.182669
    -96.459516 39.183707
    -96.459519 39.184468
    -96.459905 39.185688
    -96.460058 39.186009
    -96.460212 39.186292
    -96.460325 39.186358
    -96.460409 39.186438
    -96.460427 39.186455
    -96.460869 39.186894
    -96.461271 39.187285
    -96.461389 39.187629
    -96.460819 39.188778
    -96.4596 39.189871
    -96.458874 39.190157
    -96.458518 39.190296
    -96.458163 39.190436
    -96.45777 39.19059
    -96.456997 39.190685
    -96.456432 39.190756
    -96.455867 39.190826
    -96.455623 39.190857
    -96.455495 39.190857
    -96.452731 39.190863
    -96.449471 39.190634
    -96.446661 39.190425
    -96.446058 39.190439
    -96.444168 39.190126
    -96.441637 39.189603
    -96.440511 39.18937
    -96.439245 39.188991
    -96.437732 39.188539
    -96.437493 39.188482
    -96.436706 39.188293
    -96.435919 39.188104
    -96.435044 39.187894
    -96.433846 39.187453
    -96.431784 39.187036
    -96.430218 39.186358
    -96.428908 39.186197
    -96.423534 39.186056
    -96.423127 39.186046
    -96.42272 39.186035
    -96.416707 39.185877
    -96.414356 39.185524
    -96.41344 39.185292
    -96.412488 39.184959
    -96.412202 39.18486
    -96.411917 39.18476
    -96.411609 39.184652
    -96.411329 39.184561
    -96.408904 39.183773
    -96.40587 39.182706
    -96.403443 39.18174
    -96.402898 39.18152
    -96.400668 39.180618
    -96.400066 39.180359
    -96.399857 39.18027
    -96.399648 39.18018
    -96.398713 39.179701
    -96.397642 39.178891
    -96.396292 39.177722
    -96.394611 39.176831
    -96.393938 39.176308
    -96.392257 39.175171
    -96.391904 39.174932
    -96.391225 39.174659
    -96.390156 39.173861
    -96.389349 39.173147
    -96.389227 39.17305
    -96.388884 39.172724
    -96.388888 39.172397
    -96.388892 39.17207
    -96.388897 39.171729
    -96.388902 39.17139
    -96.388999 39.163176
    -96.389007 39.162699
    -96.389015 39.161972
    -96.389066 39.157807
    -96.389069 39.157546
    -96.389224 39.144834
    -96.389224 39.144746
    -96.389224 39.144659
    -96.38923 39.144238
    -96.389237 39.143817
    -96.389277 39.140452
    -96.389277 39.140451
    -96.389279 39.140402
    -96.389362 39.130209
    -96.390909 39.130219
    -96.390914 39.12949
    -96.390948 39.124997
    -96.390935 39.123699
    -96.39104 39.108531
    -96.39109 39.101644
    -96.391114 39.098291
    -96.391129 39.0962
    -96.391162 39.091556
    -96.391198 39.091543
    -96.391227 39.091509
    -96.391247 39.089915
    -96.39126 39.088968
    -96.391263 39.088701
    -96.391261 39.087124
    -96.391271 39.08683
    -96.391277 39.086678
    -96.39127 39.086525
    -96.391276 39.085785
    -96.391265 39.084585
    -96.391273 39.083443
    -96.391257 39.081475
    -96.391264 39.080351
    -96.391257 39.079888
    -96.391232 39.079498
    -96.391241 39.078811
    -96.391276 39.076199
    -96.39129 39.075122
    -96.391289 39.075097
    -96.391065 39.067549
    -96.391064 39.065839
    -96.391064 39.065812
    -96.391064 39.065789
    -96.391061 39.065613
    -96.391014 39.065542
    -96.390967 39.065487
    -96.390947 39.065459
    -96.390909 39.065263
    -96.390888 39.065156
    -96.390629 39.05774
    -96.390695 39.05772
    -96.390725 39.057655
    -96.390726 39.057474
    -96.390729 39.056468
    -96.390764 39.049402
    -96.390765 39.049307
    -96.390766 39.049248
    -96.390766 39.049234
    -96.390766 39.049201
    -96.390768 39.048818
    -96.390793 39.043869
    -96.390796 39.043257
    -96.394975 39.043239
    -96.397481 39.043232
    -96.398177 39.043238
    -96.399182 39.043246
    -96.399385 39.043247
    -96.400019 39.043252
    -96.402731 39.043253
    -96.404142 39.043249
    -96.404903 39.043247
    -96.405687 39.043267
    -96.409103 39.043273
    -96.412287 39.043302
    -96.414245 39.043314
    -96.416277 39.04332
    -96.417382 39.043339
    -96.417603 39.043343
    -96.419128 39.043347
    -96.422377 39.043374
    -96.422746 39.043402
    -96.422936 39.043403
    -96.426554 39.043431
    -96.42806 39.043443
    -96.428132 39.043444
    -96.433085 39.043521
    -96.437275 39.043552
    -96.440313 39.043548
    -96.443351 39.043545
    -96.451661 39.043534
    -96.463234 39.043522
    -96.466149 39.043518
    -96.474163 39.043509
    -96.479019 39.043503
    -96.482442 39.043511
    -96.493282 39.04354
    -96.493306 39.04354
    -96.496336 39.043603
    -96.499041 39.043648
    -96.500278 39.043669
    -96.500949 39.043667
    -96.501174 39.043666
    -96.501174 39.045447
    -96.501174 39.05079
    -96.501174 39.052571
    -96.501174 39.053646
    -96.501175 39.056871
    -96.501176 39.057946
    -96.501176 39.058373
    -96.501176 39.059654
    -96.501176 39.060082
    -96.501162 39.063812
    -96.501162 39.065149
    -96.501151 39.065391
    -96.501097 39.066485
    -96.501098 39.066519
    -96.501103 39.066798
    -96.501104 39.066881
    -96.501116 39.067922
    -96.501117 39.06797
    -96.501145 39.069409
    -96.501139 39.069644
    -96.501147 39.070271
    -96.501172 39.072154
    -96.501181 39.072782
    -96.503486 39.072785
    -96.510401 39.072797
    -96.512706 39.072801
    -96.514098 39.072802
    -96.518275 39.072808
    -96.519668 39.072811
    -96.51973 39.07281
    -96.519919 39.072808
    -96.519982 39.072808
    -96.52037 39.072809
    -96.520527 39.072809
    -96.522343 39.072812
    -96.529428 39.072826
    -96.53179 39.072831
    -96.533062 39.072833
    -96.536881 39.07284
    -96.538154 39.072843
    -96.538221 39.072843
    -96.538422 39.072843
    -96.538489 39.072844
    -96.540513 39.072847
    -96.546588 39.072856
    -96.548613 39.07286
    -96.550004 39.072862
    -96.554177 39.072868
    -96.555569 39.072871
    -96.556524 39.072872
    -96.559389 39.072877
    -96.560345 39.072879
    -96.561916 39.072882
    -96.56663 39.072892
    -96.568202 39.072896
    -96.569118 39.072896
    -96.571869 39.072899
    -96.572786 39.0729
    -96.573799 39.072902
    -96.576838 39.072911
    -96.577852 39.072914
    -96.578247 39.072915
    -96.579433 39.072918
    -96.579829 39.07292
    -96.580304 39.07292
    -96.581732 39.072921
    -96.582208 39.072922
    -96.58259 39.072921
    -96.583737 39.072921
    -96.58412 39.072921
    -96.584353 39.072921
    -96.585056 39.072921
    -96.58529 39.072922
    -96.585343 39.072922
    -96.585505 39.072922
    -96.585559 39.072922
    -96.585651 39.072922
    -96.58593 39.072922
    -96.586023 39.072923
    -96.586146 39.072923
    -96.586516 39.072923
    -96.58664 39.072924
    -96.587639 39.072925
    -96.590639 39.072931
    -96.591639 39.072933
    -96.59253 39.072934
    -96.595204 39.072938
    -96.596096 39.07294
    -96.596124 39.07294
    -96.59621 39.07294
    -96.596239 39.07294
    -96.596694 39.07294
    -96.59806 39.072943
    -96.598516 39.072944
    -96.600081 39.072946
    -96.604778 39.072955
    -96.606344 39.072958
    -96.608041 39.07296
    -96.613135 39.072966
    -96.614833 39.072969
    -96.614952 39.072967
    -96.615313 39.072963
    -96.615433 39.072962
    -96.619117 39.072969
    -96.625281 39.072983
    -96.630171 39.073006
    -96.633856 39.073024
    -96.634247 39.073025
    -96.63542 39.073029
    -96.635812 39.073031
    -96.635977 39.073032
    -96.636188 39.073035
    -96.636472 39.073037
    -96.636638 39.073039
    -96.637283 39.073044
    -96.639221 39.073061
    -96.639867 39.073067
    -96.648952 39.073145
    -96.648993 39.073145
    -96.649036 39.073145
    -96.656288 39.073133
    -96.656474 39.073127
    -96.660369 39.073162
    -96.670451 39.073253
    -96.672056 39.073267
    -96.675952 39.073302
    -96.676658 39.073307
    -96.678778 39.073324
    -96.679485 39.07333
    -96.679886 39.073333
    -96.681091 39.073342
    -96.681493 39.073345
    -96.68169 39.073345
    -96.682282 39.073346
    -96.68248 39.073347
    -96.683589 39.073349
    -96.686919 39.073355
    -96.688029 39.073357
    -96.68899 39.073347
    -96.691875 39.073319
    -96.692837 39.07331
    -96.693881 39.073298
    -96.697013 39.073264
    -96.698058 39.073253
    -96.698802 39.073245
    -96.701036 39.073222
    -96.701781 39.073215
    -96.702624 39.073206
    -96.705154 39.07318
    -96.705998 39.073172
    -96.706024 39.074303
    -96.706102 39.077699
    -96.706129 39.078831
    -96.706137 39.079198
    -96.706156 39.079994
    -96.706156 39.080302
    -96.706157 39.080671
    -96.706156 39.081436
    -96.706243 39.083114
    -96.706226 39.083192
    -96.70622 39.083353
    -96.706219 39.083354
    -96.706216 39.083427
    -96.706208 39.083651
    -96.706211 39.084833
    -96.706203 39.085187
    -96.706195 39.08551
    -96.706196 39.085512
    -96.70619 39.085791
    -96.706157 39.085962
    -96.706156 39.086034
    -96.706156 39.086035
    -96.706156 39.086275
    -96.706062 39.09084
    -96.706053 39.090872
    -96.706049 39.090887
    -96.706063 39.091073
    -96.706075 39.091234
    -96.706077 39.09126
    -96.7063 39.091136
    -96.706339 39.091117
    -96.706666 39.090978
    -96.706827 39.090907
    -96.706949 39.090855
    -96.707079 39.090816
    -96.70711 39.090789
    -96.70718 39.090742
    -96.707571 39.090547
    -96.707616 39.090537
    -96.707707 39.090524
    -96.707928 39.090467
    -96.708245 39.090407
    -96.708377 39.090371
    -96.708459 39.090337
    -96.708669 39.09026
    -96.708713 39.090248
    -96.708795 39.090214
    -96.708882 39.090189
    -96.708937 39.090181
    -96.709066 39.090163
    -96.709459 39.090092
    -96.709611 39.090066
    -96.709936 39.090042
    -96.710305 39.089999
    -96.710486 39.089965
    -96.710614 39.089921
    -96.710787 39.089868
    -96.71095 39.089798
    -96.711009 39.089779
    -96.711079 39.089758
    -96.711523 39.089648
    -96.711567 39.089637
    -96.711653 39.089608
    -96.711792 39.089552
    -96.712724 39.089573
    -96.713148 39.089638
    -96.713999 39.089739
    -96.714145 39.089763
    -96.715431 39.090321
    -96.716802 39.090895
    -96.718297 39.091299
    -96.719209 39.091443
    -96.72014 39.091399
    -96.720781 39.091486
    -96.722124 39.091363
    -96.723183 39.091086
    -96.724296 39.090564
    -96.7247 39.0903
    -96.724827 39.090216
    -96.724969 39.090124
    -96.725229 39.089996
    -96.725367 39.089929
    -96.725558 39.089835
    -96.725707 39.08973
    -96.726242 39.089357
    -96.72664 39.089259
    -96.726751 39.089208
    -96.727112 39.089047
    -96.727605 39.088825
    -96.728103 39.088418
    -96.728177 39.088358
    -96.728561 39.087749
    -96.729117 39.087179
    -96.730373 39.085699
    -96.73059 39.085444
    -96.731042 39.084725
    -96.731095 39.084641
    -96.731248 39.084492
    -96.731321 39.084422
    -96.731525 39.084062
    -96.73179 39.083731
    -96.731891 39.083607
    -96.731954 39.083468
    -96.732006 39.083353
    -96.732061 39.083233
    -96.732262 39.08309
    -96.732366 39.083018
    -96.732908 39.082635
    -96.732987 39.08258
    -96.733811 39.081673
    -96.734296 39.081213
    -96.734427 39.081091
    -96.734641 39.080774
    -96.734678 39.080679
    -96.734747 39.080501
    -96.735021 39.080213
    -96.735235 39.080047
    -96.735545 39.079808
    -96.735865 39.079663
    -96.736231 39.079641
    -96.736769 39.079852
    -96.737488 39.080375
    -96.737747 39.080564
    -96.738154 39.080918
    -96.738756 39.081443
    -96.739189 39.081821
    -96.739593 39.082062
    -96.740352 39.082231
    -96.740771 39.082216
    -96.740926 39.082186
    -96.7414 39.082097
    -96.741678 39.081942
    -96.741856 39.081941
    -96.742124 39.08194
    -96.742393 39.081938
    -96.742572 39.081938
    -96.742915 39.081931
    -96.743285 39.081925
    -96.743274 39.082585
    -96.743269 39.082929
    -96.743226 39.085673
    -96.743193 39.087812
    -96.749289 39.087946
    -96.750285 39.087969
    -96.752034 39.087981
    -96.752784 39.087986
    -96.755035 39.088001
    -96.755696 39.088006
    -96.755767 39.088006
    -96.755786 39.088006
    -96.755814 39.088006
    -96.755857 39.088007
    -96.755899 39.088007
    -96.755928 39.088008
    -96.755996 39.088008
    -96.756203 39.088009
    -96.756272 39.08801
    -96.756342 39.08801
    -96.756448 39.088011
    -96.756552 39.088011
    -96.756623 39.088012
    -96.756631 39.088012
    -96.756655 39.088012
    -96.756664 39.088012
    -96.757216 39.088017
    -96.758373 39.088024
    -96.758406 39.088025
    -96.76147 39.088048
    -96.762311 39.088052
    -96.764744 39.088069
    -96.772044 39.088122
    -96.774478 39.08814
    -96.77466 39.088139
    -96.775207 39.088138
    -96.77539 39.088138
    -96.776658 39.088154
    -96.776759 39.088155
    -96.776924 39.088156
    -96.777144 39.088154
    -96.778852 39.08817
    -96.779211 39.088172
    -96.779554 39.088175
    -96.779771 39.088178
    -96.782226 39.088165
    -96.783553 39.088157
    -96.783583 39.088157
    -96.784676 39.088163
    -96.78621 39.088169
    -96.787039 39.088179
    -96.797475 39.088185
    -96.799003 39.088192
    -96.802253 39.088208
    -96.803607 39.088215
    -96.804978 39.088222
    -96.805245 39.088222
    -96.80594 39.088226
    -96.805961 39.088226
    -96.806509 39.088228
    -96.806528 39.088229
    -96.806591 39.08823
    -96.806621 39.088229
    -96.808124 39.088221
    -96.808663 39.088218
    -96.811152 39.088203
    -96.811782 39.088205
    -96.81186 39.088203
    -96.811884 39.088202
    -96.812152 39.088204
    -96.813166 39.088199
    -96.813785 39.088195
    -96.814038 39.088194
    -96.815327 39.088205
    -96.81535 39.088204
    -96.815475 39.088205
    -96.815839 39.088206
    -96.816064 39.088204
    -96.816329 39.088205
    -96.817965 39.088213
    -96.81852 39.088217
    -96.820637 39.088224
    -96.82066 39.088224
    -96.82114 39.088226
    -96.822062 39.088229
    -96.822083 39.088229
    -96.822772 39.088251
    -96.822847 39.088254
    -96.823407 39.08827
    -96.823875 39.088283
    -96.824149 39.088287
    -96.825009 39.088289
    -96.826386 39.088296
    -96.8316 39.088318
    -96.835304 39.088335
    -96.836099 39.088338
    -96.836484 39.08834
    -96.836869 39.088341
    -96.849284 39.088373
    -96.849344 39.088373
    -96.849524 39.088375
    -96.849585 39.088376
    -96.851111 39.088386
    -96.851076 39.089444
    -96.850971 39.092689
    -96.850951 39.093308
    -96.850941 39.094206
    -96.850895 39.097855
    -96.85091 39.098362
    -96.850991 39.101307
    -96.846674 39.106888
    -96.846485 39.107082
    -96.845774 39.10793
    -96.843278 39.11124
    -96.842059 39.112819
    -96.840762 39.114527
    -96.840069 39.115438
    -96.839857 39.115719
    -96.838568 39.117435
    -96.83762 39.118711
    -96.837457 39.118922
    -96.837208 39.119244
    -96.83601 39.120805
    -96.83537 39.121638
    -96.834496 39.122912
    -96.834046 39.12368
    -96.833793 39.124111
    -96.833334 39.125023
    -96.832994 39.125699
    -96.832553 39.126724
    -96.832519 39.126803
    -96.832297 39.127396
    -96.832105 39.127907
    -96.832047 39.128116
    -96.831684 39.129414
    -96.831262 39.131109
    -96.831155 39.131854
    -96.83114 39.131955
    -96.831126 39.132048
    -96.831125 39.132048
    -96.831124 39.132048
    -96.831115 39.132131
    -96.831057 39.132711
    -96.830967 39.135492
    -96.830975 39.138137
    -96.830985 39.139228
    -96.831949 39.139254
    -96.831958 39.139255
    -96.833127 39.139265
    -96.835558 39.139244
    -96.836488 39.13925
    -96.839641 39.1393
    -96.840039 39.139285
    -96.840297 39.139264
    -96.840416 39.139248
    -96.84044 39.139244
    -96.84044 39.139243
    -96.84044 39.139242
    -96.84044 39.139241
    -96.84044 39.13924
    -96.840673 39.139213
    -96.841255 39.139175
    -96.846033 39.139264
    -96.846064 39.139264
    -96.84967 39.13928
    -96.849684 39.140752
    -96.84967 39.142007
    -96.849736 39.145339
    -96.849768 39.146224
    -96.849772 39.146481
    -96.849778 39.146778
    -96.849787 39.147276
    -96.849798 39.147611
    -96.849811 39.148021
    -96.849788 39.148244
    -96.849811 39.149058
    -96.849849 39.149581
    -96.849864 39.14962
    -96.849882 39.150174
    -96.849893 39.151429
    -96.849894 39.151453
    -96.849852 39.152945
    -96.849848 39.15387
    -96.849847 39.15401
    -96.849841 39.155275
    -96.849828 39.157997
    -96.849825 39.158579
    -96.849797 39.161087
    -96.849764 39.161997
    -96.84974 39.162437
    -96.849637 39.164365
    -96.849598 39.16603
    -96.849564 39.168412
    -96.849593 39.171308
    -96.849602 39.174594
    -96.849613 39.175607
    -96.849615 39.175964
    -96.849618 39.176523
    -96.849647 39.181339
    -96.849674 39.182378
    -96.849749 39.183358
    -96.849752 39.184036
    -96.849749 39.184285
    -96.849743 39.18486
    -96.849774 39.18651
    -96.849807 39.187134
    -96.849834 39.18763
    -96.849889 39.189519
    -96.849882 39.189695
    -96.849867 39.190072
    -96.849856 39.190354
    -96.849855 39.190356
    -96.849855 39.190367
    -96.849807 39.191001
    -96.849807 39.191003
    -96.849748 39.191792
    -96.849747 39.191811
    -96.849741 39.193182
    -96.849786 39.195134
    -96.849788 39.196855
    -96.849789 39.196869
    -96.849796 39.200553
    -96.849797 39.200912
    -96.849798 39.201487
    -96.849795 39.20152
    -96.849794 39.20152
    -96.849786 39.201628
    -96.849785 39.201628
    -96.849785 39.201652
    -96.849815 39.202758
    -96.84982 39.203271
    -96.849863 39.207888
    -96.849864 39.207897
    -96.849875 39.209109
    -96.849878 39.209419
    -96.849841 39.21233
    -96.849856 39.215546
    -96.849875 39.218541
    -96.849876 39.218543
    -96.849879 39.219012
    -96.85192 39.219022
    -96.853944 39.219041
    -96.859388 39.219091
    -96.865007 39.21916
    -96.866122 39.219174
    -96.867897 39.219196
    -96.871281 39.219227
    -96.871307 39.219227
    -96.871663 39.21923
    -96.872029 39.219233
    -96.875964 39.219237
    -96.877142 39.219249
    -96.878359 39.21926
    -96.878368 39.219261
    -96.881216 39.219281
    -96.885897 39.219352
    -96.887219 39.21936
    -96.887253 39.219361
    -96.88826 39.219369
    -96.888647 39.219369
    -96.895962 39.21937
    -96.89597 39.21937
    -96.896415 39.21937
    -96.896421 39.21937
    -96.897208 39.21937
    -96.897209 39.219369
    -96.897209 39.219368
    -96.897644 39.219368
    -96.89959 39.21936
    -96.89961 39.219359
    -96.89961 39.219358
    -96.90013 39.219357
    -96.900131 39.219357
    -96.900132 39.219357
    -96.900621 39.219355
    -96.901908 39.219349
    -96.902823 39.21936
    -96.9031 39.219374
    -96.903109 39.219374
    -96.90311 39.219374
    -96.903263 39.219383
    -96.90336 39.219399
    -96.905548 39.219439
    -96.90558 39.21944
    -96.90655 39.219455
    -96.90946 39.219502
    -96.91043 39.219518
    -96.911103 39.219529
    -96.913124 39.219562
    -96.913798 39.219574
    -96.913856 39.219575
    -96.914033 39.219578
    -96.914092 39.219579
    -96.914994 39.219593
    -96.917701 39.219637
    -96.918604 39.219652
    -96.918887 39.219657
    -96.919739 39.219673
    -96.920023 39.219679
    -96.920314 39.219684
    -96.921186 39.219701
    -96.921478 39.219707
    -96.921995 39.219715
    -96.923548 39.219739
    -96.924066 39.219747
    -96.924738 39.219758
    -96.926754 39.219792
    -96.927426 39.219804
    -96.93217 39.219741
    -96.932916 39.219726
    -96.933573 39.219722
    -96.933897 39.219717
    -96.934136 39.219725
    -96.934297 39.219731
    -96.936668 39.219808
    -96.939039 39.219886
    -96.941315 39.219965
    -96.941329 39.219965
    -96.943035 39.220023
    -96.94304 39.220024
    -96.943181 39.220029
    -96.943238 39.22003
    -96.944852 39.220072
    -96.945227 39.220088
    -96.94547 39.220098
    -96.945712 39.220108
    -96.94594 39.220118
    -96.945973 39.220119
    -96.945978 39.220119
    -96.947021 39.220149
    -96.947023 39.220149
    -96.947055 39.22015
    -96.947883 39.220156
    -96.950545 39.22004
    -96.95247 39.219988
    -96.954197 39.220007
    -96.956568 39.220025
    -96.961387 39.220073
    -96.961397 39.220747
    -96.961499 39.227328
    -96.961611 39.235187
    -96.961612 39.235268
    -96.961617 39.23566
    -96.961634 39.236838
    -96.96164 39.237231
    -96.961653 39.238162
    -96.961692 39.240958
    -96.961706 39.24189
    -96.961707 39.241964
    -96.96169 39.242412
    -96.96163 39.243979
    -96.961611 39.244502
    -96.961595 39.244921
    -96.961546 39.246181
    -96.961531 39.246601
    -96.961509 39.247155
    -96.961446 39.248819
    -96.961426 39.249374
    -96.961402 39.249995
    -96.9614 39.250393
    -96.961392 39.252715
    -96.961383 39.253451
    -96.961372 39.254471
    -96.961365 39.254564
    -96.961346 39.254843
    -96.96134 39.254937
    -96.961338 39.25501
    -96.961334 39.255229
    -96.961333 39.255303
    -96.961328 39.255742
    -96.961312 39.257061
    -96.961308 39.257501
    -96.961307 39.257584
    -96.961303 39.257833
    -96.961303 39.257917
    -96.961297 39.258525
    -96.961294 39.258887
    -96.961275 39.261799
    -96.96127 39.26277
    -96.961269 39.262892
    -96.961266 39.263261
    -96.961266 39.263384
    -96.961244 39.267211
    -96.961252 39.277483
    -96.96125 39.278114
    -96.961186 39.280491
    -96.961176 39.280869
    -96.961174 39.280917
    -96.961171 39.28106
    -96.96117 39.281109
    -96.961169 39.28113
    -96.961167 39.281196
    -96.961167 39.281218
    -96.961165 39.281287
    -96.961165 39.281304
    -96.961137 39.281492
    -96.961127 39.281561
    -96.961118 39.281618
    -96.961095 39.281773
    -96.961094 39.281791
    -96.961093 39.28185
    -96.961067 39.282676
    -96.960993 39.285157
    -96.960968 39.285984
    -96.960963 39.286126
    -96.960951 39.286555
    -96.960947 39.286698
    -96.960961 39.28684
    -96.960968 39.286974
    -96.961016 39.287803
    -96.961032 39.28808
    -96.961037 39.288182
    -96.961055 39.288488
    -96.961061 39.28859
    -96.961046 39.288731
    -96.961 39.289157
    -96.960986 39.2893
    -96.96104 39.29089
    -96.961042 39.291067
    -96.96105 39.291706
    -96.96108 39.292553
    -96.96109 39.293151
    -96.961053 39.296025
    -96.961054 39.297013
    -96.961022 39.299716
    -96.960949 39.304563
    -96.961036 39.30525
    -96.96091 39.30676
    -96.9609 39.30728
    -96.960901 39.307311
    -96.960898 39.307427
    -96.960881 39.309537
    -96.960881 39.309715
    -96.960878 39.31125
    -96.960895 39.313089
    -96.960857 39.313483
    -96.960821 39.314
    -96.960827 39.314088
    -96.960864 39.314195
    -96.960909 39.314487
    -96.960933 39.3147
    -96.960874 39.317658
    -96.960871 39.321316
    -96.960871 39.321325
    -96.960917 39.321872
    -96.960887 39.32727
    -96.960891 39.33404
    -96.960893 39.334797
    -96.960892 39.334854
    -96.960875 39.335814
    -96.960884 39.341923
    -96.960815 39.346557
    -96.960848 39.3469
    -96.960884 39.347285
    -96.960826 39.350416
    -96.96084 39.357725
    -96.960922 39.358068
    -96.960934 39.358166
    -96.960941 39.358243
    -96.960929 39.358539
    -96.960866 39.358842
    -96.960854 39.364982
    -96.960964 39.368907
    -96.960963 39.368988
    -96.960884 39.368986
    -96.9609 39.371192
    -96.96087 39.374989
    -96.960871 39.375316
    -96.96087 39.375652
    -96.960867 39.379059
    -96.960885 39.379156
    -96.960907 39.379232
    -96.96084 39.381659
    -96.960731 39.386308
    -96.960703 39.387521
    -96.960695 39.391103
    -96.960694 39.391823
    -96.9607 39.394225
    -96.960649 39.394443
    -96.960524 39.39504
    -96.960693 39.395092
    -96.960695 39.395094
    -96.960697 39.395094
    -96.960801 39.400079
    -96.960912 39.406142
    -96.960949 39.407777
    -96.960951 39.408775
    -96.960953 39.410342
    -96.960957 39.412843
    -96.960943 39.416107
    -96.960942 39.417109
    -96.960939 39.41804
    -96.960931 39.419365
    -96.960918 39.420864
    -96.960909 39.421494
    -96.960892 39.422122
    -96.960885 39.42294
    -96.960861 39.423304
    -96.960826 39.430144
    -96.960824 39.430534
    -96.960783 39.436244
    -96.960772 39.437838
    -96.960744 39.438986
    -96.960632 39.44197
    -96.960615 39.4424
    -96.960566 39.443693
    -96.96055 39.444124
    -96.960529 39.444692
    -96.960479 39.445781
    -96.960376 39.448089
    -96.96029 39.450754
    -96.960275 39.451225
    -96.960257 39.452413
END
END
