30005 Blaine County
1
    -108.411263 48.444981
    -108.411262 48.444892
    -108.411262 48.444804
    -108.411255 48.443796
    -108.411236 48.441009
    -108.411233 48.440243
    -108.411229 48.439059
    -108.411228 48.438932
    -108.411225 48.438553
    -108.411225 48.438427
    -108.411223 48.437846
    -108.411219 48.436103
    -108.411218 48.435523
    -108.411212 48.43423
    -108.411194 48.430351
    -108.411188 48.429059
    -108.411181 48.428766
    -108.41116 48.427889
    -108.411154 48.427597
    -108.411154 48.427588
    -108.411154 48.427561
    -108.411154 48.427553
    -108.411156 48.426839
    -108.411161 48.425791
    -108.411166 48.424699
    -108.411168 48.424275
    -108.411169 48.423986
    -108.41117 48.423786
    -108.411181 48.420657
    -108.41122 48.410673
    -108.411232 48.407746
    -108.411234 48.407345
    -108.411227 48.406626
    -108.411209 48.40447
    -108.411203 48.403752
    -108.411202 48.40368
    -108.411206 48.4027
    -108.41122 48.399544
    -108.411225 48.398492
    -108.41123 48.397136
    -108.411249 48.39307
    -108.411255 48.391715
    -108.411264 48.389625
    -108.411269 48.388641
    -108.411292 48.383355
    -108.411302 48.381265
    -108.411326 48.376215
    -108.411327 48.37588
    -108.411332 48.374997
    -108.411264 48.359726
    -108.411241 48.354342
    -108.411244 48.349458
    -108.411253 48.335694
    -108.411257 48.327526
    -108.411258 48.327507
    -108.411278 48.323679
    -108.411278 48.32361
    -108.411274 48.315983
    -108.411134 48.314244
    -108.41097 48.3122
    -108.411195 48.309027
    -108.411271 48.307961
    -108.411275 48.307286
    -108.411297 48.30613
    -108.411312 48.305388
    -108.411367 48.302675
    -108.411426 48.299697
    -108.411464 48.2978
    -108.411457 48.297347
    -108.411437 48.29599
    -108.411431 48.295538
    -108.411438 48.294523
    -108.411457 48.292
    -108.41146 48.291481
    -108.411468 48.290467
    -108.41146 48.288023
    -108.411439 48.280694
    -108.411433 48.278365
    -108.411433 48.278251
    -108.411432 48.278174
    -108.411432 48.278134
    -108.411432 48.278097
    -108.411431 48.277785
    -108.411431 48.277753
    -108.411431 48.277669
    -108.411426 48.27617
    -108.41142 48.273982
    -108.411414 48.271778
    -108.411413 48.271672
    -108.411409 48.270174
    -108.411404 48.268458
    -108.411389 48.263312
    -108.411385 48.261597
    -108.411384 48.261356
    -108.411383 48.261051
    -108.411382 48.26086
    -108.411382 48.260669
    -108.411381 48.260636
    -108.411381 48.260396
    -108.41138 48.260112
    -108.411379 48.259752
    -108.411377 48.25926
    -108.411377 48.259108
    -108.411377 48.259042
    -108.411377 48.258977
    -108.411376 48.258745
    -108.411374 48.258049
    -108.411374 48.257817
    -108.411373 48.257608
    -108.411361 48.253279
    -108.411353 48.249996
    -108.411289 48.239668
    -108.411261 48.235132
    -108.41126 48.235
    -108.411258 48.23272
    -108.411258 48.232589
    -108.411258 48.229085
    -108.41128 48.225485
    -108.411295 48.223074
    -108.411305 48.222518
    -108.411316 48.221991
    -108.411338 48.220852
    -108.411348 48.220335
    -108.411349 48.220297
    -108.411352 48.220126
    -108.411362 48.219613
    -108.411366 48.219443
    -108.4115 48.219442
    -108.411904 48.219442
    -108.412039 48.219442
    -108.4164 48.219442
    -108.425399 48.219443
    -108.425838 48.219443
    -108.426452 48.219443
    -108.429486 48.219443
    -108.433848 48.219443
    -108.433851 48.217835
    -108.433852 48.217596
    -108.433863 48.213013
    -108.433867 48.211406
    -108.433868 48.211093
    -108.433881 48.205998
    -108.433886 48.20404
    -108.433921 48.189775
    -108.433935 48.184368
    -108.433936 48.183922
    -108.433938 48.182587
    -108.43394 48.182142
    -108.43394 48.182032
    -108.43394 48.181705
    -108.433941 48.181596
    -108.433944 48.180119
    -108.433955 48.175687
    -108.433959 48.174211
    -108.433961 48.173175
    -108.433969 48.170067
    -108.433972 48.169032
    -108.433994 48.160039
    -108.433998 48.15855
    -108.434005 48.155816
    -108.434026 48.147408
    -108.434062 48.133061
    -108.434083 48.124996
    -108.434166 48.124073
    -108.434172 48.124005
    -108.434204 48.119071
    -108.434193 48.118917
    -108.434172 48.118631
    -108.434173 48.100488
    -108.434174 48.093393
    -108.434175 48.084556
    -108.434174 48.08149
    -108.434175 48.072113
    -108.434177 48.068688
    -108.434177 48.065639
    -108.434178 48.065232
    -108.434178 48.065039
    -108.43418 48.056353
    -108.434181 48.050291
    -108.434181 48.047667
    -108.434181 48.047589
    -108.434181 48.047357
    -108.434181 48.04728
    -108.434181 48.047164
    -108.434181 48.046817
    -108.434182 48.046702
    -108.434182 48.046545
    -108.434182 48.044212
    -108.434183 48.036745
    -108.434184 48.034256
    -108.434184 48.033738
    -108.434184 48.027875
    -108.434188 48.010017
    -108.434188 48.008735
    -108.43419 48.003657
    -108.434189 48.002655
    -108.434189 48.002355
    -108.434189 48.002183
    -108.434192 48.001668
    -108.434193 48.001497
    -108.4342 47.999996
    -108.434195 47.999602
    -108.434193 47.999324
    -108.434138 47.993917
    -108.434119 47.992023
    -108.434118 47.991948
    -108.434116 47.991725
    -108.434116 47.991651
    -108.434053 47.985341
    -108.434049 47.984999
    -108.434009 47.980905
    -108.433966 47.976552
    -108.445466 47.976979
    -108.452114 47.977226
    -108.463831 47.97768
    -108.498984 47.979043
    -108.500702 47.97911
    -108.506562 47.97929
    -108.510705 47.979418
    -108.51211 47.979468
    -108.516326 47.97962
    -108.517732 47.979671
    -108.517863 47.979676
    -108.519645 47.979738
    -108.525385 47.979939
    -108.526824 47.97999
    -108.527299 47.980007
    -108.527346 47.980008
    -108.527488 47.980013
    -108.527536 47.980015
    -108.531278 47.980146
    -108.542504 47.980539
    -108.546247 47.980671
    -108.548408 47.980739
    -108.554891 47.980946
    -108.556898 47.98101
    -108.557053 47.981016
    -108.565539 47.981347
    -108.565787 47.981357
    -108.5679 47.981491
    -108.56969 47.981636
    -108.571055 47.981997
    -108.572578 47.982453
    -108.573601 47.983004
    -108.574587 47.983508
    -108.575757 47.983742
    -108.576438 47.984064
    -108.578178 47.984558
    -108.579302 47.984841
    -108.580944 47.984844
    -108.5824 47.985027
    -108.583373 47.985506
    -108.584341 47.985824
    -108.58604 47.986132
    -108.58754 47.986604
    -108.589267 47.987831
    -108.589709 47.988065
    -108.590485 47.988477
    -108.591784 47.989008
    -108.592793 47.989865
    -108.594179 47.990476
    -108.596027 47.991363
    -108.596778 47.991998
    -108.597043 47.99221
    -108.597085 47.992244
    -108.597457 47.992271
    -108.59815 47.992205
    -108.598436 47.992158
    -108.598842 47.992092
    -108.599808 47.991926
    -108.600538 47.991916
    -108.601612 47.991749
    -108.602609 47.991485
    -108.602801 47.991435
    -108.603648 47.991327
    -108.604009 47.99135
    -108.604489 47.99138
    -108.604772 47.991376
    -108.605519 47.991366
    -108.606139 47.99127
    -108.607059 47.991226
    -108.607096 47.991225
    -108.607815 47.991109
    -108.608027 47.991075
    -108.608398 47.990275
    -108.609785 47.987294
    -108.610248 47.986301
    -108.610485 47.985783
    -108.610671 47.985381
    -108.611177 47.984221
    -108.611385 47.983747
    -108.611407 47.9837
    -108.612735 47.980812
    -108.616614 47.972381
    -108.616719 47.972151
    -108.618048 47.969264
    -108.618516 47.968244
    -108.619924 47.965187
    -108.620393 47.964168
    -108.620431 47.964083
    -108.620548 47.963832
    -108.620587 47.963748
    -108.623026 47.958445
    -108.623447 47.95753
    -108.624054 47.946707
    -108.624371 47.941052
    -108.624698 47.935225
    -108.62478 47.934109
    -108.624794 47.93392
    -108.62506 47.930764
    -108.625155 47.92965
    -108.625172 47.929448
    -108.625224 47.928842
    -108.62523 47.928775
    -108.625241 47.928641
    -108.625374 47.927079
    -108.625547 47.925049
    -108.625648 47.922386
    -108.625708 47.92082
    -108.626414 47.920949
    -108.627073 47.920973
    -108.62814 47.921058
    -108.629063 47.921136
    -108.630183 47.921477
    -108.630778 47.921849
    -108.631649 47.922504
    -108.631801 47.922618
    -108.632256 47.92312
    -108.632823 47.923323
    -108.633461 47.922985
    -108.63458 47.922739
    -108.635767 47.922838
    -108.637272 47.923272
    -108.63798 47.923835
    -108.638411 47.923855
    -108.638435 47.923347
    -108.638418 47.922647
    -108.638732 47.92171
    -108.63898 47.921079
    -108.639588 47.920936
    -108.641603 47.92117
    -108.642247 47.921589
    -108.643148 47.921732
    -108.644072 47.921319
    -108.64446 47.921049
    -108.645428 47.921014
    -108.646386 47.921035
    -108.647163 47.920994
    -108.647344 47.921017
    -108.647955 47.921097
    -108.648718 47.921
    -108.649527 47.92086
    -108.650065 47.920767
    -108.651166 47.920795
    -108.652025 47.920664
    -108.65288 47.920413
    -108.653604 47.920417
    -108.654614 47.920393
    -108.655724 47.920259
    -108.656438 47.920621
    -108.65665 47.920981
    -108.657174 47.921361
    -108.657208 47.921771
    -108.657644 47.922474
    -108.657995 47.923162
    -108.658174 47.92415
    -108.659083 47.924108
    -108.659767 47.924212
    -108.66035 47.924568
    -108.660683 47.924966
    -108.66109 47.925493
    -108.661736 47.925477
    -108.662376 47.925244
    -108.663079 47.925099
    -108.664064 47.924259
    -108.664929 47.923396
    -108.665063 47.923165
    -108.665274 47.922804
    -108.66542 47.922408
    -108.665702 47.922703
    -108.665995 47.922949
    -108.666298 47.923106
    -108.666743 47.923197
    -108.667473 47.923196
    -108.66826 47.923114
    -108.669155 47.922991
    -108.670157 47.922891
    -108.670831 47.923036
    -108.671306 47.923385
    -108.671622 47.923598
    -108.706273 47.923445
    -108.710025 47.923428
    -108.725332 47.923359
    -108.725386 47.923359
    -108.736596 47.92328
    -108.750715 47.923181
    -108.766406 47.923151
    -108.77039 47.923143
    -108.781655 47.923122
    -108.781805 47.923122
    -108.790299 47.923111
    -108.812712 47.923083
    -108.816231 47.923078
    -108.824876 47.923068
    -108.827928 47.923048
    -108.829921 47.923035
    -108.832142 47.92302
    -108.832948 47.923015
    -108.838817 47.922976
    -108.844585 47.922938
    -108.847929 47.922916
    -108.853942 47.922876
    -108.859136 47.922842
    -108.861209 47.922828
    -108.86289 47.922817
    -108.864937 47.922804
    -108.865046 47.922803
    -108.866003 47.922796
    -108.869417 47.922774
    -108.873816 47.922745
    -108.875719 47.922733
    -108.877942 47.922735
    -108.880388 47.922736
    -108.883018 47.922739
    -108.885183 47.922741
    -108.885386 47.922741
    -108.885997 47.922742
    -108.886201 47.922743
    -108.888163 47.922746
    -108.888162 47.922604
    -108.888162 47.916294
    -108.888162 47.914191
    -108.888162 47.913184
    -108.888162 47.910163
    -108.888162 47.909174
    -108.888162 47.909156
    -108.888162 47.907265
    -108.888162 47.906231
    -108.888161 47.901892
    -108.888161 47.901596
    -108.888161 47.899706
    -108.888161 47.898614
    -108.888161 47.897006
    -108.888161 47.89534
    -108.888161 47.894249
    -108.88816 47.892454
    -108.88816 47.887069
    -108.88816 47.885275
    -108.88816 47.883743
    -108.88816 47.880907
    -108.88816 47.879148
    -108.88816 47.877617
    -108.88816 47.876215
    -108.88816 47.874988
    -108.888102 47.872012
    -108.888075 47.870612
    -108.88958 47.870598
    -108.890719 47.870588
    -108.890727 47.867376
    -108.890727 47.86721
    -108.890729 47.866642
    -108.890731 47.865705
    -108.890731 47.865344
    -108.890733 47.864262
    -108.890734 47.863902
    -108.890736 47.862788
    -108.890744 47.859445
    -108.890747 47.858361
    -108.890747 47.858332
    -108.89075 47.857014
    -108.890752 47.856042
    -108.890768 47.849173
    -108.890774 47.846884
    -108.89079 47.840071
    -108.890795 47.8381
    -108.890796 47.837621
    -108.890806 47.833355
    -108.890808 47.832591
    -108.890808 47.832566
    -108.890838 47.819853
    -108.890838 47.819482
    -108.890848 47.815485
    -108.890861 47.809832
    -108.890883 47.800569
    -108.890886 47.79903
    -108.890889 47.797814
    -108.890896 47.794415
    -108.8909 47.792877
    -108.8909 47.792609
    -108.890906 47.789823
    -108.890923 47.782779
    -108.890927 47.780661
    -108.890935 47.77768
    -108.890935 47.777608
    -108.890937 47.77648
    -108.890945 47.773095
    -108.890948 47.771968
    -108.890954 47.767334
    -108.890973 47.753432
    -108.890978 47.749987
    -108.890993 47.749045
    -108.890993 47.748799
    -108.890993 47.746483
    -108.890996 47.739536
    -108.890997 47.737221
    -108.890997 47.73704
    -108.891001 47.736498
    -108.891002 47.736318
    -108.891001 47.736283
    -108.891001 47.736178
    -108.891001 47.736144
    -108.891001 47.736079
    -108.891001 47.735796
    -108.891002 47.735793
    -108.891003 47.735793
    -108.891004 47.73562
    -108.891004 47.735448
    -108.891006 47.735109
    -108.891006 47.735107
    -108.891013 47.734758
    -108.891014 47.734753
    -108.891022 47.734407
    -108.892384 47.735118
    -108.892789 47.735154
    -108.892841 47.735159
    -108.895653 47.735414
    -108.898596 47.735682
    -108.899804 47.735793
    -108.900168 47.735826
    -108.900532 47.735859
    -108.902202 47.735879
    -108.903872 47.735899
    -108.905179 47.735915
    -108.90577 47.735841
    -108.909562 47.735371
    -108.911134 47.735347
    -108.912232 47.73533
    -108.913329 47.735314
    -108.915526 47.735281
    -108.919407 47.735396
    -108.921427 47.734983
    -108.926565 47.733935
    -108.927766 47.73364
    -108.928547 47.733447
    -108.928967 47.733344
    -108.929313 47.733258
    -108.929659 47.733171
    -108.930164 47.732869
    -108.930669 47.732567
    -108.933926 47.730609
    -108.934296 47.730388
    -108.93478 47.730061
    -108.935206 47.729774
    -108.935631 47.729487
    -108.936652 47.728798
    -108.937185 47.728705
    -108.939372 47.728323
    -108.943659 47.729125
    -108.944222 47.729477
    -108.945635 47.730364
    -108.947591 47.73199
    -108.948048 47.732487
    -108.948783 47.733287
    -108.948975 47.733491
    -108.950006 47.736901
    -108.949202 47.739267
    -108.946477 47.7421
    -108.946064 47.74253
    -108.942041 47.744761
    -108.94142 47.745106
    -108.939266 47.745987
    -108.937121 47.746532
    -108.936758 47.746624
    -108.935091 47.747041
    -108.933804 47.747363
    -108.930873 47.74824
    -108.927704 47.749986
    -108.927056 47.750328
    -108.926854 47.750434
    -108.926652 47.750541
    -108.925554 47.751121
    -108.92444 47.751761
    -108.923536 47.75228
    -108.922632 47.752798
    -108.922486 47.752882
    -108.922433 47.752945
    -108.921122 47.754514
    -108.920562 47.756099
    -108.920548 47.756136
    -108.920422 47.756494
    -108.920458 47.756646
    -108.920749 47.757868
    -108.922017 47.759161
    -108.924058 47.760493
    -108.924171 47.760567
    -108.927533 47.762178
    -108.928078 47.762439
    -108.928513 47.762653
    -108.929068 47.762945
    -108.929961 47.763332
    -108.930994 47.763921
    -108.931102 47.763982
    -108.931181 47.764029
    -108.935704 47.766757
    -108.935921 47.766926
    -108.937479 47.76814
    -108.939037 47.769353
    -108.939188 47.769471
    -108.940144 47.769968
    -108.94147 47.770657
    -108.945661 47.772897
    -108.946267 47.773906
    -108.947139 47.776202
    -108.947132 47.776408
    -108.947097 47.777588
    -108.946798 47.778498
    -108.946702 47.778792
    -108.946606 47.779085
    -108.946535 47.779301
    -108.946469 47.779385
    -108.945511 47.7806
    -108.944348 47.781545
    -108.943099 47.782245
    -108.94195 47.782889
    -108.939117 47.785116
    -108.937748 47.787819
    -108.938079 47.789218
    -108.93902 47.790216
    -108.940578 47.791031
    -108.942745 47.791824
    -108.946678 47.792495
    -108.95103 47.792622
    -108.955897 47.792156
    -108.956045 47.792173
    -108.959958 47.792624
    -108.962656 47.793296
    -108.962793 47.79333
    -108.96304 47.793423
    -108.965394 47.794311
    -108.967893 47.796035
    -108.968258 47.796397
    -108.968978 47.797112
    -108.969697 47.797827
    -108.971457 47.799568
    -108.972395 47.800264
    -108.97402 47.801469
    -108.978383 47.802658
    -108.978842 47.802708
    -108.980052 47.802838
    -108.980707 47.802909
    -108.983384 47.802866
    -108.983959 47.802734
    -108.984907 47.802516
    -108.985856 47.802299
    -108.986061 47.802252
    -108.987752 47.801993
    -108.989856 47.80202
    -108.990612 47.802134
    -108.991333 47.802352
    -108.992292 47.802613
    -108.993731 47.803006
    -108.99517 47.803398
    -108.995265 47.803424
    -108.995518 47.803414
    -108.996953 47.803355
    -108.998388 47.803297
    -108.998465 47.803294
    -109.000719 47.803119
    -109.000998 47.802987
    -109.001276 47.802855
    -109.001418 47.802788
    -109.00156 47.802721
    -109.001864 47.802576
    -109.002984 47.802289
    -109.003974 47.801994
    -109.004533 47.801829
    -109.006006 47.801113
    -109.006804 47.800859
    -109.006895 47.800849
    -109.007926 47.80074
    -109.00839 47.800715
    -109.00889 47.800688
    -109.00939 47.800661
    -109.009554 47.800652
    -109.009718 47.800643
    -109.010614 47.800594
    -109.011511 47.800546
    -109.011855 47.800527
    -109.012107 47.800508
    -109.012394 47.800487
    -109.012682 47.800466
    -109.013956 47.800371
    -109.014095 47.80035
    -109.014922 47.800232
    -109.015471 47.800153
    -109.016877 47.799695
    -109.017418 47.799465
    -109.017477 47.799439
    -109.017654 47.799364
    -109.017714 47.799339
    -109.018435 47.799034
    -109.01955 47.798359
    -109.01996 47.79812
    -109.020795 47.797636
    -109.02133 47.797326
    -109.022574 47.79645
    -109.022657 47.796392
    -109.023806 47.7955
    -109.025654 47.794176
    -109.026315 47.793826
    -109.027044 47.793443
    -109.028239 47.792999
    -109.028456 47.792918
    -109.028673 47.792838
    -109.030258 47.792451
    -109.032119 47.792208
    -109.033741 47.79216
    -109.034472 47.792139
    -109.03529 47.792132
    -109.036236 47.792124
    -109.037088 47.792117
    -109.040138 47.792374
    -109.040184 47.792381
    -109.041206 47.79254
    -109.042228 47.7927
    -109.04234 47.792717
    -109.043072 47.792888
    -109.043663 47.793026
    -109.044254 47.793165
    -109.044797 47.793292
    -109.047508 47.794148
    -109.047773 47.794245
    -109.049201 47.794767
    -109.051253 47.795498
    -109.054097 47.796481
    -109.054661 47.796679
    -109.056473 47.797315
    -109.058873 47.798107
    -109.060892 47.799063
    -109.062214 47.799669
    -109.062366 47.799732
    -109.062964 47.799978
    -109.063562 47.800225
    -109.063662 47.800266
    -109.063761 47.800307
    -109.064352 47.800551
    -109.0659 47.801067
    -109.066996 47.801243
    -109.067349 47.8013
    -109.06894 47.801404
    -109.070409 47.801372
    -109.072713 47.801141
    -109.074218 47.800853
    -109.074668 47.800767
    -109.076109 47.800379
    -109.076241 47.800326
    -109.076372 47.800272
    -109.077928 47.799636
    -109.079473 47.79891
    -109.081205 47.797957
    -109.082414 47.797283
    -109.082795 47.79707
    -109.083079 47.796906
    -109.084348 47.796174
    -109.08532 47.795784
    -109.085573 47.795683
    -109.085718 47.795651
    -109.086717 47.795427
    -109.087456 47.795318
    -109.087909 47.795251
    -109.089152 47.795243
    -109.089188 47.795241
    -109.090549 47.795171
    -109.090665 47.795146
    -109.091203 47.79503
    -109.09174 47.794914
    -109.092599 47.794672
    -109.093457 47.794429
    -109.093871 47.794312
    -109.095229 47.793932
    -109.095722 47.793794
    -109.096216 47.793655
    -109.096871 47.793472
    -109.098538 47.792987
    -109.100997 47.791917
    -109.10196 47.791344
    -109.10268 47.790915
    -109.103863 47.790403
    -109.104533 47.790114
    -109.105551 47.789795
    -109.105668 47.789758
    -109.105784 47.78972
    -109.106199 47.789589
    -109.108273 47.789246
    -109.110159 47.789017
    -109.111908 47.788794
    -109.11216 47.788761
    -109.112413 47.788728
    -109.114462 47.788274
    -109.115637 47.787726
    -109.116053 47.787515
    -109.117096 47.786984
    -109.118652 47.786257
    -109.120209 47.785708
    -109.122413 47.785259
    -109.122757 47.785168
    -109.122877 47.785136
    -109.122997 47.785105
    -109.124258 47.784772
    -109.125426 47.78457
    -109.125576 47.784544
    -109.125725 47.784518
    -109.127101 47.784109
    -109.128357 47.783364
    -109.129644 47.782418
    -109.130736 47.781779
    -109.131514 47.781465
    -109.132768 47.781122
    -109.133882 47.780974
    -109.134218 47.780915
    -109.134798 47.780834
    -109.137697 47.780561
    -109.139956 47.780423
    -109.141022 47.780423
    -109.142077 47.780424
    -109.144054 47.780458
    -109.145875 47.780448
    -109.146782 47.780454
    -109.148558 47.780537
    -109.150748 47.780512
    -109.152982 47.780413
    -109.153163 47.780405
    -109.15339 47.780391
    -109.153701 47.780372
    -109.154012 47.780352
    -109.154608 47.780315
    -109.155078 47.780287
    -109.156395 47.780189
    -109.156991 47.780145
    -109.160198 47.779824
    -109.160341 47.77981
    -109.162065 47.779952
    -109.162143 47.779958
    -109.163405 47.780029
    -109.163681 47.780045
    -109.165087 47.780519
    -109.166083 47.780846
    -109.167166 47.781766
    -109.167717 47.78237
    -109.167748 47.782416
    -109.168422 47.783415
    -109.168523 47.783519
    -109.16883 47.783838
    -109.169327 47.784353
    -109.170596 47.785054
    -109.170963 47.785245
    -109.171017 47.785273
    -109.171142 47.785338
    -109.171621 47.785588
    -109.173451 47.786106
    -109.174104 47.786291
    -109.175798 47.786875
    -109.177226 47.7873
    -109.177292 47.787323
    -109.178805 47.787859
    -109.179293 47.788032
    -109.180972 47.78842
    -109.182109 47.788683
    -109.183331 47.789031
    -109.184688 47.789417
    -109.186559 47.789934
    -109.187764 47.790178
    -109.188882 47.790405
    -109.189536 47.790637
    -109.190276 47.790903
    -109.191866 47.791134
    -109.193934 47.7914
    -109.195221 47.791449
    -109.195791 47.791378
    -109.19617 47.791351
    -109.196903 47.791299
    -109.197278 47.791272
    -109.198276 47.791274
    -109.199101 47.791275
    -109.199534 47.791211
    -109.200988 47.790995
    -109.202602 47.790752
    -109.20406 47.790493
    -109.206501 47.789991
    -109.207472 47.789995
    -109.208002 47.789997
    -109.208639 47.790075
    -109.209256 47.790152
    -109.210506 47.790587
    -109.2116 47.790984
    -109.213174 47.791842
    -109.213231 47.791873
    -109.214262 47.792568
    -109.215065 47.792954
    -109.215601 47.793211
    -109.216549 47.793473
    -109.217611 47.793565
    -109.218771 47.793648
    -109.219354 47.793689
    -109.221586 47.79388
    -109.224528 47.794319
    -109.225917 47.79457
    -109.226145 47.794611
    -109.226574 47.794689
    -109.228509 47.794851
    -109.229905 47.794923
    -109.231407 47.794906
    -109.232246 47.79487
    -109.232484 47.79486
    -109.232721 47.79485
    -109.23275 47.794849
    -109.234559 47.794763
    -109.236295 47.794638
    -109.236819 47.794551
    -109.237931 47.794369
    -109.240515 47.793848
    -109.241512 47.793619
    -109.242658 47.793356
    -109.24438 47.793217
    -109.24488 47.793177
    -109.24749 47.793194
    -109.249522 47.793474
    -109.250272 47.793738
    -109.250382 47.793777
    -109.25073 47.7939
    -109.250742 47.7939
    -109.25305 47.79398
    -109.254948 47.794025
    -109.255071 47.794028
    -109.255355 47.794035
    -109.257015 47.79389
    -109.257776 47.793825
    -109.260742 47.793353
    -109.262932 47.792935
    -109.263153 47.792885
    -109.26482 47.792509
    -109.264998 47.792469
    -109.265177 47.792429
    -109.265317 47.792398
    -109.265372 47.792386
    -109.266068 47.792355
    -109.267841 47.792279
    -109.268757 47.792322
    -109.269653 47.792365
    -109.269753 47.79237
    -109.269847 47.792393
    -109.27155 47.792808
    -109.272712 47.793097
    -109.273539 47.793177
    -109.274171 47.793239
    -109.275945 47.792936
    -109.277382 47.792435
    -109.277918 47.792141
    -109.278414 47.79187
    -109.278755 47.791684
    -109.27958 47.791043
    -109.280035 47.790267
    -109.281088 47.789607
    -109.282609 47.788215
    -109.282822 47.787969
    -109.28394 47.786431
    -109.283942 47.786416
    -109.283968 47.786256
    -109.283994 47.786097
    -109.284213 47.784755
    -109.284474 47.783916
    -109.284412 47.783423
    -109.284379 47.78316
    -109.284078 47.782165
    -109.283872 47.781873
    -109.283334 47.781108
    -109.282365 47.779433
    -109.28182 47.778554
    -109.281814 47.778544
    -109.281661 47.777877
    -109.281933 47.776942
    -109.282886 47.776041
    -109.283889 47.775245
    -109.28415 47.775077
    -109.285354 47.774301
    -109.285583 47.774183
    -109.286942 47.773484
    -109.28762 47.773098
    -109.287974 47.772897
    -109.288089 47.772832
    -109.288497 47.772733
    -109.289396 47.772516
    -109.290295 47.772298
    -109.290598 47.772225
    -109.290798 47.772197
    -109.294361 47.771706
    -109.294462 47.771696
    -109.295222 47.771622
    -109.295981 47.771549
    -109.297874 47.771261
    -109.299479 47.770879
    -109.300952 47.770312
    -109.301081 47.770263
    -109.302451 47.769352
    -109.303702 47.768465
    -109.304752 47.76757
    -109.304915 47.767433
    -109.305371 47.766982
    -109.306113 47.766249
    -109.30692 47.765197
    -109.30768 47.764185
    -109.30834 47.762949
    -109.308988 47.761664
    -109.309198 47.761436
    -109.30988 47.760692
    -109.310727 47.759953
    -109.311406 47.759429
    -109.311472 47.759382
    -109.311882 47.759067
    -109.312523 47.758608
    -109.312838 47.758383
    -109.312899 47.758353
    -109.314341 47.757648
    -109.316084 47.75691
    -109.316952 47.756681
    -109.318876 47.756172
    -109.320685 47.75586
    -109.320851 47.755846
    -109.32121 47.755816
    -109.321568 47.755785
    -109.321729 47.755772
    -109.32189 47.755758
    -109.323294 47.755639
    -109.326632 47.755524
    -109.329497 47.755424
    -109.329625 47.75542
    -109.332734 47.755114
    -109.334874 47.754679
    -109.335892 47.754322
    -109.336363 47.754157
    -109.336834 47.753992
    -109.337341 47.753814
    -109.338976 47.753085
    -109.340835 47.752242
    -109.341859 47.751844
    -109.34202 47.751782
    -109.34215 47.751752
    -109.342971 47.751565
    -109.343639 47.751447
    -109.34409 47.751371
    -109.345593 47.751343
    -109.345936 47.751327
    -109.347114 47.751275
    -109.347548 47.751255
    -109.34827 47.751117
    -109.349699 47.750787
    -109.35098 47.750358
    -109.351621 47.750064
    -109.351797 47.749983
    -109.35279 47.749665
    -109.353794 47.749394
    -109.355097 47.748963
    -109.357295 47.74847
    -109.35904 47.74792
    -109.360642 47.747305
    -109.361946 47.746649
    -109.363454 47.74584
    -109.364234 47.745289
    -109.364772 47.74491
    -109.366004 47.744229
    -109.36628 47.74411
    -109.367176 47.743725
    -109.368323 47.743358
    -109.369936 47.742977
    -109.372001 47.742814
    -109.373322 47.742914
    -109.373359 47.742917
    -109.37344 47.742923
    -109.373646 47.742939
    -109.375735 47.743046
    -109.376207 47.743095
    -109.376831 47.74316
    -109.379153 47.743264
    -109.381605 47.743279
    -109.383828 47.743119
    -109.384756 47.743027
    -109.38567 47.742937
    -109.387046 47.742549
    -109.387527 47.742389
    -109.38797 47.742244
    -109.388702 47.741815
    -109.389139 47.74156
    -109.389703 47.741049
    -109.389886 47.740484
    -109.389981 47.739574
    -109.390194 47.738426
    -109.390203 47.738381
    -109.390547 47.737372
    -109.390646 47.737196
    -109.390866 47.73681
    -109.391087 47.736423
    -109.391163 47.736289
    -109.392281 47.735404
    -109.393473 47.734671
    -109.393911 47.734464
    -109.394632 47.734124
    -109.395301 47.733807
    -109.396122 47.733421
    -109.397423 47.732872
    -109.3981 47.732479
    -109.398616 47.732179
    -109.400284 47.731443
    -109.401848 47.730925
    -109.402413 47.730834
    -109.403083 47.730731
    -109.403581 47.730592
    -109.403972 47.730483
    -109.404091 47.730354
    -109.40437 47.730053
    -109.405074 47.72966
    -109.405232 47.729572
    -109.406373 47.728606
    -109.40709 47.727981
    -109.40828 47.727103
    -109.408693 47.726797
    -109.409411 47.726258
    -109.410351 47.725462
    -109.410504 47.72535
    -109.411333 47.724746
    -109.411506 47.724617
    -109.413304 47.723863
    -109.414926 47.723304
    -109.415836 47.722927
    -109.417243 47.722265
    -109.417494 47.722205
    -109.419448 47.721741
    -109.420574 47.721387
    -109.42292 47.720718
    -109.42465 47.720309
    -109.425315 47.720153
    -109.427906 47.7199
    -109.429716 47.720072
    -109.43004 47.720252
    -109.43076 47.720652
    -109.431824 47.721908
    -109.431913 47.722031
    -109.432807 47.723269
    -109.433944 47.724186
    -109.434122 47.72433
    -109.4343 47.724473
    -109.434455 47.724589
    -109.435561 47.725285
    -109.436685 47.725727
    -109.438641 47.726067
    -109.439326 47.72612
    -109.440428 47.726206
    -109.442299 47.726402
    -109.444012 47.726421
    -109.446058 47.726349
    -109.447899 47.726158
    -109.449644 47.725863
    -109.449994 47.725756
    -109.450757 47.725525
    -109.451606 47.724963
    -109.452573 47.724449
    -109.452882 47.724285
    -109.454837 47.723731
    -109.455199 47.723686
    -109.45566 47.723629
    -109.456122 47.723572
    -109.456784 47.72349
    -109.458748 47.723556
    -109.45952 47.7237
    -109.459648 47.723724
    -109.460292 47.723844
    -109.461146 47.724004
    -109.462297 47.724424
    -109.46294 47.724659
    -109.463155 47.724746
    -109.463222 47.724773
    -109.463446 47.724864
    -109.46367 47.724956
    -109.464006 47.725093
    -109.464343 47.725487
    -109.464369 47.725517
    -109.464756 47.72626
    -109.46492 47.726575
    -109.465608 47.728043
    -109.466768 47.729193
    -109.467993 47.729997
    -109.46948 47.730718
    -109.469676 47.730772
    -109.469691 47.730776
    -109.470528 47.731006
    -109.471381 47.731241
    -109.471652 47.731315
    -109.471924 47.73139
    -109.472017 47.731416
    -109.47211 47.731441
    -109.472156 47.731454
    -109.472744 47.731493
    -109.473681 47.731555
    -109.474679 47.731474
    -109.476185 47.731165
    -109.477644 47.730839
    -109.478312 47.730611
    -109.479479 47.730213
    -109.481258 47.729748
    -109.481836 47.729759
    -109.482073 47.729764
    -109.48231 47.729768
    -109.482448 47.729771
    -109.483542 47.729943
    -109.483867 47.729993
    -109.48579 47.730485
    -109.48585 47.730504
    -109.486288 47.730641
    -109.486346 47.73066
    -109.486843 47.730817
    -109.487237 47.730941
    -109.487703 47.731253
    -109.488199 47.731585
    -109.489295 47.732462
    -109.490018 47.733044
    -109.490614 47.733893
    -109.49123 47.734483
    -109.491735 47.734801
    -109.492756 47.735453
    -109.493966 47.735935
    -109.494945 47.736136
    -109.496438 47.736251
    -109.496744 47.736275
    -109.496929 47.736314
    -109.499012 47.736748
    -109.500739 47.737481
    -109.501972 47.737716
    -109.50324 47.73816
    -109.505152 47.738794
    -109.506388 47.739641
    -109.506883 47.740242
    -109.507488 47.741172
    -109.50784 47.741766
    -109.508054 47.741992
    -109.509479 47.743496
    -109.510907 47.74451
    -109.512609 47.745322
    -109.514499 47.746004
    -109.516409 47.746372
    -109.518413 47.746522
    -109.520949 47.74638
    -109.522391 47.746073
    -109.522816 47.745983
    -109.523466 47.745793
    -109.524502 47.745491
    -109.525234 47.745217
    -109.526188 47.744862
    -109.527705 47.744178
    -109.529425 47.743404
    -109.531224 47.742331
    -109.531981 47.74189
    -109.532858 47.74138
    -109.53416 47.740592
    -109.535712 47.739771
    -109.536934 47.739297
    -109.538454 47.738894
    -109.538453 47.739017
    -109.53845 47.739385
    -109.53845 47.739509
    -109.53845 47.73957
    -109.53852 47.744842
    -109.538528 47.745445
    -109.538588 47.749982
    -109.538642 47.7535
    -109.538702 47.757437
    -109.538712 47.759239
    -109.538721 47.760843
    -109.538752 47.766178
    -109.538756 47.767005
    -109.538771 47.769489
    -109.538776 47.770317
    -109.538778 47.770631
    -109.538784 47.771574
    -109.538786 47.771889
    -109.538776 47.775608
    -109.538758 47.783158
    -109.53875 47.786365
    -109.538746 47.786767
    -109.538744 47.787141
    -109.538723 47.790003
    -109.538721 47.790283
    -109.53872 47.790487
    -109.538704 47.792652
    -109.538693 47.794267
    -109.538664 47.798326
    -109.538658 47.79915
    -109.538643 47.801316
    -109.538615 47.80552
    -109.538613 47.805727
    -109.538547 47.815816
    -109.538544 47.818963
    -109.538541 47.823375
    -109.538546 47.823569
    -109.538561 47.824151
    -109.538567 47.824346
    -109.538567 47.824711
    -109.53857 47.825807
    -109.538571 47.825985
    -109.538572 47.826173
    -109.538574 47.826986
    -109.53858 47.829429
    -109.538582 47.830243
    -109.538621 47.833384
    -109.538625 47.833779
    -109.538755 47.844387
    -109.53876 47.844742
    -109.538741 47.847924
    -109.538729 47.849925
    -109.538697 47.85557
    -109.538696 47.855685
    -109.538694 47.855928
    -109.538694 47.85611
    -109.538685 47.857642
    -109.538683 47.85793
    -109.538676 47.859227
    -109.538678 47.859461
    -109.538682 47.859751
    -109.538734 47.864055
    -109.538753 47.865587
    -109.538787 47.868391
    -109.5388 47.869428
    -109.53882 47.871021
    -109.533035 47.871022
    -109.532934 47.871023
    -109.53297 47.873726
    -109.532971 47.873845
    -109.532968 47.873907
    -109.532951 47.874453
    -109.532946 47.874635
    -109.532935 47.874983
    -109.532927 47.876362
    -109.532911 47.879325
    -109.532898 47.881546
    -109.532889 47.883275
    -109.532881 47.884704
    -109.532877 47.885575
    -109.532898 47.887517
    -109.532913 47.888994
    -109.532929 47.890424
    -109.532933 47.890856
    -109.532948 47.892154
    -109.532953 47.892587
    -109.532974 47.894496
    -109.533001 47.897041
    -109.533007 47.897501
    -109.533026 47.899207
    -109.533034 47.899926
    -109.533013 47.90275
    -109.532959 47.90999
    -109.532955 47.910405
    -109.532927 47.914333
    -109.533453 47.914366
    -109.533394 47.916177
    -109.533379 47.916625
    -109.533319 47.918478
    -109.533214 47.921721
    -109.533241 47.923403
    -109.533278 47.925663
    -109.533282 47.92595
    -109.533296 47.926814
    -109.533301 47.927102
    -109.533322 47.928384
    -109.533333 47.929005
    -109.533327 47.932231
    -109.533325 47.933514
    -109.533325 47.933551
    -109.533323 47.934658
    -109.533317 47.938094
    -109.533316 47.939239
    -109.53331 47.943533
    -109.533417 47.948488
    -109.533475 47.951149
    -109.533515 47.953002
    -109.533623 47.957988
    -109.533615 47.959466
    -109.533614 47.959637
    -109.533603 47.962045
    -109.533604 47.962058
    -109.533592 47.964658
    -109.533581 47.967125
    -109.53358 47.967321
    -109.533573 47.968805
    -109.533565 47.970561
    -109.53355 47.973847
    -109.533543 47.975528
    -109.53353 47.978205
    -109.533518 47.981085
    -109.533508 47.983501
    -109.533495 47.986239
    -109.533491 47.987227
    -109.53349 47.987771
    -109.533489 47.988061
    -109.533488 47.988228
    -109.533488 47.988516
    -109.533487 47.988747
    -109.533487 47.988917
    -109.533486 47.989139
    -109.533484 47.989809
    -109.533484 47.990032
    -109.533483 47.990142
    -109.533483 47.990475
    -109.533483 47.990586
    -109.533475 47.993659
    -109.533468 47.996926
    -109.533461 47.999983
    -109.533472 48.002878
    -109.533478 48.004186
    -109.533485 48.005952
    -109.533484 48.006112
    -109.533484 48.006593
    -109.533484 48.006754
    -109.533483 48.007127
    -109.533483 48.008246
    -109.533483 48.00862
    -109.533482 48.008969
    -109.533447 48.015051
    -109.533447 48.015079
    -109.533447 48.015964
    -109.533441 48.017557
    -109.533444 48.017573
    -109.533449 48.018431
    -109.533449 48.018438
    -109.533472 48.031083
    -109.533472 48.031115
    -109.533523 48.037489
    -109.533566 48.042766
    -109.533573 48.043693
    -109.533641 48.052244
    -109.533653 48.053697
    -109.533655 48.053873
    -109.533655 48.053944
    -109.533657 48.054159
    -109.533658 48.054231
    -109.533667 48.055498
    -109.533697 48.0593
    -109.533699 48.059453
    -109.533708 48.060568
    -109.533712 48.061085
    -109.533724 48.062639
    -109.533728 48.063157
    -109.533732 48.063694
    -109.533734 48.063927
    -109.533744 48.065306
    -109.533749 48.065844
    -109.533752 48.066222
    -109.533763 48.067568
    -109.533805 48.07274
    -109.53382 48.074465
    -109.533828 48.079419
    -109.533854 48.093422
    -109.533855 48.094283
    -109.533864 48.099238
    -109.533864 48.099322
    -109.533864 48.099332
    -109.533864 48.099407
    -109.533864 48.099454
    -109.533864 48.099617
    -109.533864 48.099712
    -109.533871 48.10357
    -109.533881 48.109057
    -109.533891 48.114228
    -109.533892 48.115144
    -109.5339 48.119003
    -109.5339 48.119066
    -109.5339 48.119256
    -109.5339 48.11932
    -109.53391 48.122473
    -109.533919 48.124864
    -109.533919 48.124987
    -109.533815 48.131932
    -109.533803 48.132767
    -109.533768 48.135085
    -109.533873 48.135085
    -109.534189 48.135085
    -109.534295 48.135086
    -109.534286 48.13623
    -109.534271 48.137997
    -109.534249 48.14071
    -109.534238 48.142153
    -109.534222 48.144118
    -109.5342 48.146733
    -109.53418 48.149298
    -109.534178 48.149645
    -109.534155 48.152375
    -109.53414 48.154244
    -109.534109 48.157971
    -109.534088 48.160566
    -109.534067 48.163193
    -109.534066 48.163297
    -109.534038 48.166751
    -109.533974 48.174766
    -109.533954 48.177113
    -109.533927 48.180567
    -109.533927 48.180615
    -109.533905 48.183267
    -109.53387 48.187653
    -109.533841 48.191212
    -109.533839 48.19137
    -109.533819 48.193987
    -109.533818 48.194071
    -109.533782 48.198592
    -109.533779 48.198988
    -109.533716 48.206849
    -109.533673 48.212158
    -109.533638 48.216553
    -109.533637 48.21668
    -109.533624 48.218201
    -109.5336 48.221238
    -109.538462 48.221247
    -109.551686 48.22127
    -109.551683 48.224479
    -109.551676 48.230852
    -109.551672 48.235082
    -109.55167 48.236312
    -109.551669 48.238075
    -109.551663 48.244502
    -109.551662 48.245693
    -109.551662 48.245734
    -109.55166 48.247383
    -109.551659 48.248172
    -109.551658 48.24999
    -109.551657 48.25329
    -109.551655 48.255484
    -109.551655 48.257586
    -109.551656 48.257922
    -109.551655 48.260496
    -109.551655 48.261513
    -109.551655 48.262299
    -109.551653 48.265094
    -109.551653 48.26534
    -109.551653 48.267243
    -109.55165 48.274664
    -109.55165 48.276316
    -109.551649 48.279819
    -109.551647 48.285502
    -109.551646 48.28661
    -109.551646 48.286707
    -109.551646 48.288886
    -109.551644 48.292106
    -109.551644 48.293479
    -109.55134 48.293478
    -109.541629 48.293452
    -109.536871 48.293439
    -109.535764 48.293436
    -109.529245 48.293419
    -109.528711 48.293418
    -109.52518 48.293408
    -109.523821 48.293405
    -109.520848 48.293397
    -109.51908 48.293392
    -109.51907 48.297708
    -109.519063 48.300799
    -109.51905 48.306396
    -109.519048 48.307228
    -109.519042 48.309425
    -109.519034 48.313025
    -109.519022 48.318288
    -109.51902 48.319007
    -109.519019 48.319378
    -109.519013 48.321899
    -109.519006 48.324805
    -109.519002 48.326762
    -109.518995 48.329692
    -109.518986 48.333477
    -109.518983 48.33486
    -109.518981 48.335334
    -109.518975 48.338176
    -109.518971 48.340121
    -109.518969 48.340908
    -109.518965 48.342655
    -109.518965 48.342766
    -109.518973 48.347534
    -109.518979 48.351197
    -109.51898 48.351544
    -109.518984 48.354026
    -109.518998 48.361555
    -109.518998 48.361874
    -109.519001 48.363294
    -109.519006 48.366251
    -109.519007 48.367033
    -109.519009 48.368207
    -109.519013 48.370233
    -109.519017 48.372759
    -109.51902 48.374226
    -109.519021 48.374994
    -109.519018 48.37598
    -109.519009 48.379554
    -109.518993 48.38567
    -109.518987 48.387807
    -109.518976 48.392159
    -109.518969 48.394671
    -109.517726 48.394674
    -109.514572 48.394683
    -109.514257 48.394684
    -109.50992 48.394671
    -109.508378 48.394666
    -109.507248 48.394661
    -109.507005 48.394661
    -109.504656 48.394654
    -109.503036 48.394649
    -109.500745 48.394642
    -109.496991 48.394632
    -109.497038 48.406345
    -109.497069 48.413669
    -109.497002 48.414126
    -109.497003 48.414528
    -109.497009 48.41631
    -109.49701 48.416515
    -109.497039 48.424251
    -109.49705 48.426898
    -109.497059 48.429045
    -109.497074 48.432408
    -109.497077 48.433112
    -109.497086 48.435488
    -109.497096 48.437636
    -109.49711 48.438129
    -109.497153 48.439609
    -109.497168 48.440103
    -109.497223 48.447236
    -109.497258 48.451587
    -109.497259 48.451748
    -109.480375 48.452198
    -109.473244 48.452389
    -109.47313 48.452389
    -109.472878 48.45239
    -109.472789 48.45239
    -109.472676 48.45239
    -109.472513 48.45239
    -109.472026 48.45239
    -109.471864 48.452391
    -109.470305 48.452391
    -109.46563 48.452394
    -109.464257 48.452395
    -109.464257 48.45258
    -109.464267 48.458559
    -109.464295 48.474268
    -109.464299 48.476497
    -109.464306 48.480333
    -109.46431 48.482477
    -109.464314 48.484826
    -109.464327 48.491842
    -109.464327 48.491875
    -109.464331 48.494225
    -109.464331 48.494266
    -109.464351 48.497519
    -109.464367 48.499998
    -109.46443 48.507401
    -109.464459 48.510695
    -109.464456 48.512383
    -109.464451 48.51745
    -109.464449 48.51914
    -109.464446 48.521045
    -109.464442 48.52526
    -109.465945 48.525238
    -109.467851 48.525212
    -109.46787 48.525212
    -109.469039 48.525195
    -109.472603 48.525146
    -109.473792 48.52513
    -109.474113 48.525125
    -109.475077 48.525112
    -109.475399 48.525108
    -109.475459 48.525107
    -109.479503 48.525086
    -109.491818 48.525023
    -109.495924 48.525002
    -109.496994 48.524999
    -109.496999 48.525296
    -109.497012 48.525955
    -109.497076 48.529399
    -109.497102 48.530767
    -109.497017 48.534908
    -109.496972 48.537141
    -109.496971 48.537155
    -109.496946 48.53839
    -109.496898 48.540707
    -109.496761 48.547331
    -109.496731 48.54882
    -109.496678 48.551421
    -109.496679 48.551473
    -109.496694 48.552896
    -109.49674 48.557168
    -109.496756 48.558592
    -109.496758 48.558879
    -109.496753 48.559454
    -109.496736 48.562043
    -109.496732 48.562657
    -109.496731 48.562906
    -109.49673 48.562983
    -109.496728 48.563218
    -109.496729 48.563296
    -109.496718 48.564833
    -109.496699 48.567626
    -109.498518 48.567626
    -109.499519 48.567626
    -109.499788 48.567626
    -109.500056 48.567626
    -109.500358 48.567621
    -109.50066 48.567616
    -109.500745 48.567615
    -109.501109 48.567614
    -109.504268 48.567612
    -109.505322 48.567612
    -109.505353 48.568417
    -109.505446 48.570835
    -109.505478 48.571641
    -109.505471 48.576626
    -109.505453 48.591581
    -109.505448 48.596567
    -109.505453 48.599456
    -109.50547 48.608128
    -109.505471 48.608332
    -109.505365 48.611017
    -109.505401 48.611017
    -109.505488 48.611017
    -109.505533 48.611017
    -109.505538 48.611018
    -109.505577 48.61102
    -109.505605 48.611029
    -109.505638 48.611046
    -109.505655 48.611067
    -109.505665 48.611101
    -109.505669 48.611557
    -109.505685 48.612683
    -109.505693 48.61295
    -109.505696 48.61473
    -109.5057 48.615135
    -109.505701 48.615382
    -109.505704 48.615879
    -109.505704 48.616654
    -109.505716 48.617956
    -109.505714 48.618819
    -109.505722 48.620208
    -109.505733 48.62076
    -109.505728 48.621621
    -109.505708 48.622473
    -109.50569 48.623353
    -109.505669 48.623942
    -109.505652 48.624663
    -109.505638 48.625092
    -109.50563 48.625507
    -109.505623 48.625916
    -109.505631 48.626459
    -109.505627 48.626991
    -109.505635 48.627381
    -109.505637 48.628614
    -109.505638 48.62869
    -109.505654 48.630288
    -109.505654 48.630888
    -109.505662 48.631116
    -109.505669 48.631573
    -109.505659 48.632487
    -109.505667 48.633025
    -109.505672 48.633386
    -109.505675 48.633545
    -109.505666 48.633841
    -109.505668 48.634469
    -109.50567 48.634685
    -109.505664 48.63483
    -109.505664 48.634831
    -109.505679 48.63592
    -109.505727 48.63919
    -109.505744 48.64028
    -109.505736 48.641033
    -109.505712 48.643295
    -109.505705 48.644049
    -109.505702 48.645302
    -109.505692 48.649064
    -109.50569 48.650318
    -109.50569 48.650492
    -109.505685 48.652647
    -109.50567 48.659633
    -109.505665 48.661963
    -109.50566 48.66342
    -109.505646 48.667791
    -109.505642 48.669249
    -109.505743 48.67126
    -109.505742 48.672116
    -109.505732 48.680727
    -109.505729 48.683598
    -109.505832 48.683872
    -109.505842 48.685354
    -109.505842 48.685356
    -109.505878 48.690686
    -109.505891 48.692463
    -109.505717 48.693125
    -109.505751 48.693557
    -109.50582 48.694405
    -109.505923 48.694793
    -109.505965 48.696896
    -109.505975 48.697351
    -109.505986 48.697898
    -109.505988 48.698014
    -109.505998 48.700929
    -109.506028 48.709673
    -109.506039 48.712492
    -109.506039 48.71259
    -109.506052 48.712795
    -109.506093 48.713413
    -109.506107 48.71362
    -109.50589 48.715983
    -109.505877 48.716925
    -109.505838 48.719982
    -109.505842 48.726876
    -109.505843 48.727368
    -109.505846 48.730194
    -109.505809 48.730453
    -109.505699 48.731234
    -109.505664 48.731496
    -109.50564 48.731564
    -109.505637 48.73161
    -109.505621 48.731966
    -109.505618 48.732085
    -109.505617 48.732086
    -109.505601 48.732443
    -109.505553 48.733518
    -109.505538 48.733877
    -109.505529 48.734088
    -109.505517 48.73446
    -109.505516 48.734505
    -109.505574 48.736209
    -109.505596 48.736793
    -109.505607 48.737093
    -109.505646 48.737998
    -109.505659 48.738301
    -109.505665 48.738444
    -109.505683 48.738875
    -109.505689 48.739019
    -109.505701 48.739289
    -109.505684 48.740424
    -109.505683 48.740561
    -109.505814 48.743803
    -109.50579 48.74464
    -109.505766 48.745509
    -109.505811 48.746044
    -109.505842 48.746417
    -109.505937 48.747536
    -109.50597 48.74791
    -109.505973 48.747952
    -109.50598 48.748102
    -109.506008 48.748678
    -109.506018 48.748872
    -109.50602 48.748917
    -109.506027 48.749055
    -109.50603 48.749101
    -109.505997 48.750004
    -109.505993 48.750491
    -109.505965 48.754663
    -109.505957 48.756054
    -109.50596 48.758914
    -109.505971 48.767495
    -109.505975 48.770356
    -109.505973 48.771818
    -109.505967 48.776204
    -109.505965 48.777666
    -109.505895 48.778854
    -109.505858 48.783167
    -109.505813 48.788502
    -109.505775 48.792928
    -109.505817 48.798579
    -109.505825 48.799676
    -109.505865 48.805082
    -109.505934 48.805151
    -109.505916 48.805396
    -109.505863 48.806134
    -109.505846 48.80638
    -109.505828 48.806636
    -109.505827 48.80665
    -109.505775 48.807461
    -109.505758 48.807732
    -109.50576 48.807894
    -109.505762 48.808059
    -109.50577 48.808978
    -109.505806 48.812717
    -109.505819 48.813964
    -109.505824 48.815149
    -109.50583 48.816349
    -109.50583 48.816377
    -109.505851 48.821184
    -109.505862 48.823619
    -109.505874 48.826033
    -109.505866 48.826359
    -109.505857 48.826786
    -109.505844 48.827337
    -109.50584 48.827539
    -109.505839 48.827602
    -109.505837 48.827664
    -109.505836 48.827694
    -109.505834 48.827796
    -109.505831 48.827885
    -109.505816 48.828549
    -109.505812 48.828771
    -109.505801 48.82882
    -109.505786 48.830141
    -109.505739 48.834256
    -109.505724 48.835628
    -109.50573 48.835687
    -109.505751 48.835865
    -109.505758 48.835925
    -109.505754 48.838748
    -109.505744 48.84722
    -109.505741 48.850044
    -109.505766 48.853231
    -109.505844 48.862796
    -109.50587 48.865961
    -109.50587 48.865984
    -109.505873 48.866412
    -109.505883 48.8677
    -109.505887 48.868129
    -109.505888 48.868219
    -109.50589 48.868567
    -109.505901 48.869884
    -109.505905 48.87028
    -109.505907 48.870323
    -109.50591 48.870388
    -109.505916 48.870519
    -109.505934 48.870846
    -109.505947 48.871107
    -109.505957 48.871304
    -109.505957 48.871314
    -109.50579 48.874446
    -109.50578 48.874622
    -109.505759 48.875005
    -109.50576 48.875991
    -109.505761 48.876644
    -109.505762 48.878696
    -109.505764 48.88459
    -109.505766 48.887875
    -109.505766 48.887914
    -109.505766 48.889533
    -109.505766 48.889697
    -109.505759 48.890522
    -109.505745 48.892181
    -109.505733 48.893489
    -109.505725 48.894479
    -109.505774 48.912627
    -109.505777 48.913757
    -109.505778 48.913913
    -109.500739 48.913877
    -109.496989 48.913908
    -109.489627 48.913968
    -109.489773 48.928378
    -109.489759 48.930495
    -109.489717 48.936847
    -109.489704 48.93895
    -109.489704 48.938965
    -109.489699 48.939764
    -109.489684 48.942161
    -109.48968 48.942861
    -109.489679 48.94296
    -109.489666 48.944716
    -109.489631 48.94999
    -109.489621 48.951714
    -109.489622 48.95175
    -109.489618 48.951991
    -109.48961 48.95272
    -109.489608 48.952912
    -109.489609 48.952964
    -109.489608 48.953058
    -109.489606 48.95334
    -109.489606 48.953435
    -109.489602 48.954227
    -109.489595 48.955891
    -109.489591 48.956604
    -109.489588 48.957397
    -109.489591 48.959413
    -109.489592 48.960191
    -109.489597 48.963778
    -109.489603 48.968574
    -109.489608 48.971369
    -109.489612 48.971447
    -109.489624 48.971681
    -109.489628 48.97176
    -109.489629 48.974784
    -109.489635 48.983857
    -109.489637 48.985901
    -109.489638 48.986882
    -109.489639 48.988822
    -109.489645 48.994642
    -109.489647 48.996582
    -109.489654 48.997382
    -109.489677 48.999784
    -109.48968 49.000008
    -109.489694 49.000585
    -109.484272 49.000655
    -109.468006 49.000866
    -109.463009 49.000931
    -109.462585 49.000928
    -109.462061 49.000923
    -109.46049 49.000911
    -109.459967 49.000907
    -109.459229 49.000935
    -109.457014 49.001019
    -109.456277 49.001048
    -109.454026 49.001131
    -109.4528 49.001093
    -109.442369 49.000778
    -109.438893 49.000674
    -109.437889 49.000643
    -109.437397 49.000629
    -109.434878 49.000696
    -109.433875 49.000723
    -109.432483 49.000761
    -109.430551 49.00073
    -109.420581 49.000573
    -109.417297 49.000522
    -109.417258 49.000522
    -109.384793 49.000395
    -109.384486 49.000394
    -109.384457 49.000394
    -109.384371 49.000394
    -109.384343 49.000394
    -109.38262 49.000411
    -109.377451 49.000464
    -109.375729 49.000482
    -109.367575 49.000482
    -109.343114 49.000482
    -109.334961 49.000482
    -109.334766 49.000482
    -109.329739 49.000482
    -109.327972 49.000482
    -109.314073 49.000482
    -109.308852 49.000483
    -109.308677 49.000483
    -109.29378 49.000483
    -109.285975 49.000479
    -109.250722 49.000011
    -109.247901 49.000012
    -109.247793 49.000011
    -109.24747 49.000011
    -109.247363 49.000011
    -109.244401 49.000011
    -109.235515 49.000011
    -109.232554 49.000011
    -109.22826 49.000011
    -109.215379 49.000011
    -109.211086 49.000011
    -109.209612 48.999998
    -109.205193 48.999961
    -109.204042 48.999952
    -109.203811 48.99995
    -109.20372 48.999949
    -109.203336 48.999946
    -109.202952 48.999943
    -109.199311 48.999912
    -109.195083 48.999878
    -109.186086 48.999804
    -109.182554 48.999775
    -109.181678 48.999768
    -109.179786 48.999769
    -109.174112 48.999772
    -109.173255 48.999773
    -109.172221 48.999774
    -109.162934 48.99978
    -109.15961 48.999782
    -109.138074 48.999788
    -109.137848 48.999788
    -109.125715 48.99972
    -109.11542 48.999697
    -109.112232 48.999692
    -109.111983 48.999691
    -109.111621 48.99969
    -109.110537 48.999688
    -109.110176 48.999688
    -109.10688 48.999683
    -109.096993 48.999668
    -109.093698 48.999664
    -109.09099 48.999664
    -109.083214 48.999666
    -109.083139 48.999666
    -109.082869 48.999664
    -109.081166 48.999657
    -109.080995 48.999656
    -109.080453 48.999652
    -109.080162 48.999648
    -109.071771 48.99957
    -109.06057 48.999666
    -109.060188 48.999603
    -109.060129 48.999661
    -109.059609 48.999657
    -109.057801 48.999644
    -109.057199 48.99964
    -109.055678 48.999628
    -109.051118 48.999594
    -109.049598 48.999583
    -109.045197 48.999565
    -109.031996 48.999513
    -109.027596 48.999496
    -109.026996 48.999491
    -109.025197 48.999476
    -109.024672 48.999472
    -109.024598 48.999472
    -109.01982 48.999471
    -109.005485 48.99947
    -109.000708 48.99947
    -109.000708 48.999422
    -109.000708 48.999281
    -109.000708 48.999234
    -108.999898 48.999234
    -108.999687 48.999235
    -108.998228 48.999121
    -108.997475 48.999121
    -108.996666 48.999122
    -108.996277 48.999144
    -108.995244 48.999206
    -108.99511 48.999213
    -108.994722 48.999237
    -108.994215 48.999232
    -108.992694 48.999218
    -108.99236 48.999215
    -108.992187 48.999215
    -108.97756 48.999227
    -108.968764 48.999234
    -108.966689 48.999236
    -108.898498 48.999292
    -108.896076 48.999294
    -108.875705 48.999312
    -108.875089 48.999188
    -108.854127 48.999153
    -108.839619 48.999128
    -108.836368 48.999131
    -108.826619 48.999141
    -108.823369 48.999145
    -108.814128 48.999154
    -108.786408 48.999182
    -108.777168 48.999192
    -108.773955 48.999175
    -108.764317 48.999125
    -108.761105 48.999109
    -108.750703 48.999055
    -108.741936 48.999095
    -108.74132 48.999095
    -108.726963 48.999097
    -108.683894 48.999104
    -108.669538 48.999107
    -108.644269 48.99911
    -108.625696 48.999113
    -108.568462 48.999296
    -108.543194 48.999377
    -108.512195 48.999343
    -108.500689 48.999338
    -108.488063 48.999368
    -108.389033 48.99928
    -108.384336 48.999272
    -108.375681 48.99926
    -108.370248 48.999365
    -108.365553 48.999457
    -108.250674 48.999423
    -108.236497 48.999609
    -108.236368 48.985936
    -108.236329 48.983264
    -108.236295 48.983058
    -108.236328 48.981414
    -108.236327 48.98092
    -108.236326 48.979438
    -108.236326 48.979107
    -108.236292 48.978948
    -108.236291 48.978441
    -108.236289 48.97692
    -108.236289 48.976413
    -108.236288 48.975387
    -108.236285 48.97231
    -108.236285 48.97148
    -108.236354 48.971297
    -108.236333 48.971222
    -108.236272 48.970999
    -108.236252 48.970925
    -108.236233 48.965417
    -108.236177 48.948893
    -108.236159 48.943385
    -108.236159 48.943282
    -108.236158 48.939187
    -108.236155 48.926593
    -108.236154 48.922396
    -108.236154 48.921746
    -108.236154 48.92087
    -108.236154 48.919796
    -108.236154 48.919345
    -108.236154 48.919246
    -108.236154 48.919146
    -108.236153 48.918039
    -108.236153 48.91472
    -108.236153 48.913614
    -108.236153 48.913519
    -108.236696 48.913522
    -108.238193 48.913531
    -108.238611 48.913533
    -108.23925 48.913537
    -108.243595 48.913552
    -108.250678 48.913579
    -108.256633 48.913587
    -108.259308 48.913592
    -108.259372 48.913592
    -108.259372 48.913517
    -108.259371 48.913313
    -108.259365 48.911985
    -108.259362 48.911324
    -108.259356 48.909342
    -108.259354 48.908682
    -108.259353 48.908361
    -108.259351 48.90768
    -108.25935 48.907496
    -108.259339 48.904386
    -108.259337 48.903941
    -108.259334 48.902756
    -108.259333 48.902488
    -108.25933 48.901686
    -108.25933 48.901419
    -108.259327 48.900408
    -108.259246 48.875007
    -108.25973 48.872601
    -108.259765 48.872413
    -108.259747 48.871681
    -108.259719 48.87061
    -108.25966 48.868148
    -108.259494 48.861157
    -108.259484 48.860762
    -108.259426 48.858301
    -108.259288 48.857936
    -108.25927 48.855346
    -108.259211 48.846406
    -108.259201 48.844781
    -108.259064 48.843433
    -108.259082 48.843035
    -108.259139 48.841845
    -108.259158 48.841448
    -108.259142 48.838969
    -108.25914 48.838529
    -108.259159 48.835875
    -108.259137 48.834786
    -108.25915 48.833471
    -108.259133 48.831794
    -108.259132 48.831536
    -108.259124 48.829058
    -108.259131 48.826166
    -108.259153 48.81749
    -108.259159 48.815508
    -108.259157 48.814599
    -108.25915 48.812565
    -108.25915 48.812439
    -108.259162 48.810955
    -108.259159 48.80906
    -108.259167 48.805959
    -108.259173 48.8038
    -108.259182 48.800685
    -108.259178 48.800098
    -108.259172 48.799128
    -108.259183 48.797559
    -108.259201 48.796975
    -108.259184 48.796857
    -108.259138 48.796746
    -108.259091 48.796694
    -108.258989 48.789327
    -108.258962 48.783759
    -108.258961 48.783639
    -108.258957 48.782027
    -108.258957 48.781534
    -108.258947 48.776834
    -108.258944 48.775103
    -108.258929 48.770911
    -108.258901 48.763037
    -108.258884 48.758336
    -108.258869 48.754145
    -108.258866 48.753513
    -108.258866 48.753268
    -108.258862 48.752032
    -108.25886 48.75162
    -108.258859 48.751276
    -108.258846 48.75099
    -108.258798 48.750003
    -108.259167 48.744756
    -108.259347 48.742191
    -108.260632 48.742193
    -108.26425 48.742199
    -108.30542 48.742267
    -108.316476 48.742286
    -108.319144 48.74229
    -108.319138 48.741946
    -108.319082 48.738666
    -108.319024 48.73517
    -108.318899 48.727794
    -108.318839 48.72417
    -108.318817 48.716173
    -108.318809 48.7131
    -108.318784 48.703934
    -108.318774 48.700284
    -108.318769 48.698511
    -108.318751 48.692183
    -108.31873 48.684187
    -108.318732 48.681468
    -108.318739 48.673312
    -108.318742 48.670594
    -108.318732 48.670445
    -108.318705 48.669998
    -108.318696 48.66985
    -108.318691 48.66977
    -108.318668 48.661763
    -108.31865 48.655298
    -108.318615 48.642517
    -108.318601 48.637502
    -108.318579 48.629415
    -108.318578 48.628651
    -108.318577 48.628303
    -108.318571 48.625
    -108.31862 48.620102
    -108.318902 48.592166
    -108.318997 48.582854
    -108.318964 48.579969
    -108.318866 48.571316
    -108.318834 48.568432
    -108.319949 48.568362
    -108.321759 48.568249
    -108.322826 48.568363
    -108.323291 48.568349
    -108.324409 48.568317
    -108.327813 48.568429
    -108.328573 48.568454
    -108.328764 48.56846
    -108.330672 48.568522
    -108.334767 48.568407
    -108.336799 48.568338
    -108.341835 48.568398
    -108.346193 48.56845
    -108.346197 48.563908
    -108.346198 48.563417
    -108.346202 48.559094
    -108.346205 48.555224
    -108.346208 48.552641
    -108.34621 48.550284
    -108.346214 48.545743
    -108.346214 48.545633
    -108.346207 48.544923
    -108.346186 48.542463
    -108.346179 48.541644
    -108.346142 48.53779
    -108.346132 48.53668
    -108.346031 48.526229
    -108.345995 48.522376
    -108.345962 48.518451
    -108.345863 48.506679
    -108.345831 48.502755
    -108.345936 48.501556
    -108.346074 48.499998
    -108.346069 48.499521
    -108.346052 48.497954
    -108.346051 48.497805
    -108.346041 48.496804
    -108.346041 48.496752
    -108.346045 48.496162
    -108.34606 48.494393
    -108.346066 48.493804
    -108.346055 48.484969
    -108.346054 48.483925
    -108.34605 48.480982
    -108.346046 48.477831
    -108.346042 48.474674
    -108.346013 48.450328
    -108.346003 48.442566
    -108.346001 48.441619
    -108.346 48.44096
    -108.345997 48.437317
    -108.345997 48.436824
    -108.345987 48.428172
    -108.345937 48.423161
    -108.345934 48.422768
    -108.345933 48.422673
    -108.34593 48.42239
    -108.34593 48.422296
    -108.346821 48.423525
    -108.34688 48.423606
    -108.347875 48.424784
    -108.348327 48.425379
    -108.348334 48.425855
    -108.348139 48.426239
    -108.347978 48.426439
    -108.347772 48.426694
    -108.347457 48.427028
    -108.34731 48.42719
    -108.346839 48.427712
    -108.346713 48.427869
    -108.346561 48.428048
    -108.346703 48.428401
    -108.346712 48.42844
    -108.346735 48.42851
    -108.346788 48.428574
    -108.346853 48.428631
    -108.347434 48.428952
    -108.347478 48.428973
    -108.347527 48.428985
    -108.34758 48.42899
    -108.347608 48.428991
    -108.348327 48.42902
    -108.348646 48.428995
    -108.348898 48.428934
    -108.348946 48.428919
    -108.349401 48.428729
    -108.350775 48.42803
    -108.35169 48.427566
    -108.351792 48.427566
    -108.353236 48.427565
    -108.353691 48.428051
    -108.353537 48.428591
    -108.35298 48.429728
    -108.35272 48.430523
    -108.352738 48.431153
    -108.353087 48.431894
    -108.35425 48.432563
    -108.355465 48.432701
    -108.356137 48.43243
    -108.35651 48.431415
    -108.357035 48.430386
    -108.357905 48.429536
    -108.359116 48.429113
    -108.360013 48.429209
    -108.360503 48.429341
    -108.361085 48.429675
    -108.361856 48.430729
    -108.362769 48.431175
    -108.363934 48.431317
    -108.364923 48.431089
    -108.366225 48.430868
    -108.366993 48.430835
    -108.367294 48.43088
    -108.367579 48.430923
    -108.367829 48.431146
    -108.36826 48.431775
    -108.368269 48.43209
    -108.367731 48.43305
    -108.3671 48.433756
    -108.366711 48.434193
    -108.365233 48.435377
    -108.364561 48.435648
    -108.363443 48.435747
    -108.361621 48.435944
    -108.360644 48.436241
    -108.35988 48.436835
    -108.359407 48.437334
    -108.359189 48.437809
    -108.359176 48.438547
    -108.359574 48.439003
    -108.360657 48.439258
    -108.361412 48.439156
    -108.362877 48.43871
    -108.364459 48.438604
    -108.365211 48.438748
    -108.366223 48.439711
    -108.366628 48.440201
    -108.367435 48.440902
    -108.368209 48.44143
    -108.368297 48.44146
    -108.369095 48.441737
    -108.370251 48.441564
    -108.37066 48.441377
    -108.371106 48.441172
    -108.371843 48.44044
    -108.372061 48.439157
    -108.372624 48.438054
    -108.373176 48.437163
    -108.373655 48.436699
    -108.374174 48.436443
    -108.374631 48.436402
    -108.375 48.436439
    -108.375638 48.436706
    -108.375695 48.436688
    -108.375764 48.436728
    -108.375865 48.436787
    -108.375939 48.43684
    -108.375972 48.436869
    -108.375999 48.4369
    -108.376077 48.436949
    -108.376113 48.436976
    -108.376145 48.437005
    -108.376224 48.4371
    -108.37637 48.437373
    -108.376444 48.437547
    -108.376481 48.437653
    -108.376566 48.438011
    -108.376586 48.438119
    -108.376619 48.438372
    -108.376634 48.438546
    -108.376596 48.439017
    -108.376566 48.439197
    -108.376493 48.439557
    -108.376311 48.440123
    -108.376153 48.440693
    -108.376099 48.440981
    -108.376084 48.441162
    -108.376096 48.441343
    -108.376135 48.441486
    -108.376195 48.441626
    -108.376236 48.441693
    -108.376371 48.441849
    -108.376445 48.441901
    -108.376644 48.442023
    -108.376817 48.442108
    -108.377093 48.442219
    -108.377392 48.442298
    -108.377545 48.44233
    -108.378069 48.442402
    -108.378598 48.442452
    -108.378916 48.442472
    -108.37929 48.442483
    -108.379451 48.442481
    -108.380569 48.442449
    -108.380935 48.4424
    -108.381083 48.442358
    -108.381218 48.442299
    -108.381297 48.44225
    -108.381398 48.442165
    -108.381421 48.442132
    -108.381492 48.441995
    -108.381529 48.441889
    -108.381551 48.441782
    -108.381557 48.441673
    -108.381552 48.441274
    -108.381533 48.440948
    -108.38145 48.440115
    -108.381463 48.43968
    -108.38155 48.439433
    -108.381586 48.439364
    -108.381656 48.439266
    -108.381802 48.439115
    -108.381989 48.438937
    -108.382056 48.438881
    -108.382363 48.438679
    -108.382847 48.438394
    -108.3834 48.438108
    -108.384014 48.437818
    -108.384247 48.437729
    -108.384296 48.437714
    -108.384514 48.437675
    -108.38462 48.437666
    -108.384674 48.437666
    -108.384833 48.437675
    -108.384936 48.437695
    -108.385035 48.437722
    -108.38522 48.437796
    -108.385262 48.437818
    -108.385378 48.437893
    -108.385545 48.438035
    -108.385718 48.438218
    -108.385855 48.438454
    -108.386056 48.438981
    -108.386289 48.439425
    -108.386366 48.439561
    -108.386701 48.440094
    -108.386929 48.440339
    -108.38709 48.440484
    -108.387233 48.440592
    -108.387507 48.440765
    -108.387752 48.440905
    -108.388103 48.441071
    -108.388577 48.441239
    -108.389137 48.441452
    -108.38947 48.441566
    -108.389618 48.441609
    -108.390264 48.441782
    -108.391152 48.442034
    -108.391389 48.442119
    -108.391526 48.442175
    -108.392102 48.442438
    -108.392342 48.442519
    -108.392641 48.442556
    -108.392801 48.442558
    -108.392854 48.442553
    -108.393109 48.442498
    -108.393157 48.442483
    -108.393237 48.442435
    -108.393308 48.442381
    -108.393376 48.442283
    -108.393394 48.442249
    -108.393419 48.442178
    -108.393446 48.442034
    -108.39345 48.441925
    -108.393438 48.441636
    -108.393161 48.440053
    -108.393152 48.439944
    -108.393125 48.439256
    -108.393116 48.439147
    -108.393079 48.439004
    -108.393022 48.438865
    -108.39284 48.438523
    -108.392769 48.438349
    -108.392755 48.438241
    -108.392759 48.438132
    -108.392768 48.438096
    -108.392827 48.437995
    -108.392896 48.43794
    -108.392974 48.43789
    -108.393102 48.437824
    -108.393194 48.437787
    -108.393266 48.437769
    -108.393319 48.437764
    -108.393425 48.437764
    -108.393531 48.437773
    -108.393893 48.437836
    -108.394095 48.437886
    -108.394723 48.438086
    -108.395163 48.438216
    -108.395569 48.438308
    -108.395776 48.438344
    -108.396245 48.438415
    -108.396775 48.438457
    -108.396987 48.43847
    -108.397575 48.438482
    -108.397839 48.438507
    -108.3981 48.438546
    -108.398456 48.438625
    -108.3987 48.438698
    -108.399322 48.43891
    -108.40014 48.439254
    -108.400771 48.439526
    -108.400909 48.439582
    -108.401144 48.439669
    -108.4014 48.439721
    -108.401713 48.439768
    -108.402081 48.439811
    -108.403025 48.439939
    -108.403179 48.43997
    -108.403329 48.440007
    -108.403557 48.440079
    -108.403881 48.440206
    -108.404431 48.440493
    -108.404675 48.440634
    -108.404748 48.440687
    -108.404848 48.440772
    -108.404982 48.440929
    -108.405156 48.441234
    -108.405181 48.441304
    -108.40519 48.441376
    -108.405182 48.441521
    -108.405153 48.441665
    -108.405102 48.441768
    -108.405056 48.441834
    -108.404998 48.441895
    -108.404928 48.441949
    -108.404844 48.441995
    -108.404753 48.442032
    -108.404608 48.442079
    -108.404407 48.442128
    -108.403835 48.442217
    -108.403303 48.442247
    -108.40293 48.442254
    -108.402505 48.442283
    -108.40224 48.442307
    -108.401391 48.442365
    -108.401336 48.442369
    -108.401126 48.442395
    -108.400711 48.442459
    -108.40019 48.442533
    -108.400036 48.442561
    -108.399985 48.442574
    -108.399627 48.442645
    -108.399429 48.442699
    -108.399148 48.442804
    -108.399059 48.442844
    -108.398759 48.442995
    -108.398556 48.443113
    -108.398368 48.443242
    -108.398334 48.44327
    -108.398089 48.443507
    -108.398053 48.443575
    -108.397965 48.443784
    -108.39794 48.443855
    -108.397922 48.443926
    -108.397898 48.44407
    -108.397885 48.444215
    -108.397884 48.444433
    -108.397932 48.444794
    -108.397985 48.445008
    -108.398007 48.445079
    -108.398067 48.44518
    -108.398137 48.445277
    -108.398208 48.445332
    -108.398372 48.445424
    -108.398463 48.445462
    -108.398512 48.445477
    -108.398617 48.445492
    -108.39883 48.445501
    -108.398883 48.445497
    -108.39909 48.445463
    -108.399188 48.445434
    -108.399561 48.445291
    -108.399836 48.445179
    -108.400656 48.444775
    -108.400739 48.444729
    -108.401219 48.444441
    -108.40155 48.444156
    -108.401902 48.443793
    -108.402033 48.443678
    -108.402177 48.443594
    -108.402269 48.443557
    -108.402521 48.443497
    -108.402677 48.443471
    -108.402942 48.443451
    -108.403263 48.443448
    -108.403422 48.443457
    -108.40358 48.443478
    -108.404092 48.44358
    -108.404233 48.443632
    -108.404453 48.443734
    -108.404882 48.444058
    -108.405508 48.4446
    -108.405969 48.445088
    -108.406332 48.445572
    -108.406447 48.445736
    -108.406644 48.446074
    -108.406655 48.446146
    -108.406652 48.446327
    -108.406623 48.446471
    -108.406616 48.446688
    -108.406628 48.446797
    -108.406649 48.446868
    -108.4067 48.446971
    -108.406743 48.447037
    -108.406872 48.447196
    -108.407114 48.447435
    -108.407562 48.447745
    -108.408043 48.448032
    -108.408342 48.448185
    -108.408559 48.44829
    -108.408798 48.448371
    -108.408993 48.44843
    -108.409344 48.448516
    -108.4095 48.448543
    -108.40987 48.448578
    -108.409923 48.448577
    -108.410188 48.448554
    -108.410238 48.448542
    -108.410285 48.448525
    -108.410374 48.448484
    -108.410411 48.448458
    -108.410541 48.448343
    -108.410566 48.448311
    -108.410589 48.44824
    -108.410622 48.448097
    -108.410624 48.448061
    -108.410586 48.447918
    -108.410572 48.447883
    -108.410534 48.447815
    -108.410465 48.447717
    -108.410404 48.447658
    -108.410305 48.447573
    -108.410051 48.447386
    -108.409899 48.447285
    -108.409644 48.4471
    -108.409099 48.446753
    -108.408895 48.446585
    -108.408837 48.446524
    -108.40882 48.446489
    -108.408773 48.446348
    -108.408766 48.446239
    -108.408772 48.446203
    -108.408836 48.446027
    -108.408931 48.445857
    -108.409224 48.445554
    -108.409393 48.445414
    -108.409586 48.445288
    -108.409629 48.445267
    -108.410004 48.445129
    -108.410054 48.445115
    -108.41046 48.445027
    -108.410513 48.445021
    -108.410564 48.44501
    -108.410775 48.444987
    -108.410882 48.444981
    -108.411263 48.444981
END
END
