30035 Glacier County
1
    -113.048696 48.310028
    -113.048837 48.310028
    -113.04926 48.310029
    -113.049402 48.31003
    -113.049452 48.31003
    -113.049603 48.31003
    -113.049654 48.310031
    -113.049784 48.310031
    -113.050177 48.310032
    -113.050308 48.310033
    -113.055623 48.310041
    -113.066785 48.310061
    -113.071573 48.310069
    -113.076891 48.310079
    -113.077031 48.310079
    -113.08343 48.310095
    -113.10305 48.310146
    -113.10959 48.310164
    -113.11048 48.310167
    -113.113151 48.310179
    -113.114042 48.310183
    -113.118142 48.310198
    -113.125914 48.310228
    -113.130446 48.310216
    -113.134549 48.310208
    -113.135918 48.310199
    -113.136475 48.310196
    -113.140028 48.310173
    -113.141398 48.310165
    -113.142505 48.310172
    -113.145827 48.310193
    -113.146935 48.3102
    -113.14882 48.310197
    -113.153506 48.310191
    -113.154475 48.310189
    -113.15636 48.310187
    -113.161731 48.31018
    -113.165845 48.310175
    -113.177847 48.310159
    -113.183134 48.310152
    -113.183219 48.310152
    -113.184988 48.310149
    -113.190296 48.310141
    -113.192066 48.310139
    -113.196805 48.310132
    -113.211023 48.310114
    -113.215763 48.310108
    -113.220208 48.310101
    -113.220657 48.3101
    -113.225547 48.310094
    -113.235341 48.310081
    -113.240237 48.310076
    -113.243051 48.310082
    -113.250923 48.310102
    -113.251496 48.310102
    -113.254312 48.310104
    -113.256509 48.310105
    -113.260463 48.310107
    -113.268276 48.310111
    -113.269849 48.310112
    -113.278918 48.310116
    -113.28507 48.310119
    -113.285476 48.310119
    -113.286696 48.310119
    -113.287103 48.31012
    -113.28885 48.31012
    -113.294094 48.310123
    -113.295842 48.310125
    -113.300834 48.310126
    -113.305242 48.31013
    -113.315813 48.310134
    -113.320807 48.310138
    -113.322723 48.310139
    -113.323777 48.310139
    -113.328477 48.310142
    -113.330396 48.310144
    -113.331641 48.310144
    -113.335378 48.310147
    -113.336624 48.310148
    -113.339193 48.310149
    -113.3469 48.310153
    -113.34947 48.310155
    -113.349381 48.310214
    -113.349115 48.310395
    -113.349027 48.310455
    -113.348343 48.310698
    -113.348068 48.311037
    -113.348045 48.311335
    -113.348227 48.311544
    -113.348795 48.31184
    -113.34975 48.312538
    -113.351385 48.313911
    -113.351991 48.314549
    -113.352108 48.314674
    -113.352265 48.314842
    -113.35272 48.314915
    -113.353139 48.315027
    -113.353367 48.315388
    -113.353357 48.316035
    -113.353369 48.316291
    -113.353633 48.316412
    -113.354302 48.316461
    -113.354819 48.316482
    -113.355365 48.3165
    -113.356376 48.316577
    -113.357113 48.316898
    -113.357533 48.317083
    -113.358825 48.317686
    -113.360082 48.318375
    -113.361156 48.318807
    -113.363879 48.319066
    -113.365593 48.319754
    -113.365765 48.320261
    -113.365672 48.320793
    -113.365773 48.321461
    -113.366511 48.322006
    -113.367436 48.322577
    -113.367732 48.32276
    -113.370169 48.323406
    -113.371953 48.323595
    -113.373459 48.323768
    -113.37411 48.323879
    -113.374655 48.324329
    -113.374803 48.324787
    -113.374772 48.3256
    -113.374237 48.326753
    -113.37388 48.32743
    -113.373847 48.327801
    -113.373969 48.32809
    -113.374273 48.3285
    -113.374481 48.329039
    -113.374375 48.329426
    -113.374113 48.329869
    -113.373863 48.330353
    -113.373856 48.331013
    -113.374271 48.331898
    -113.375218 48.333022
    -113.375929 48.333574
    -113.376513 48.334206
    -113.377488 48.335107
    -113.378309 48.335877
    -113.380139 48.33688
    -113.381562 48.337647
    -113.382225 48.338505
    -113.382923 48.339395
    -113.383929 48.339974
    -113.38616 48.340794
    -113.387196 48.341703
    -113.387346 48.342155
    -113.387046 48.342885
    -113.386582 48.34326
    -113.386158 48.343354
    -113.38483 48.343465
    -113.383671 48.343633
    -113.383404 48.343672
    -113.381742 48.344321
    -113.380391 48.345084
    -113.3786 48.34627
    -113.375929 48.348175
    -113.375631 48.348327
    -113.375392 48.348626
    -113.375239 48.349158
    -113.375193 48.349472
    -113.37475 48.349996
    -113.374056 48.350779
    -113.37335 48.351505
    -113.372426 48.352087
    -113.37125 48.352807
    -113.370962 48.353017
    -113.370472 48.353558
    -113.370185 48.353872
    -113.369896 48.35397
    -113.369439 48.354084
    -113.368367 48.354215
    -113.367068 48.354573
    -113.364543 48.355384
    -113.363614 48.355583
    -113.36352 48.355604
    -113.363063 48.35579
    -113.362631 48.356057
    -113.362176 48.356549
    -113.361601 48.357034
    -113.361086 48.357486
    -113.360462 48.357995
    -113.359489 48.358424
    -113.358528 48.358893
    -113.356823 48.359904
    -113.356174 48.360324
    -113.355453 48.360551
    -113.354899 48.360657
    -113.354177 48.3609
    -113.353962 48.361134
    -113.353108 48.361418
    -113.351221 48.362276
    -113.350069 48.363036
    -113.349568 48.36385
    -113.349065 48.364479
    -113.348129 48.365174
    -113.34724 48.365602
    -113.346362 48.365854
    -113.345389 48.366484
    -113.344729 48.367025
    -113.343999 48.367832
    -113.34352 48.368421
    -113.343137 48.368744
    -113.342703 48.368954
    -113.342017 48.369141
    -113.340996 48.369691
    -113.340409 48.37028
    -113.339282 48.371434
    -113.338768 48.372119
    -113.338567 48.372868
    -113.338317 48.37332
    -113.338102 48.373755
    -113.337701 48.374965
    -113.337277 48.375649
    -113.337002 48.376153
    -113.336797 48.376586
    -113.336651 48.376898
    -113.33627 48.377957
    -113.336133 48.378864
    -113.335667 48.37997
    -113.335062 48.380672
    -113.334948 48.380977
    -113.334869 48.38137
    -113.334634 48.381666
    -113.334401 48.381865
    -113.334096 48.382015
    -113.333757 48.382736
    -113.333604 48.383193
    -113.333606 48.383788
    -113.333686 48.384778
    -113.333607 48.385806
    -113.333121 48.38737
    -113.333137 48.38782
    -113.333495 48.388088
    -113.333842 48.388276
    -113.334526 48.388554
    -113.335416 48.388818
    -113.335825 48.388966
    -113.336124 48.389153
    -113.336433 48.389437
    -113.33684 48.389755
    -113.337077 48.389941
    -113.338093 48.390592
    -113.338774 48.391039
    -113.339877 48.391554
    -113.340886 48.391939
    -113.342136 48.392383
    -113.343326 48.392754
    -113.344661 48.39315
    -113.345682 48.393528
    -113.346222 48.393781
    -113.34671 48.394203
    -113.347016 48.394687
    -113.347128 48.395227
    -113.347128 48.395878
    -113.347416 48.396724
    -113.347591 48.397154
    -113.347729 48.39749
    -113.347997 48.398079
    -113.348315 48.398556
    -113.348704 48.399129
    -113.348815 48.399733
    -113.348552 48.400246
    -113.348347 48.400903
    -113.348423 48.401426
    -113.348709 48.401662
    -113.349093 48.401906
    -113.349714 48.402328
    -113.349782 48.402626
    -113.349932 48.403046
    -113.350153 48.403538
    -113.350361 48.40411
    -113.350652 48.404739
    -113.350798 48.404993
    -113.351075 48.405474
    -113.351127 48.405941
    -113.351107 48.406439
    -113.350992 48.406792
    -113.350913 48.407169
    -113.350953 48.407635
    -113.350958 48.408078
    -113.350866 48.408463
    -113.350532 48.408926
    -113.349972 48.409871
    -113.349828 48.410505
    -113.349806 48.411067
    -113.34974 48.411364
    -113.349651 48.411605
    -113.348804 48.412386
    -113.348467 48.412994
    -113.348398 48.413492
    -113.348577 48.413622
    -113.349033 48.413803
    -113.349405 48.413982
    -113.349669 48.414105
    -113.349846 48.414347
    -113.35002 48.414807
    -113.350196 48.415098
    -113.35121 48.415925
    -113.351247 48.416074
    -113.351312 48.416336
    -113.351667 48.416798
    -113.352045 48.417283
    -113.352235 48.417502
    -113.352266 48.417783
    -113.352671 48.418188
    -113.353251 48.418908
    -113.353746 48.419691
    -113.354333 48.419993
    -113.355122 48.420554
    -113.355704 48.421185
    -113.355926 48.421629
    -113.35588 48.422208
    -113.355884 48.423357
    -113.355852 48.423807
    -113.356139 48.42405
    -113.356584 48.424198
    -113.357151 48.424251
    -113.357388 48.424214
    -113.358049 48.424113
    -113.359214 48.423856
    -113.360234 48.423623
    -113.361848 48.423313
    -113.363208 48.423082
    -113.364261 48.42305
    -113.365311 48.423154
    -113.366325 48.423274
    -113.36727 48.423193
    -113.368231 48.422879
    -113.369302 48.422517
    -113.370321 48.422338
    -113.371448 48.422178
    -113.372856 48.421923
    -113.373147 48.421845
    -113.373747 48.421439
    -113.374406 48.42109
    -113.375295 48.420727
    -113.375553 48.420464
    -113.375931 48.420458
    -113.377031 48.420356
    -113.37715 48.420335
    -113.377635 48.420253
    -113.378023 48.419917
    -113.37875 48.41935
    -113.37967 48.418878
    -113.38126 48.417486
    -113.381575 48.417174
    -113.381829 48.417103
    -113.382516 48.417144
    -113.382865 48.417169
    -113.382963 48.417153
    -113.383261 48.417105
    -113.38336 48.41709
    -113.384097 48.416883
    -113.385268 48.416646
    -113.387825 48.416515
    -113.38903 48.416558
    -113.390042 48.416689
    -113.390523 48.416834
    -113.390968 48.416972
    -113.391016 48.416972
    -113.391595 48.416981
    -113.392294 48.416983
    -113.394307 48.41722
    -113.396125 48.417553
    -113.398052 48.41787
    -113.399075 48.418145
    -113.399544 48.418282
    -113.400375 48.418316
    -113.401616 48.418511
    -113.40365 48.418981
    -113.404938 48.419345
    -113.405336 48.41933
    -113.405541 48.419314
    -113.40589 48.419355
    -113.406166 48.419508
    -113.406479 48.419565
    -113.407071 48.419502
    -113.408132 48.419472
    -113.409482 48.419459
    -113.410362 48.419517
    -113.411156 48.419687
    -113.411974 48.420002
    -113.412767 48.420388
    -113.413211 48.420718
    -113.413571 48.421008
    -113.413604 48.421056
    -113.413989 48.421618
    -113.414239 48.422164
    -113.414441 48.422526
    -113.415184 48.423185
    -113.415445 48.423867
    -113.41589 48.423997
    -113.416686 48.424199
    -113.417299 48.424537
    -113.417539 48.424674
    -113.417537 48.425003
    -113.417523 48.425291
    -113.417618 48.425532
    -113.418565 48.42628
    -113.418818 48.426369
    -113.419095 48.426369
    -113.419554 48.426306
    -113.420116 48.426965
    -113.421065 48.427545
    -113.422363 48.428189
    -113.423529 48.428809
    -113.424117 48.429283
    -113.424156 48.429419
    -113.424435 48.430391
    -113.424747 48.430729
    -113.425023 48.430849
    -113.425541 48.430915
    -113.426228 48.430988
    -113.427084 48.431086
    -113.430538 48.432079
    -113.431057 48.432121
    -113.431623 48.432154
    -113.431984 48.432259
    -113.432333 48.432356
    -113.4329 48.432413
    -113.433551 48.432446
    -113.43396 48.432519
    -113.434188 48.432728
    -113.434404 48.432905
    -113.434873 48.433163
    -113.435536 48.43318
    -113.436308 48.43323
    -113.436717 48.433391
    -113.437389 48.433857
    -113.438001 48.434348
    -113.439096 48.434983
    -113.43954 48.435369
    -113.440929 48.43696
    -113.441248 48.437328
    -113.441576 48.437707
    -113.442415 48.438447
    -113.442629 48.439073
    -113.443635 48.440142
    -113.443835 48.440944
    -113.444039 48.441265
    -113.444773 48.441475
    -113.445652 48.44179
    -113.445855 48.442087
    -113.446168 48.442144
    -113.44719 48.442279
    -113.44935 48.442566
    -113.449482 48.442743
    -113.449638 48.44288
    -113.44995 48.443025
    -113.450239 48.443105
    -113.450673 48.443194
    -113.451095 48.443291
    -113.451226 48.443476
    -113.451367 48.444166
    -113.451385 48.444232
    -113.451591 48.444985
    -113.451578 48.445193
    -113.45154 48.445418
    -113.451659 48.445811
    -113.451736 48.445837
    -113.451759 48.445844
    -113.451828 48.445868
    -113.451851 48.445876
    -113.452201 48.445844
    -113.452576 48.445765
    -113.453192 48.445613
    -113.453699 48.445542
    -113.454375 48.445487
    -113.454893 48.445496
    -113.455388 48.445465
    -113.455396 48.445464
    -113.456088 48.445434
    -113.457307 48.445251
    -113.458695 48.445133
    -113.459611 48.445247
    -113.460865 48.445354
    -113.461251 48.445354
    -113.461638 48.445251
    -113.461953 48.445139
    -113.462314 48.445147
    -113.46299 48.445213
    -113.463556 48.445374
    -113.464243 48.445423
    -113.464785 48.445528
    -113.464929 48.445721
    -113.465011 48.446146
    -113.465008 48.446588
    -113.465088 48.446703
    -113.46526 48.446949
    -113.465524 48.447166
    -113.465764 48.447311
    -113.465981 48.447367
    -113.466391 48.447376
    -113.46703 48.447497
    -113.46833 48.447949
    -113.468631 48.44811
    -113.468774 48.448326
    -113.469038 48.448599
    -113.469278 48.448929
    -113.46959 48.449202
    -113.469902 48.449435
    -113.470178 48.449684
    -113.470695 48.44995
    -113.471236 48.450392
    -113.471463 48.450793
    -113.471643 48.450906
    -113.472016 48.451059
    -113.472377 48.451244
    -113.472429 48.451318
    -113.472916 48.452015
    -113.47312 48.452167
    -113.473362 48.452144
    -113.473929 48.452121
    -113.474362 48.452209
    -113.475182 48.452395
    -113.476555 48.452806
    -113.477904 48.453113
    -113.478725 48.45309
    -113.479123 48.453171
    -113.479314 48.453452
    -113.479528 48.454006
    -113.479742 48.454648
    -113.480252 48.456325
    -113.480917 48.458243
    -113.480902 48.458925
    -113.480934 48.459711
    -113.480484 48.460393
    -113.47978 48.461065
    -113.479468 48.46124
    -113.478631 48.461714
    -113.477565 48.462378
    -113.477201 48.462771
    -113.477126 48.46334
    -113.47717 48.46403
    -113.476719 48.46504
    -113.476603 48.465308
    -113.476455 48.465493
    -113.476014 48.466048
    -113.475867 48.466234
    -113.474455 48.46855
    -113.47443 48.46859
    -113.473907 48.469464
    -113.473445 48.470073
    -113.472924 48.470513
    -113.472065 48.470961
    -113.470818 48.471633
    -113.469726 48.47261
    -113.469399 48.472882
    -113.469097 48.473002
    -113.468746 48.473138
    -113.468322 48.473354
    -113.468032 48.47357
    -113.466832 48.474466
    -113.466564 48.474819
    -113.466551 48.475051
    -113.466681 48.475565
    -113.46669 48.475621
    -113.466821 48.476439
    -113.467009 48.477338
    -113.467221 48.478261
    -113.467422 48.479039
    -113.4676 48.479649
    -113.46797 48.480275
    -113.468366 48.480797
    -113.469037 48.481601
    -113.469938 48.482436
    -113.470381 48.483103
    -113.470535 48.483587
    -113.470654 48.483961
    -113.470918 48.484869
    -113.470998 48.485141
    -113.471605 48.486811
    -113.471855 48.487413
    -113.471768 48.487926
    -113.471268 48.488952
    -113.469084 48.493103
    -113.468438 48.494121
    -113.468132 48.494915
    -113.46807 48.495179
    -113.467948 48.495388
    -113.467537 48.495636
    -113.46733 48.495804
    -113.467304 48.496141
    -113.467351 48.496414
    -113.46633 48.497671
    -113.466256 48.498
    -113.466146 48.498192
    -113.466192 48.498618
    -113.466433 48.49877
    -113.467284 48.499967
    -113.4725 48.50215
    -113.473162 48.504825
    -113.472947 48.50842
    -113.472624 48.510343
    -113.472383 48.511779
    -113.472811 48.514134
    -113.471204 48.515493
    -113.471745 48.519945
    -113.471752 48.52001
    -113.471776 48.520205
    -113.471784 48.52027
    -113.471786 48.520288
    -113.471793 48.520344
    -113.471796 48.520363
    -113.471983 48.521892
    -113.472687 48.524891
    -113.46819 48.53124
    -113.468699 48.534853
    -113.469616 48.535948
    -113.469487 48.538288
    -113.468214 48.539108
    -113.468299 48.54052
    -113.469437 48.54113
    -113.467378 48.5476
    -113.471044 48.550718
    -113.473279 48.552619
    -113.485449 48.554284
    -113.492307 48.552418
    -113.496616 48.553682
    -113.500936 48.556975
    -113.501953 48.55816
    -113.50904 48.559434
    -113.51086 48.560106
    -113.512142 48.563663
    -113.513583 48.567529
    -113.515803 48.570616
    -113.516671 48.572837
    -113.517571 48.573124
    -113.519555 48.573292
    -113.524169 48.574537
    -113.525709 48.574922
    -113.525969 48.575796
    -113.529757 48.576763
    -113.531144 48.577363
    -113.533893 48.576791
    -113.535493 48.577572
    -113.536684 48.578557
    -113.538732 48.580368
    -113.539663 48.58151
    -113.540223 48.582501
    -113.542098 48.584769
    -113.543195 48.586743
    -113.544038 48.586909
    -113.544166 48.586725
    -113.545614 48.585546
    -113.547342 48.584725
    -113.54992 48.584561
    -113.553742 48.583141
    -113.557618 48.584036
    -113.559587 48.583392
    -113.560405 48.583125
    -113.563537 48.582018
    -113.565522 48.581781
    -113.567246 48.580685
    -113.569866 48.580006
    -113.572625 48.578772
    -113.573237 48.579683
    -113.574246 48.581052
    -113.575491 48.581924
    -113.576344 48.582508
    -113.577777 48.584277
    -113.579363 48.584018
    -113.582387 48.58361
    -113.585414 48.583774
    -113.587691 48.582823
    -113.589783 48.58158
    -113.590526 48.580309
    -113.590534 48.580294
    -113.59056 48.580251
    -113.590569 48.580237
    -113.590576 48.580008
    -113.590599 48.579321
    -113.590607 48.579093
    -113.590862 48.578787
    -113.591628 48.577869
    -113.591884 48.577564
    -113.593607 48.576839
    -113.59412 48.576777
    -113.595592 48.576601
    -113.59928 48.575171
    -113.600743 48.574933
    -113.600981 48.574971
    -113.603338 48.575349
    -113.603739 48.575523
    -113.604944 48.576048
    -113.605346 48.576223
    -113.609332 48.577133
    -113.611918 48.578548
    -113.61275 48.579429
    -113.614165 48.580303
    -113.614683 48.581457
    -113.615419 48.583093
    -113.616552 48.58514
    -113.616418 48.586266
    -113.61684 48.58707
    -113.616745 48.587745
    -113.618182 48.588684
    -113.620139 48.590041
    -113.621124 48.590724
    -113.623343 48.591875
    -113.623903 48.592922
    -113.625941 48.594667
    -113.628868 48.597197
    -113.631706 48.598596
    -113.632975 48.599198
    -113.635932 48.599395
    -113.639431 48.600184
    -113.639451 48.600188
    -113.641767 48.600742
    -113.644995 48.597643
    -113.646615 48.595463
    -113.64799 48.594634
    -113.648056 48.594594
    -113.649088 48.59391
    -113.650407 48.593052
    -113.650947 48.592336
    -113.651709 48.591649
    -113.652003 48.590744
    -113.654161 48.59007
    -113.65458 48.58994
    -113.660248 48.586407
    -113.661003 48.585934
    -113.662146 48.58556
    -113.662572 48.58558
    -113.663819 48.585639
    -113.664994 48.585748
    -113.665575 48.586275
    -113.666431 48.58705
    -113.66739 48.587918
    -113.668343 48.588616
    -113.669333 48.588571
    -113.669349 48.588571
    -113.670487 48.588505
    -113.670604 48.588553
    -113.670693 48.58861
    -113.67072 48.588627
    -113.670961 48.588846
    -113.671278 48.588968
    -113.671356 48.588999
    -113.671479 48.589083
    -113.672588 48.589842
    -113.672697 48.589917
    -113.672906 48.590155
    -113.673014 48.590216
    -113.6732 48.590243
    -113.673398 48.590324
    -113.673587 48.590373
    -113.67441 48.590683
    -113.675117 48.59104
    -113.676158 48.591621
    -113.677332 48.592278
    -113.681342 48.593471
    -113.682722 48.593847
    -113.684793 48.594185
    -113.686784 48.593942
    -113.688181 48.59369
    -113.689431 48.593501
    -113.690455 48.592771
    -113.690468 48.59277
    -113.692335 48.592737
    -113.693598 48.592565
    -113.696275 48.59309
    -113.699207 48.593488
    -113.701206 48.593785
    -113.703981 48.594077
    -113.708539 48.594384
    -113.7097 48.594735
    -113.71097 48.595295
    -113.711578 48.595572
    -113.712058 48.595791
    -113.712244 48.595947
    -113.71342 48.596933
    -113.714422 48.597679
    -113.715578 48.598997
    -113.716306 48.598991
    -113.717937 48.599876
    -113.719545 48.600647
    -113.720915 48.600733
    -113.722274 48.600641
    -113.72372 48.600202
    -113.724461 48.600059
    -113.725124 48.600626
    -113.726434 48.600703
    -113.727043 48.60206
    -113.728202 48.602446
    -113.728459 48.602532
    -113.728754 48.603109
    -113.729695 48.604584
    -113.729898 48.60502
    -113.731497 48.605404
    -113.73138 48.606605
    -113.733639 48.608007
    -113.734411 48.608784
    -113.735769 48.608885
    -113.736837 48.608744
    -113.738205 48.609309
    -113.739039 48.609654
    -113.739863 48.609826
    -113.739944 48.610398
    -113.740476 48.610621
    -113.741517 48.611057
    -113.74267 48.611076
    -113.744413 48.611654
    -113.746654 48.612121
    -113.747648 48.612326
    -113.74874 48.612988
    -113.750295 48.613931
    -113.750947 48.614795
    -113.751304 48.615248
    -113.752375 48.616607
    -113.752733 48.61706
    -113.752752 48.617079
    -113.753455 48.618122
    -113.753713 48.618403
    -113.754042 48.618762
    -113.753672 48.619163
    -113.752957 48.61994
    -113.750949 48.621693
    -113.750752 48.621842
    -113.749426 48.622853
    -113.747261 48.623937
    -113.74693 48.624103
    -113.746823 48.624971
    -113.747564 48.626058
    -113.74754 48.626799
    -113.747262 48.628301
    -113.746928 48.629238
    -113.746648 48.630409
    -113.746568 48.63063
    -113.746261 48.63149
    -113.745636 48.632399
    -113.745345 48.63268
    -113.745229 48.632792
    -113.745056 48.63296
    -113.744881 48.633128
    -113.744766 48.633241
    -113.744639 48.633363
    -113.74426 48.63373
    -113.744134 48.633853
    -113.743946 48.634034
    -113.743665 48.634306
    -113.743384 48.634578
    -113.743197 48.63476
    -113.743153 48.634802
    -113.742163 48.63573
    -113.742868 48.636489
    -113.743896 48.637035
    -113.744069 48.637189
    -113.745277 48.638262
    -113.745933 48.639029
    -113.746749 48.639725
    -113.746633 48.640689
    -113.745901 48.641918
    -113.745731 48.643051
    -113.746242 48.64454
    -113.746308 48.645482
    -113.745885 48.646949
    -113.745757 48.647174
    -113.745691 48.647293
    -113.745451 48.650999
    -113.745354 48.652496
    -113.744027 48.653347
    -113.743157 48.653905
    -113.741676 48.655365
    -113.74073 48.656816
    -113.740056 48.658244
    -113.739882 48.658616
    -113.740219 48.659475
    -113.738937 48.661549
    -113.738888 48.663054
    -113.736924 48.66441
    -113.735056 48.665405
    -113.734526 48.666403
    -113.731993 48.667654
    -113.731022 48.668349
    -113.726065 48.671254
    -113.725725 48.671612
    -113.726328 48.671774
    -113.727804 48.672343
    -113.728245 48.673009
    -113.729309 48.673186
    -113.731378 48.675003
    -113.73157 48.675462
    -113.731784 48.675975
    -113.731985 48.677282
    -113.732057 48.67804
    -113.73274 48.678734
    -113.733859 48.679838
    -113.73556 48.681392
    -113.736797 48.68298
    -113.737436 48.684285
    -113.737883 48.685121
    -113.737317 48.68533
    -113.737122 48.68552
    -113.736752 48.685885
    -113.737041 48.686728
    -113.737714 48.687341
    -113.739246 48.688458
    -113.740205 48.689285
    -113.739867 48.689941
    -113.740203 48.690461
    -113.740156 48.691169
    -113.741199 48.692391
    -113.740665 48.692799
    -113.740301 48.693079
    -113.738872 48.693283
    -113.737528 48.693567
    -113.737262 48.693623
    -113.736937 48.693658
    -113.735155 48.693853
    -113.734617 48.693913
    -113.734561 48.693919
    -113.734353 48.693941
    -113.73433 48.693944
    -113.733728 48.693957
    -113.73352 48.693962
    -113.733413 48.693964
    -113.733364 48.693965
    -113.733227 48.693968
    -113.732917 48.694077
    -113.732771 48.69413
    -113.732545 48.694214
    -113.732407 48.694251
    -113.732002 48.693996
    -113.731966 48.693609
    -113.731811 48.693621
    -113.731295 48.693664
    -113.730419 48.693683
    -113.728869 48.693459
    -113.72761 48.693465
    -113.726204 48.693473
    -113.726072 48.693474
    -113.719748 48.694934
    -113.718135 48.696552
    -113.716868 48.697822
    -113.71461 48.698087
    -113.712791 48.699348
    -113.713519 48.700543
    -113.712158 48.70165
    -113.711551 48.702003
    -113.71035 48.703756
    -113.708851 48.706423
    -113.708138 48.707765
    -113.708038 48.708206
    -113.708482 48.709122
    -113.70755 48.70972
    -113.707892 48.710796
    -113.706477 48.712378
    -113.706906 48.713383
    -113.707011 48.714286
    -113.70641 48.714776
    -113.705345 48.715364
    -113.703952 48.716269
    -113.702576 48.716313
    -113.702694 48.719745
    -113.705968 48.721935
    -113.706971 48.722135
    -113.707184 48.722693
    -113.708546 48.723092
    -113.709722 48.724317
    -113.709384 48.72535
    -113.708195 48.727466
    -113.70783 48.729312
    -113.706998 48.73091
    -113.708022 48.73198
    -113.708407 48.732839
    -113.709007 48.734594
    -113.709795 48.734687
    -113.710833 48.736449
    -113.711151 48.737146
    -113.711512 48.73728
    -113.713826 48.740946
    -113.713486 48.741681
    -113.71474 48.742022
    -113.71491 48.742789
    -113.717122 48.74291
    -113.718073 48.74323
    -113.723699 48.744279
    -113.724359 48.74457
    -113.725299 48.744544
    -113.725922 48.745213
    -113.727685 48.745271
    -113.728458 48.745468
    -113.730076 48.746618
    -113.731324 48.747554
    -113.731832 48.748045
    -113.732385 48.74835
    -113.733149 48.748675
    -113.735444 48.74965
    -113.736209 48.749976
    -113.736221 48.749976
    -113.736257 48.749976
    -113.73627 48.749976
    -113.737056 48.750543
    -113.737746 48.751174
    -113.738681 48.751956
    -113.739444 48.752651
    -113.739672 48.753293
    -113.739834 48.753597
    -113.740091 48.753724
    -113.740094 48.753926
    -113.740305 48.754262
    -113.740499 48.755073
    -113.740433 48.755637
    -113.740598 48.756127
    -113.741003 48.756454
    -113.741201 48.756869
    -113.741241 48.756951
    -113.741661 48.757399
    -113.741848 48.757743
    -113.741793 48.758178
    -113.741804 48.758991
    -113.742396 48.759638
    -113.742648 48.760232
    -113.742924 48.760858
    -113.743494 48.761666
    -113.743742 48.761995
    -113.743895 48.762541
    -113.743599 48.763179
    -113.743547 48.763855
    -113.743333 48.764186
    -113.743073 48.764768
    -113.742968 48.765179
    -113.745087 48.766105
    -113.747276 48.766773
    -113.748887 48.767107
    -113.749791 48.767366
    -113.750611 48.767658
    -113.75095 48.767841
    -113.752515 48.76831
    -113.753864 48.768934
    -113.754702 48.769514
    -113.755044 48.770203
    -113.756428 48.770738
    -113.758282 48.771679
    -113.758823 48.771993
    -113.759635 48.772464
    -113.761337 48.773061
    -113.762374 48.773872
    -113.762711 48.774931
    -113.762741 48.775824
    -113.762885 48.776313
    -113.763192 48.776504
    -113.763684 48.77736
    -113.764138 48.778185
    -113.764236 48.778216
    -113.764818 48.77875
    -113.765039 48.779504
    -113.765054 48.78026
    -113.765062 48.780701
    -113.765079 48.781507
    -113.76565 48.782676
    -113.766107 48.783637
    -113.766084 48.784329
    -113.766401 48.784962
    -113.766863 48.785561
    -113.76752 48.785612
    -113.768191 48.785719
    -113.768623 48.786005
    -113.769246 48.78616
    -113.76973 48.786246
    -113.769978 48.786291
    -113.770519 48.786559
    -113.771477 48.787653
    -113.771702 48.787957
    -113.771651 48.788025
    -113.771575 48.788124
    -113.771524 48.788192
    -113.771293 48.788365
    -113.771201 48.788436
    -113.771197 48.788443
    -113.770906 48.788921
    -113.770855 48.789372
    -113.771056 48.790327
    -113.771113 48.790364
    -113.771512 48.790629
    -113.771786 48.790956
    -113.771709 48.791319
    -113.771685 48.791979
    -113.771985 48.792949
    -113.772394 48.793927
    -113.772789 48.794866
    -113.773037 48.795981
    -113.773043 48.796006
    -113.773193 48.796801
    -113.773652 48.797231
    -113.773664 48.797826
    -113.773715 48.798542
    -113.773606 48.799178
    -113.773388 48.799815
    -113.773166 48.800268
    -113.77305 48.800542
    -113.772956 48.800728
    -113.772534 48.800909
    -113.770689 48.801094
    -113.770154 48.801203
    -113.769793 48.801278
    -113.76924 48.801629
    -113.768349 48.802071
    -113.767128 48.802476
    -113.766041 48.802823
    -113.765172 48.803192
    -113.764592 48.803431
    -113.764157 48.803587
    -113.763857 48.803767
    -113.76353 48.804429
    -113.763283 48.80489
    -113.763461 48.805242
    -113.763288 48.805726
    -113.762856 48.806639
    -113.762565 48.807277
    -113.761889 48.808184
    -113.761276 48.809154
    -113.760644 48.809803
    -113.76037 48.810087
    -113.760168 48.810338
    -113.760246 48.810595
    -113.760489 48.811188
    -113.760581 48.811517
    -113.760588 48.811863
    -113.760825 48.812158
    -113.761138 48.812614
    -113.761204 48.812863
    -113.760952 48.813061
    -113.760833 48.813156
    -113.760592 48.81331
    -113.760296 48.813723
    -113.75996 48.814539
    -113.759844 48.814837
    -113.760052 48.8149
    -113.760264 48.815139
    -113.760249 48.815622
    -113.759783 48.816044
    -113.759111 48.816492
    -113.758786 48.816688
    -113.758373 48.81674
    -113.757876 48.816833
    -113.757516 48.817061
    -113.757512 48.817495
    -113.757358 48.817682
    -113.757179 48.817868
    -113.757074 48.81811
    -113.757297 48.818286
    -113.75849 48.818935
    -113.75979 48.819463
    -113.76153 48.820083
    -113.762828 48.82049
    -113.763029 48.820545
    -113.764639 48.820989
    -113.765777 48.821277
    -113.766376 48.821449
    -113.766985 48.822047
    -113.767316 48.822776
    -113.767543 48.823184
    -113.768274 48.823218
    -113.769368 48.823153
    -113.770828 48.823172
    -113.771335 48.823546
    -113.772398 48.824389
    -113.772967 48.824851
    -113.773912 48.825212
    -113.774954 48.82563
    -113.775792 48.826129
    -113.776693 48.826684
    -113.777265 48.827291
    -113.777551 48.82761
    -113.778563 48.828285
    -113.779322 48.828495
    -113.779378 48.828889
    -113.779709 48.829015
    -113.780309 48.82917
    -113.781073 48.829654
    -113.781648 48.830381
    -113.782301 48.830786
    -113.782929 48.831142
    -113.78328 48.831545
    -113.783353 48.831629
    -113.783813 48.832092
    -113.784462 48.832295
    -113.785373 48.832802
    -113.786156 48.833599
    -113.78643 48.834514
    -113.786286 48.835199
    -113.785884 48.835765
    -113.785639 48.836282
    -113.785753 48.837103
    -113.786022 48.837784
    -113.786335 48.838771
    -113.786718 48.839644
    -113.786757 48.840392
    -113.787097 48.840944
    -113.787734 48.841702
    -113.788486 48.842186
    -113.788948 48.842753
    -113.789586 48.843592
    -113.789927 48.844764
    -113.790355 48.845427
    -113.790466 48.845489
    -113.790539 48.84553
    -113.79105 48.845478
    -113.791679 48.845319
    -113.792225 48.845226
    -113.792631 48.845423
    -113.793143 48.845475
    -113.794305 48.845111
    -113.795392 48.844691
    -113.796064 48.844227
    -113.796705 48.84406
    -113.79738 48.843732
    -113.798489 48.843174
    -113.799393 48.842748
    -113.79984 48.842599
    -113.800063 48.842203
    -113.800434 48.841862
    -113.800975 48.841527
    -113.801464 48.841056
    -113.801865 48.840442
    -113.80244 48.84001
    -113.803367 48.839503
    -113.804432 48.839212
    -113.805693 48.838927
    -113.808557 48.838491
    -113.81075 48.838584
    -113.812659 48.839058
    -113.814294 48.839284
    -113.815194 48.839791
    -113.815672 48.840102
    -113.816033 48.840338
    -113.816759 48.84071
    -113.817882 48.841447
    -113.818266 48.842337
    -113.818155 48.843391
    -113.817877 48.844078
    -113.818058 48.845138
    -113.818213 48.846737
    -113.818441 48.847153
    -113.818394 48.847829
    -113.818388 48.848087
    -113.818536 48.84819
    -113.818986 48.848162
    -113.820056 48.84812
    -113.821163 48.848078
    -113.823712 48.848279
    -113.825504 48.848368
    -113.826938 48.848813
    -113.827363 48.848896
    -113.829248 48.849266
    -113.830382 48.849352
    -113.831513 48.849784
    -113.832801 48.850231
    -113.833549 48.850498
    -113.834179 48.850371
    -113.8349 48.850453
    -113.836194 48.85065
    -113.837637 48.850934
    -113.838659 48.851464
    -113.839349 48.852391
    -113.839916 48.85327
    -113.840482 48.854109
    -113.841079 48.854715
    -113.841502 48.855113
    -113.841337 48.855388
    -113.841087 48.855664
    -113.841007 48.855898
    -113.841457 48.85587
    -113.84233 48.855685
    -113.84318 48.855572
    -113.84391 48.855533
    -113.844527 48.855359
    -113.845363 48.854603
    -113.846514 48.853772
    -113.847555 48.852942
    -113.848321 48.852315
    -113.848952 48.852237
    -113.849733 48.852302
    -113.850622 48.852225
    -113.850984 48.852194
    -113.852215 48.851699
    -113.853035 48.85133
    -113.854258 48.850956
    -113.855181 48.850835
    -113.85561 48.850976
    -113.855882 48.851166
    -113.856477 48.851104
    -113.857287 48.850823
    -113.85797 48.850334
    -113.859372 48.849871
    -113.860906 48.849309
    -113.862595 48.848609
    -113.863872 48.847978
    -113.864722 48.847653
    -113.865514 48.847351
    -113.866023 48.846726
    -113.866665 48.846036
    -113.867387 48.845088
    -113.868415 48.844242
    -113.869482 48.843492
    -113.870484 48.843088
    -113.872057 48.842679
    -113.872959 48.842164
    -113.873761 48.841545
    -113.87419 48.840575
    -113.874463 48.839712
    -113.874796 48.838776
    -113.874859 48.837778
    -113.874995 48.837334
    -113.875222 48.837155
    -113.875505 48.837305
    -113.875954 48.837621
    -113.876528 48.837877
    -113.877242 48.838197
    -113.878021 48.83832
    -113.879966 48.838736
    -113.880829 48.838971
    -113.881931 48.839739
    -113.883111 48.840008
    -113.884401 48.840092
    -113.886942 48.840702
    -113.887851 48.841292
    -113.888484 48.841342
    -113.890016 48.841708
    -113.89168 48.843789
    -113.891943 48.844417
    -113.892757 48.844677
    -113.893822 48.845532
    -113.894253 48.845666
    -113.896957 48.846506
    -113.899257 48.847003
    -113.901256 48.846912
    -113.904316 48.846589
    -113.90663 48.846813
    -113.909045 48.847977
    -113.910271 48.848584
    -113.910545 48.849309
    -113.911027 48.84997
    -113.911428 48.850196
    -113.911503 48.849883
    -113.911494 48.849472
    -113.911757 48.848539
    -113.912422 48.846159
    -113.912756 48.845492
    -113.914092 48.844385
    -113.914586 48.843541
    -113.914524 48.842197
    -113.914607 48.84087
    -113.914601 48.840089
    -113.91504 48.838472
    -113.91665 48.836536
    -113.919159 48.83507
    -113.920857 48.834519
    -113.922577 48.834177
    -113.922812 48.833783
    -113.923601 48.832433
    -113.92419 48.831827
    -113.92478 48.831221
    -113.925943 48.830467
    -113.927717 48.829288
    -113.928852 48.828977
    -113.929305 48.828672
    -113.931417 48.828001
    -113.933088 48.827627
    -113.933591 48.827234
    -113.934482 48.826938
    -113.935023 48.826223
    -113.935621 48.826015
    -113.936925 48.825914
    -113.939242 48.825476
    -113.940918 48.826067
    -113.943197 48.82596
    -113.943287 48.825389
    -113.943124 48.824278
    -113.943349 48.823506
    -113.944269 48.822631
    -113.945541 48.821948
    -113.946225 48.821581
    -113.949108 48.820211
    -113.950671 48.819546
    -113.953605 48.817927
    -113.956176 48.817691
    -113.957138 48.817636
    -113.958944 48.818799
    -113.961224 48.820187
    -113.962799 48.821317
    -113.964309 48.823083
    -113.965194 48.823752
    -113.966558 48.823852
    -113.968364 48.823316
    -113.970434 48.823368
    -113.970751 48.823337
    -113.970535 48.822789
    -113.97149 48.821954
    -113.972223 48.821722
    -113.972185 48.820008
    -113.971463 48.818711
    -113.972151 48.818712
    -113.973107 48.818715
    -113.974504 48.819281
    -113.975739 48.820281
    -113.976316 48.821408
    -113.977254 48.823237
    -113.977812 48.823511
    -113.979417 48.823965
    -113.980299 48.825013
    -113.980721 48.825443
    -113.980765 48.825488
    -113.980832 48.825556
    -113.980898 48.825623
    -113.980943 48.825669
    -113.981194 48.825924
    -113.983362 48.825912
    -113.984431 48.826364
    -113.984949 48.826462
    -113.985161 48.826502
    -113.98813 48.826894
    -113.9887 48.827169
    -113.989624 48.8275
    -113.991765 48.828051
    -113.992493 48.828431
    -113.99411 48.828788
    -113.997046 48.829876
    -113.997403 48.830009
    -113.998556 48.830735
    -113.999152 48.830913
    -114.000959 48.83131
    -114.002238 48.831911
    -114.002352 48.831965
    -114.002895 48.832855
    -114.003076 48.834
    -114.002895 48.83489
    -114.002202 48.83562
    -114.002171 48.835653
    -114.000959 48.836289
    -114.000931 48.836303
    -114.000847 48.836344
    -114.00082 48.836359
    -114.000265 48.836346
    -113.999958 48.836684
    -113.999943 48.837078
    -113.999478 48.837431
    -113.999085 48.837978
    -113.999105 48.838782
    -113.999114 48.839201
    -113.998712 48.839216
    -113.997094 48.838916
    -113.995998 48.838914
    -113.992452 48.839165
    -113.990414 48.839676
    -113.989898 48.840335
    -113.989454 48.841236
    -113.989436 48.842201
    -113.989443 48.842295
    -113.989606 48.844213
    -113.989479 48.845058
    -113.989221 48.845476
    -113.989267 48.84587
    -113.989948 48.848005
    -113.990503 48.848891
    -113.991905 48.850632
    -113.992517 48.852226
    -113.992741 48.853369
    -113.993041 48.854118
    -113.993782 48.854449
    -113.995191 48.855208
    -113.996195 48.856384
    -113.996863 48.856828
    -113.997824 48.857039
    -114.000382 48.859304
    -114.00096 48.859523
    -114.001367 48.859753
    -114.002121 48.860263
    -114.00305 48.86094
    -114.003858 48.861707
    -114.00416 48.862123
    -114.004267 48.862622
    -114.004528 48.862846
    -114.004897 48.862996
    -114.005365 48.863233
    -114.005474 48.863781
    -114.005789 48.864269
    -114.005963 48.864461
    -114.006118 48.864847
    -114.006364 48.864958
    -114.00668 48.864915
    -114.00796 48.864751
    -114.00859 48.864552
    -114.009369 48.864425
    -114.01004 48.864403
    -114.010633 48.864761
    -114.011619 48.865236
    -114.013651 48.865549
    -114.015113 48.865416
    -114.016341 48.865188
    -114.016836 48.86491
    -114.017115 48.864843
    -114.017214 48.864874
    -114.017303 48.865059
    -114.018309 48.865929
    -114.01919 48.866671
    -114.019664 48.86715
    -114.02022 48.867476
    -114.020786 48.867737
    -114.020949 48.867888
    -114.021209 48.868128
    -114.021941 48.868718
    -114.022485 48.869044
    -114.02359 48.869978
    -114.023842 48.87037
    -114.024176 48.870577
    -114.02462 48.870815
    -114.024822 48.871144
    -114.024917 48.87161
    -114.02507 48.871907
    -114.025417 48.872178
    -114.025834 48.872271
    -114.026957 48.873487
    -114.027105 48.874138
    -114.027176 48.874637
    -114.027401 48.874975
    -114.027634 48.875184
    -114.028013 48.875482
    -114.028538 48.87586
    -114.028783 48.87619
    -114.029004 48.876552
    -114.0292 48.877019
    -114.029384 48.877591
    -114.029739 48.878194
    -114.030179 48.878903
    -114.030459 48.879474
    -114.031522 48.880351
    -114.032512 48.881035
    -114.033709 48.881663
    -114.035113 48.881638
    -114.036713 48.882008
    -114.037757 48.882365
    -114.03791 48.882418
    -114.039461 48.883061
    -114.041146 48.883455
    -114.04238 48.883631
    -114.043979 48.88396
    -114.04448 48.884105
    -114.045201 48.884257
    -114.0458 48.884732
    -114.045947 48.885183
    -114.046631 48.885585
    -114.047255 48.886124
    -114.048305 48.88647
    -114.04938 48.886509
    -114.050295 48.886565
    -114.051518 48.886903
    -114.054437 48.887827
    -114.057357 48.888888
    -114.05809 48.888935
    -114.057712 48.88925
    -114.05731 48.889757
    -114.056725 48.890418
    -114.056455 48.890703
    -114.056079 48.891103
    -114.055775 48.892045
    -114.055496 48.892971
    -114.055327 48.893889
    -114.055072 48.895024
    -114.054718 48.895145
    -114.05412 48.895146
    -114.053485 48.895074
    -114.051932 48.894742
    -114.051658 48.894676
    -114.051477 48.894633
    -114.050935 48.894504
    -114.050755 48.894462
    -114.050187 48.894335
    -114.049442 48.894368
    -114.049026 48.894481
    -114.048321 48.894465
    -114.048318 48.894465
    -114.047377 48.894304
    -114.046473 48.894096
    -114.045814 48.894225
    -114.044923 48.894572
    -114.044118 48.894934
    -114.043215 48.895176
    -114.042214 48.895249
    -114.041261 48.895274
    -114.041158 48.895269
    -114.040467 48.895242
    -114.039381 48.895211
    -114.038697 48.895235
    -114.037757 48.895582
    -114.037428 48.895944
    -114.036244 48.896444
    -114.034316 48.89729
    -114.033559 48.897412
    -114.033034 48.897347
    -114.03246 48.897468
    -114.031545 48.898024
    -114.031188 48.898321
    -114.030984 48.898492
    -114.030386 48.898911
    -114.029385 48.899362
    -114.028567 48.899523
    -114.027578 48.899588
    -114.026833 48.899798
    -114.025381 48.900338
    -114.023829 48.900942
    -114.022291 48.901603
    -114.020851 48.902175
    -114.0193 48.902836
    -114.018507 48.903311
    -114.01808 48.90373
    -114.017751 48.904181
    -114.017629 48.904737
    -114.017483 48.905357
    -114.01713 48.905904
    -114.016727 48.906275
    -114.015945 48.906605
    -114.015409 48.907096
    -114.014798 48.907468
    -114.014249 48.907927
    -114.01392 48.908378
    -114.013737 48.908708
    -114.013615 48.909578
    -114.013652 48.910053
    -114.013702 48.910697
    -114.013922 48.911478
    -114.014106 48.912041
    -114.01419 48.912272
    -114.014339 48.912677
    -114.014718 48.913523
    -114.015024 48.914183
    -114.015355 48.914803
    -114.015892 48.915116
    -114.016662 48.915591
    -114.016822 48.916163
    -114.016663 48.916678
    -114.016188 48.917339
    -114.015675 48.917878
    -114.01548 48.918426
    -114.015554 48.919134
    -114.015554 48.919537
    -114.015543 48.920294
    -114.015763 48.920897
    -114.016033 48.921421
    -114.01596 48.92192
    -114.015459 48.922492
    -114.015447 48.922733
    -114.015032 48.923152
    -114.014825 48.923708
    -114.015143 48.923997
    -114.015119 48.924239
    -114.01485 48.924569
    -114.014643 48.924948
    -114.014802 48.925221
    -114.015413 48.925559
    -114.016183 48.925817
    -114.016601 48.925852
    -114.016648 48.925857
    -114.01732 48.925945
    -114.01787 48.926154
    -114.018799 48.92646
    -114.019251 48.926685
    -114.019802 48.927047
    -114.02034 48.927619
    -114.021245 48.928601
    -114.022138 48.929365
    -114.022995 48.93042
    -114.024354 48.933125
    -114.024855 48.933559
    -114.026004 48.933164
    -114.026969 48.932882
    -114.028154 48.932777
    -114.029853 48.932776
    -114.031759 48.932558
    -114.033335 48.932284
    -114.034691 48.931832
    -114.036144 48.931533
    -114.037525 48.931573
    -114.039261 48.931806
    -114.039357 48.931821
    -114.040336 48.931982
    -114.0414 48.932046
    -114.042537 48.932255
    -114.043564 48.93256
    -114.044383 48.932785
    -114.04524 48.933461
    -114.045778 48.933896
    -114.04606 48.934652
    -114.046281 48.93528
    -114.046612 48.93561
    -114.047224 48.936246
    -114.047285 48.936343
    -114.047444 48.936592
    -114.047518 48.936978
    -114.04731 48.937027
    -114.046382 48.937333
    -114.045406 48.937874
    -114.045234 48.93797
    -114.044489 48.938264
    -114.044233 48.938365
    -114.044077 48.938496
    -114.043378 48.93909
    -114.042943 48.939372
    -114.042543 48.939634
    -114.042389 48.939735
    -114.04195 48.940645
    -114.042025 48.941498
    -114.042112 48.942424
    -114.042138 48.943414
    -114.042506 48.944445
    -114.042751 48.945153
    -114.042752 48.945789
    -114.042398 48.946071
    -114.041275 48.946941
    -114.040152 48.947981
    -114.040018 48.94808
    -114.039016 48.948827
    -114.037501 48.949745
    -114.035717 48.950913
    -114.03463 48.951614
    -114.033262 48.952638
    -114.031027 48.953951
    -114.029744 48.954821
    -114.028327 48.955667
    -114.027325 48.956142
    -114.026592 48.956811
    -114.025505 48.95769
    -114.02432 48.958592
    -114.023673 48.959253
    -114.022586 48.960187
    -114.021901 48.960759
    -114.021254 48.961218
    -114.021279 48.961532
    -114.022025 48.962047
    -114.022649 48.962272
    -114.023664 48.962618
    -114.024533 48.963077
    -114.025939 48.963664
    -114.027224 48.96434
    -114.027346 48.964456
    -114.02775 48.964839
    -114.028741 48.964927
    -114.030062 48.964902
    -114.031859 48.964789
    -114.033509 48.964635
    -114.034952 48.964393
    -114.037104 48.963812
    -114.037777 48.963554
    -114.038828 48.96336
    -114.039568 48.963145
    -114.039635 48.963126
    -114.040674 48.962892
    -114.041713 48.962891
    -114.042532 48.962754
    -114.043192 48.962818
    -114.044085 48.962834
    -114.04532 48.962664
    -114.045919 48.962631
    -114.046897 48.962639
    -114.047185 48.962704
    -114.047668 48.962815
    -114.048206 48.963202
    -114.048842 48.963386
    -114.049579 48.963454
    -114.049625 48.963458
    -114.050214 48.963579
    -114.050445 48.963627
    -114.050763 48.964271
    -114.050813 48.964754
    -114.050965 48.965235
    -114.051047 48.965495
    -114.051199 48.965839
    -114.051329 48.966131
    -114.051611 48.966903
    -114.051796 48.96758
    -114.05187 48.968151
    -114.051933 48.968876
    -114.051933 48.969094
    -114.051934 48.969649
    -114.051984 48.97018
    -114.052155 48.970663
    -114.052437 48.971099
    -114.052829 48.97142
    -114.053356 48.971605
    -114.053894 48.972016
    -114.054519 48.972345
    -114.055131 48.972691
    -114.055388 48.97319
    -114.055682 48.973496
    -114.05605 48.973971
    -114.056454 48.974454
    -114.056909 48.975033
    -114.057081 48.975548
    -114.057449 48.975999
    -114.057645 48.97653
    -114.057661 48.97671
    -114.057683 48.976957
    -114.057561 48.977472
    -114.05733 48.977851
    -114.057159 48.978197
    -114.057478 48.978551
    -114.057771 48.978768
    -114.057882 48.979042
    -114.057932 48.979662
    -114.058116 48.979847
    -114.058324 48.979935
    -114.058434 48.980024
    -114.058104 48.980169
    -114.057884 48.980266
    -114.057566 48.9805
    -114.057298 48.980846
    -114.056968 48.981225
    -114.056614 48.981418
    -114.05615 48.981869
    -114.055796 48.982111
    -114.055502 48.982401
    -114.055613 48.982868
    -114.055739 48.983354
    -114.055749 48.983391
    -114.055909 48.983979
    -114.056044 48.984446
    -114.056303 48.985871
    -114.056696 48.986418
    -114.057076 48.98682
    -114.057566 48.98744
    -114.05797 48.987842
    -114.05873 48.988365
    -114.059354 48.988783
    -114.060003 48.989057
    -114.060738 48.989555
    -114.061497 48.989933
    -114.062477 48.990198
    -114.063101 48.990496
    -114.063836 48.990858
    -114.064314 48.991308
    -114.064608 48.991823
    -114.065037 48.992121
    -114.065356 48.99233
    -114.065307 48.992684
    -114.06499 48.993103
    -114.064929 48.993441
    -114.064906 48.99411
    -114.065101 48.994524
    -114.065361 48.995076
    -114.06546 48.995575
    -114.065926 48.996307
    -114.06638 48.996967
    -114.067103 48.997683
    -114.067691 48.998222
    -114.067986 48.998713
    -114.068153 48.998917
    -114.066174 48.998903
    -114.060237 48.998863
    -114.059188 48.998856
    -114.058258 48.998857
    -114.056593 48.998858
    -114.051601 48.998863
    -114.049937 48.998865
    -114.040162 48.998874
    -114.039585 48.998875
    -114.018048 48.998876
    -114.010837 48.998856
    -114.001063 48.998831
    -114.00096 48.998939
    -114.000045 48.99894
    -113.996853 48.998943
    -113.99579 48.998945
    -113.995399 48.998945
    -113.988725 48.998953
    -113.97651 48.998968
    -113.967533 48.998915
    -113.96047 48.998875
    -113.960262 48.998874
    -113.958112 48.998861
    -113.95104 48.99882
    -113.948683 48.998807
    -113.947429 48.9988
    -113.947352 48.9988
    -113.943668 48.9988
    -113.942415 48.998801
    -113.941884 48.998801
    -113.941396 48.998801
    -113.938341 48.998802
    -113.937323 48.998803
    -113.937023 48.998802
    -113.932674 48.998803
    -113.923584 48.998807
    -113.918728 48.998821
    -113.91408 48.998836
    -113.913844 48.998836
    -113.913138 48.998838
    -113.912903 48.998839
    -113.911376 48.998844
    -113.907487 48.998858
    -113.906798 48.998845
    -113.905273 48.998817
    -113.902906 48.998774
    -113.895807 48.998645
    -113.893441 48.998603
    -113.892358 48.998583
    -113.889548 48.998533
    -113.889112 48.998536
    -113.88803 48.998544
    -113.887792 48.998546
    -113.887669 48.998546
    -113.886587 48.998554
    -113.886227 48.998558
    -113.885593 48.998563
    -113.881829 48.998593
    -113.875952 48.99864
    -113.868642 48.998415
    -113.864247 48.99828
    -113.864128 48.998276
    -113.859661 48.99826
    -113.850891 48.998228
    -113.843866 48.998204
    -113.843018 48.998201
    -113.842169 48.998198
    -113.838741 48.998186
    -113.838346 48.998184
    -113.837951 48.998183
    -113.832922 48.998165
    -113.831848 48.998161
    -113.830774 48.998157
    -113.810825 48.998086
    -113.79747 48.998039
    -113.789061 48.998009
    -113.763836 48.997919
    -113.755428 48.99789
    -113.750944 48.997875
    -113.74181 48.997836
    -113.700958 48.997665
    -113.692982 48.997632
    -113.687341 48.99768
    -113.686586 48.997686
    -113.684321 48.997706
    -113.683567 48.997713
    -113.683236 48.997715
    -113.682246 48.997723
    -113.681916 48.997727
    -113.677663 48.997764
    -113.664906 48.997874
    -113.660654 48.997912
    -113.656183 48.997951
    -113.651918 48.997989
    -113.64277 48.997978
    -113.6383 48.997974
    -113.632466 48.997967
    -113.625932 48.997961
    -113.614969 48.998186
    -113.609138 48.998306
    -113.607398 48.998315
    -113.602181 48.998342
    -113.600442 48.998352
    -113.599445 48.998357
    -113.596457 48.998372
    -113.595461 48.998378
    -113.59356 48.998387
    -113.58786 48.998416
    -113.58596 48.998426
    -113.583535 48.998438
    -113.57626 48.998477
    -113.576118 48.998478
    -113.573835 48.998468
    -113.573227 48.998464
    -113.573106 48.998464
    -113.571405 48.998426
    -113.570798 48.998413
    -113.566619 48.998406
    -113.554084 48.998386
    -113.549906 48.99838
    -113.548651 48.998375
    -113.544888 48.998363
    -113.543634 48.998359
    -113.540791 48.998348
    -113.532265 48.998318
    -113.529423 48.998308
    -113.526881 48.998306
    -113.519258 48.998301
    -113.516717 48.9983
    -113.514919 48.998299
    -113.509528 48.998296
    -113.507731 48.998296
    -113.50092 48.998293
    -113.500249 48.998298
    -113.477803 48.998475
    -113.477237 48.99848
    -113.470322 48.998535
    -113.467373 48.998534
    -113.46667 48.998534
    -113.460825 48.998534
    -113.40741 48.998551
    -113.405788 48.998556
    -113.400924 48.998572
    -113.400002 48.998576
    -113.399303 48.998576
    -113.395203 48.998573
    -113.382904 48.998565
    -113.378805 48.998563
    -113.375925 48.998562
    -113.374502 48.998536
    -113.361595 48.998308
    -113.357293 48.998232
    -113.356874 48.998224
    -113.354694 48.998233
    -113.346897 48.998268
    -113.344298 48.99828
    -113.341058 48.998294
    -113.332395 48.998333
    -113.331338 48.998334
    -113.328462 48.998339
    -113.32828 48.99834
    -113.328099 48.99834
    -113.327884 48.99834
    -113.32767 48.998341
    -113.324651 48.998345
    -113.314309 48.998362
    -113.310862 48.998368
    -113.303121 48.998381
    -113.289865 48.998404
    -113.279898 48.998408
    -113.272157 48.998412
    -113.268692 48.998414
    -113.258296 48.99842
    -113.254832 48.998423
    -113.252036 48.998424
    -113.25093 48.998425
    -113.243653 48.998664
    -113.240859 48.998756
    -113.24079 48.998756
    -113.240584 48.998756
    -113.240516 48.998757
    -113.225346 48.998807
    -113.19474 48.998909
    -113.182733 48.99879
    -113.179838 48.998761
    -113.165257 48.998617
    -113.16467 48.99861
    -113.162611 48.998589
    -113.156434 48.998529
    -113.15626 48.998528
    -113.155878 48.998524
    -113.155496 48.998521
    -113.154376 48.99851
    -113.146133 48.998395
    -113.144004 48.998365
    -113.14382 48.998369
    -113.142894 48.998386
    -113.141683 48.998411
    -113.139764 48.99845
    -113.139098 48.998464
    -113.134009 48.998561
    -113.132251 48.998595
    -113.132091 48.998591
    -113.129186 48.998526
    -113.126301 48.998618
    -113.125926 48.998625
    -113.125926 48.998584
    -113.125927 48.998521
    -113.115485 48.998322
    -113.11499 48.998322
    -113.112458 48.998322
    -113.111538 48.998323
    -113.109761 48.998324
    -113.108634 48.998412
    -113.107307 48.99833
    -113.105204 48.998326
    -113.104615 48.998331
    -113.103904 48.998328
    -113.103295 48.99833
    -113.100649 48.998503
    -113.098839 48.998345
    -113.098159 48.998324
    -113.092312 48.998557
    -113.092055 48.998543
    -113.087863 48.998557
    -113.087405 48.998572
    -113.086513 48.998604
    -113.086033 48.998592
    -113.085576 48.998581
    -113.085237 48.99858
    -113.085056 48.998579
    -113.084876 48.998578
    -113.084702 48.998577
    -113.082081 48.998567
    -113.081208 48.998564
    -113.075623 48.998567
    -113.058869 48.99858
    -113.053285 48.998585
    -113.052057 48.998585
    -113.048373 48.998588
    -113.047146 48.998589
    -113.042939 48.998592
    -113.030322 48.998602
    -113.026116 48.998606
    -113.024796 48.998607
    -113.02084 48.99861
    -113.019521 48.998612
    -113.017954 48.998612
    -113.013255 48.998616
    -113.011689 48.998618
    -113.011677 48.998618
    -113.011644 48.998619
    -113.011634 48.99862
    -113.011621 48.998618
    -113.011582 48.998615
    -113.01157 48.998614
    -113.011559 48.998613
    -113.011527 48.99861
    -113.011517 48.99861
    -113.009895 48.998619
    -113.009277 48.998618
    -113.002557 48.998616
    -113.000923 48.998616
    -113.000496 48.998676
    -113.00041 48.998688
    -113.000324 48.9987
    -113.000228 48.998714
    -113.000131 48.998727
    -112.999862 48.998765
    -112.999444 48.998764
    -112.996792 48.998758
    -112.995909 48.998756
    -112.995683 48.998756
    -112.995265 48.998755
    -112.993336 48.998751
    -112.992694 48.99875
    -112.992465 48.998749
    -112.990399 48.998745
    -112.983514 48.998732
    -112.98122 48.998728
    -112.980917 48.998727
    -112.965957 48.998697
    -112.963276 48.998692
    -112.96211 48.998689
    -112.920169 48.998607
    -112.911329 48.99859
    -112.904907 48.998577
    -112.89643 48.998555
    -112.879215 48.998513
    -112.875917 48.998505
    -112.871 48.998567
    -112.862617 48.998673
    -112.862524 48.998673
    -112.856486 48.998673
    -112.838375 48.998675
    -112.832338 48.998676
    -112.823532 48.998677
    -112.797116 48.998682
    -112.788311 48.998685
    -112.782363 48.998687
    -112.764519 48.998693
    -112.758572 48.998696
    -112.750912 48.998701
    -112.741051 48.998693
    -112.733859 48.998692
    -112.722072 48.998689
    -112.710358 48.998687
    -112.699455 48.998685
    -112.680217 48.998715
    -112.675237 48.998723
    -112.67104 48.998729
    -112.670818 48.998729
    -112.670553 48.998729
    -112.667537 48.998734
    -112.667395 48.998734
    -112.667204 48.998733
    -112.66393 48.998738
    -112.663784 48.998738
    -112.663638 48.998737
    -112.650883 48.998755
    -112.650723 48.998755
    -112.640685 48.99877
    -112.64056 48.99877
    -112.640428 48.99877
    -112.625906 48.998786
    -112.622503 48.998784
    -112.603265 48.998779
    -112.585252 48.998773
    -112.584635 48.998773
    -112.584019 48.998773
    -112.58387 48.998772
    -112.583721 48.998772
    -112.55567 48.998763
    -112.555521 48.998763
    -112.555432 48.998763
    -112.555344 48.998763
    -112.52352 48.998755
    -112.518996 48.998755
    -112.505423 48.998758
    -112.5009 48.998759
    -112.500003 48.99876
    -112.499436 48.99876
    -112.49887 48.99876
    -112.491009 48.998764
    -112.487114 48.998767
    -112.485959 48.998768
    -112.484803 48.998769
    -112.461336 48.998783
    -112.451445 48.998789
    -112.449444 48.998788
    -112.447549 48.998788
    -112.443653 48.998788
    -112.443441 48.998788
    -112.442547 48.998788
    -112.441441 48.998788
    -112.429499 48.998786
    -112.429006 48.998786
    -112.425729 48.998786
    -112.410077 48.998784
    -112.396942 48.998782
    -112.375895 48.998778
    -112.371668 48.998804
    -112.368656 48.998822
    -112.365028 48.998844
    -112.362193 48.998849
    -112.35369 48.998864
    -112.350856 48.99887
    -112.346266 48.998868
    -112.332497 48.998863
    -112.327908 48.998862
    -112.322797 48.99886
    -112.307464 48.998855
    -112.302353 48.998854
    -112.301845 48.998858
    -112.300324 48.998871
    -112.299818 48.998876
    -112.278572 48.998851
    -112.276852 48.99885
    -112.261811 48.998832
    -112.257309 48.998827
    -112.251539 48.998821
    -112.25089 48.99882
    -112.214834 48.99883
    -112.193588 48.998836
    -112.193589 48.996354
    -112.193593 48.988912
    -112.193595 48.986431
    -112.193594 48.986229
    -112.193594 48.986194
    -112.193592 48.985626
    -112.193592 48.985425
    -112.193433 48.981753
    -112.193413 48.98128
    -112.1934 48.981143
    -112.193363 48.980736
    -112.193352 48.980602
    -112.193347 48.98039
    -112.193367 48.979478
    -112.193364 48.979233
    -112.193365 48.979187
    -112.19338 48.978446
    -112.193383 48.977627
    -112.19339 48.977367
    -112.193387 48.976892
    -112.193384 48.976854
    -112.193386 48.976297
    -112.193376 48.975665
    -112.193372 48.974978
    -112.193372 48.974962
    -112.19337 48.974952
    -112.193346 48.973544
    -112.193357 48.973264
    -112.193392 48.972425
    -112.193406 48.972147
    -112.193397 48.971274
    -112.193393 48.970825
    -112.193358 48.966863
    -112.193348 48.965544
    -112.193355 48.965329
    -112.193375 48.964686
    -112.193383 48.964472
    -112.193382 48.964348
    -112.193381 48.963976
    -112.193381 48.963852
    -112.193375 48.963459
    -112.193361 48.962376
    -112.193361 48.96228
    -112.193363 48.961888
    -112.193366 48.961309
    -112.193373 48.959566
    -112.193404 48.952603
    -112.193416 48.950282
    -112.193422 48.94891
    -112.193442 48.944798
    -112.193449 48.943427
    -112.193448 48.941901
    -112.193447 48.937325
    -112.193447 48.9358
    -112.193446 48.932108
    -112.193446 48.931686
    -112.193445 48.922061
    -112.193444 48.921032
    -112.193444 48.917341
    -112.193444 48.91402
    -112.193437 48.91402
    -112.189232 48.914064
    -112.189238 48.908286
    -112.189239 48.907908
    -112.189242 48.904959
    -112.189243 48.903964
    -112.189249 48.900981
    -112.189252 48.899987
    -112.189257 48.896963
    -112.189259 48.896452
    -112.18926 48.896289
    -112.18926 48.896126
    -112.18926 48.896013
    -112.189261 48.8959
    -112.189277 48.887892
    -112.189284 48.884869
    -112.189282 48.88171
    -112.189279 48.874991
    -112.189314 48.872236
    -112.18935 48.86945
    -112.189355 48.869078
    -112.189337 48.867205
    -112.189285 48.861586
    -112.189268 48.859714
    -112.189297 48.859538
    -112.189351 48.859219
    -112.189346 48.859007
    -112.189343 48.858829
    -112.189337 48.858567
    -112.189331 48.858208
    -112.189322 48.857782
    -112.189319 48.857589
    -112.189318 48.857521
    -112.189311 48.857204
    -112.189293 48.856258
    -112.189289 48.855944
    -112.189287 48.855804
    -112.189284 48.855663
    -112.189282 48.855596
    -112.189278 48.85528
    -112.189272 48.854898
    -112.189266 48.854551
    -112.18926 48.854204
    -112.189238 48.851716
    -112.189218 48.849263
    -112.189175 48.844255
    -112.189166 48.843174
    -112.189154 48.841768
    -112.189141 48.840365
    -112.189106 48.836156
    -112.189094 48.834753
    -112.189096 48.834724
    -112.189106 48.834637
    -112.189109 48.834609
    -112.189128 48.834427
    -112.189148 48.834238
    -112.189214 48.833888
    -112.189248 48.83371
    -112.189247 48.832376
    -112.189247 48.828379
    -112.189248 48.827048
    -112.189246 48.826522
    -112.189246 48.824947
    -112.189248 48.824423
    -112.189248 48.824237
    -112.189248 48.823679
    -112.189248 48.823494
    -112.189247 48.822818
    -112.189247 48.82079
    -112.189247 48.820115
    -112.18924 48.819124
    -112.189219 48.816153
    -112.189212 48.815163
    -112.189215 48.813251
    -112.189228 48.807516
    -112.189233 48.805605
    -112.189236 48.804117
    -112.189245 48.799657
    -112.189249 48.79817
    -112.189254 48.795302
    -112.189273 48.786698
    -112.18928 48.783831
    -112.189266 48.782903
    -112.189224 48.78012
    -112.18921 48.779193
    -112.18921 48.778693
    -112.189212 48.777197
    -112.189213 48.776698
    -112.189229 48.771914
    -112.189238 48.769292
    -112.18925 48.765746
    -112.189267 48.760752
    -112.189277 48.757565
    -112.189289 48.754255
    -112.189294 48.752782
    -112.189302 48.750327
    -112.189304 48.749987
    -112.189306 48.74973
    -112.189361 48.743169
    -112.189362 48.742965
    -112.189372 48.741856
    -112.189383 48.740511
    -112.189344 48.740434
    -112.18923 48.740204
    -112.189195 48.740129
    -112.189194 48.740119
    -112.189195 48.740096
    -112.189196 48.74009
    -112.189194 48.740029
    -112.189186 48.739033
    -112.189194 48.737324
    -112.189193 48.737224
    -112.189188 48.734364
    -112.189186 48.733637
    -112.189186 48.732907
    -112.189188 48.730108
    -112.18919 48.728627
    -112.189194 48.725762
    -112.189194 48.725423
    -112.189195 48.725142
    -112.189202 48.72456
    -112.1892 48.724408
    -112.189197 48.72407
    -112.189189 48.723482
    -112.189189 48.723401
    -112.189195 48.721718
    -112.189196 48.721528
    -112.189202 48.721131
    -112.189205 48.720962
    -112.189195 48.720534
    -112.189197 48.719148
    -112.189198 48.719034
    -112.189182 48.717845
    -112.189182 48.715863
    -112.189171 48.714668
    -112.189177 48.713798
    -112.189173 48.713201
    -112.189172 48.712912
    -112.189178 48.711584
    -112.189175 48.711219
    -112.18917 48.710685
    -112.189171 48.709903
    -112.189172 48.709813
    -112.18916 48.708998
    -112.18916 48.707321
    -112.189169 48.706551
    -112.189182 48.705955
    -112.189203 48.705047
    -112.189206 48.70464
    -112.189219 48.702802
    -112.189228 48.701737
    -112.189261 48.697291
    -112.189276 48.695454
    -112.189284 48.691395
    -112.189309 48.679221
    -112.189318 48.675163
    -112.189321 48.673606
    -112.189331 48.668938
    -112.189335 48.667382
    -112.189336 48.664576
    -112.189339 48.658569
    -112.18934 48.658415
    -112.18934 48.658261
    -112.18934 48.658109
    -112.18934 48.657957
    -112.18934 48.656162
    -112.189342 48.653357
    -112.189342 48.652148
    -112.189344 48.65041
    -112.189345 48.648521
    -112.189346 48.647312
    -112.189346 48.645634
    -112.18935 48.640602
    -112.189351 48.638925
    -112.189353 48.633138
    -112.189358 48.624984
    -112.189193 48.615781
    -112.18909 48.609996
    -112.189077 48.605413
    -112.18905 48.595511
    -112.189038 48.591666
    -112.189037 48.591047
    -112.189032 48.589205
    -112.189026 48.587084
    -112.189024 48.586595
    -112.189021 48.585406
    -112.18902 48.585129
    -112.189019 48.584641
    -112.189018 48.584462
    -112.189016 48.583928
    -112.189016 48.58375
    -112.189013 48.582714
    -112.189006 48.580064
    -112.189004 48.579608
    -112.189002 48.578573
    -112.188999 48.577551
    -112.18899 48.574485
    -112.188988 48.573464
    -112.188984 48.572062
    -112.188972 48.567856
    -112.188969 48.566454
    -112.188078 48.566456
    -112.185404 48.566463
    -112.184514 48.566466
    -112.184537 48.564001
    -112.184556 48.562009
    -112.184606 48.556607
    -112.184629 48.554143
    -112.184638 48.553136
    -112.184666 48.550116
    -112.184676 48.549111
    -112.184677 48.54911
    -112.184693 48.547244
    -112.184745 48.541646
    -112.184763 48.539781
    -112.184776 48.536862
    -112.184815 48.528105
    -112.184829 48.525187
    -112.184815 48.522293
    -112.184773 48.513614
    -112.18476 48.510721
    -112.184781 48.508573
    -112.184845 48.502129
    -112.184867 48.499982
    -112.184867 48.49974
    -112.184867 48.499014
    -112.184867 48.498894
    -112.184906 48.498779
    -112.184822 48.494802
    -112.184786 48.493053
    -112.184578 48.483137
    -112.184574 48.482971
    -112.184572 48.482872
    -112.184567 48.482601
    -112.184564 48.48246
    -112.18455 48.481794
    -112.184489 48.478896
    -112.184465 48.478889
    -112.184396 48.478871
    -112.184373 48.478866
    -112.184372 48.478687
    -112.184371 48.478151
    -112.184371 48.477973
    -112.18437 48.477896
    -112.184372 48.477668
    -112.184375 48.477593
    -112.184382 48.477593
    -112.185596 48.477548
    -112.186002 48.477534
    -112.18715 48.477436
    -112.187535 48.477404
    -112.187921 48.477371
    -112.188128 48.477356
    -112.18923 48.477414
    -112.190443 48.477479
    -112.191327 48.477215
    -112.19232 48.477064
    -112.192466 48.477061
    -112.194348 48.477036
    -112.19538 48.477054
    -112.19572 48.477102
    -112.196307 48.477186
    -112.198677 48.477206
    -112.199104 48.47721
    -112.200746 48.477087
    -112.202016 48.476975
    -112.203471 48.477021
    -112.204369 48.47705
    -112.204978 48.477102
    -112.206041 48.477193
    -112.207571 48.477532
    -112.208101 48.477765
    -112.208296 48.477851
    -112.208415 48.477925
    -112.20855 48.478008
    -112.208684 48.478092
    -112.208915 48.478235
    -112.209151 48.478686
    -112.209343 48.478959
    -112.209569 48.479281
    -112.210065 48.479841
    -112.210132 48.479916
    -112.21049 48.480181
    -112.210751 48.480373
    -112.211498 48.480852
    -112.211601 48.480918
    -112.212773 48.481681
    -112.212873 48.481681
    -112.213068 48.481679
    -112.213194 48.481679
    -112.213721 48.481676
    -112.213953 48.481674
    -112.214247 48.481672
    -112.214248 48.481672
    -112.214433 48.48167
    -112.214992 48.481667
    -112.215178 48.481666
    -112.216591 48.481656
    -112.220833 48.48163
    -112.222247 48.481621
    -112.222766 48.481615
    -112.224328 48.481605
    -112.22485 48.481603
    -112.224901 48.481602
    -112.224902 48.481601
    -112.225573 48.481598
    -112.227748 48.481584
    -112.228474 48.481581
    -112.228531 48.481642
    -112.228709 48.481831
    -112.228771 48.481896
    -112.228912 48.482048
    -112.229055 48.482202
    -112.229138 48.482291
    -112.22922 48.48238
    -112.229405 48.482577
    -112.229405 48.482579
    -112.229874 48.483081
    -112.230159 48.483087
    -112.232628 48.483135
    -112.240893 48.483297
    -112.243648 48.483352
    -112.243759 48.483354
    -112.244092 48.48336
    -112.244204 48.483362
    -112.248319 48.483444
    -112.249924 48.483476
    -112.250175 48.483481
    -112.250724 48.483481
    -112.250875 48.483828
    -112.26204 48.483652
    -112.265142 48.483603
    -112.26686 48.483575
    -112.272582 48.483486
    -112.272657 48.483477
    -112.272882 48.483452
    -112.272958 48.483444
    -112.273047 48.483433
    -112.273317 48.483404
    -112.273407 48.483394
    -112.275111 48.483371
    -112.280227 48.483304
    -112.281932 48.483282
    -112.283808 48.483291
    -112.289437 48.483319
    -112.291314 48.483329
    -112.291565 48.483221
    -112.293659 48.483194
    -112.295901 48.483167
    -112.30049 48.483181
    -112.300761 48.483181
    -112.303129 48.483189
    -112.303152 48.483189
    -112.303223 48.483189
    -112.303247 48.483189
    -112.303327 48.483189
    -112.303567 48.483189
    -112.303648 48.48319
    -112.303706 48.48319
    -112.303882 48.48319
    -112.303941 48.483191
    -112.305997 48.483195
    -112.311328 48.483209
    -112.31217 48.483227
    -112.314229 48.483276
    -112.316118 48.483322
    -112.316606 48.483323
    -112.323743 48.483345
    -112.326123 48.483353
    -112.328842 48.48336
    -112.333312 48.483373
    -112.336998 48.483305
    -112.339717 48.483255
    -112.339868 48.48327
    -112.340321 48.483317
    -112.340473 48.483333
    -112.34113 48.483322
    -112.343104 48.483291
    -112.343762 48.483281
    -112.350049 48.483299
    -112.358612 48.483324
    -112.359005 48.483324
    -112.36267 48.48338
    -112.363219 48.483388
    -112.364891 48.483413
    -112.373895 48.483548
    -112.375881 48.483579
    -112.377047 48.483579
    -112.380891 48.483583
    -112.381075 48.483583
    -112.38126 48.483584
    -112.381459 48.483584
    -112.381658 48.483585
    -112.38218 48.483585
    -112.383745 48.483585
    -112.384268 48.483586
    -112.386059 48.48359
    -112.386482 48.48359
    -112.386906 48.483591
    -112.387263 48.483591
    -112.38762 48.483591
    -112.387647 48.483591
    -112.388094 48.483592
    -112.395682 48.483599
    -112.397786 48.483601
    -112.400656 48.483604
    -112.401166 48.483604
    -112.401265 48.483602
    -112.40129 48.483602
    -112.401415 48.483602
    -112.401541 48.483602
    -112.401565 48.483602
    -112.401667 48.483604
    -112.404951 48.483606
    -112.414809 48.483615
    -112.417618 48.483618
    -112.418096 48.48362
    -112.418161 48.483619
    -112.418253 48.483619
    -112.418339 48.483619
    -112.418359 48.483619
    -112.418425 48.48362
    -112.418947 48.483617
    -112.420519 48.483619
    -112.421045 48.483621
    -112.421169 48.48362
    -112.421206 48.48362
    -112.421369 48.48362
    -112.421522 48.48362
    -112.421549 48.48362
    -112.421677 48.483622
    -112.423506 48.483623
    -112.428994 48.483628
    -112.430826 48.48363
    -112.430829 48.48363
    -112.431129 48.48363
    -112.431266 48.483631
    -112.431708 48.483631
    -112.432026 48.483631
    -112.432039 48.483631
    -112.432345 48.483633
    -112.435241 48.483634
    -112.443933 48.483643
    -112.446831 48.483646
    -112.447817 48.483646
    -112.450775 48.483648
    -112.451764 48.48365
    -112.455403 48.483652
    -112.458765 48.483656
    -112.466328 48.483663
    -112.466639 48.483664
    -112.46997 48.483668
    -112.472138 48.483669
    -112.478643 48.483675
    -112.480812 48.483678
    -112.481873 48.483679
    -112.485056 48.483682
    -112.486117 48.483683
    -112.490095 48.483681
    -112.493945 48.483681
    -112.500888 48.483679
    -112.502029 48.483675
    -112.506008 48.483665
    -112.507028 48.483661
    -112.510093 48.483653
    -112.510961 48.483651
    -112.511115 48.483651
    -112.511117 48.483651
    -112.511321 48.483651
    -112.511526 48.48365
    -112.511851 48.483649
    -112.512247 48.483648
    -112.514059 48.483643
    -112.514795 48.483642
    -112.516586 48.483636
    -112.521962 48.483622
    -112.523754 48.483617
    -112.527715 48.483606
    -112.531055 48.483597
    -112.539599 48.483574
    -112.540077 48.483573
    -112.543561 48.483564
    -112.549403 48.483548
    -112.560829 48.483519
    -112.561047 48.483519
    -112.561265 48.483519
    -112.561266 48.483518
    -112.561456 48.483517
    -112.561646 48.483517
    -112.564094 48.483511
    -112.564292 48.483511
    -112.564489 48.483511
    -112.56463 48.48351
    -112.56477 48.483509
    -112.566734 48.483504
    -112.566932 48.483503
    -112.569059 48.483497
    -112.57261 48.483487
    -112.572692 48.483487
    -112.572775 48.483487
    -112.572877 48.483487
    -112.572981 48.483487
    -112.573293 48.483486
    -112.574849 48.483483
    -112.574971 48.483483
    -112.57517 48.483482
    -112.575369 48.483483
    -112.575372 48.483482
    -112.57559 48.483482
    -112.575676 48.483481
    -112.575808 48.483481
    -112.576587 48.483478
    -112.576892 48.483478
    -112.576891 48.483467
    -112.576891 48.483434
    -112.576891 48.483423
    -112.576891 48.483296
    -112.576891 48.48321
    -112.576891 48.482998
    -112.576891 48.482918
    -112.576891 48.482895
    -112.576892 48.482792
    -112.576892 48.482747
    -112.576892 48.482617
    -112.576894 48.482575
    -112.576892 48.481699
    -112.576893 48.481634
    -112.576895 48.479077
    -112.576896 48.478204
    -112.576896 48.476366
    -112.5769 48.470852
    -112.576902 48.469015
    -112.576902 48.468011
    -112.576905 48.464999
    -112.576906 48.463996
    -112.576906 48.462824
    -112.576909 48.459309
    -112.57691 48.458138
    -112.57691 48.45645
    -112.576914 48.451388
    -112.576916 48.449701
    -112.576916 48.448707
    -112.576919 48.445733
    -112.576922 48.444743
    -112.576918 48.442288
    -112.576912 48.437385
    -112.576909 48.434924
    -112.576907 48.432471
    -112.576907 48.431861
    -112.576907 48.430014
    -112.576909 48.423843
    -112.576909 48.422646
    -112.57691 48.420191
    -112.57691 48.419843
    -112.576912 48.418801
    -112.576914 48.418455
    -112.576918 48.416716
    -112.576932 48.411504
    -112.576938 48.409767
    -112.576938 48.409595
    -112.576938 48.409082
    -112.576939 48.408911
    -112.576936 48.408873
    -112.576925 48.408737
    -112.576886 48.408215
    -112.576874 48.408042
    -112.576873 48.408027
    -112.576872 48.407985
    -112.576872 48.407971
    -112.576856 48.407449
    -112.576809 48.405883
    -112.576804 48.405689
    -112.576942 48.405392
    -112.576942 48.405343
    -112.576946 48.405199
    -112.576947 48.405151
    -112.576952 48.404906
    -112.576969 48.404173
    -112.576975 48.403929
    -112.576971 48.400309
    -112.576969 48.398175
    -112.576967 48.395901
    -112.576965 48.39432
    -112.576959 48.389457
    -112.576958 48.385842
    -112.576956 48.385136
    -112.576959 48.383027
    -112.576962 48.382326
    -112.576961 48.380944
    -112.576965 48.377962
    -112.576966 48.376799
    -112.576969 48.375419
    -112.576971 48.375034
    -112.576984 48.373879
    -112.576989 48.373495
    -112.57699 48.373322
    -112.576994 48.372806
    -112.576997 48.372636
    -112.577017 48.369485
    -112.577065 48.362405
    -112.57708 48.360033
    -112.577101 48.356883
    -112.577099 48.356875
    -112.577095 48.356854
    -112.577094 48.356849
    -112.577066 48.356685
    -112.577059 48.356642
    -112.576987 48.356199
    -112.576963 48.356038
    -112.576976 48.355786
    -112.577017 48.355032
    -112.577031 48.354781
    -112.577037 48.354373
    -112.57704 48.354149
    -112.577067 48.352253
    -112.577077 48.351621
    -112.577079 48.350936
    -112.577089 48.34889
    -112.577095 48.348211
    -112.577101 48.347473
    -112.577125 48.345261
    -112.577134 48.344525
    -112.57714 48.342891
    -112.577163 48.33799
    -112.577171 48.336357
    -112.577176 48.334636
    -112.577197 48.329478
    -112.577206 48.327761
    -112.577207 48.327218
    -112.57721 48.326768
    -112.577217 48.325598
    -112.577222 48.32506
    -112.577226 48.323999
    -112.577245 48.320821
    -112.577253 48.319763
    -112.577256 48.318889
    -112.577265 48.316929
    -112.577268 48.316273
    -112.577274 48.315402
    -112.577273 48.315082
    -112.577277 48.314123
    -112.577279 48.313806
    -112.57728 48.313805
    -112.57728 48.313618
    -112.577284 48.313059
    -112.577285 48.312873
    -112.576965 48.312793
    -112.576005 48.312553
    -112.575685 48.312473
    -112.575711 48.312058
    -112.575791 48.310816
    -112.575819 48.310403
    -112.575831 48.310189
    -112.575873 48.30955
    -112.575885 48.309372
    -112.575918 48.309373
    -112.57592 48.309374
    -112.576871 48.309393
    -112.579731 48.309453
    -112.580685 48.309473
    -112.580685 48.309553
    -112.580685 48.309793
    -112.580686 48.309873
    -112.580923 48.309873
    -112.581634 48.309873
    -112.581871 48.309873
    -112.581875 48.309873
    -112.582857 48.309873
    -112.585817 48.309873
    -112.586805 48.309874
    -112.588551 48.309872
    -112.593794 48.309872
    -112.595543 48.309872
    -112.59555 48.309872
    -112.597217 48.309873
    -112.602238 48.309873
    -112.603912 48.309873
    -112.603914 48.309873
    -112.603968 48.309873
    -112.604136 48.309873
    -112.604192 48.309873
    -112.604308 48.309873
    -112.604656 48.309873
    -112.604773 48.309873
    -112.607126 48.309872
    -112.614188 48.309872
    -112.616379 48.309873
    -112.616544 48.309874
    -112.616547 48.309873
    -112.617332 48.309872
    -112.619699 48.309872
    -112.620488 48.309872
    -112.620489 48.309872
    -112.620589 48.309872
    -112.620889 48.309872
    -112.62099 48.309872
    -112.625473 48.309872
    -112.625888 48.309872
    -112.638925 48.309877
    -112.643409 48.30988
    -112.643644 48.30988
    -112.644352 48.30988
    -112.644588 48.30988
    -112.647292 48.309881
    -112.655408 48.309884
    -112.658113 48.309885
    -112.662049 48.309886
    -112.673857 48.30989
    -112.677794 48.309892
    -112.677795 48.309892
    -112.678863 48.309892
    -112.682073 48.309893
    -112.683143 48.309894
    -112.684442 48.309894
    -112.68834 48.309896
    -112.68964 48.309897
    -112.691169 48.309897
    -112.695759 48.309899
    -112.697289 48.3099
    -112.699043 48.3099
    -112.704304 48.309902
    -112.705776 48.309903
    -112.706059 48.309903
    -112.710618 48.309904
    -112.713674 48.309906
    -112.720639 48.309909
    -112.724296 48.30991
    -112.728856 48.309912
    -112.731876 48.309913
    -112.740936 48.309916
    -112.743957 48.309917
    -112.744705 48.309917
    -112.746949 48.309918
    -112.747698 48.309919
    -112.750893 48.30992
    -112.752562 48.30992
    -112.763042 48.30992
    -112.767157 48.30992
    -112.772022 48.30992
    -112.777166 48.309919
    -112.789356 48.309919
    -112.792599 48.309919
    -112.797744 48.309919
    -112.799129 48.309919
    -112.800162 48.309919
    -112.803286 48.309919
    -112.804672 48.309919
    -112.804677 48.309918
    -112.805202 48.309918
    -112.806779 48.309918
    -112.807305 48.309919
    -112.807578 48.309919
    -112.808398 48.309919
    -112.808672 48.309919
    -112.80889 48.309919
    -112.809544 48.309919
    -112.809762 48.309919
    -112.809763 48.309919
    -112.810091 48.309919
    -112.811075 48.309919
    -112.811404 48.309919
    -112.816009 48.309918
    -112.829827 48.309918
    -112.834433 48.309918
    -112.836551 48.309917
    -112.842363 48.309916
    -112.842632 48.309917
    -112.8429 48.309918
    -112.842907 48.309918
    -112.845026 48.309918
    -112.845647 48.309918
    -112.847512 48.309918
    -112.848134 48.309918
    -112.851936 48.309916
    -112.863347 48.309915
    -112.867151 48.309916
    -112.872449 48.309915
    -112.875897 48.309915
    -112.888348 48.309918
    -112.89365 48.30992
    -112.894648 48.30992
    -112.897642 48.30992
    -112.898641 48.30992
    -112.899884 48.30992
    -112.903613 48.30992
    -112.904857 48.309921
    -112.90656 48.309921
    -112.911672 48.309921
    -112.913376 48.309922
    -112.913755 48.309921
    -112.914895 48.309921
    -112.915275 48.309921
    -112.916453 48.309918
    -112.919991 48.309909
    -112.92117 48.309906
    -112.921373 48.309906
    -112.921988 48.309906
    -112.922053 48.309906
    -112.922193 48.309906
    -112.925285 48.309904
    -112.934564 48.309903
    -112.937658 48.309903
    -112.940303 48.309902
    -112.948242 48.309899
    -112.950888 48.309899
    -112.951251 48.309899
    -112.95234 48.309899
    -112.952704 48.309899
    -112.955014 48.309895
    -112.957477 48.309891
    -112.958127 48.30989
    -112.958777 48.309889
    -112.961947 48.309883
    -112.964259 48.30988
    -112.964879 48.309879
    -112.966739 48.309879
    -112.966849 48.309879
    -112.96736 48.309879
    -112.971077 48.309877
    -112.982229 48.309872
    -112.985723 48.309871
    -112.985947 48.309871
    -112.987366 48.309869
    -112.991626 48.309867
    -112.993046 48.309867
    -112.997257 48.309865
    -113.000907 48.309864
    -113.00989 48.30992
    -113.013899 48.309946
    -113.014 48.309946
    -113.014101 48.309947
    -113.014188 48.309948
    -113.014276 48.309948
    -113.014865 48.30995
    -113.01716 48.309962
    -113.017926 48.309966
    -113.018554 48.309968
    -113.02044 48.309977
    -113.020599 48.309978
    -113.020601 48.309979
    -113.02076 48.30998
    -113.021069 48.309982
    -113.026594 48.309991
    -113.043169 48.310018
    -113.048696 48.310028
END
END
