30109 Wibaux County
1
    -104.390929 46.936649
    -104.390931 46.936766
    -104.391004 46.939467
    -104.390953 46.940046
    -104.390935 46.940247
    -104.388746 46.940267
    -104.388004 46.940274
    -104.385781 46.940297
    -104.38504 46.940305
    -104.384231 46.940306
    -104.383143 46.940307
    -104.380317 46.940312
    -104.380306 46.943173
    -104.3803 46.945069
    -104.380293 46.947466
    -104.37729 46.947461
    -104.376395 46.947459
    -104.375499 46.947458
    -104.369228 46.947439
    -104.369294 46.959154
    -104.369312 46.96223
    -104.366093 46.962213
    -104.362604 46.962193
    -104.359084 46.962174
    -104.359007 46.96912
    -104.358969 46.972609
    -104.358962 46.972754
    -104.358941 46.973193
    -104.358935 46.973339
    -104.35889 46.976736
    -104.356911 46.976707
    -104.349589 46.976604
    -104.349242 46.985401
    -104.349201 46.986456
    -104.349032 46.990773
    -104.348819 46.990835
    -104.348248 46.991003
    -104.348178 46.991016
    -104.347961 46.991059
    -104.347822 46.991086
    -104.347452 46.991108
    -104.346894 46.991114
    -104.34605 46.991124
    -104.343686 46.991135
    -104.342617 46.99114
    -104.34181 46.991145
    -104.339389 46.99116
    -104.338583 46.991166
    -104.338532 46.992257
    -104.338382 46.99553
    -104.338332 46.996622
    -104.338176 47.000013
    -104.338169 47.000789
    -104.338142 47.003524
    -104.338129 47.004846
    -104.338121 47.005708
    -104.32753 47.005806
    -104.327487 47.013749
    -104.32745 47.020656
    -104.327449 47.020792
    -104.327448 47.021067
    -104.327447 47.021203
    -104.327447 47.02134
    -104.327441 47.022168
    -104.327427 47.024653
    -104.327423 47.025482
    -104.327415 47.026831
    -104.327394 47.030878
    -104.327393 47.031166
    -104.327387 47.032228
    -104.327384 47.032739
    -104.327376 47.034275
    -104.327374 47.034787
    -104.327365 47.036358
    -104.32734 47.041071
    -104.327336 47.042021
    -104.326715 47.042029
    -104.32339 47.042073
    -104.31671 47.042162
    -104.315466 47.042179
    -104.315379 47.04218
    -104.315292 47.042181
    -104.31517 47.042183
    -104.313418 47.042206
    -104.310094 47.04225
    -104.307718 47.042281
    -104.305564 47.042311
    -104.305568 47.043633
    -104.305586 47.047284
    -104.305599 47.04966
    -104.305605 47.051056
    -104.305626 47.055245
    -104.305633 47.056642
    -104.305641 47.058407
    -104.305658 47.061769
    -104.305667 47.063702
    -104.305676 47.065468
    -104.305688 47.068051
    -104.305726 47.075802
    -104.305739 47.078386
    -104.305753 47.081368
    -104.305798 47.090317
    -104.305813 47.0933
    -104.305815 47.093806
    -104.305823 47.095327
    -104.305826 47.095834
    -104.305827 47.09602
    -104.305827 47.096109
    -104.305828 47.096206
    -104.305831 47.096708
    -104.305831 47.096933
    -104.305833 47.097209
    -104.305839 47.098323
    -104.305859 47.101665
    -104.305866 47.102779
    -104.305866 47.103729
    -104.305867 47.106582
    -104.305868 47.107533
    -104.305866 47.109174
    -104.305864 47.114098
    -104.305864 47.11574
    -104.305861 47.117064
    -104.305856 47.120567
    -104.305855 47.121039
    -104.305853 47.122364
    -104.305837 47.123786
    -104.305825 47.125014
    -104.30576 47.128055
    -104.30573 47.129478
    -104.305718 47.130945
    -104.305684 47.135347
    -104.305673 47.136815
    -104.30603 47.136814
    -104.30776 47.136821
    -104.312006 47.136841
    -104.314023 47.13685
    -104.316111 47.13686
    -104.316105 47.138256
    -104.316092 47.141688
    -104.316089 47.142447
    -104.316089 47.142535
    -104.316084 47.143844
    -104.316069 47.148014
    -104.316068 47.148277
    -104.316042 47.155323
    -104.31602 47.16118
    -104.316018 47.161577
    -104.316002 47.166011
    -104.315989 47.169347
    -104.315959 47.17768
    -104.315952 47.179357
    -104.315949 47.180466
    -104.318176 47.180537
    -104.32003 47.180596
    -104.320482 47.180611
    -104.320517 47.184355
    -104.32053 47.185724
    -104.320548 47.18758
    -104.320561 47.189044
    -104.320603 47.193439
    -104.320618 47.194904
    -104.320618 47.194943
    -104.320619 47.194994
    -104.320688 47.194993
    -104.320728 47.194993
    -104.322085 47.19499
    -104.326158 47.194983
    -104.327516 47.194981
    -104.329479 47.194984
    -104.331175 47.194988
    -104.331168 47.199184
    -104.331166 47.201149
    -104.331165 47.201355
    -104.331165 47.201975
    -104.331165 47.202182
    -104.331164 47.202376
    -104.331164 47.202961
    -104.331164 47.203156
    -104.33116 47.205848
    -104.331156 47.209722
    -104.331151 47.213927
    -104.331148 47.216621
    -104.33292 47.216623
    -104.338236 47.216631
    -104.340008 47.216634
    -104.340519 47.216637
    -104.341768 47.216647
    -104.341766 47.216934
    -104.341763 47.217447
    -104.341747 47.220223
    -104.341732 47.222917
    -104.341722 47.224641
    -104.341699 47.228553
    -104.341684 47.23133
    -104.341678 47.232381
    -104.341667 47.234318
    -104.341621 47.242293
    -104.341603 47.245598
    -104.347537 47.245562
    -104.352228 47.245533
    -104.352413 47.2486
    -104.352498 47.250014
    -104.35258 47.252717
    -104.363126 47.252708
    -104.363165 47.253927
    -104.363362 47.25996
    -104.36829 47.259954
    -104.368936 47.259953
    -104.369022 47.259952
    -104.369889 47.259952
    -104.371221 47.25995
    -104.371954 47.25995
    -104.371992 47.25995
    -104.372172 47.259949
    -104.372828 47.259948
    -104.373047 47.259948
    -104.373644 47.259948
    -104.374234 47.259948
    -104.375126 47.259904
    -104.375123 47.260215
    -104.37512 47.260813
    -104.375112 47.26235
    -104.375092 47.266962
    -104.375085 47.2685
    -104.37508 47.268659
    -104.375068 47.269139
    -104.375064 47.269299
    -104.375062 47.269564
    -104.375058 47.270359
    -104.375057 47.270625
    -104.375043 47.272666
    -104.375032 47.274361
    -104.375499 47.27437
    -104.379463 47.274341
    -104.381505 47.274327
    -104.381839 47.274329
    -104.382841 47.274335
    -104.383175 47.274337
    -104.384268 47.274345
    -104.386959 47.274366
    -104.386967 47.274954
    -104.386983 47.276048
    -104.387046 47.280313
    -104.387093 47.28352
    -104.387174 47.288899
    -104.39706 47.288999
    -104.39782 47.289007
    -104.397801 47.295399
    -104.397799 47.296197
    -104.397842 47.296197
    -104.404474 47.296267
    -104.405309 47.296275
    -104.407814 47.296302
    -104.408131 47.296306
    -104.408649 47.296312
    -104.408659 47.298158
    -104.408668 47.299863
    -104.408671 47.30037
    -104.408683 47.302619
    -104.408688 47.303542
    -104.409285 47.303549
    -104.410424 47.303561
    -104.415662 47.30362
    -104.419213 47.30366
    -104.419657 47.303665
    -104.419665 47.305235
    -104.419698 47.310887
    -104.420089 47.310889
    -104.422104 47.310902
    -104.426106 47.310923
    -104.428823 47.310938
    -104.429886 47.310944
    -104.430312 47.310947
    -104.430302 47.311408
    -104.430257 47.313466
    -104.430157 47.318153
    -104.435826 47.318226
    -104.440879 47.318291
    -104.441621 47.318299
    -104.448342 47.318387
    -104.448468 47.318389
    -104.448595 47.318391
    -104.448712 47.318392
    -104.448828 47.318393
    -104.448958 47.318394
    -104.449699 47.318405
    -104.450357 47.318414
    -104.45039 47.318414
    -104.451518 47.318417
    -104.451414 47.318545
    -104.451365 47.318628
    -104.45033 47.320403
    -104.449647 47.321515
    -104.449487 47.32183
    -104.449023 47.322748
    -104.448221 47.323747
    -104.447619 47.32452
    -104.446462 47.325487
    -104.445215 47.326268
    -104.444571 47.326672
    -104.44299 47.327435
    -104.442763 47.327544
    -104.440811 47.328181
    -104.439001 47.328747
    -104.438149 47.329013
    -104.43811 47.329032
    -104.435891 47.330109
    -104.434095 47.331528
    -104.43262 47.333236
    -104.431899 47.33447
    -104.431571 47.335032
    -104.430876 47.33649
    -104.430587 47.336804
    -104.430479 47.336922
    -104.430371 47.33704
    -104.428892 47.338649
    -104.427507 47.340154
    -104.426342 47.34142
    -104.426297 47.341466
    -104.42483 47.342967
    -104.423919 47.343798
    -104.423577 47.344111
    -104.422663 47.344954
    -104.422632 47.344982
    -104.422616 47.345007
    -104.421877 47.346214
    -104.421431 47.347623
    -104.421203 47.349337
    -104.421048 47.350169
    -104.420847 47.351126
    -104.420787 47.351403
    -104.420613 47.352205
    -104.420712 47.35262
    -104.420792 47.352954
    -104.420735 47.35367
    -104.420494 47.354143
    -104.420378 47.35437
    -104.420263 47.354596
    -104.41999 47.354594
    -104.41917 47.354591
    -104.418898 47.35459
    -104.414669 47.354571
    -104.401983 47.35452
    -104.397755 47.354504
    -104.396738 47.3545
    -104.395503 47.354495
    -104.391801 47.35448
    -104.390567 47.354475
    -104.388256 47.354466
    -104.386604 47.354459
    -104.385224 47.354453
    -104.38512 47.354453
    -104.385153 47.35373
    -104.385155 47.353688
    -104.384373 47.353688
    -104.384024 47.353688
    -104.382246 47.353689
    -104.3755 47.35369
    -104.372538 47.353678
    -104.369999 47.353667
    -104.364657 47.353645
    -104.359161 47.353636
    -104.357173 47.353633
    -104.346509 47.353614
    -104.345251 47.353613
    -104.343361 47.35361
    -104.342673 47.353608
    -104.337178 47.3536
    -104.334643 47.353586
    -104.332803 47.353577
    -104.330607 47.353565
    -104.327038 47.353546
    -104.324504 47.353533
    -104.30783 47.353516
    -104.301414 47.353509
    -104.295225 47.353502
    -104.294997 47.353503
    -104.291001 47.353532
    -104.285678 47.353522
    -104.275849 47.353503
    -104.274387 47.353501
    -104.273174 47.3535
    -104.272064 47.353497
    -104.269133 47.353494
    -104.263125 47.353482
    -104.2589 47.353474
    -104.255423 47.353467
    -104.250493 47.353468
    -104.243279 47.353554
    -104.233367 47.353672
    -104.230394 47.353708
    -104.229179 47.353724
    -104.215244 47.353898
    -104.210305 47.353911
    -104.202065 47.353934
    -104.19549 47.353954
    -104.190552 47.35397
    -104.188192 47.353976
    -104.181113 47.353997
    -104.178754 47.354004
    -104.178236 47.354006
    -104.176821 47.35401
    -104.173587 47.35402
    -104.170367 47.35403
    -104.169308 47.354033
    -104.155584 47.354075
    -104.146836 47.354101
    -104.14097 47.354118
    -104.134124 47.35414
    -104.131525 47.354148
    -104.13153 47.355146
    -104.131546 47.358142
    -104.131552 47.359141
    -104.131577 47.359628
    -104.131652 47.361092
    -104.131677 47.36158
    -104.131678 47.361627
    -104.131684 47.361768
    -104.131686 47.361816
    -104.131682 47.361948
    -104.131678 47.362141
    -104.131658 47.362346
    -104.131646 47.362479
    -104.131628 47.362866
    -104.131574 47.364026
    -104.131557 47.364414
    -104.131542 47.36469
    -104.131497 47.365518
    -104.131483 47.365795
    -104.131467 47.365946
    -104.131421 47.366399
    -104.131407 47.366551
    -104.131414 47.366563
    -104.131435 47.366601
    -104.131443 47.366614
    -104.131442 47.366696
    -104.131442 47.366943
    -104.131442 47.367026
    -104.131442 47.367332
    -104.131442 47.368252
    -104.131442 47.368559
    -104.131455 47.368704
    -104.131494 47.369142
    -104.131507 47.369288
    -104.131495 47.370433
    -104.131461 47.373869
    -104.131451 47.375015
    -104.131368 47.375469
    -104.131381 47.375735
    -104.131434 47.376726
    -104.13139 47.377918
    -104.131364 47.378646
    -104.131363 47.378869
    -104.131362 47.379538
    -104.131362 47.379762
    -104.131316 47.382979
    -104.131234 47.388913
    -104.131182 47.392633
    -104.131147 47.395239
    -104.131138 47.395851
    -104.131113 47.397709
    -104.12652 47.397686
    -104.125489 47.397682
    -104.108843 47.397581
    -104.107169 47.39757
    -104.100719 47.397532
    -104.100668 47.397532
    -104.100515 47.397532
    -104.100464 47.397532
    -104.100357 47.397532
    -104.100037 47.397532
    -104.099931 47.397532
    -104.099584 47.397532
    -104.098543 47.397532
    -104.098329 47.397533
    -104.098197 47.397544
    -104.095391 47.397543
    -104.086974 47.397541
    -104.086338 47.397541
    -104.084169 47.397541
    -104.084073 47.397541
    -104.082835 47.397541
    -104.08245 47.397541
    -104.081395 47.397541
    -104.079254 47.39754
    -104.078837 47.39754
    -104.077504 47.39754
    -104.071846 47.397517
    -104.063226 47.397483
    -104.060608 47.397472
    -104.054875 47.397448
    -104.049218 47.397425
    -104.048388 47.397431
    -104.045898 47.397453
    -104.045069 47.397461
    -104.045059 47.396402
    -104.045029 47.393226
    -104.04502 47.392168
    -104.044993 47.388405
    -104.044866 47.374941
    -104.044898 47.374051
    -104.044991 47.37017
    -104.045055 47.363571
    -104.045063 47.362579
    -104.045088 47.359607
    -104.045097 47.358616
    -104.045328 47.343754
    -104.04521 47.343597
    -104.04514 47.343303
    -104.045156 47.342913
    -104.04516 47.342562
    -104.045164 47.342195
    -104.045164 47.341517
    -104.045125 47.340929
    -104.045133 47.340511
    -104.045135 47.340403
    -104.045074 47.339583
    -104.04503 47.339283
    -104.045044 47.338967
    -104.045065 47.338729
    -104.045161 47.338493
    -104.045165 47.338255
    -104.045101 47.338119
    -104.045069 47.338017
    -104.045049 47.337768
    -104.04508 47.337424
    -104.045088 47.337011
    -104.045106 47.33667
    -104.045112 47.336553
    -104.045107 47.335909
    -104.045066 47.335411
    -104.045091 47.334988
    -104.045064 47.334431
    -104.045048 47.334128
    -104.045057 47.333642
    -104.045052 47.333511
    -104.04504 47.333201
    -104.045052 47.33282
    -104.045014 47.332442
    -104.044989 47.332327
    -104.044957 47.332111
    -104.044946 47.332036
    -104.044947 47.331967
    -104.044957 47.331924
    -104.045006 47.331879
    -104.045047 47.331859
    -104.045132 47.331841
    -104.045225 47.331836
    -104.045316 47.33185
    -104.045342 47.331029
    -104.045347 47.330875
    -104.045361 47.330415
    -104.045367 47.330262
    -104.045367 47.330235
    -104.045369 47.330154
    -104.045371 47.330128
    -104.045296 47.317297
    -104.045259 47.310186
    -104.045224 47.302708
    -104.045221 47.301212
    -104.045223 47.299065
    -104.045203 47.29458
    -104.045197 47.293348
    -104.045181 47.289655
    -104.045176 47.288424
    -104.045171 47.287326
    -104.045156 47.284033
    -104.045151 47.282936
    -104.045144 47.281742
    -104.045126 47.278163
    -104.04512 47.27697
    -104.045119 47.276934
    -104.045118 47.276826
    -104.045118 47.276791
    -104.045153 47.273927
    -104.045108 47.272187
    -104.045088 47.271405
    -104.045121 47.271253
    -104.044964 47.271009
    -104.04505 47.270793
    -104.045062 47.270599
    -104.045055 47.270533
    -104.045048 47.270465
    -104.04499 47.270379
    -104.044903 47.270313
    -104.04489 47.270255
    -104.044906 47.270159
    -104.044897 47.269881
    -104.044835 47.269399
    -104.044768 47.269206
    -104.044715 47.268975
    -104.044723 47.26705
    -104.044905 47.265445
    -104.0449 47.265434
    -104.044903 47.26532
    -104.044903 47.265319
    -104.044903 47.265318
    -104.044926 47.264224
    -104.044931 47.264168
    -104.044934 47.26416
    -104.044935 47.264159
    -104.045179 47.258387
    -104.045202 47.257777
    -104.045212 47.256383
    -104.045215 47.255876
    -104.045219 47.255456
    -104.045225 47.254681
    -104.045276 47.250248
    -104.045294 47.247524
    -104.045299 47.246586
    -104.045318 47.243775
    -104.045325 47.242838
    -104.045331 47.241855
    -104.045351 47.238907
    -104.045358 47.237925
    -104.045359 47.237629
    -104.045366 47.236744
    -104.045368 47.236449
    -104.045372 47.232316
    -104.045382 47.224831
    -104.045449 47.219919
    -104.045507 47.215788
    -104.045502 47.215078
    -104.045461 47.209778
    -104.045518 47.2082
    -104.045448 47.206631
    -104.045441 47.205638
    -104.045422 47.202659
    -104.045416 47.201667
    -104.04541 47.201172
    -104.045392 47.199689
    -104.045386 47.199195
    -104.045377 47.19797
    -104.045364 47.196134
    -104.045351 47.194296
    -104.045343 47.193072
    -104.045341 47.192908
    -104.045337 47.192418
    -104.045336 47.192255
    -104.045329 47.191499
    -104.04531 47.189233
    -104.045304 47.188478
    -104.045301 47.188172
    -104.045293 47.187257
    -104.045291 47.186952
    -104.045276 47.185196
    -104.045231 47.179928
    -104.045217 47.178173
    -104.045219 47.177991
    -104.045228 47.177448
    -104.045231 47.177267
    -104.045231 47.177232
    -104.045231 47.177127
    -104.045231 47.177093
    -104.045231 47.177069
    -104.045231 47.177
    -104.045231 47.176977
    -104.045228 47.176683
    -104.045221 47.175802
    -104.045219 47.175509
    -104.045229 47.175483
    -104.045211 47.173583
    -104.04516 47.167801
    -104.045143 47.165874
    -104.045135 47.164955
    -104.045114 47.1622
    -104.045107 47.161282
    -104.045098 47.160165
    -104.045071 47.156814
    -104.045063 47.155698
    -104.045045 47.155318
    -104.044993 47.154178
    -104.044976 47.153798
    -104.044972 47.153723
    -104.044961 47.153498
    -104.044958 47.153424
    -104.044942 47.153223
    -104.044896 47.15262
    -104.044881 47.152419
    -104.044892 47.152086
    -104.044929 47.15109
    -104.044941 47.150758
    -104.044932 47.150356
    -104.044908 47.14915
    -104.0449 47.148749
    -104.044907 47.148496
    -104.044932 47.147737
    -104.044941 47.147485
    -104.044939 47.146929
    -104.044935 47.145264
    -104.044934 47.144709
    -104.044933 47.144612
    -104.044933 47.144469
    -104.044931 47.144323
    -104.044931 47.144227
    -104.044929 47.14374
    -104.044925 47.14228
    -104.044924 47.141794
    -104.044922 47.141304
    -104.044918 47.139835
    -104.044917 47.139346
    -104.044894 47.136993
    -104.044825 47.129934
    -104.044802 47.127581
    -104.044793 47.126703
    -104.044777 47.125012
    -104.045011 47.124099
    -104.045108 47.123723
    -104.04495 47.12326
    -104.044974 47.122728
    -104.045048 47.121132
    -104.045073 47.120601
    -104.045063 47.119091
    -104.045035 47.114563
    -104.045026 47.113054
    -104.045029 47.112486
    -104.045042 47.110782
    -104.045046 47.110215
    -104.04504 47.109554
    -104.045022 47.107574
    -104.045016 47.106914
    -104.044992 47.104389
    -104.044922 47.096815
    -104.044899 47.094291
    -104.044917 47.093663
    -104.044895 47.092888
    -104.0449 47.091616
    -104.044979 47.089685
    -104.044957 47.088933
    -104.045006 47.086684
    -104.045014 47.083706
    -104.044976 47.082312
    -104.044994 47.080994
    -104.044995 47.080485
    -104.045005 47.079743
    -104.045008 47.079544
    -104.045006 47.079213
    -104.044979 47.078682
    -104.044974 47.078649
    -104.044939 47.078529
    -104.044925 47.078445
    -104.044943 47.078353
    -104.044976 47.07832
    -104.045244 47.069744
    -104.04525 47.069123
    -104.045269 47.067263
    -104.045276 47.066643
    -104.045225 47.066123
    -104.045072 47.064563
    -104.045022 47.064043
    -104.045021 47.063841
    -104.04502 47.062911
    -104.045016 47.058134
    -104.04493 47.054546
    -104.044919 47.054105
    -104.044942 47.054037
    -104.044952 47.05381
    -104.044959 47.053256
    -104.044978 47.052881
    -104.044985 47.052832
    -104.045022 47.052701
    -104.045036 47.052588
    -104.045029 47.052455
    -104.045006 47.052357
    -104.044997 47.052295
    -104.044984 47.052213
    -104.044999 47.052027
    -104.044998 47.051915
    -104.044992 47.051239
    -104.045001 47.051108
    -104.044982 47.050967
    -104.044933 47.050836
    -104.044841 47.050675
    -104.044807 47.050544
    -104.044787 47.050447
    -104.044753 47.050289
    -104.044785 47.050125
    -104.044907 47.04984
    -104.045007 47.04955
    -104.045045 47.049062
    -104.045051 47.04835
    -104.045155 47.046607
    -104.045159 47.044999
    -104.045193 47.045008
    -104.045183 47.044754
    -104.045159 47.044066
    -104.045159 47.043995
    -104.045159 47.043742
    -104.045158 47.043507
    -104.045052 47.040863
    -104.045036 47.040364
    -104.044981 47.03866
    -104.044942 47.037436
    -104.044942 47.037255
    -104.044941 47.036928
    -104.044958 47.036563
    -104.045048 47.034612
    -104.045011 47.033364
    -104.04504 47.032154
    -104.045044 47.029894
    -104.045097 47.027338
    -104.045094 47.02576
    -104.045092 47.025066
    -104.045089 47.02504
    -104.045084 47.024973
    -104.045085 47.024702
    -104.045109 47.024097
    -104.045116 47.023524
    -104.04512 47.023254
    -104.045137 47.023113
    -104.045145 47.022894
    -104.045144 47.022596
    -104.045164 47.022181
    -104.045176 47.022035
    -104.04518 47.021991
    -104.045144 47.021834
    -104.045139 47.021319
    -104.045103 47.021157
    -104.045085 47.021076
    -104.045048 47.020678
    -104.045025 47.020301
    -104.045022 47.020242
    -104.045101 47.019911
    -104.045153 47.019174
    -104.045172 47.017251
    -104.045161 47.016822
    -104.045152 47.016046
    -104.045148 47.015049
    -104.045178 47.013395
    -104.045223 47.012757
    -104.045288 47.011004
    -104.04531 47.008736
    -104.04534 47.006424
    -104.045362 47.005679
    -104.045361 47.005588
    -104.045357 47.005178
    -104.045353 47.004743
    -104.04536 47.002867
    -104.045378 47.001899
    -104.045429 47.000005
    -104.045423 46.999
    -104.045406 46.997844
    -104.045429 46.996772
    -104.045435 46.995528
    -104.045436 46.995459
    -104.045448 46.994402
    -104.045449 46.994303
    -104.045452 46.99409
    -104.045463 46.993946
    -104.045463 46.992187
    -104.045464 46.991907
    -104.045466 46.991499
    -104.045476 46.99116
    -104.045502 46.9901
    -104.045516 46.989894
    -104.045536 46.989842
    -104.045556 46.989792
    -104.045791 46.989484
    -104.04584 46.989411
    -104.045874 46.989347
    -104.045888 46.989279
    -104.045885 46.989158
    -104.045864 46.989083
    -104.045798 46.988993
    -104.045781 46.988974
    -104.045672 46.98885
    -104.045593 46.988739
    -104.045534 46.988616
    -104.045519 46.988558
    -104.045504 46.987629
    -104.045509 46.986804
    -104.045527 46.986276
    -104.045542 46.984761
    -104.045534 46.983162
    -104.04558 46.981749
    -104.045606 46.979973
    -104.045599 46.979811
    -104.045613 46.979721
    -104.045646 46.979613
    -104.045641 46.979373
    -104.045642 46.978625
    -104.045631 46.97719
    -104.045628 46.976732
    -104.045627 46.976532
    -104.045623 46.976165
    -104.045641 46.974883
    -104.045641 46.970398
    -104.0457 46.968262
    -104.045697 46.967223
    -104.045722 46.963882
    -104.045764 46.962957
    -104.045755 46.96283
    -104.045708 46.962733
    -104.045746 46.962546
    -104.045728 46.962187
    -104.045729 46.9621
    -104.04573 46.96193
    -104.04574 46.960746
    -104.045762 46.959191
    -104.045726 46.958004
    -104.045734 46.957064
    -104.045736 46.953036
    -104.045732 46.951925
    -104.045729 46.9509
    -104.045735 46.948858
    -104.045728 46.948277
    -104.045725 46.947954
    -104.045706 46.94777
    -104.045703 46.947679
    -104.045723 46.947568
    -104.045722 46.947481
    -104.045722 46.94745
    -104.045728 46.947394
    -104.045715 46.945498
    -104.045748 46.943997
    -104.045753 46.941279
    -104.045759 46.937506
    -104.045746 46.935367
    -104.045761 46.934961
    -104.045773 46.934638
    -104.045788 46.934244
    -104.045797 46.933992
    -104.045808 46.933705
    -104.045806 46.932777
    -104.045777 46.920106
    -104.045818 46.918906
    -104.04584 46.918669
    -104.045884 46.918599
    -104.045885 46.918398
    -104.04586 46.918269
    -104.045839 46.917969
    -104.045856 46.917743
    -104.045844 46.916553
    -104.045849 46.91552
    -104.045885 46.913464
    -104.045843 46.912057
    -104.045861 46.911398
    -104.045904 46.909015
    -104.045926 46.90664
    -104.045924 46.904842
    -104.04587 46.904594
    -104.045853 46.904386
    -104.045841 46.904133
    -104.045863 46.903838
    -104.045915 46.903747
    -104.04597 46.903719
    -104.045954 46.90365
    -104.045802 46.902984
    -104.045848 46.897416
    -104.045807 46.894467
    -104.04576 46.89115
    -104.045932 46.890145
    -104.045942 46.889328
    -104.045996 46.889249
    -104.0461 46.889192
    -104.045749 46.88864
    -104.045718 46.886034
    -104.045802 46.87778
    -104.045805 46.877389
    -104.045817 46.876216
    -104.04582 46.875977
    -104.045721 46.875863
    -104.045752 46.875596
    -104.04582 46.875012
    -104.045864 46.874798
    -104.045919 46.874535
    -104.045556 46.861369
    -104.045683 46.861352
    -104.04581 46.861307
    -104.045878 46.861271
    -104.045948 46.861197
    -104.046 46.861084
    -104.045999 46.861055
    -104.045944 46.860299
    -104.04594 46.859928
    -104.045882 46.854127
    -104.045965 46.854008
    -104.046001 46.853861
    -104.046003 46.853349
    -104.046041 46.853119
    -104.046029 46.852843
    -104.046012 46.852468
    -104.046026 46.85133
    -104.045996 46.850342
    -104.04602 46.847493
    -104.04606 46.846765
    -104.046025 46.846591
    -104.046035 46.846472
    -104.046019 46.845772
    -104.046041 46.845268
    -104.046042 46.84492
    -104.046055 46.844592
    -104.046067 46.838634
    -104.046046 46.837547
    -104.046025 46.837422
    -104.045955 46.837236
    -104.045934 46.837178
    -104.045916 46.836891
    -104.045901 46.836231
    -104.045899 46.836138
    -104.046124 46.835114
    -104.046226 46.834539
    -104.046291 46.834279
    -104.046322 46.83409
    -104.046305 46.834007
    -104.04629 46.833959
    -104.046243 46.833815
    -104.046189 46.833733
    -104.045997 46.833504
    -104.04597 46.833451
    -104.045961 46.83327
    -104.04596 46.832642
    -104.04595 46.832563
    -104.045915 46.83248
    -104.04588 46.832436
    -104.045764 46.832352
    -104.045806 46.832309
    -104.045848 46.832223
    -104.045861 46.832144
    -104.045871 46.831984
    -104.045861 46.831536
    -104.045912 46.830944
    -104.045939 46.830865
    -104.045989 46.830794
    -104.045992 46.830791
    -104.045993 46.830791
    -104.045862 46.821858
    -104.045855 46.8215
    -104.045859 46.820202
    -104.045892 46.819685
    -104.045923 46.819305
    -104.045951 46.819039
    -104.045958 46.818928
    -104.045893 46.817879
    -104.04593 46.817372
    -104.045914 46.816775
    -104.045914 46.816327
    -104.045905 46.815928
    -104.045907 46.815683
    -104.045908 46.815646
    -104.045932 46.815526
    -104.045912 46.815242
    -104.045936 46.813574
    -104.045904 46.812523
    -104.0459 46.812063
    -104.045905 46.811021
    -104.045896 46.810002
    -104.045866 46.807913
    -104.045895 46.805903
    -104.045846 46.803689
    -104.045839 46.80346
    -104.045833 46.803261
    -104.045812 46.802542
    -104.045807 46.801851
    -104.045794 46.801325
    -104.045808 46.801176
    -104.045883 46.80105
    -104.046013 46.800947
    -104.046148 46.800915
    -104.046013 46.80092
    -104.045855 46.800919
    -104.045729 46.800844
    -104.045706 46.800797
    -104.045673 46.800645
    -104.045672 46.80025
    -104.045657 46.799966
    -104.045723 46.799607
    -104.045746 46.799427
    -104.045751 46.799174
    -104.045681 46.795934
    -104.045699 46.78901
    -104.045672 46.786522
    -104.045647 46.784179
    -104.045684 46.782523
    -104.045665 46.780905
    -104.045688 46.778902
    -104.04565 46.777041
    -104.045665 46.775278
    -104.045624 46.774139
    -104.045632 46.773684
    -104.045608 46.772481
    -104.045626 46.772257
    -104.045622 46.772202
    -104.045608 46.771955
    -104.045603 46.771881
    -104.045595 46.769304
    -104.045568 46.766937
    -104.04555 46.764652
    -104.045541 46.7624
    -104.045549 46.76001
    -104.045549 46.759682
    -104.04559 46.757404
    -104.045591 46.757402
    -104.045605 46.756074
    -104.04558 46.755861
    -104.04557 46.755084
    -104.045581 46.754477
    -104.045565 46.752877
    -104.045553 46.752532
    -104.04555 46.751325
    -104.045539 46.750699
    -104.045538 46.750695
    -104.045538 46.750657
    -104.045545 46.750026
    -104.045553 46.747452
    -104.045553 46.747293
    -104.045555 46.746774
    -104.045553 46.745522
    -104.045552 46.745035
    -104.045571 46.743156
    -104.045572 46.743156
    -104.045574 46.743053
    -104.045576 46.742871
    -104.045582 46.742458
    -104.045608 46.740543
    -104.045585 46.735905
    -104.045553 46.732899
    -104.045547 46.731477
    -104.045555 46.730978
    -104.045573 46.729822
    -104.045568 46.728486
    -104.045557 46.727345
    -104.045537 46.726442
    -104.045516 46.725921
    -104.045511 46.725705
    -104.045505 46.725464
    -104.045514 46.725287
    -104.045543 46.725172
    -104.045596 46.72503
    -104.045681 46.724861
    -104.045828 46.724667
    -104.04592 46.724578
    -104.045966 46.724533
    -104.046099 46.724348
    -104.046159 46.724222
    -104.046174 46.72415
    -104.046157 46.72402
    -104.046118 46.723874
    -104.045966 46.723588
    -104.045862 46.72338
    -104.045735 46.72309
    -104.045696 46.722926
    -104.045661 46.722715
    -104.045683 46.721735
    -104.045649 46.721508
    -104.04558 46.721366
    -104.045529 46.721311
    -104.045374 46.721197
    -104.045382 46.72104
    -104.045731 46.713946
    -104.045701 46.712752
    -104.045708 46.712336
    -104.04567 46.711545
    -104.045658 46.709267
    -104.045693 46.708691
    -104.045711 46.708537
    -104.045716 46.708516
    -104.045478 46.703502
    -104.045487 46.701034
    -104.045498 46.699089
    -104.045475 46.692017
    -104.045462 46.688143
    -104.04546 46.687647
    -104.045457 46.687283
    -104.045449 46.686191
    -104.045447 46.685828
    -104.045447 46.685814
    -104.045447 46.685772
    -104.045447 46.685758
    -104.04544 46.684529
    -104.045419 46.680842
    -104.045413 46.679614
    -104.045411 46.679217
    -104.045408 46.678622
    -104.045404 46.678027
    -104.045402 46.677631
    -104.045377 46.66825
    -104.045328 46.65719
    -104.045268 46.641443
    -104.048339 46.64145
    -104.050341 46.641456
    -104.057552 46.641474
    -104.060624 46.641483
    -104.060797 46.641539
    -104.061872 46.64153
    -104.065645 46.641502
    -104.066903 46.641493
    -104.067095 46.641493
    -104.067673 46.641494
    -104.067866 46.641495
    -104.070521 46.641499
    -104.078487 46.641512
    -104.079912 46.641515
    -104.080941 46.641583
    -104.081141 46.641583
    -104.085309 46.641587
    -104.097813 46.641602
    -104.101982 46.641608
    -104.10392 46.64161
    -104.109733 46.641617
    -104.111473 46.64162
    -104.111672 46.64162
    -104.114832 46.641613
    -104.124315 46.641596
    -104.125489 46.641594
    -104.127476 46.641591
    -104.127655 46.641589
    -104.128192 46.641587
    -104.128372 46.641587
    -104.129111 46.641574
    -104.131332 46.641537
    -104.132072 46.641525
    -104.132245 46.641504
    -104.132764 46.641442
    -104.132938 46.641422
    -104.132996 46.641415
    -104.133174 46.641394
    -104.133233 46.641388
    -104.133905 46.641407
    -104.135923 46.641464
    -104.136518 46.641481
    -104.136596 46.641481
    -104.138167 46.641483
    -104.142881 46.64149
    -104.144217 46.641493
    -104.144453 46.641495
    -104.144936 46.641498
    -104.146387 46.641507
    -104.146871 46.64151
    -104.150476 46.641526
    -104.153474 46.641565
    -104.165318 46.641598
    -104.165383 46.641602
    -104.165608 46.641602
    -104.165835 46.641602
    -104.166479 46.641602
    -104.16677 46.641603
    -104.167334 46.641603
    -104.168586 46.641605
    -104.169027 46.641605
    -104.169592 46.641606
    -104.172087 46.641608
    -104.177298 46.641613
    -104.179572 46.641583
    -104.182067 46.641552
    -104.182198 46.64155
    -104.18224 46.64155
    -104.182584 46.641467
    -104.182713 46.641437
    -104.18339 46.64145
    -104.185424 46.641489
    -104.186102 46.641503
    -104.18637 46.641509
    -104.187174 46.641527
    -104.187443 46.641533
    -104.188286 46.641552
    -104.189347 46.641552
    -104.195062 46.641555
    -104.196968 46.641556
    -104.199119 46.641556
    -104.205573 46.641559
    -104.207095 46.64156
    -104.207724 46.641517
    -104.208056 46.64153
    -104.208745 46.641557
    -104.208813 46.64156
    -104.210929 46.641511
    -104.211813 46.641509
    -104.212836 46.641507
    -104.215976 46.6415
    -104.216771 46.641499
    -104.220171 46.641502
    -104.221356 46.641503
    -104.225396 46.641512
    -104.227175 46.641517
    -104.228537 46.64152
    -104.228557 46.64152
    -104.229454 46.641532
    -104.235313 46.641578
    -104.237018 46.641591
    -104.23935 46.641565
    -104.240088 46.641565
    -104.245917 46.641273
    -104.246297 46.641312
    -104.247435 46.641297
    -104.247589 46.641295
    -104.247873 46.64129
    -104.248728 46.641279
    -104.249013 46.641276
    -104.249109 46.641334
    -104.249398 46.641508
    -104.249495 46.641567
    -104.252629 46.641589
    -104.255465 46.64161
    -104.262033 46.641658
    -104.265168 46.641681
    -104.266251 46.641688
    -104.268412 46.641704
    -104.2695 46.641701
    -104.270584 46.641699
    -104.271372 46.641697
    -104.273735 46.641691
    -104.274524 46.64169
    -104.275348 46.641688
    -104.277821 46.641682
    -104.278646 46.641681
    -104.278885 46.64168
    -104.279242 46.64168
    -104.279605 46.641679
    -104.279846 46.641679
    -104.280583 46.641677
    -104.282467 46.641673
    -104.282795 46.641672
    -104.283533 46.64167
    -104.285103 46.641666
    -104.289815 46.641655
    -104.291386 46.641652
    -104.291715 46.641651
    -104.293844 46.641646
    -104.296437 46.64164
    -104.301221 46.641629
    -104.303066 46.641625
    -104.303681 46.641624
    -104.304042 46.641623
    -104.304493 46.641622
    -104.304558 46.64162
    -104.304623 46.641622
    -104.305126 46.64162
    -104.305488 46.64162
    -104.305606 46.641619
    -104.305962 46.641619
    -104.306081 46.641619
    -104.306685 46.641617
    -104.308498 46.641613
    -104.309103 46.641612
    -104.309765 46.64161
    -104.311754 46.641605
    -104.312417 46.641604
    -104.312481 46.641603
    -104.312673 46.641603
    -104.312738 46.641603
    -104.313587 46.641582
    -104.316138 46.641521
    -104.316988 46.641501
    -104.318669 46.641471
    -104.323713 46.641384
    -104.325395 46.641355
    -104.325641 46.641353
    -104.326713 46.64136
    -104.330667 46.641389
    -104.331881 46.641398
    -104.331986 46.641399
    -104.333592 46.641406
    -104.338412 46.641427
    -104.340019 46.641435
    -104.342789 46.641437
    -104.343455 46.641438
    -104.351102 46.641443
    -104.353874 46.641446
    -104.353878 46.641739
    -104.353893 46.642619
    -104.353898 46.642913
    -104.353947 46.645798
    -104.353969 46.64706
    -104.354045 46.651458
    -104.354093 46.654263
    -104.354094 46.654327
    -104.354096 46.654405
    -104.354096 46.654454
    -104.354097 46.654483
    -104.354146 46.657324
    -104.354146 46.65734
    -104.354172 46.658879
    -104.354207 46.660894
    -104.354252 46.663496
    -104.354279 46.665014
    -104.354279 46.665035
    -104.35428 46.665078
    -104.354283 46.665207
    -104.354284 46.665251
    -104.354368 46.670137
    -104.354375 46.670497
    -104.368676 46.670429
    -104.373563 46.670407
    -104.37373 46.670406
    -104.374234 46.670404
    -104.374313 46.670404
    -104.374402 46.670408
    -104.375498 46.670457
    -104.376151 46.670455
    -104.381401 46.670443
    -104.383152 46.670439
    -104.388437 46.670427
    -104.404292 46.670391
    -104.409577 46.670379
    -104.410322 46.670387
    -104.412561 46.670413
    -104.413307 46.670422
    -104.414154 46.670432
    -104.416698 46.670462
    -104.417546 46.670472
    -104.417577 46.670465
    -104.417671 46.670448
    -104.417703 46.670442
    -104.417703 46.671521
    -104.417705 46.674758
    -104.417706 46.675838
    -104.417706 46.676143
    -104.417706 46.677058
    -104.417707 46.677364
    -104.417708 46.678434
    -104.417629 46.678941
    -104.417776 46.68384
    -104.417782 46.684892
    -104.424871 46.684893
    -104.438275 46.684895
    -104.439714 46.684895
    -104.443323 46.684896
    -104.444034 46.684896
    -104.445474 46.684897
    -104.445601 46.684897
    -104.445984 46.684897
    -104.446112 46.684897
    -104.452463 46.684898
    -104.471516 46.684902
    -104.477867 46.684904
    -104.47795 46.684904
    -104.482647 46.68493
    -104.484991 46.684944
    -104.495315 46.685002
    -104.496988 46.685011
    -104.500504 46.685031
    -104.501011 46.685029
    -104.501769 46.685027
    -104.502111 46.685025
    -104.503139 46.685023
    -104.503482 46.685023
    -104.505635 46.685017
    -104.507811 46.685012
    -104.512095 46.685001
    -104.514249 46.684996
    -104.514338 46.684996
    -104.515457 46.684993
    -104.519081 46.684984
    -104.52029 46.684982
    -104.525554 46.684969
    -104.537959 46.684939
    -104.541349 46.68493
    -104.546615 46.684918
    -104.550371 46.684918
    -104.560599 46.684919
    -104.561642 46.684919
    -104.565399 46.684919
    -104.566766 46.684919
    -104.570868 46.684921
    -104.572236 46.684922
    -104.574011 46.684926
    -104.579336 46.684941
    -104.580887 46.684946
    -104.581079 46.68483
    -104.581163 46.68478
    -104.581341 46.684826
    -104.581566 46.684817
    -104.581907 46.684804
    -104.583163 46.684808
    -104.587882 46.684825
    -104.589442 46.684831
    -104.589455 46.684831
    -104.590143 46.684829
    -104.592211 46.684825
    -104.5929 46.684824
    -104.593094 46.684832
    -104.593679 46.684856
    -104.593874 46.684865
    -104.593996 46.68487
    -104.59406 46.684869
    -104.59462 46.684869
    -104.594794 46.684869
    -104.594807 46.684869
    -104.594996 46.684861
    -104.595567 46.684837
    -104.595757 46.68483
    -104.595923 46.684823
    -104.596433 46.684827
    -104.596479 46.684826
    -104.598645 46.684822
    -104.599096 46.684821
    -104.599368 46.684821
    -104.599577 46.684821
    -104.599585 46.684821
    -104.600235 46.684863
    -104.600307 46.684868
    -104.600453 46.684868
    -104.602734 46.684867
    -104.602763 46.684867
    -104.605722 46.684912
    -104.605981 46.684914
    -104.606758 46.684923
    -104.607017 46.684926
    -104.607017 46.68513
    -104.607017 46.685742
    -104.607017 46.685946
    -104.607017 46.686059
    -104.607017 46.686401
    -104.607017 46.686515
    -104.607023 46.694921
    -104.607038 46.715813
    -104.607041 46.720142
    -104.607045 46.725158
    -104.607047 46.72855
    -104.607048 46.730956
    -104.607053 46.738174
    -104.607055 46.740581
    -104.607058 46.745168
    -104.607061 46.748043
    -104.607061 46.748044
    -104.607061 46.748149
    -104.607429 46.750009
    -104.607378 46.758516
    -104.607375 46.758896
    -104.607349 46.763484
    -104.607348 46.763638
    -104.607313 46.767346
    -104.607206 46.778934
    -104.607171 46.782797
    -104.607153 46.78595
    -104.607116 46.791501
    -104.607098 46.794301
    -104.606956 46.816018
    -104.606952 46.816482
    -104.606944 46.817614
    -104.606934 46.81928
    -104.606889 46.826129
    -104.606906 46.826318
    -104.606915 46.826414
    -104.606916 46.826424
    -104.606925 46.826529
    -104.606933 46.826622
    -104.606931 46.826704
    -104.60693 46.826802
    -104.606914 46.827828
    -104.606875 46.830443
    -104.606867 46.830909
    -104.606852 46.831936
    -104.605649 46.831928
    -104.603384 46.831913
    -104.603391 46.833256
    -104.603399 46.83446
    -104.603409 46.835232
    -104.603441 46.837548
    -104.603452 46.83832
    -104.603455 46.838604
    -104.603467 46.839459
    -104.603472 46.839746
    -104.603477 46.840257
    -104.603498 46.841797
    -104.603507 46.842311
    -104.603518 46.843167
    -104.603554 46.845735
    -104.603566 46.846592
    -104.603581 46.84771
    -104.603628 46.851067
    -104.603644 46.852186
    -104.603668 46.853924
    -104.603741 46.859141
    -104.603764 46.860767
    -104.603766 46.86088
    -104.600579 46.860882
    -104.591019 46.860888
    -104.587833 46.860891
    -104.58589 46.860881
    -104.584176 46.860874
    -104.580062 46.860854
    -104.57812 46.860845
    -104.577039 46.860839
    -104.573798 46.860824
    -104.572718 46.860819
    -104.569072 46.860801
    -104.564906 46.860782
    -104.558135 46.86075
    -104.55449 46.860733
    -104.554028 46.860735
    -104.552467 46.860741
    -104.546401 46.860767
    -104.54438 46.860777
    -104.541411 46.860769
    -104.532504 46.860745
    -104.529535 46.860738
    -104.529422 46.860738
    -104.529082 46.860739
    -104.52897 46.86074
    -104.523692 46.860727
    -104.512192 46.8607
    -104.509676 46.860694
    -104.507859 46.860689
    -104.502582 46.860677
    -104.501027 46.860674
    -104.500504 46.860673
    -104.496529 46.86091
    -104.496529 46.861069
    -104.496538 46.862591
    -104.496538 46.862624
    -104.496541 46.863225
    -104.49655 46.86503
    -104.496554 46.865632
    -104.496485 46.868149
    -104.49077 46.868118
    -104.485918 46.868093
    -104.485912 46.875011
    -104.485919 46.875399
    -104.481153 46.875393
    -104.473379 46.875384
    -104.465147 46.875375
    -104.465068 46.875375
    -104.465056 46.87568
    -104.46502 46.87668
    -104.465014 46.876833
    -104.465006 46.877056
    -104.465003 46.877148
    -104.465 46.877218
    -104.464993 46.877676
    -104.464981 46.878443
    -104.464972 46.879286
    -104.464937 46.882662
    -104.462106 46.882692
    -104.460038 46.882715
    -104.455277 46.882584
    -104.454402 46.88256
    -104.454447 46.889727
    -104.448203 46.889783
    -104.443538 46.889826
    -104.443442 46.889825
    -104.439318 46.889778
    -104.434676 46.889727
    -104.433299 46.889712
    -104.433292 46.896064
    -104.433289 46.900189
    -104.433286 46.904229
    -104.428987 46.904212
    -104.412228 46.904147
    -104.412236 46.912403
    -104.41224 46.915474
    -104.412242 46.918144
    -104.412243 46.91868
    -104.411808 46.918677
    -104.410181 46.918668
    -104.408456 46.918655
    -104.403283 46.918617
    -104.401559 46.918605
    -104.40155 46.919323
    -104.401525 46.921476
    -104.401517 46.922195
    -104.401515 46.922301
    -104.401509 46.922622
    -104.401508 46.922729
    -104.401505 46.922919
    -104.401498 46.92349
    -104.401497 46.923681
    -104.401488 46.92422
    -104.401463 46.92584
    -104.401455 46.92638
    -104.401454 46.926475
    -104.401453 46.926759
    -104.401453 46.926855
    -104.401452 46.926908
    -104.401452 46.92707
    -104.401452 46.927124
    -104.401451 46.927177
    -104.401451 46.927338
    -104.401451 46.927392
    -104.401449 46.927899
    -104.401444 46.929419
    -104.401443 46.929927
    -104.401432 46.930619
    -104.401402 46.932696
    -104.401397 46.933056
    -104.401064 46.933056
    -104.399586 46.933054
    -104.395152 46.933048
    -104.393674 46.933047
    -104.393118 46.933046
    -104.391452 46.933045
    -104.390897 46.933045
    -104.390929 46.936649
END
END
