53013 Columbia County
1
    -118.116405 46.285505
    -118.116404 46.285532
    -118.11627 46.29052
    -118.116139 46.295455
    -118.119608 46.295453
    -118.126061 46.295446
    -118.126253 46.295445
    -118.13127 46.295428
    -118.131341 46.295427
    -118.131555 46.295427
    -118.131627 46.295427
    -118.13167 46.295427
    -118.13174 46.295432
    -118.132081 46.295459
    -118.132195 46.295468
    -118.132273 46.295474
    -118.132477 46.295474
    -118.133323 46.295474
    -118.133606 46.295474
    -118.134162 46.295474
    -118.135833 46.295474
    -118.13639 46.295474
    -118.137327 46.295474
    -118.145938 46.295474
    -118.174583 46.295474
    -118.184132 46.295474
    -118.184274 46.295474
    -118.1847 46.295474
    -118.184843 46.295474
    -118.184985 46.295474
    -118.18573 46.295396
    -118.19267 46.295355
    -118.19763 46.295327
    -118.215098 46.295226
    -118.216163 46.295219
    -118.223995 46.295174
    -118.224133 46.295173
    -118.227518 46.295153
    -118.235709 46.295106
    -118.238087 46.295092
    -118.241611 46.295072
    -118.241637 46.298561
    -118.241641 46.299062
    -118.241717 46.30903
    -118.241744 46.312503
    -118.241744 46.31252
    -118.241743 46.312573
    -118.241741 46.312733
    -118.241741 46.312787
    -118.241741 46.312814
    -118.241721 46.315356
    -118.241661 46.323063
    -118.241642 46.325633
    -118.241641 46.325711
    -118.241632 46.326811
    -118.241605 46.330348
    -118.241598 46.331236
    -118.241598 46.331384
    -118.241607 46.331527
    -118.241625 46.331816
    -118.241679 46.332684
    -118.241698 46.332974
    -118.241713 46.333222
    -118.24176 46.333969
    -118.241767 46.334072
    -118.241767 46.334219
    -118.241767 46.334254
    -118.241767 46.334359
    -118.241768 46.334394
    -118.241768 46.334498
    -118.241769 46.335533
    -118.241772 46.338473
    -118.241773 46.33895
    -118.241775 46.34009
    -118.241779 46.34298
    -118.241792 46.351653
    -118.241797 46.354454
    -118.241798 46.354545
    -118.241794 46.354629
    -118.241784 46.354883
    -118.241782 46.35497
    -118.241782 46.355313
    -118.241784 46.356507
    -118.241795 46.361124
    -118.241799 46.362579
    -118.2418 46.362664
    -118.241801 46.363982
    -118.241804 46.367463
    -118.241805 46.367936
    -118.241807 46.369255
    -118.241807 46.369732
    -118.241809 46.371163
    -118.24181 46.37151
    -118.24181 46.371641
    -118.24181 46.371686
    -118.24181 46.371821
    -118.241811 46.371831
    -118.24181 46.371866
    -118.241783 46.373398
    -118.241758 46.374863
    -118.241753 46.377997
    -118.241751 46.37953
    -118.241751 46.379706
    -118.241746 46.382924
    -118.241733 46.393108
    -118.24173 46.396503
    -118.241729 46.396694
    -118.241728 46.397269
    -118.241728 46.39737
    -118.241728 46.397461
    -118.241725 46.39908
    -118.241719 46.403938
    -118.241718 46.405558
    -118.241718 46.405614
    -118.241715 46.407339
    -118.24171 46.410959
    -118.241708 46.412684
    -118.241707 46.414466
    -118.241707 46.414751
    -118.2417 46.420547
    -118.241694 46.425296
    -118.241689 46.429684
    -118.241687 46.431004
    -118.241686 46.431257
    -118.241684 46.43142
    -118.241683 46.43164
    -118.241672 46.440815
    -118.241672 46.440819
    -118.241664 46.450056
    -118.241659 46.454938
    -118.241659 46.455107
    -118.241658 46.45554
    -118.241658 46.456725
    -118.241653 46.45684
    -118.241644 46.457083
    -118.241637 46.457273
    -118.241635 46.457302
    -118.241631 46.45739
    -118.241631 46.45742
    -118.241582 46.45872
    -118.241436 46.46262
    -118.241388 46.463921
    -118.241417 46.466336
    -118.241417 46.466417
    -118.241455 46.469614
    -118.241507 46.473907
    -118.241538 46.476404
    -118.241539 46.47647
    -118.241542 46.476669
    -118.241544 46.476728
    -118.241544 46.476736
    -118.241545 46.476815
    -118.241547 46.476973
    -118.241548 46.477052
    -118.241549 46.477131
    -118.241572 46.479032
    -118.241598 46.481056
    -118.24164 46.484738
    -118.241662 46.48664
    -118.241673 46.487616
    -118.241709 46.490543
    -118.241721 46.49151
    -118.241721 46.49152
    -118.24172 46.491561
    -118.24172 46.491687
    -118.241721 46.491731
    -118.241724 46.491835
    -118.241732 46.492548
    -118.241762 46.494999
    -118.241773 46.495818
    -118.241905 46.499413
    -118.241922 46.499858
    -118.241922 46.499875
    -118.241968 46.505582
    -118.242005 46.510206
    -118.242035 46.513804
    -118.242035 46.513832
    -118.24206 46.516437
    -118.242078 46.518278
    -118.242135 46.524337
    -118.242161 46.526971
    -118.242164 46.527307
    -118.242173 46.528315
    -118.242177 46.528652
    -118.242179 46.528757
    -118.242187 46.529075
    -118.24219 46.529181
    -118.242196 46.52961
    -118.242217 46.5309
    -118.242225 46.53133
    -118.242242 46.53452
    -118.242291 46.543829
    -118.242482 46.554662
    -118.242483 46.554979
    -118.242533 46.556783
    -118.242597 46.559094
    -118.242635 46.559667
    -118.24264 46.559747
    -118.242619 46.559941
    -118.240186 46.559972
    -118.228412 46.560416
    -118.228487 46.565343
    -118.228504 46.56646
    -118.228555 46.569811
    -118.228573 46.570929
    -118.228573 46.570972
    -118.228576 46.571102
    -118.228577 46.571146
    -118.228581 46.571464
    -118.228597 46.572418
    -118.228602 46.572736
    -118.228646 46.575607
    -118.22878 46.58422
    -118.228825 46.587091
    -118.22883 46.587413
    -118.228845 46.588379
    -118.22885 46.588701
    -118.228856 46.589128
    -118.228877 46.590411
    -118.228884 46.590839
    -118.228886 46.590982
    -118.228892 46.591414
    -118.228895 46.591558
    -118.228899 46.591812
    -118.228911 46.592575
    -118.228915 46.59283
    -118.228917 46.592985
    -118.228918 46.593052
    -118.228922 46.593274
    -118.228925 46.59344
    -118.228925 46.59345
    -118.228928 46.593606
    -118.228859 46.59357
    -118.228652 46.593462
    -118.228584 46.593426
    -118.226834 46.592511
    -118.225886 46.592015
    -118.224468 46.591022
    -118.223242 46.590712
    -118.221536 46.590413
    -118.221415 46.590385
    -118.219493 46.589939
    -118.219363 46.589908
    -118.219233 46.589878
    -118.218873 46.589794
    -118.218722 46.589746
    -118.216781 46.589134
    -118.21644 46.58907
    -118.21566 46.588924
    -118.215145 46.588828
    -118.215052 46.58881
    -118.214247 46.58866
    -118.21274 46.588206
    -118.211438 46.587717
    -118.211103 46.587592
    -118.20939 46.586084
    -118.207901 46.584785
    -118.206073 46.583285
    -118.205626 46.582808
    -118.204712 46.581832
    -118.204391 46.58158
    -118.203013 46.580501
    -118.201286 46.57935
    -118.200812 46.579034
    -118.198724 46.577092
    -118.197984 46.57645
    -118.19645 46.575119
    -118.195127 46.573761
    -118.194714 46.573337
    -118.194213 46.572906
    -118.192968 46.571836
    -118.190254 46.570154
    -118.189613 46.569818
    -118.187166 46.568538
    -118.185249 46.567449
    -118.185037 46.567329
    -118.183363 46.566102
    -118.182349 46.564857
    -118.181872 46.564271
    -118.18102 46.56316
    -118.180639 46.562664
    -118.178964 46.560678
    -118.178843 46.560535
    -118.178338 46.560247
    -118.177218 46.559606
    -118.175407 46.5584
    -118.175112 46.558203
    -118.17307 46.557201
    -118.172552 46.556947
    -118.16919 46.555976
    -118.169071 46.55595
    -118.168169 46.555756
    -118.167267 46.555561
    -118.165292 46.555135
    -118.161805 46.55472
    -118.158344 46.55486
    -118.154338 46.555775
    -118.15239 46.556296
    -118.150101 46.556909
    -118.149631 46.556996
    -118.148334 46.557233
    -118.147036 46.55747
    -118.146921 46.557491
    -118.143133 46.557777
    -118.13953 46.557514
    -118.135379 46.557124
    -118.130517 46.556994
    -118.129544 46.556926
    -118.127194 46.556762
    -118.126067 46.556743
    -118.122817 46.556711
    -118.122262 46.556705
    -118.118448 46.556783
    -118.117853 46.556858
    -118.11387 46.557358
    -118.110359 46.558411
    -118.107003 46.559922
    -118.104396 46.561566
    -118.1025 46.564076
    -118.102462 46.564126
    -118.102402 46.564379
    -118.10169 46.567405
    -118.101441 46.567837
    -118.101099 46.568429
    -118.100757 46.569022
    -118.100051 46.570246
    -118.09941 46.570786
    -118.098752 46.57134
    -118.098095 46.571894
    -118.096639 46.573121
    -118.095517 46.573543
    -118.09494 46.57376
    -118.094362 46.573977
    -118.092895 46.574529
    -118.088921 46.574931
    -118.086805 46.574982
    -118.083345 46.575066
    -118.082224 46.574999
    -118.078419 46.57477
    -118.073874 46.574539
    -118.073096 46.5745
    -118.072559 46.574524
    -118.069095 46.574675
    -118.062759 46.575765
    -118.060335 46.576231
    -118.057448 46.576787
    -118.055992 46.577067
    -118.048266 46.579309
    -118.043166 46.581836
    -118.039123 46.583784
    -118.038265 46.584082
    -118.035156 46.58516
    -118.033187 46.585437
    -118.031414 46.585687
    -118.02895 46.585947
    -118.028646 46.585969
    -118.028412 46.585986
    -118.027709 46.586037
    -118.027476 46.586055
    -118.027457 46.586056
    -118.027454 46.586056
    -118.027391 46.586057
    -118.02737 46.586058
    -118.026648 46.586079
    -118.025927 46.5861
    -118.023587 46.586167
    -118.022864 46.586189
    -118.020075 46.58664
    -118.012371 46.587885
    -118.012109 46.587928
    -118.010115 46.588103
    -118.00936 46.58817
    -118.008604 46.588236
    -118.003311 46.58813
    -118.002292 46.58811
    -118.000957 46.588069
    -118.000957 46.588169
    -118.000857 46.588169
    -118.000657 46.588269
    -118.000357 46.588269
    -117.999957 46.588369
    -117.999557 46.588369
    -117.999257 46.588369
    -117.999057 46.588369
    -117.998756 46.588369
    -117.997456 46.588269
    -117.997156 46.588269
    -117.996456 46.588269
    -117.995556 46.588169
    -117.994356 46.587969
    -117.993056 46.587869
    -117.992756 46.587769
    -117.992056 46.587569
    -117.991156 46.587269
    -117.990056 46.586969
    -117.988956 46.586769
    -117.988391 46.586769
    -117.987655 46.586769
    -117.986855 46.586769
    -117.985255 46.586869
    -117.983355 46.587169
    -117.982155 46.587369
    -117.981155 46.587669
    -117.980055 46.587769
    -117.980054 46.587769
    -117.978385 46.588209
    -117.97827 46.58824
    -117.978155 46.58827
    -117.978084 46.58828
    -117.976302 46.588534
    -117.976054 46.58857
    -117.974254 46.58887
    -117.972454 46.58907
    -117.970947 46.589213
    -117.970354 46.58927
    -117.969154 46.58937
    -117.968206 46.589512
    -117.967258 46.589654
    -117.967154 46.58967
    -117.967045 46.589702
    -117.966911 46.589741
    -117.966762 46.589786
    -117.966479 46.589869
    -117.965454 46.59017
    -117.963553 46.59057
    -117.961853 46.59097
    -117.960853 46.59127
    -117.960281 46.591326
    -117.96024 46.591331
    -117.959853 46.59137
    -117.958905 46.591607
    -117.958653 46.59167
    -117.958053 46.59177
    -117.957877 46.591781
    -117.957701 46.591792
    -117.957132 46.591827
    -117.956453 46.59187
    -117.956226 46.591883
    -117.954753 46.59197
    -117.954372 46.591999
    -117.953957 46.592031
    -117.953705 46.59205
    -117.953453 46.59207
    -117.953053 46.59207
    -117.952853 46.59207
    -117.95191 46.591881
    -117.951406 46.59178
    -117.951394 46.591777
    -117.950902 46.59168
    -117.950352 46.59157
    -117.949452 46.59137
    -117.948352 46.59107
    -117.947652 46.59087
    -117.946452 46.59057
    -117.945552 46.59037
    -117.945352 46.59027
    -117.945325 46.59027
    -117.944652 46.59027
    -117.943252 46.59007
    -117.942372 46.589996
    -117.942052 46.58997
    -117.940551 46.58987
    -117.939959 46.589835
    -117.939731 46.589821
    -117.939405 46.589803
    -117.938851 46.58977
    -117.938248 46.589663
    -117.937151 46.58947
    -117.936447 46.589307
    -117.935851 46.58917
    -117.935768 46.589148
    -117.935685 46.589126
    -117.935049 46.588956
    -117.934351 46.58877
    -117.932951 46.58837
    -117.932651 46.588288
    -117.931851 46.58807
    -117.930551 46.58777
    -117.92945 46.58757
    -117.929377 46.587566
    -117.928277 46.587501
    -117.92775 46.58747
    -117.92615 46.58727
    -117.92455 46.58697
    -117.92315 46.58677
    -117.922094 46.586629
    -117.92165 46.58657
    -117.92045 46.58627
    -117.918949 46.586071
    -117.917949 46.585871
    -117.917749 46.585871
    -117.917541 46.585811
    -117.917049 46.585671
    -117.915449 46.585471
    -117.913949 46.585371
    -117.913764 46.585346
    -117.913578 46.585321
    -117.912449 46.585171
    -117.912196 46.585141
    -117.910749 46.584971
    -117.909049 46.584771
    -117.907648 46.584771
    -117.906915 46.584771
    -117.906548 46.584771
    -117.905148 46.584771
    -117.903855 46.584789
    -117.9018 46.584856
    -117.89992 46.585027
    -117.898748 46.585061
    -117.897362 46.585103
    -117.894769 46.58521
    -117.891862 46.585382
    -117.891634 46.585424
    -117.889807 46.585763
    -117.887623 46.586321
    -117.885081 46.587818
    -117.885032 46.587847
    -117.884313 46.58859
    -117.883105 46.589839
    -117.88306 46.589923
    -117.882646 46.590704
    -117.882232 46.591485
    -117.88207 46.591789
    -117.881857 46.592193
    -117.881601 46.593119
    -117.881451 46.59366
    -117.881301 46.594201
    -117.881212 46.594524
    -117.881123 46.594847
    -117.880983 46.595352
    -117.880717 46.596648
    -117.880582 46.59731
    -117.880446 46.597972
    -117.880346 46.598872
    -117.880324 46.599131
    -117.880246 46.600072
    -117.880146 46.600972
    -117.880046 46.601872
    -117.879978 46.602613
    -117.879946 46.602972
    -117.879846 46.603772
    -117.879646 46.604572
    -117.879446 46.605472
    -117.879365 46.605793
    -117.879246 46.606272
    -117.878946 46.607072
    -117.878646 46.607772
    -117.878246 46.608872
    -117.877846 46.609572
    -117.877446 46.610172
    -117.876846 46.610972
    -117.876654 46.611355
    -117.876346 46.611972
    -117.876046 46.612486
    -117.875646 46.613172
    -117.875336 46.613658
    -117.874946 46.614272
    -117.874374 46.615097
    -117.874046 46.615572
    -117.873346 46.616372
    -117.872546 46.617172
    -117.872146 46.617472
    -117.871346 46.618072
    -117.870546 46.618772
    -117.870399 46.618874
    -117.869546 46.619472
    -117.868946 46.619773
    -117.868046 46.620273
    -117.867146 46.620673
    -117.866446 46.621173
    -117.865445 46.621573
    -117.864145 46.621973
    -117.862945 46.622473
    -117.861645 46.623073
    -117.860845 46.623173
    -117.860105 46.62342
    -117.859645 46.623573
    -117.858445 46.623773
    -117.856836 46.623942
    -117.856693 46.623957
    -117.856545 46.623973
    -117.855345 46.624173
    -117.855155 46.624173
    -117.854645 46.624173
    -117.853745 46.624373
    -117.853597 46.624406
    -117.852844 46.624573
    -117.852044 46.624773
    -117.851844 46.624772
    -117.851846 46.624667
    -117.851859 46.623782
    -117.851873 46.622897
    -117.852035 46.612428
    -117.852178 46.603233
    -117.852179 46.60314
    -117.852183 46.602863
    -117.852185 46.602771
    -117.852247 46.598736
    -117.852309 46.594775
    -117.852435 46.586632
    -117.852498 46.582598
    -117.852506 46.582031
    -117.852532 46.58033
    -117.852541 46.579764
    -117.852558 46.578627
    -117.85261 46.575216
    -117.852628 46.57408
    -117.852628 46.574049
    -117.852641 46.573165
    -117.852683 46.570423
    -117.852698 46.56951
    -117.852714 46.568423
    -117.852765 46.565163
    -117.852782 46.564077
    -117.852782 46.564034
    -117.852784 46.563908
    -117.852785 46.563866
    -117.852843 46.560171
    -117.8588 46.560106
    -117.861944 46.560071
    -117.86214 46.546937
    -117.862191 46.543515
    -117.862194 46.543388
    -117.862201 46.542819
    -117.862221 46.541464
    -117.862225 46.541173
    -117.862238 46.540303
    -117.862243 46.540013
    -117.862244 46.5399
    -117.86225 46.539564
    -117.862252 46.539452
    -117.862256 46.539163
    -117.862294 46.536618
    -117.862311 46.535427
    -117.862491 46.523353
    -117.86255 46.519428
    -117.862552 46.519329
    -117.862598 46.516254
    -117.862722 46.507974
    -117.862736 46.507029
    -117.862782 46.503954
    -117.862853 46.501375
    -117.862897 46.499834
    -117.862924 46.493636
    -117.862936 46.491057
    -117.862936 46.490994
    -117.86294 46.490807
    -117.862941 46.490745
    -117.863131 46.478943
    -117.863261 46.470935
    -117.835861 46.471122
    -117.824059 46.471203
    -117.823864 46.471204
    -117.823281 46.471208
    -117.82328 46.471209
    -117.823087 46.471211
    -117.82249 46.471214
    -117.822119 46.471216
    -117.8207 46.471227
    -117.820104 46.471231
    -117.817178 46.47125
    -117.808403 46.471311
    -117.805478 46.471331
    -117.795339 46.471484
    -117.79432 46.47152
    -117.79397 46.47153
    -117.79308 46.47151
    -117.79193 46.47153
    -117.791116 46.47153
    -117.78872 46.47153
    -117.78716 46.47151
    -117.78612 46.47148
    -117.78221 46.47143
    -117.781504 46.47143
    -117.78095 46.47143
    -117.779521 46.471447
    -117.77935 46.47145
    -117.778301 46.471441
    -117.77824 46.47144
    -117.776483 46.471442
    -117.77227 46.47145
    -117.77153 46.47144
    -117.7711 46.47143
    -117.771029 46.471427
    -117.77063 46.47141
    -117.77041 46.47143
    -117.769213 46.47143
    -117.76906 46.47143
    -117.76824 46.47141
    -117.7678 46.47142
    -117.767134 46.47141
    -117.76712 46.47141
    -117.760898 46.471379
    -117.75906 46.47137
    -117.75882 46.47137
    -117.756972 46.471386
    -117.751431 46.471436
    -117.751032 46.47144
    -117.749597 46.471253
    -117.749455 46.471234
    -117.745395 46.471278
    -117.737301 46.471366
    -117.737298 46.466851
    -117.737296 46.462649
    -117.737265 46.459985
    -117.737172 46.451993
    -117.737143 46.4494
    -117.737144 46.44933
    -117.737206 46.446305
    -117.737298 46.441886
    -117.732642 46.441815
    -117.729617 46.44177
    -117.729463 46.441768
    -117.724306 46.441744
    -117.716674 46.441709
    -117.716696 46.43341
    -117.716708 46.429288
    -117.716711 46.4281
    -117.716712 46.427589
    -117.716727 46.422053
    -117.716745 46.415714
    -117.716759 46.410469
    -117.716777 46.403914
    -117.716794 46.397868
    -117.709908 46.397885
    -117.695327 46.397923
    -117.695418 46.39185
    -117.695523 46.384966
    -117.695529 46.384606
    -117.69554 46.384468
    -117.695631 46.38341
    -117.695199 46.383406
    -117.694701 46.383402
    -117.692064 46.383382
    -117.684155 46.383322
    -117.681519 46.383303
    -117.679873 46.383291
    -117.674938 46.383258
    -117.674077 46.383253
    -117.6741 46.382634
    -117.674105 46.382497
    -117.674107 46.38247
    -117.674206 46.380844
    -117.674506 46.375966
    -117.674574 46.374871
    -117.674534 46.374436
    -117.674535 46.374342
    -117.674554 46.37315
    -117.674561 46.372713
    -117.674561 46.372692
    -117.674571 46.372031
    -117.67461 46.369574
    -117.674629 46.368383
    -117.67463 46.368296
    -117.674633 46.368035
    -117.674635 46.367949
    -117.674659 46.36639
    -117.674732 46.361712
    -117.674757 46.360154
    -117.674758 46.36008
    -117.674761 46.359859
    -117.674763 46.359786
    -117.674798 46.357532
    -117.674832 46.355426
    -117.674905 46.35077
    -117.674915 46.350175
    -117.674932 46.349118
    -117.674941 46.348517
    -117.674969 46.346715
    -117.675005 46.344457
    -117.675053 46.34131
    -117.675082 46.339509
    -117.675088 46.339132
    -117.675106 46.338004
    -117.675113 46.337628
    -117.667618 46.337723
    -117.661992 46.337796
    -117.655338 46.337881
    -117.650419 46.337942
    -117.645596 46.338005
    -117.645136 46.33801
    -117.640115 46.338074
    -117.637642 46.338105
    -117.634998 46.33813
    -117.62995 46.338178
    -117.627068 46.338205
    -117.626021 46.338216
    -117.624434 46.338385
    -117.624409 46.338387
    -117.624339 46.338394
    -117.624318 46.338398
    -117.62428 46.3384
    -117.623981 46.338385
    -117.623101 46.338393
    -117.621034 46.338411
    -117.618532 46.338435
    -117.613006 46.338485
    -117.611815 46.338496
    -117.611819 46.33787
    -117.61182 46.337803
    -117.611845 46.33459
    -117.611864 46.331696
    -117.611927 46.323019
    -117.611948 46.320229
    -117.611951 46.320128
    -117.611966 46.317928
    -117.611998 46.313666
    -117.612014 46.311329
    -117.612031 46.30913
    -117.612051 46.306268
    -117.612114 46.297684
    -117.612115 46.297622
    -117.612136 46.294823
    -117.612136 46.294746
    -117.612138 46.294517
    -117.612139 46.294441
    -117.61214 46.29417
    -117.612146 46.293408
    -117.612152 46.29261
    -117.612169 46.29031
    -117.612177 46.289278
    -117.612215 46.283935
    -117.612288 46.274045
    -117.612332 46.267909
    -117.612372 46.262567
    -117.612409 46.257473
    -117.612437 46.25376
    -117.612466 46.249871
    -117.612452 46.242282
    -117.612451 46.242194
    -117.612443 46.237272
    -117.612442 46.237101
    -117.612439 46.236711
    -117.612431 46.235541
    -117.612429 46.235152
    -117.612409 46.232392
    -117.612383 46.22859
    -117.612352 46.224112
    -117.612333 46.221352
    -117.61233 46.221011
    -117.612324 46.219988
    -117.612322 46.219647
    -117.612322 46.21957
    -117.612324 46.219341
    -117.612325 46.219265
    -117.612327 46.218979
    -117.612335 46.218124
    -117.612338 46.217839
    -117.612348 46.216678
    -117.61238 46.213198
    -117.612391 46.212038
    -117.612393 46.211741
    -117.6124 46.210852
    -117.612403 46.210629
    -117.612404 46.210556
    -117.612421 46.208633
    -117.612439 46.206629
    -117.61245 46.20551
    -117.612473 46.202865
    -117.61249 46.201093
    -117.612491 46.200943
    -117.612516 46.198239
    -117.612524 46.197421
    -117.612591 46.190128
    -117.612616 46.187425
    -117.612615 46.187065
    -117.612615 46.185987
    -117.612615 46.185628
    -117.612615 46.185572
    -117.612614 46.183166
    -117.612613 46.175784
    -117.612613 46.173323
    -117.612612 46.171364
    -117.612611 46.165487
    -117.612611 46.163528
    -117.61261 46.155298
    -117.612985 46.122656
    -117.613009 46.120572
    -117.603598 46.120705
    -117.603597 46.120041
    -117.603595 46.119554
    -117.603571 46.106798
    -117.603571 46.106747
    -117.603564 46.099327
    -117.603546 46.081412
    -117.603539 46.073716
    -117.603524 46.058085
    -117.603524 46.057803
    -117.60356 46.042691
    -117.603562 46.042287
    -117.603502 46.03758
    -117.603499 46.034734
    -117.603476 46.012074
    -117.603469 46.004587
    -117.603464 46.004521
    -117.603379 46.003394
    -117.603124 46.000015
    -117.603113 45.999867
    -117.603163 45.998887
    -117.608983 45.998948
    -117.617406 45.99906
    -117.623588 45.999143
    -117.626021 45.999175
    -117.62888 45.999196
    -117.644757 45.999315
    -117.65005 45.999355
    -117.660082 45.99943
    -117.690181 45.999656
    -117.700214 45.999732
    -117.703726 45.999759
    -117.714262 45.999841
    -117.717774 45.999869
    -117.720221 45.999868
    -117.727563 45.999868
    -117.730011 45.999868
    -117.733149 45.999867
    -117.742563 45.999865
    -117.745702 45.999865
    -117.746377 45.999865
    -117.748404 45.999865
    -117.74908 45.999865
    -117.751029 45.999865
    -117.752702 45.999865
    -117.763571 45.999866
    -117.766114 45.999866
    -117.766459 45.999867
    -117.767194 45.999867
    -117.76731 45.999866
    -117.767657 45.999865
    -117.767774 45.999865
    -117.770306 45.999865
    -117.777903 45.999865
    -117.780436 45.999865
    -117.781321 45.999905
    -117.783977 46.000025
    -117.784863 46.000066
    -117.785217 46.000082
    -117.786937 46.000081
    -117.793161 46.000079
    -117.794959 46.000079
    -117.795236 46.000079
    -117.796284 46.000081
    -117.799428 46.000089
    -117.800477 46.000092
    -117.80306 46.0001
    -117.810809 46.000124
    -117.813393 46.000133
    -117.814082 46.000133
    -117.816149 46.000135
    -117.816838 46.000136
    -117.820628 46.000143
    -117.832001 46.000167
    -117.835792 46.000175
    -117.836252 46.000175
    -117.837634 46.000176
    -117.838095 46.000177
    -117.841342 46.000183
    -117.851083 46.000201
    -117.85433 46.000208
    -117.855381 46.000237
    -117.858535 46.000324
    -117.859587 46.000353
    -117.864267 46.000356
    -117.876035 46.000365
    -117.878308 46.000345
    -117.882989 46.000305
    -117.883934 46.000301
    -117.901774 46.000402
    -117.910284 46.000492
    -117.910426 46.000493
    -117.911746 46.000461
    -117.921265 46.000491
    -117.926068 46.000507
    -117.9284 46.000515
    -117.928888 46.000517
    -117.934838 46.000532
    -117.945849 46.000561
    -117.946168 46.000562
    -117.950206 46.000573
    -117.955297 46.000602
    -117.963525 46.000649
    -117.97057 46.000689
    -117.975662 46.000719
    -117.976083 46.000721
    -117.977346 46.000728
    -117.977767 46.000731
    -117.980336 46.000746
    -117.988046 46.000791
    -117.990616 46.000806
    -117.9907 46.000806
    -117.990915 46.000801
    -117.991814 46.000782
    -117.992114 46.000776
    -117.992308 46.000776
    -117.992891 46.000778
    -117.993086 46.000779
    -117.99385 46.00078
    -117.99397 46.000781
    -117.996145 46.000785
    -117.996911 46.000787
    -117.996894 46.000987
    -117.996845 46.001568
    -117.996843 46.001587
    -117.996826 46.001788
    -117.996796 46.00215
    -117.99651 46.00375
    -117.99647 46.003972
    -117.996364 46.004635
    -117.996227 46.005498
    -117.996018 46.006983
    -117.995917 46.008317
    -117.99585 46.009208
    -117.995753 46.010329
    -117.995594 46.012172
    -117.995324 46.013216
    -117.995141 46.01393
    -117.99449 46.015563
    -117.994365 46.015878
    -117.994348 46.015927
    -117.993877 46.017255
    -117.993481 46.018374
    -117.993243 46.019305
    -117.99287 46.019897
    -117.993032 46.021268
    -117.993057 46.021473
    -117.993074 46.021618
    -117.993114 46.022675
    -117.993115 46.022698
    -117.993121 46.022849
    -117.993142 46.023372
    -117.993149 46.023547
    -117.993339 46.024263
    -117.993406 46.025831
    -117.993376 46.02629
    -117.993273 46.027871
    -117.993134 46.029341
    -117.993079 46.030393
    -117.993082 46.030434
    -117.993141 46.031173
    -117.993066 46.033214
    -117.993001 46.034073
    -117.992897 46.034575
    -117.992773 46.035181
    -117.992416 46.036578
    -117.992284 46.037276
    -117.992211 46.037661
    -117.992311 46.037951
    -117.992261 46.038303
    -117.992128 46.039252
    -117.992116 46.039792
    -117.992103 46.040455
    -117.992068 46.042193
    -117.992148 46.043495
    -117.992392 46.047439
    -117.992442 46.048246
    -117.992499 46.049326
    -117.992534 46.049988
    -117.992575 46.050776
    -117.99261 46.051443
    -117.99284 46.055809
    -117.992917 46.057265
    -117.992914 46.058485
    -117.992909 46.061341
    -117.992907 46.062104
    -117.992906 46.062144
    -117.992905 46.062729
    -117.992905 46.063365
    -117.992904 46.063559
    -117.992903 46.064097
    -117.9929 46.066098
    -117.992899 46.066295
    -117.992898 46.067028
    -117.992898 46.067276
    -117.992898 46.067747
    -117.992901 46.069904
    -117.992903 46.070624
    -117.992904 46.071861
    -117.99291 46.075572
    -117.992912 46.076587
    -117.992912 46.07681
    -117.992912 46.076847
    -117.992912 46.076958
    -117.992912 46.076995
    -117.992912 46.077137
    -117.992913 46.077565
    -117.992914 46.077708
    -117.992913 46.0781
    -117.992911 46.079276
    -117.992911 46.079564
    -117.992911 46.079669
    -117.992897 46.080645
    -117.992855 46.083647
    -117.992806 46.087158
    -117.992741 46.091813
    -117.992709 46.094142
    -117.992691 46.09541
    -117.99269 46.095583
    -117.99269 46.097285
    -117.992689 46.099562
    -117.992689 46.099932
    -117.992689 46.101367
    -117.992688 46.103441
    -117.992688 46.103807
    -117.992594 46.109628
    -117.992578 46.110685
    -117.992523 46.113117
    -117.992516 46.113785
    -117.992515 46.113831
    -117.992515 46.113874
    -117.99251 46.114358
    -117.992507 46.114585
    -117.992507 46.114765
    -117.992505 46.114918
    -117.992505 46.115
    -117.992509 46.115111
    -117.99252 46.11541
    -117.992508 46.11546
    -117.992497 46.115511
    -117.992494 46.115699
    -117.992654 46.121057
    -117.992745 46.124115
    -117.992767 46.124861
    -117.99272 46.126458
    -117.992686 46.127582
    -117.992459 46.13524
    -117.992338 46.139355
    -117.992286 46.139843
    -117.992209 46.140024
    -117.992209 46.141034
    -117.992204 46.141358
    -117.992184 46.141857
    -117.992128 46.143177
    -117.9921 46.1439
    -117.992196 46.146491
    -117.991982 46.147612
    -117.991959 46.148422
    -117.991953 46.148633
    -117.991912 46.150117
    -117.991872 46.151605
    -117.991916 46.155905
    -117.991889 46.157906
    -117.99188 46.15863
    -117.99182 46.16006
    -117.991869 46.163448
    -117.991872 46.163634
    -117.991872 46.163697
    -117.991861 46.166321
    -117.991861 46.166364
    -117.991856 46.167557
    -117.991843 46.170686
    -117.99184 46.171265
    -117.991835 46.172501
    -117.991835 46.172616
    -117.991829 46.174117
    -117.991824 46.175328
    -117.991803 46.180436
    -117.991789 46.183812
    -117.991782 46.185779
    -117.991778 46.18664
    -117.99173 46.188367
    -117.991587 46.19355
    -117.991541 46.195229
    -117.991539 46.195278
    -117.991527 46.195662
    -117.991514 46.196062
    -117.991442 46.198414
    -117.991418 46.199199
    -117.991414 46.199343
    -117.991385 46.201318
    -117.991364 46.202801
    -117.991329 46.205287
    -117.991294 46.207678
    -117.991292 46.207843
    -117.993248 46.207848
    -117.993348 46.207848
    -118.000226 46.207718
    -118.001048 46.207703
    -118.008583 46.207716
    -118.016788 46.207731
    -118.021166 46.207738
    -118.028147 46.207751
    -118.028646 46.207752
    -118.031447 46.207758
    -118.035599 46.207768
    -118.04135 46.20778
    -118.043623 46.207785
    -118.044652 46.207788
    -118.044793 46.207788
    -118.045217 46.207788
    -118.045359 46.207789
    -118.045675 46.20779
    -118.045882 46.20779
    -118.047452 46.207792
    -118.047937 46.207793
    -118.047976 46.207793
    -118.049127 46.207794
    -118.05258 46.2078
    -118.053731 46.207802
    -118.053939 46.207802
    -118.054566 46.207802
    -118.054775 46.207803
    -118.056231 46.207806
    -118.060602 46.207815
    -118.062059 46.207818
    -118.062152 46.207816
    -118.062429 46.207816
    -118.062522 46.207816
    -118.062546 46.207816
    -118.062618 46.207816
    -118.062643 46.207816
    -118.063268 46.207817
    -118.063729 46.207817
    -118.06699 46.207823
    -118.068077 46.207825
    -118.069488 46.207827
    -118.070721 46.207829
    -118.075973 46.207839
    -118.077781 46.207842
    -118.078652 46.207843
    -118.081297 46.207848
    -118.08243 46.20785
    -118.08583 46.207856
    -118.086964 46.207858
    -118.088221 46.207852
    -118.090636 46.207843
    -118.091995 46.207837
    -118.093253 46.207832
    -118.094186 46.207835
    -118.094662 46.207838
    -118.096985 46.207847
    -118.097919 46.207851
    -118.097965 46.20785
    -118.098102 46.207848
    -118.098149 46.207848
    -118.098327 46.207849
    -118.098791 46.20785
    -118.102466 46.207863
    -118.104598 46.20787
    -118.108121 46.207883
    -118.111459 46.207894
    -118.114349 46.207904
    -118.116493 46.207912
    -118.116645 46.215363
    -118.116777 46.221811
    -118.116787 46.222337
    -118.116798 46.222892
    -118.1168 46.223918
    -118.116802 46.224446
    -118.116881 46.24205
    -118.116869 46.242237
    -118.116817 46.243081
    -118.116824 46.243444
    -118.116836 46.24414
    -118.11684 46.244223
    -118.116844 46.244321
    -118.116878 46.245434
    -118.116899 46.246088
    -118.116907 46.246151
    -118.1171 46.247772
    -118.11722 46.248755
    -118.117355 46.249861
    -118.11735 46.250042
    -118.117335 46.250588
    -118.117331 46.25077
    -118.117325 46.250957
    -118.117309 46.251518
    -118.117304 46.251706
    -118.117192 46.255906
    -118.116856 46.268505
    -118.116745 46.272706
    -118.116742 46.272805
    -118.11674 46.272865
    -118.11673 46.273345
    -118.116728 46.273506
    -118.116727 46.273553
    -118.116723 46.273683
    -118.116708 46.274215
    -118.116704 46.274393
    -118.116701 46.274512
    -118.116678 46.275331
    -118.116602 46.278146
    -118.116578 46.279085
    -118.116572 46.279295
    -118.116569 46.279401
    -118.116543 46.280349
    -118.116535 46.280666
    -118.11653 46.280819
    -118.116524 46.28105
    -118.116493 46.282203
    -118.11649 46.282337
    -118.116483 46.282588
    -118.116467 46.283171
    -118.116425 46.284757
    -118.11642 46.284921
    -118.116405 46.285505
END
END
