53025 Grant County
1
    -119.557802 47.441305
    -119.557759 47.441306
    -119.533755 47.441317
    -119.533624 47.441317
    -119.533353 47.470013
    -119.533338 47.471649
    -119.533071 47.499863
    -119.533157 47.519259
    -119.533032 47.521262
    -119.532974 47.523535
    -119.532966 47.523553
    -119.532889 47.527563
    -119.511852 47.527658
    -119.511858 47.527827
    -119.512129 47.535263
    -119.51213 47.53528
    -119.512199 47.535738
    -119.512197 47.535873
    -119.512132 47.540234
    -119.512084 47.540508
    -119.51203 47.540828
    -119.511993 47.542092
    -119.501147 47.542005
    -119.491454 47.541991
    -119.491069 47.54199
    -119.490527 47.541994
    -119.490264 47.553059
    -119.490256 47.553412
    -119.490254 47.553499
    -119.490186 47.556432
    -119.486248 47.556443
    -119.482861 47.556454
    -119.482674 47.556455
    -119.476869 47.556475
    -119.476772 47.556475
    -119.470435 47.556496
    -119.470126 47.556497
    -119.469237 47.5565
    -119.469183 47.567395
    -119.469182 47.567608
    -119.469167 47.570715
    -119.457418 47.570524
    -119.447602 47.570364
    -119.447735 47.584854
    -119.43329 47.5848
    -119.433119 47.584799
    -119.426373 47.584775
    -119.426587 47.597376
    -119.426589 47.597494
    -119.426647 47.599063
    -119.405078 47.598923
    -119.405117 47.603441
    -119.405118 47.603555
    -119.405187 47.611519
    -119.405188 47.611655
    -119.405196 47.612471
    -119.39303 47.612406
    -119.392659 47.612403
    -119.382563 47.61235
    -119.382331 47.612349
    -119.376142 47.612316
    -119.371662 47.612257
    -119.371514 47.612255
    -119.356625 47.612291
    -119.356602 47.612291
    -119.352033 47.612302
    -119.35193 47.612302
    -119.346639 47.612315
    -119.342292 47.612372
    -119.341708 47.612348
    -119.341707 47.612457
    -119.341623 47.619589
    -119.341602 47.62143
    -119.341602 47.621455
    -119.341601 47.621582
    -119.341707 47.624866
    -119.34171 47.625253
    -119.34171 47.62527
    -119.341716 47.626007
    -119.341721 47.626628
    -119.336328 47.626749
    -119.334716 47.626783
    -119.333201 47.62682
    -119.329417 47.626796
    -119.32932 47.626796
    -119.329204 47.626795
    -119.320603 47.626766
    -119.320577 47.632127
    -119.320576 47.63229
    -119.320553 47.637188
    -119.320553 47.63725
    -119.320543 47.639566
    -119.320542 47.639746
    -119.32054 47.640323
    -119.320538 47.640762
    -119.320533 47.641997
    -119.320532 47.642176
    -119.320484 47.652793
    -119.320466 47.656776
    -119.320466 47.656913
    -119.32041 47.669417
    -119.32041 47.669487
    -119.320407 47.670206
    -119.314726 47.670195
    -119.305882 47.67018
    -119.305827 47.67018
    -119.298844 47.670169
    -119.298763 47.688105
    -119.298762 47.688253
    -119.298711 47.699294
    -119.298701 47.701582
    -119.298701 47.701644
    -119.298681 47.706163
    -119.298681 47.706325
    -119.298647 47.726453
    -119.298653 47.726554
    -119.298744 47.728277
    -119.298643 47.728276
    -119.288496 47.728213
    -119.288151 47.728211
    -119.28092 47.728149
    -119.279632 47.728137
    -119.277318 47.728118
    -119.277345 47.73103
    -119.277352 47.731699
    -119.277456 47.742515
    -119.266487 47.742419
    -119.266407 47.742419
    -119.266337 47.742418
    -119.255853 47.742327
    -119.255787 47.749867
    -119.255787 47.750165
    -119.255787 47.750377
    -119.255815 47.771655
    -119.251139 47.771694
    -119.246464 47.771876
    -119.246239 47.771885
    -119.239219 47.7719
    -119.236045 47.771921
    -119.236033 47.771921
    -119.235881 47.771922
    -119.234102 47.771935
    -119.23408 47.774927
    -119.234079 47.775017
    -119.234052 47.778897
    -119.233964 47.791792
    -119.234 47.794522
    -119.233965 47.796818
    -119.233956 47.797395
    -119.233937 47.798684
    -119.233909 47.800598
    -119.2339 47.800662
    -119.228716 47.800662
    -119.228555 47.800652
    -119.218781 47.800646
    -119.212499 47.800652
    -119.21236 47.809078
    -119.212358 47.809175
    -119.212092 47.824268
    -119.212103 47.825473
    -119.212172 47.832417
    -119.212195 47.83582
    -119.212254 47.843884
    -119.212321 47.85249
    -119.212324 47.858294
    -119.212324 47.858376
    -119.212323 47.85873
    -119.212323 47.859824
    -119.212322 47.859825
    -119.212317 47.865514
    -119.21226 47.873007
    -119.212257 47.873081
    -119.212186 47.87487
    -119.212149 47.887617
    -119.193187 47.888017
    -119.193038 47.888008
    -119.192949 47.888002
    -119.190662 47.88786
    -119.19065 47.891663
    -119.19065 47.8917
    -119.190636 47.896292
    -119.190619 47.902548
    -119.170727 47.902594
    -119.170528 47.902595
    -119.169011 47.902598
    -119.165419 47.902606
    -119.164915 47.902607
    -119.164191 47.902609
    -119.1473 47.90265
    -119.147322 47.909456
    -119.147323 47.90958
    -119.147324 47.910001
    -119.14735 47.917388
    -119.140494 47.917347
    -119.126135 47.91732
    -119.125659 47.917253
    -119.125165 47.946699
    -119.120018 47.946694
    -119.119706 47.946694
    -119.103804 47.946681
    -119.103902 47.954722
    -119.103905 47.954851
    -119.103915 47.955435
    -119.103962 47.958167
    -119.104045 47.961484
    -119.104041 47.961763
    -119.089726 47.96176
    -119.083577 47.96176
    -119.082157 47.961766
    -119.071099 47.96182
    -119.042868 47.961956
    -119.027246 47.962032
    -119.018197 47.962075
    -119.014394 47.962093
    -119.013801 47.962095
    -119.008384 47.962121
    -119.002083 47.962152
    -119.001904 47.962146
    -119.001885 47.962146
    -119.001133 47.962118
    -118.994328 47.96215
    -118.992203 47.962126
    -118.990793 47.96211
    -118.990724 47.962109
    -118.989806 47.962099
    -118.989644 47.962097
    -118.989364 47.962093
    -118.988505 47.962084
    -118.988258 47.96208
    -118.988107 47.962079
    -118.987198 47.962069
    -118.987123 47.962068
    -118.986545 47.962062
    -118.986308 47.962051
    -118.986267 47.962049
    -118.985356 47.962005
    -118.985174 47.961997
    -118.98509 47.961997
    -118.985068 47.961997
    -118.984865 47.961998
    -118.984104 47.962002
    -118.983881 47.962004
    -118.982914 47.96201
    -118.982911 47.96201
    -118.982394 47.962019
    -118.982387 47.961982
    -118.982367 47.961872
    -118.982361 47.961836
    -118.982191 47.960878
    -118.98206 47.959665
    -118.98177 47.957985
    -118.981864 47.957145
    -118.981886 47.95695
    -118.981923 47.956777
    -118.982065 47.956128
    -118.982072 47.9561
    -118.9821 47.955959
    -118.982116 47.955885
    -118.982405 47.954645
    -118.982748 47.953009
    -118.982841 47.951267
    -118.982754 47.949782
    -118.981664 47.947977
    -118.981564 47.947896
    -118.98096 47.947361
    -118.980061 47.946572
    -118.979647 47.946298
    -118.978439 47.9455
    -118.978101 47.945277
    -118.977292 47.94494
    -118.976616 47.944659
    -118.975941 47.944378
    -118.975127 47.944039
    -118.975102 47.944029
    -118.974155 47.943757
    -118.973802 47.943656
    -118.973502 47.94357
    -118.973502 47.943561
    -118.973515 47.942628
    -118.973537 47.941213
    -118.973557 47.939805
    -118.973572 47.938864
    -118.973581 47.938223
    -118.97361 47.936301
    -118.973614 47.936015
    -118.97362 47.935661
    -118.973641 47.934275
    -118.973645 47.934049
    -118.973674 47.930466
    -118.973701 47.928473
    -118.973812 47.920381
    -118.973839 47.918406
    -118.973922 47.912482
    -118.973945 47.910825
    -118.97395 47.910508
    -118.974008 47.906376
    -118.974016 47.905783
    -118.974046 47.90363
    -118.974054 47.90306
    -118.974116 47.898663
    -118.974117 47.898523
    -118.974118 47.898477
    -118.974121 47.898291
    -118.974123 47.898128
    -118.974123 47.898105
    -118.974126 47.897966
    -118.974138 47.896204
    -118.974159 47.893483
    -118.974188 47.89092
    -118.974206 47.889339
    -118.97421 47.889159
    -118.974209 47.88915
    -118.974209 47.889125
    -118.974209 47.889117
    -118.974226 47.887851
    -118.974221 47.887683
    -118.974095 47.883384
    -118.974054 47.881952
    -118.974063 47.881874
    -118.974103 47.881686
    -118.97411 47.881554
    -118.974133 47.881127
    -118.97415 47.880965
    -118.974164 47.880521
    -118.974167 47.880427
    -118.974175 47.880351
    -118.974191 47.8802
    -118.974199 47.88
    -118.974198 47.87995
    -118.974196 47.879878
    -118.974208 47.87931
    -118.974235 47.878964
    -118.974277 47.878003
    -118.974296 47.877336
    -118.974296 47.877284
    -118.9743 47.876689
    -118.974369 47.874608
    -118.974378 47.874121
    -118.974405 47.872831
    -118.974477 47.870507
    -118.974517 47.86983
    -118.97454 47.869285
    -118.974586 47.86825
    -118.974592 47.867797
    -118.974571 47.867412
    -118.974555 47.866718
    -118.974559 47.86662
    -118.974559 47.866554
    -118.974563 47.866356
    -118.974564 47.866291
    -118.974566 47.866184
    -118.974595 47.864641
    -118.974597 47.864234
    -118.97467 47.862082
    -118.97467 47.862016
    -118.974678 47.86145
    -118.974693 47.860948
    -118.974662 47.859676
    -118.974697 47.859231
    -118.974706 47.858897
    -118.97471 47.858236
    -118.97472 47.857811
    -118.974733 47.856905
    -118.974724 47.854229
    -118.974723 47.853922
    -118.974734 47.853453
    -118.974725 47.852839
    -118.974734 47.852282
    -118.974782 47.851037
    -118.974784 47.850432
    -118.974767 47.84925
    -118.974767 47.849192
    -118.974796 47.847017
    -118.974796 47.846307
    -118.974828 47.844917
    -118.974827 47.844857
    -118.974808 47.844728
    -118.974818 47.843593
    -118.974843 47.842644
    -118.974852 47.842011
    -118.974864 47.841185
    -118.974868 47.840383
    -118.974884 47.839653
    -118.974875 47.838797
    -118.974893 47.837779
    -118.974904 47.83717
    -118.974913 47.83582
    -118.974908 47.834973
    -118.97491 47.833969
    -118.974923 47.833292
    -118.974928 47.833039
    -118.974908 47.832105
    -118.974945 47.83131
    -118.974953 47.830843
    -118.974974 47.830387
    -118.974987 47.830105
    -118.975027 47.829259
    -118.975041 47.828978
    -118.975067 47.826308
    -118.975147 47.818298
    -118.975174 47.815629
    -118.975176 47.81544
    -118.975202 47.812728
    -118.975206 47.812381
    -118.975289 47.804028
    -118.975319 47.801128
    -118.975315 47.801058
    -118.975318 47.799462
    -118.975297 47.798219
    -118.97529 47.797753
    -118.975279 47.795822
    -118.975293 47.794402
    -118.975264 47.789605
    -118.975264 47.789493
    -118.975272 47.788171
    -118.975261 47.787557
    -118.975267 47.786854
    -118.975269 47.786813
    -118.975277 47.786585
    -118.97527 47.786495
    -118.975274 47.786324
    -118.9753 47.785297
    -118.975309 47.784512
    -118.975296 47.783665
    -118.975292 47.783323
    -118.9753 47.78317
    -118.975299 47.782105
    -118.975314 47.7801
    -118.975329 47.779466
    -118.975336 47.778252
    -118.975311 47.778135
    -118.975225 47.777928
    -118.975217 47.777848
    -118.975308 47.777501
    -118.975353 47.777184
    -118.975353 47.776933
    -118.975373 47.776129
    -118.975366 47.775113
    -118.975367 47.774939
    -118.975372 47.774491
    -118.975355 47.773802
    -118.975378 47.773197
    -118.975367 47.772837
    -118.975388 47.772537
    -118.975433 47.772207
    -118.975423 47.772131
    -118.975428 47.772024
    -118.975439 47.770284
    -118.975432 47.769552
    -118.975439 47.768901
    -118.975428 47.76823
    -118.975419 47.768004
    -118.975406 47.767638
    -118.975379 47.767262
    -118.975359 47.766861
    -118.975417 47.765902
    -118.975426 47.7653
    -118.975419 47.764784
    -118.975397 47.764405
    -118.975437 47.763336
    -118.975445 47.762899
    -118.97543 47.762299
    -118.975444 47.761917
    -118.975452 47.761783
    -118.975435 47.760445
    -118.975414 47.759772
    -118.975433 47.75833
    -118.975432 47.757419
    -118.975439 47.75595
    -118.975442 47.755475
    -118.975431 47.753176
    -118.975419 47.752471
    -118.975431 47.752155
    -118.975445 47.752017
    -118.97546 47.751933
    -118.975469 47.751882
    -118.975445 47.750734
    -118.975456 47.750114
    -118.975482 47.748762
    -118.975468 47.747759
    -118.975449 47.747143
    -118.975455 47.745556
    -118.975431 47.74509
    -118.975426 47.744655
    -118.975419 47.744001
    -118.975443 47.743393
    -118.975473 47.743201
    -118.975496 47.74294
    -118.97551 47.74284
    -118.975503 47.742723
    -118.975488 47.742623
    -118.975485 47.742485
    -118.975505 47.742273
    -118.975524 47.741779
    -118.975536 47.740841
    -118.97557 47.738199
    -118.975623 47.735969
    -118.975638 47.735683
    -118.975612 47.735497
    -118.975617 47.73484
    -118.975627 47.733836
    -118.975613 47.733348
    -118.975606 47.732839
    -118.975606 47.732622
    -118.975607 47.732135
    -118.975609 47.731972
    -118.975612 47.731756
    -118.975615 47.731482
    -118.975611 47.731059
    -118.975608 47.73074
    -118.975613 47.73023
    -118.975608 47.729728
    -118.975613 47.729436
    -118.975618 47.728969
    -118.975619 47.728928
    -118.975613 47.728273
    -118.975612 47.728146
    -118.975609 47.727822
    -118.975598 47.727219
    -118.975593 47.726978
    -118.975655 47.726258
    -118.975654 47.726054
    -118.975653 47.725995
    -118.975663 47.725749
    -118.975693 47.723504
    -118.975767 47.723121
    -118.97578 47.723031
    -118.975814 47.722356
    -118.975805 47.721301
    -118.975793 47.720863
    -118.975792 47.720807
    -118.975792 47.720642
    -118.975792 47.720587
    -118.97579 47.720264
    -118.975785 47.719298
    -118.975784 47.719055
    -118.975782 47.718977
    -118.975763 47.718315
    -118.975768 47.717906
    -118.975776 47.717385
    -118.975778 47.71685
    -118.975788 47.716435
    -118.97581 47.716058
    -118.975828 47.715595
    -118.975836 47.715101
    -118.97585 47.714697
    -118.975853 47.714619
    -118.975861 47.714134
    -118.975847 47.713627
    -118.975865 47.712129
    -118.975867 47.711221
    -118.975879 47.710712
    -118.975907 47.709549
    -118.975897 47.708618
    -118.975878 47.707791
    -118.975866 47.705306
    -118.975894 47.70393
    -118.975913 47.70223
    -118.975923 47.70197
    -118.975951 47.701293
    -118.975949 47.700767
    -118.975965 47.699057
    -118.975961 47.698978
    -118.975952 47.698741
    -118.975949 47.698663
    -118.97598 47.69777
    -118.975989 47.696991
    -118.976026 47.693835
    -118.976045 47.693068
    -118.97605 47.691974
    -118.976051 47.691936
    -118.976069 47.690762
    -118.976085 47.690365
    -118.976084 47.690362
    -118.976083 47.69036
    -118.976092 47.690303
    -118.976091 47.690302
    -118.976227 47.689567
    -118.97611 47.688819
    -118.976139 47.685551
    -118.97617 47.684473
    -118.976174 47.684147
    -118.976177 47.684016
    -118.976179 47.684
    -118.976218 47.68354
    -118.976238 47.683006
    -118.976273 47.68014
    -118.976317 47.67768
    -118.976345 47.676921
    -118.976351 47.676182
    -118.97636 47.67584
    -118.976405 47.672297
    -118.976403 47.669536
    -118.976421 47.668934
    -118.97642 47.666825
    -118.976461 47.665322
    -118.976454 47.664613
    -118.976439 47.664168
    -118.976429 47.662674
    -118.976421 47.662588
    -118.976417 47.662326
    -118.976449 47.662042
    -118.976451 47.661443
    -118.976452 47.660759
    -118.976453 47.660675
    -118.97648 47.659033
    -118.976598 47.655011
    -118.976622 47.654217
    -118.976635 47.653422
    -118.976629 47.653205
    -118.976632 47.653096
    -118.976645 47.652637
    -118.976705 47.652143
    -118.976716 47.651847
    -118.976742 47.651221
    -118.976755 47.64984
    -118.976774 47.649113
    -118.976759 47.64809
    -118.976751 47.647446
    -118.976767 47.647153
    -118.97676 47.646839
    -118.976812 47.646363
    -118.976968 47.644935
    -118.97702 47.644459
    -118.977059 47.640312
    -118.977086 47.637539
    -118.977133 47.632816
    -118.977212 47.62487
    -118.977216 47.624786
    -118.977554 47.617798
    -118.977603 47.616788
    -118.977609 47.616666
    -118.97773 47.614143
    -118.977936 47.609876
    -118.977935 47.609826
    -118.977935 47.609679
    -118.977935 47.60963
    -118.977937 47.60733
    -118.977945 47.600627
    -118.977943 47.60043
    -118.977936 47.599684
    -118.977935 47.599579
    -118.977935 47.599524
    -118.977932 47.599215
    -118.977931 47.599044
    -118.977923 47.598131
    -118.977921 47.597918
    -118.977917 47.597399
    -118.977917 47.59728
    -118.977917 47.597068
    -118.977914 47.595434
    -118.977905 47.590532
    -118.977903 47.588899
    -118.977902 47.58831
    -118.977899 47.586544
    -118.977898 47.585956
    -118.977896 47.585338
    -118.977893 47.583835
    -118.977893 47.583486
    -118.977893 47.582869
    -118.977892 47.581745
    -118.977892 47.581657
    -118.9779 47.578022
    -118.977904 47.576811
    -118.977911 47.573845
    -118.977934 47.564947
    -118.977943 47.561982
    -118.977944 47.561227
    -118.97795 47.558964
    -118.977953 47.55821
    -118.977955 47.557431
    -118.97796 47.555094
    -118.977963 47.554316
    -118.977964 47.554063
    -118.977967 47.553366
    -118.977968 47.553304
    -118.977969 47.553304
    -118.977972 47.553052
    -118.977972 47.553004
    -118.977972 47.55286
    -118.977973 47.552813
    -118.977979 47.551825
    -118.978 47.54886
    -118.978007 47.547873
    -118.978006 47.547752
    -118.978003 47.547389
    -118.978003 47.547269
    -118.978004 47.54554
    -118.978009 47.540355
    -118.978011 47.53902
    -118.978011 47.538627
    -118.978013 47.536557
    -118.978016 47.534748
    -118.977962 47.530347
    -118.977938 47.528278
    -118.977905 47.527399
    -118.977806 47.524763
    -118.977773 47.523885
    -118.977772 47.523147
    -118.97776 47.522657
    -118.977764 47.522552
    -118.977764 47.5214
    -118.977769 47.521064
    -118.977804 47.519128
    -118.977812 47.51733
    -118.977809 47.51537
    -118.97777 47.512603
    -118.977741 47.51051
    -118.977717 47.509784
    -118.977712 47.509638
    -118.977697 47.509201
    -118.977693 47.509056
    -118.977692 47.509027
    -118.977684 47.508955
    -118.977674 47.508845
    -118.977658 47.508655
    -118.977651 47.508555
    -118.977662 47.508116
    -118.977672 47.507736
    -118.977666 47.506799
    -118.977665 47.506634
    -118.977655 47.506456
    -118.977654 47.506361
    -118.977653 47.506307
    -118.977651 47.506147
    -118.977651 47.506094
    -118.977635 47.50486
    -118.977623 47.503835
    -118.977602 47.502751
    -118.977615 47.50121
    -118.977613 47.501161
    -118.977587 47.500306
    -118.977576 47.499929
    -118.977575 47.499917
    -118.977574 47.499884
    -118.977574 47.499873
    -118.97755 47.497256
    -118.977532 47.495151
    -118.977622 47.489407
    -118.977663 47.486791
    -118.977662 47.48643
    -118.977677 47.48532
    -118.977678 47.484846
    -118.97768 47.484572
    -118.977693 47.483874
    -118.97769 47.483315
    -118.977701 47.482883
    -118.97769 47.481853
    -118.977698 47.48127
    -118.977691 47.479012
    -118.97769 47.478598
    -118.977679 47.477907
    -118.977698 47.477068
    -118.977685 47.476754
    -118.977649 47.475813
    -118.977637 47.4755
    -118.977619 47.475389
    -118.977629 47.474595
    -118.977639 47.473715
    -118.977705 47.468357
    -118.977727 47.466572
    -118.977756 47.46545
    -118.977845 47.462086
    -118.977875 47.460965
    -118.977933 47.4606
    -118.977948 47.460423
    -118.97796 47.460133
    -118.978016 47.458853
    -118.978029 47.458303
    -118.978046 47.45796
    -118.978052 47.457724
    -118.978062 47.457626
    -118.9781 47.457273
    -118.978123 47.456792
    -118.978173 47.455862
    -118.978203 47.455029
    -118.978224 47.454074
    -118.978226 47.453918
    -118.978237 47.453121
    -118.978236 47.451286
    -118.978265 47.445465
    -118.978268 47.445291
    -118.978283 47.444667
    -118.978285 47.442529
    -118.978287 47.442416
    -118.978309 47.44128
    -118.978375 47.437872
    -118.978398 47.436737
    -118.978425 47.43559
    -118.978444 47.433922
    -118.978472 47.431551
    -118.978494 47.430054
    -118.978535 47.42548
    -118.978545 47.424463
    -118.978573 47.422666
    -118.978613 47.421107
    -118.978736 47.416432
    -118.978777 47.414874
    -118.978772 47.414695
    -118.978757 47.414159
    -118.978752 47.413981
    -118.978708 47.412424
    -118.978622 47.409352
    -118.97859 47.408232
    -118.978572 47.407516
    -118.978538 47.40613
    -118.978519 47.405524
    -118.978487 47.404299
    -118.978488 47.404188
    -118.978566 47.397826
    -118.978596 47.395344
    -118.978687 47.387902
    -118.978718 47.385421
    -118.978724 47.384855
    -118.978745 47.383158
    -118.978752 47.382593
    -118.978764 47.382524
    -118.978774 47.382475
    -118.978776 47.382315
    -118.978777 47.382246
    -118.978778 47.382076
    -118.978785 47.381568
    -118.978788 47.381399
    -118.978795 47.380772
    -118.978798 47.380586
    -118.978863 47.378893
    -118.978888 47.378267
    -118.978899 47.377509
    -118.978934 47.375235
    -118.978941 47.374847
    -118.978952 47.374478
    -118.978957 47.374401
    -118.978955 47.373928
    -118.978965 47.373072
    -118.978974 47.372761
    -118.979 47.371922
    -118.979046 47.369898
    -118.979065 47.369375
    -118.979157 47.367613
    -118.979188 47.367028
    -118.979234 47.365898
    -118.979252 47.365496
    -118.979304 47.364348
    -118.979295 47.364291
    -118.979275 47.36417
    -118.979232 47.363894
    -118.97923 47.353767
    -118.979226 47.323389
    -118.979225 47.313263
    -118.979225 47.31307
    -118.979228 47.312491
    -118.979229 47.312299
    -118.979231 47.311816
    -118.979233 47.311534
    -118.979239 47.310367
    -118.979242 47.309885
    -118.97928 47.303167
    -118.979395 47.283015
    -118.979434 47.276298
    -118.97945 47.273411
    -118.9795 47.264753
    -118.979517 47.261867
    -118.979517 47.261835
    -118.979518 47.261742
    -118.979519 47.261712
    -118.979532 47.260573
    -118.979575 47.257159
    -118.97959 47.256021
    -118.979616 47.254246
    -118.979684 47.249862
    -118.979719 47.248929
    -118.97979 47.24716
    -118.979795 47.24577
    -118.979811 47.241601
    -118.979819 47.240215
    -118.979821 47.239836
    -118.979825 47.239151
    -118.97984 47.2372
    -118.979877 47.235967
    -118.979913 47.234909
    -118.979924 47.234493
    -118.979932 47.232879
    -118.979934 47.232567
    -118.979882 47.232516
    -118.980076 47.217972
    -118.980085 47.211275
    -118.980101 47.209729
    -118.98015 47.205094
    -118.980152 47.204953
    -118.980167 47.20355
    -118.980167 47.203511
    -118.980168 47.203397
    -118.980169 47.203359
    -118.98021 47.200205
    -118.980335 47.190746
    -118.980377 47.187593
    -118.980378 47.187431
    -118.980383 47.186948
    -118.980386 47.186788
    -118.980387 47.186568
    -118.980387 47.186538
    -118.980395 47.185789
    -118.980399 47.18554
    -118.980424 47.183268
    -118.980499 47.176454
    -118.980525 47.174183
    -118.980525 47.174171
    -118.980526 47.174124
    -118.980605 47.171254
    -118.980848 47.162475
    -118.98093 47.15955
    -118.980924 47.159228
    -118.980914 47.158268
    -118.980913 47.15795
    -118.980909 47.157652
    -118.9809 47.156814
    -118.980869 47.15356
    -118.98087 47.153408
    -118.980878 47.152273
    -118.980931 47.15081
    -118.981093 47.14642
    -118.981147 47.144958
    -118.981151 47.142176
    -118.981166 47.133833
    -118.981172 47.131052
    -118.981174 47.130912
    -118.98118 47.130708
    -118.981172 47.130497
    -118.98117 47.13036
    -118.981161 47.128885
    -118.981142 47.124461
    -118.981137 47.122987
    -118.981163 47.12154
    -118.981239 47.117366
    -118.981237 47.117204
    -118.98123 47.11576
    -118.98127 47.114372
    -118.981271 47.113192
    -118.981277 47.11079
    -118.9813 47.108576
    -118.981275 47.107572
    -118.981264 47.107394
    -118.981262 47.10711
    -118.981282 47.105911
    -118.981279 47.10549
    -118.981261 47.102924
    -118.981256 47.102206
    -118.981256 47.102103
    -118.981279 47.101578
    -118.981279 47.100621
    -118.981267 47.100055
    -118.981253 47.099338
    -118.981246 47.099016
    -118.981225 47.098053
    -118.981219 47.097732
    -118.981212 47.097416
    -118.981194 47.096471
    -118.981189 47.096157
    -118.981187 47.09611
    -118.981167 47.095932
    -118.98115 47.095667
    -118.981141 47.095403
    -118.981154 47.094382
    -118.981196 47.093989
    -118.981206 47.093893
    -118.981193 47.093692
    -118.981201 47.09311
    -118.981188 47.092264
    -118.98119 47.091824
    -118.981216 47.090207
    -118.981205 47.089665
    -118.981231 47.089048
    -118.981259 47.088441
    -118.981263 47.08762
    -118.98127 47.08728
    -118.981272 47.087213
    -118.981252 47.086611
    -118.981197 47.084805
    -118.981185 47.084392
    -118.981099 47.08421
    -118.981093 47.084164
    -118.981083 47.084037
    -118.981084 47.083997
    -118.981081 47.083749
    -118.98108 47.083011
    -118.98108 47.082768
    -118.981101 47.082407
    -118.981165 47.081329
    -118.981189 47.080971
    -118.981202 47.080847
    -118.981235 47.080529
    -118.981237 47.080516
    -118.981251 47.080349
    -118.98129 47.0796
    -118.981277 47.079199
    -118.981264 47.078756
    -118.981254 47.078304
    -118.98127 47.07809
    -118.981283 47.077936
    -118.981317 47.076515
    -118.981315 47.07609
    -118.981313 47.075551
    -118.981334 47.075426
    -118.981229 47.071936
    -118.981205 47.071133
    -118.981209 47.071062
    -118.981233 47.070653
    -118.981241 47.069845
    -118.981301 47.06825
    -118.981292 47.067864
    -118.981242 47.067054
    -118.98123 47.065795
    -118.981275 47.063316
    -118.98128 47.062014
    -118.981347 47.058501
    -118.98139 47.05733
    -118.98139 47.057325
    -118.981386 47.057295
    -118.981374 47.057206
    -118.98137 47.057177
    -118.981363 47.056798
    -118.981337 47.055472
    -118.981239 47.050366
    -118.981209 47.048665
    -118.981207 47.048522
    -118.981209 47.04822
    -118.981209 47.048097
    -118.98121 47.048088
    -118.981212 47.047957
    -118.981223 47.047839
    -118.981236 47.047721
    -118.981259 47.047509
    -118.9814 47.04617
    -118.981449 47.045725
    -118.981464 47.045443
    -118.981519 47.045206
    -118.981526 47.045106
    -118.981531 47.045046
    -118.98153 47.04471
    -118.981582 47.043794
    -118.981602 47.043232
    -118.981614 47.042932
    -118.981617 47.042607
    -118.981622 47.042556
    -118.981639 47.042406
    -118.981646 47.042357
    -118.98165 47.04229
    -118.981643 47.042218
    -118.981634 47.042083
    -118.981628 47.041807
    -118.981627 47.041671
    -118.981637 47.040872
    -118.981639 47.040684
    -118.98164 47.038477
    -118.981642 47.037679
    -118.98164 47.037614
    -118.981648 47.036521
    -118.981671 47.03305
    -118.981681 47.031893
    -118.98168 47.03181
    -118.98168 47.031799
    -118.98169 47.031517
    -118.981695 47.031423
    -118.981704 47.030755
    -118.98171 47.03035
    -118.981721 47.028754
    -118.981727 47.028087
    -118.981728 47.027686
    -118.981732 47.026484
    -118.981737 47.026085
    -118.981744 47.026085
    -118.981752 47.025424
    -118.981779 47.023446
    -118.981789 47.022786
    -118.98179 47.02274
    -118.981794 47.022302
    -118.981809 47.020849
    -118.981815 47.020365
    -118.981818 47.020138
    -118.981829 47.019457
    -118.981834 47.019231
    -118.98184 47.018845
    -118.98185 47.018075
    -118.9819 47.014734
    -118.981901 47.014613
    -118.98192 47.01346
    -118.981921 47.011948
    -118.981924 47.007417
    -118.981927 47.005908
    -118.981927 47.005816
    -118.981933 47.004693
    -118.981953 47.001627
    -118.981956 47.001049
    -118.981965 46.999836
    -118.981965 46.99964
    -118.981968 46.999053
    -118.981969 46.998858
    -118.98197 46.99884
    -118.981978 46.997528
    -118.982015 46.993545
    -118.982029 46.992219
    -118.982031 46.992165
    -118.982035 46.99159
    -118.982068 46.990524
    -118.98216 46.98395
    -118.982148 46.982887
    -118.98211 46.979679
    -118.982099 46.97861
    -118.982098 46.977953
    -118.982082 46.976819
    -118.982065 46.975472
    -118.982043 46.972822
    -118.982018 46.971451
    -118.982016 46.971298
    -118.982007 46.969958
    -118.982013 46.969662
    -118.982013 46.969632
    -118.982016 46.969545
    -118.982018 46.969516
    -118.982022 46.968917
    -118.98203 46.96807
    -118.98202 46.967867
    -118.981986 46.967121
    -118.981958 46.966524
    -118.981959 46.966423
    -118.981967 46.965638
    -118.981995 46.962979
    -118.982005 46.962094
    -118.982005 46.962055
    -118.982006 46.961955
    -118.982006 46.961938
    -118.982007 46.9619
    -118.982008 46.961845
    -118.982019 46.960842
    -118.982047 46.95843
    -118.982048 46.95843
    -118.982057 46.95767
    -118.982068 46.956766
    -118.98207 46.956615
    -118.982071 46.956608
    -118.98207 46.956584
    -118.982071 46.956491
    -118.982072 46.956461
    -118.982072 46.956412
    -118.982073 46.956317
    -118.982074 46.956317
    -118.982074 46.956267
    -118.982075 46.956221
    -118.982067 46.956114
    -118.982059 46.95599
    -118.982054 46.955867
    -118.982034 46.955606
    -118.982036 46.955342
    -118.982039 46.955078
    -118.982072 46.95216
    -118.982075 46.951972
    -118.982111 46.948865
    -118.982127 46.947495
    -118.982143 46.946125
    -118.982174 46.943408
    -118.982176 46.943308
    -118.982208 46.940502
    -118.982207 46.940491
    -118.982218 46.939534
    -118.982249 46.936664
    -118.982262 46.935709
    -118.982282 46.933876
    -118.982346 46.928381
    -118.982359 46.927269
    -118.982366 46.926649
    -118.982368 46.92655
    -118.982403 46.923509
    -118.982509 46.914385
    -118.982545 46.91135
    -118.982545 46.911346
    -118.982616 46.911344
    -118.982617 46.911344
    -118.982918 46.911345
    -118.98404 46.911351
    -118.984393 46.911353
    -118.984414 46.911354
    -118.985016 46.911353
    -118.986824 46.911351
    -118.987346 46.911351
    -118.987427 46.911351
    -118.988583 46.911347
    -118.992051 46.911334
    -118.993208 46.911331
    -118.99362 46.91133
    -118.994767 46.911335
    -118.999446 46.911357
    -119.001006 46.911365
    -119.00158 46.911372
    -119.003308 46.911393
    -119.00388 46.9114
    -119.003885 46.9114
    -119.005538 46.911393
    -119.010497 46.911373
    -119.012152 46.911367
    -119.018445 46.911358
    -119.032459 46.911362
    -119.036208 46.91136
    -119.039495 46.91138
    -119.04648 46.91143
    -119.064659 46.911686
    -119.064663 46.911685
    -119.06526 46.911693
    -119.067056 46.911723
    -119.067654 46.911733
    -119.067663 46.911735
    -119.067765 46.911734
    -119.068097 46.911733
    -119.068209 46.911733
    -119.070368 46.91175
    -119.071957 46.911763
    -119.076853 46.911776
    -119.07697 46.911777
    -119.079005 46.9118
    -119.079014 46.9118
    -119.079101 46.9118
    -119.079362 46.9118
    -119.079451 46.911801
    -119.082348 46.911813
    -119.087293 46.911836
    -119.091043 46.911861
    -119.093853 46.911881
    -119.093942 46.911884
    -119.094034 46.911883
    -119.094049 46.911884
    -119.094309 46.911888
    -119.094402 46.911889
    -119.09509 46.91189
    -119.095494 46.911894
    -119.098773 46.911928
    -119.099533 46.911937
    -119.099866 46.91194
    -119.100664 46.911944
    -119.103059 46.911956
    -119.103795 46.91196
    -119.10386 46.91196
    -119.10429 46.911963
    -119.1051 46.91197
    -119.108829 46.911998
    -119.110074 46.91201
    -119.110166 46.91201
    -119.110244 46.912011
    -119.110756 46.912024
    -119.110927 46.912029
    -119.111027 46.912028
    -119.11105 46.91203
    -119.111075 46.91203
    -119.111333 46.912031
    -119.111436 46.912033
    -119.111556 46.912034
    -119.111631 46.912036
    -119.11192 46.912037
    -119.112043 46.912039
    -119.112263 46.912038
    -119.113841 46.912049
    -119.119236 46.91209
    -119.121035 46.912104
    -119.121131 46.912096
    -119.121757 46.9121
    -119.123924 46.912117
    -119.12456 46.912123
    -119.124646 46.912133
    -119.126085 46.912145
    -119.130401 46.912181
    -119.131841 46.912193
    -119.132011 46.912195
    -119.132523 46.912204
    -119.132694 46.912207
    -119.132754 46.912206
    -119.132936 46.912209
    -119.133 46.912211
    -119.133251 46.91221
    -119.133395 46.912209
    -119.134587 46.912215
    -119.134927 46.912217
    -119.134985 46.912219
    -119.135191 46.912218
    -119.135813 46.912219
    -119.136021 46.91222
    -119.13607 46.91222
    -119.137432 46.912219
    -119.137531 46.912219
    -119.140648 46.912223
    -119.142061 46.912225
    -119.143571 46.912228
    -119.144849 46.912231
    -119.144949 46.912231
    -119.145728 46.912236
    -119.146959 46.912225
    -119.14819 46.912222
    -119.150829 46.912231
    -119.151367 46.912231
    -119.151451 46.912232
    -119.152933 46.912252
    -119.152993 46.912251
    -119.153308 46.912252
    -119.15349 46.91224
    -119.153535 46.912236
    -119.153664 46.912227
    -119.154332 46.912213
    -119.155491 46.91221
    -119.156169 46.91221
    -119.15779 46.912224
    -119.159775 46.91226
    -119.160019 46.912248
    -119.160272 46.912211
    -119.16042 46.91221
    -119.160569 46.912214
    -119.161357 46.912214
    -119.161408 46.912214
    -119.16191 46.912223
    -119.162057 46.912221
    -119.162172 46.912211
    -119.16238 46.912154
    -119.1625 46.912141
    -119.162631 46.912159
    -119.162771 46.912192
    -119.16297 46.912188
    -119.163188 46.912161
    -119.163285 46.912213
    -119.163411 46.912225
    -119.163789 46.912263
    -119.163806 46.912265
    -119.163916 46.912275
    -119.164016 46.912273
    -119.164315 46.912267
    -119.164415 46.912266
    -119.16636 46.912269
    -119.172197 46.912278
    -119.174143 46.912281
    -119.175593 46.912276
    -119.179944 46.912262
    -119.181287 46.912258
    -119.181395 46.912258
    -119.181884 46.912255
    -119.183352 46.912248
    -119.183842 46.912246
    -119.184104 46.912253
    -119.184313 46.912259
    -119.184784 46.912272
    -119.184893 46.912274
    -119.18497 46.912277
    -119.185156 46.912282
    -119.185489 46.912291
    -119.186732 46.912287
    -119.191461 46.912275
    -119.193038 46.912272
    -119.194912 46.912278
    -119.20054 46.912296
    -119.202416 46.912303
    -119.202701 46.912303
    -119.202955 46.912304
    -119.203494 46.912307
    -119.203559 46.912307
    -119.203669 46.912308
    -119.203846 46.912308
    -119.20626 46.912316
    -119.213503 46.91234
    -119.215918 46.912349
    -119.217159 46.912353
    -119.217808 46.912355
    -119.22348 46.912374
    -119.225287 46.91238
    -119.225371 46.912371
    -119.225429 46.912364
    -119.225523 46.912354
    -119.225603 46.912345
    -119.22565 46.91234
    -119.225662 46.91234
    -119.22671 46.912342
    -119.229855 46.912349
    -119.230904 46.912352
    -119.231279 46.912349
    -119.232205 46.912342
    -119.232768 46.912338
    -119.23296 46.912336
    -119.233153 46.912335
    -119.236107 46.912311
    -119.237207 46.912303
    -119.237409 46.912304
    -119.246668 46.912364
    -119.251128 46.912394
    -119.259184 46.912422
    -119.274446 46.912405
    -119.28092 46.912398
    -119.283706 46.912395
    -119.284156 46.912394
    -119.284294 46.912394
    -119.284432 46.912394
    -119.284509 46.912394
    -119.284717 46.912393
    -119.284988 46.912393
    -119.287753 46.91239
    -119.288766 46.912389
    -119.289113 46.912389
    -119.294066 46.912438
    -119.297556 46.912473
    -119.299362 46.912491
    -119.299505 46.912492
    -119.299648 46.912494
    -119.299787 46.912495
    -119.299927 46.912496
    -119.305911 46.912556
    -119.309969 46.912596
    -119.31527 46.91265
    -119.315385 46.912659
    -119.315767 46.912677
    -119.315781 46.912677
    -119.316026 46.912682
    -119.316512 46.912681
    -119.317972 46.912685
    -119.318429 46.912687
    -119.318459 46.912687
    -119.323561 46.912699
    -119.32373 46.9127
    -119.335556 46.912648
    -119.335716 46.912647
    -119.337581 46.912642
    -119.343179 46.912632
    -119.345046 46.912629
    -119.34507 46.91263
    -119.347148 46.91262
    -119.353452 46.912595
    -119.355517 46.912588
    -119.355555 46.912589
    -119.356954 46.912582
    -119.361156 46.912564
    -119.362456 46.912559
    -119.362557 46.91256
    -119.362594 46.912559
    -119.362708 46.912559
    -119.362748 46.91256
    -119.36393 46.91256
    -119.367479 46.912561
    -119.368662 46.912562
    -119.368669 46.912392
    -119.368668 46.912294
    -119.368664 46.911641
    -119.368654 46.911164
    -119.368647 46.91079
    -119.368659 46.909348
    -119.368757 46.90546
    -119.368762 46.904791
    -119.368789 46.902788
    -119.368799 46.902123
    -119.368765 46.901156
    -119.368669 46.898262
    -119.36864 46.8973
    -119.368654 46.89615
    -119.368701 46.892707
    -119.368719 46.891561
    -119.368722 46.89133
    -119.368722 46.891304
    -119.368734 46.890536
    -119.368739 46.890281
    -119.36874 46.89027
    -119.368759 46.889129
    -119.368825 46.885674
    -119.368846 46.884613
    -119.36885 46.884569
    -119.368847 46.884545
    -119.368849 46.884524
    -119.368849 46.884474
    -119.368849 46.884429
    -119.368851 46.884308
    -119.36886 46.884184
    -119.368883 46.882157
    -119.368883 46.882038
    -119.368905 46.877855
    -119.3689 46.875066
    -119.368897 46.873142
    -119.368921 46.872702
    -119.36893 46.87256
    -119.36893 46.872543
    -119.368962 46.872069
    -119.368975 46.871914
    -119.368983 46.87126
    -119.369011 46.8693
    -119.369021 46.868649
    -119.36902 46.868457
    -119.36902 46.868416
    -119.369019 46.868182
    -119.369018 46.867938
    -119.369017 46.867884
    -119.369016 46.867693
    -119.369016 46.867692
    -119.368982 46.86139
    -119.36888 46.842487
    -119.368862 46.839088
    -119.368848 46.836514
    -119.368846 46.836187
    -119.368838 46.834787
    -119.368876 46.832956
    -119.36908 46.823265
    -119.369086 46.823009
    -119.369148 46.820037
    -119.369149 46.820035
    -119.369161 46.819431
    -119.369199 46.817622
    -119.369212 46.817019
    -119.369242 46.815609
    -119.369274 46.814107
    -119.369332 46.811379
    -119.369363 46.809971
    -119.369365 46.809848
    -119.369367 46.809779
    -119.369362 46.809482
    -119.36936 46.80936
    -119.369335 46.807931
    -119.369262 46.803648
    -119.369238 46.80222
    -119.369229 46.801739
    -119.369205 46.800299
    -119.369197 46.799819
    -119.36918 46.79881
    -119.369129 46.795782
    -119.369125 46.795592
    -119.369112 46.794774
    -119.36909 46.793446
    -119.369091 46.793286
    -119.369129 46.788822
    -119.369142 46.787334
    -119.369336 46.763341
    -119.369335 46.763269
    -119.369334 46.763235
    -119.369334 46.763197
    -119.369333 46.763137
    -119.369334 46.763128
    -119.369333 46.763105
    -119.369241 46.751706
    -119.369378 46.737917
    -119.369387 46.737696
    -119.369366 46.732502
    -119.36936 46.731212
    -119.369277 46.711762
    -119.369277 46.711641
    -119.369264 46.705279
    -119.369215 46.701345
    -119.369071 46.689545
    -119.369024 46.685612
    -119.369015 46.68493
    -119.368991 46.682884
    -119.368984 46.682203
    -119.368978 46.681707
    -119.368961 46.68022
    -119.368956 46.679725
    -119.368939 46.678204
    -119.376132 46.677689
    -119.37729 46.677712
    -119.406957 46.678309
    -119.416847 46.678508
    -119.420196 46.678575
    -119.425681 46.678686
    -119.430244 46.678778
    -119.432395 46.678822
    -119.432504 46.678824
    -119.432801 46.67883
    -119.433594 46.678846
    -119.43596 46.678893
    -119.443058 46.679036
    -119.445425 46.679084
    -119.446148 46.679099
    -119.446872 46.679114
    -119.446983 46.679116
    -119.451063 46.679199
    -119.451661 46.679211
    -119.452142 46.679221
    -119.45322 46.679243
    -119.452657 46.679764
    -119.452094 46.680285
    -119.451474 46.680859
    -119.451282 46.681132
    -119.449506 46.683646
    -119.449609 46.684138
    -119.449812 46.68511
    -119.450014 46.686083
    -119.450124 46.686611
    -119.452449 46.689773
    -119.453889 46.690393
    -119.455935 46.691275
    -119.457418 46.691955
    -119.458064 46.692251
    -119.462308 46.69484
    -119.462799 46.695001
    -119.465657 46.695937
    -119.472104 46.702593
    -119.473785 46.704331
    -119.476954 46.706729
    -119.477731 46.707317
    -119.477982 46.707509
    -119.478234 46.707701
    -119.480759 46.709617
    -119.483162 46.712704
    -119.483804 46.713529
    -119.48504 46.715161
    -119.485365 46.715465
    -119.487484 46.71745
    -119.49209 46.719305
    -119.495667 46.721244
    -119.497689 46.722822
    -119.501137 46.724685
    -119.503847 46.72527
    -119.507512 46.7261
    -119.509833 46.726537
    -119.513615 46.727105
    -119.515653 46.727396
    -119.517266 46.726765
    -119.519147 46.725845
    -119.520513 46.725236
    -119.522328 46.723844
    -119.524803 46.721446
    -119.526342 46.72002
    -119.528109 46.718383
    -119.528905 46.717399
    -119.529774 46.716326
    -119.530642 46.715254
    -119.532892 46.712475
    -119.541712 46.704907
    -119.545576 46.702235
    -119.549224 46.699557
    -119.554257 46.695863
    -119.568573 46.682517
    -119.57556 46.675099
    -119.57682 46.673408
    -119.576911 46.673286
    -119.57806 46.672466
    -119.58186 46.669758
    -119.582484 46.669405
    -119.589712 46.66532
    -119.59533 46.661285
    -119.601048 46.657222
    -119.603207 46.655745
    -119.608048 46.653715
    -119.612373 46.651587
    -119.613167 46.651196
    -119.614831 46.650391
    -119.615124 46.650249
    -119.615418 46.650107
    -119.619194 46.648282
    -119.621486 46.647179
    -119.626139 46.644983
    -119.629754 46.644004
    -119.631444 46.64373
    -119.633939 46.643326
    -119.640264 46.642308
    -119.645221 46.641158
    -119.649601 46.640581
    -119.652166 46.640417
    -119.653401 46.640338
    -119.656741 46.640233
    -119.657884 46.640197
    -119.662863 46.640625
    -119.667611 46.642029
    -119.668513 46.642385
    -119.669983 46.642964
    -119.671452 46.643543
    -119.672026 46.64377
    -119.672601 46.643996
    -119.674572 46.644772
    -119.680058 46.64661
    -119.68319 46.647378
    -119.686461 46.647741
    -119.689668 46.648022
    -119.69398 46.648398
    -119.694915 46.648511
    -119.700281 46.649159
    -119.705449 46.649148
    -119.710174 46.648769
    -119.714016 46.648122
    -119.718201 46.647609
    -119.722812 46.646155
    -119.72805 46.644261
    -119.730701 46.643307
    -119.731762 46.642926
    -119.732824 46.642545
    -119.734357 46.641993
    -119.739985 46.639383
    -119.74508 46.637043
    -119.747173 46.63626
    -119.748433 46.635787
    -119.748965 46.635773
    -119.751096 46.635714
    -119.754286 46.635411
    -119.755366 46.635309
    -119.757603 46.635206
    -119.763732 46.635202
    -119.767705 46.63487
    -119.769418 46.634727
    -119.773255 46.634186
    -119.780061 46.63381
    -119.780865 46.633655
    -119.784945 46.63287
    -119.785489 46.632766
    -119.788056 46.632405
    -119.788698 46.632315
    -119.790531 46.632058
    -119.792853 46.631654
    -119.794019 46.631451
    -119.797361 46.630829
    -119.79746 46.630811
    -119.80048 46.630414
    -119.801581 46.63027
    -119.802763 46.630062
    -119.805602 46.629562
    -119.80664 46.629385
    -119.811174 46.628617
    -119.813894 46.628066
    -119.815339 46.627774
    -119.820082 46.626628
    -119.823726 46.626171
    -119.824398 46.626087
    -119.825049 46.625974
    -119.826117 46.625789
    -119.829291 46.625243
    -119.831223 46.625437
    -119.831565 46.625357
    -119.832557 46.62533
    -119.833738 46.625299
    -119.834049 46.625297
    -119.834994 46.625289
    -119.835361 46.625289
    -119.83567 46.62532
    -119.836583 46.625412
    -119.836998 46.625454
    -119.837576 46.625502
    -119.8379 46.625629
    -119.840173 46.625703
    -119.845075 46.625966
    -119.846879 46.626064
    -119.853392 46.626561
    -119.864807 46.62685
    -119.866554 46.627249
    -119.867583 46.627485
    -119.87031 46.627951
    -119.871876 46.628216
    -119.87275 46.628364
    -119.873625 46.628512
    -119.873711 46.628526
    -119.87397 46.62857
    -119.874057 46.628585
    -119.87484 46.628866
    -119.875105 46.628961
    -119.876153 46.629337
    -119.877094 46.629558
    -119.877225 46.629588
    -119.878036 46.629778
    -119.881548 46.630631
    -119.884293 46.63095
    -119.885305 46.631069
    -119.890411 46.631672
    -119.894768 46.632331
    -119.897432 46.633221
    -119.897582 46.633271
    -119.901483 46.635602
    -119.904046 46.638101
    -119.904344 46.638392
    -119.904643 46.638684
    -119.90516 46.639182
    -119.905324 46.63934
    -119.908609 46.642695
    -119.909884 46.644104
    -119.910017 46.64425
    -119.910149 46.644396
    -119.91021 46.644463
    -119.91027 46.64453
    -119.910396 46.644669
    -119.910662 46.644963
    -119.911054 46.645395
    -119.911503 46.645892
    -119.912419 46.646905
    -119.914489 46.649729
    -119.91465 46.650155
    -119.914718 46.650335
    -119.915115 46.651383
    -119.915338 46.652065
    -119.915449 46.652405
    -119.91556 46.652745
    -119.915808 46.653503
    -119.917301 46.655423
    -119.917696 46.655768
    -119.919827 46.65763
    -119.921537 46.658709
    -119.927027 46.661015
    -119.929403 46.662078
    -119.930461 46.662551
    -119.932482 46.663998
    -119.933088 46.664559
    -119.933824 46.665241
    -119.935331 46.666604
    -119.936743 46.667887
    -119.938555 46.669326
    -119.941229 46.671163
    -119.941653 46.671455
    -119.944218 46.673242
    -119.945497 46.674792
    -119.94644 46.675935
    -119.947862 46.678862
    -119.948034 46.679412
    -119.948446 46.680725
    -119.949012 46.682202
    -119.950885 46.684915
    -119.952064 46.686621
    -119.952206 46.686827
    -119.952477 46.68735
    -119.952933 46.68823
    -119.953592 46.689317
    -119.954152 46.69024
    -119.9553 46.691642
    -119.955311 46.691655
    -119.956197 46.69279
    -119.95639 46.693044
    -119.956748 46.693518
    -119.958614 46.696889
    -119.961117 46.70141
    -119.962982 46.704824
    -119.963789 46.706022
    -119.964906 46.707681
    -119.965444 46.708539
    -119.96618 46.709715
    -119.966917 46.71089
    -119.967419 46.711692
    -119.968559 46.713509
    -119.969285 46.714767
    -119.97082 46.717848
    -119.972775 46.721774
    -119.973156 46.722704
    -119.973375 46.723734
    -119.973363 46.724282
    -119.973363 46.724306
    -119.973445 46.728891
    -119.973369 46.730449
    -119.973231 46.733333
    -119.973187 46.734562
    -119.973127 46.736259
    -119.973017 46.737171
    -119.973006 46.737208
    -119.972976 46.737323
    -119.972966 46.737361
    -119.972698 46.738366
    -119.972431 46.73937
    -119.972106 46.74059
    -119.97152 46.742696
    -119.971418 46.743061
    -119.971317 46.743427
    -119.971301 46.743483
    -119.970921 46.745453
    -119.970654 46.747294
    -119.97074 46.748408
    -119.970852 46.749853
    -119.970908 46.750853
    -119.970858 46.751755
    -119.970854 46.751813
    -119.970798 46.752736
    -119.970421 46.753919
    -119.969975 46.754973
    -119.968866 46.756194
    -119.968708 46.756368
    -119.96855 46.756543
    -119.968231 46.756894
    -119.966371 46.758622
    -119.964372 46.760108
    -119.961822 46.761892
    -119.960067 46.76301
    -119.959742 46.763217
    -119.956434 46.764903
    -119.953524 46.766428
    -119.951139 46.767777
    -119.949885 46.768664
    -119.949619 46.768853
    -119.947841 46.770243
    -119.947687 46.770378
    -119.947663 46.770401
    -119.946285 46.771625
    -119.944622 46.7732
    -119.943054 46.774702
    -119.942093 46.775845
    -119.941331 46.776833
    -119.940546 46.777935
    -119.940238 46.778435
    -119.940157 46.778567
    -119.940076 46.778699
    -119.94004 46.77878
    -119.940004 46.77886
    -119.939324 46.780388
    -119.938607 46.781835
    -119.938222 46.782378
    -119.93822 46.782382
    -119.93665 46.784231
    -119.93367 46.788443
    -119.931077 46.792482
    -119.928847 46.795958
    -119.928612 46.796323
    -119.92786 46.797496
    -119.927723 46.797803
    -119.927436 46.798445
    -119.927309 46.79933
    -119.927089 46.800867
    -119.926846 46.802485
    -119.926707 46.803409
    -119.926023 46.808174
    -119.925917 46.808913
    -119.92572 46.8105
    -119.925605 46.811431
    -119.925629 46.811567
    -119.925892 46.813089
    -119.926231 46.814178
    -119.926336 46.814512
    -119.92644 46.814847
    -119.926585 46.815312
    -119.926673 46.815477
    -119.926715 46.815556
    -119.926757 46.815634
    -119.92679 46.815696
    -119.926823 46.815757
    -119.92696 46.816012
    -119.927096 46.816267
    -119.927537 46.817092
    -119.928721 46.818609
    -119.929316 46.819372
    -119.930296 46.820594
    -119.930576 46.820943
    -119.930856 46.821292
    -119.931061 46.821547
    -119.932294 46.823167
    -119.933632 46.824714
    -119.935717 46.826721
    -119.936807 46.827678
    -119.937837 46.828583
    -119.93908 46.829941
    -119.939408 46.830299
    -119.941691 46.83295
    -119.942388 46.833731
    -119.942455 46.833807
    -119.942581 46.833949
    -119.942708 46.83409
    -119.943042 46.834465
    -119.94402 46.835521
    -119.945462 46.836827
    -119.945896 46.837221
    -119.94839 46.839422
    -119.950407 46.841002
    -119.951345 46.841831
    -119.952295 46.84267
    -119.953972 46.844596
    -119.954439 46.845129
    -119.955568 46.846416
    -119.956005 46.846867
    -119.956826 46.847714
    -119.956984 46.847988
    -119.957105 46.848197
    -119.958281 46.849519
    -119.960882 46.852257
    -119.962747 46.854062
    -119.963786 46.855492
    -119.963812 46.855527
    -119.963876 46.855616
    -119.964585 46.857202
    -119.964606 46.857294
    -119.964943 46.858804
    -119.965091 46.860454
    -119.965087 46.861878
    -119.96498 46.863253
    -119.964978 46.863279
    -119.964956 46.863626
    -119.964882 46.864625
    -119.964892 46.865735
    -119.964913 46.867298
    -119.964953 46.868906
    -119.965106 46.870338
    -119.965128 46.870686
    -119.965173 46.871391
    -119.965292 46.87253
    -119.965497 46.874545
    -119.965669 46.877039
    -119.965668 46.877241
    -119.965658 46.877588
    -119.965655 46.877688
    -119.965647 46.877991
    -119.965645 46.878092
    -119.965644 46.878102
    -119.965643 46.878132
    -119.965643 46.878143
    -119.965637 46.878403
    -119.965528 46.880328
    -119.965489 46.881045
    -119.965609 46.882461
    -119.965617 46.884272
    -119.96564 46.886494
    -119.965685 46.887403
    -119.965789 46.888425
    -119.965793 46.888808
    -119.965798 46.889286
    -119.965758 46.889655
    -119.965682 46.890373
    -119.965518 46.891542
    -119.965318 46.892581
    -119.965292 46.892657
    -119.965102 46.893202
    -119.96514 46.893527
    -119.965244 46.894433
    -119.965169 46.895314
    -119.96516 46.895423
    -119.965149 46.896518
    -119.965097 46.897178
    -119.964945 46.899046
    -119.964526 46.904217
    -119.964447 46.905553
    -119.964408 46.906302
    -119.964197 46.907438
    -119.964145 46.909249
    -119.964145 46.910352
    -119.964159 46.911688
    -119.964116 46.913097
    -119.963453 46.916941
    -119.963375 46.917391
    -119.963207 46.918149
    -119.963193 46.91875
    -119.963191 46.918817
    -119.963221 46.919054
    -119.96337 46.920233
    -119.963417 46.921159
    -119.963567 46.922212
    -119.963814 46.923483
    -119.963877 46.923807
    -119.96391 46.923977
    -119.963975 46.924311
    -119.964241 46.925033
    -119.964293 46.925171
    -119.964408 46.925415
    -119.964781 46.926207
    -119.965016 46.926628
    -119.965103 46.926785
    -119.965123 46.926843
    -119.965166 46.926965
    -119.965208 46.927087
    -119.965235 46.927162
    -119.965261 46.927237
    -119.965333 46.927444
    -119.965411 46.928192
    -119.965423 46.929375
    -119.96506 46.930472
    -119.96468 46.931134
    -119.964592 46.931682
    -119.964462 46.932729
    -119.964281 46.933366
    -119.964129 46.933696
    -119.964121 46.934348
    -119.964122 46.934662
    -119.964122 46.934976
    -119.964303 46.935386
    -119.964387 46.935536
    -119.964625 46.935964
    -119.964909 46.936615
    -119.964986 46.936791
    -119.965159 46.937644
    -119.965103 46.937942
    -119.96502 46.938141
    -119.964932 46.938353
    -119.965043 46.938695
    -119.965138 46.938988
    -119.965331 46.939494
    -119.965501 46.940097
    -119.965588 46.940502
    -119.965698 46.941014
    -119.965602 46.94186
    -119.965603 46.941888
    -119.965633 46.942576
    -119.96575 46.943058
    -119.965804 46.943283
    -119.966033 46.943617
    -119.966061 46.943658
    -119.966158 46.943799
    -119.967097 46.944694
    -119.96728 46.944869
    -119.967666 46.945238
    -119.967765 46.945353
    -119.967912 46.945524
    -119.968058 46.945694
    -119.96839 46.94608
    -119.969521 46.947355
    -119.969613 46.947458
    -119.970475 46.948979
    -119.970701 46.949377
    -119.973542 46.954048
    -119.976115 46.957778
    -119.976257 46.95797
    -119.976496 46.958291
    -119.976972 46.958901
    -119.977866 46.960265
    -119.978391 46.961059
    -119.978842 46.961556
    -119.979623 46.962244
    -119.980121 46.962749
    -119.980468 46.963334
    -119.98269 46.965998
    -119.982821 46.966155
    -119.98607 46.970988
    -119.986617 46.971802
    -119.987103 46.972525
    -119.987366 46.972919
    -119.988057 46.973953
    -119.988927 46.97522
    -119.989714 46.976201
    -119.9902 46.976807
    -119.990526 46.977275
    -119.991121 46.978128
    -119.991822 46.979133
    -119.992858 46.98052
    -119.992932 46.980669
    -119.99305 46.980906
    -119.993208 46.981412
    -119.993287 46.981645
    -119.993367 46.98183
    -119.993446 46.982016
    -119.994153 46.982977
    -119.994283 46.983153
    -119.99449 46.983844
    -119.994541 46.983996
    -119.994757 46.984632
    -119.994914 46.985026
    -119.995462 46.985747
    -119.996305 46.986612
    -119.996705 46.986882
    -119.996837 46.986972
    -119.997158 46.987316
    -119.997353 46.988264
    -119.997784 46.989006
    -119.998025 46.989432
    -119.998179 46.989704
    -119.998796 46.990329
    -119.999225 46.990898
    -119.999917 46.991949
    -120.000311 46.992486
    -120.000435 46.992665
    -120.000872 46.993296
    -120.001122 46.993641
    -120.001164 46.993791
    -120.001164 46.994099
    -120.001425 46.994644
    -120.001658 46.99519
    -120.001837 46.995893
    -120.001859 46.995978
    -120.001933 46.996664
    -120.002143 46.99732
    -120.002465 46.999853
    -120.002365 46.999953
    -120.002365 47.000053
    -120.002365 47.000453
    -120.00244 47.000678
    -120.002449 47.000706
    -120.002465 47.000753
    -120.002465 47.001153
    -120.002402 47.001478
    -120.002365 47.001653
    -120.002265 47.002153
    -120.002165 47.002553
    -120.001998 47.002803
    -120.001965 47.002853
    -120.001865 47.003153
    -120.001822 47.003281
    -120.001665 47.003753
    -120.001565 47.004153
    -120.001465 47.004453
    -120.001365 47.004753
    -120.001365 47.005053
    -120.001365 47.005153
    -120.001265 47.005353
    -120.001265 47.005653
    -120.001265 47.006053
    -120.001265 47.006153
    -120.001265 47.006453
    -120.001265 47.006653
    -120.001265 47.006753
    -120.001265 47.007053
    -120.001365 47.007453
    -120.001365 47.008153
    -120.001565 47.008953
    -120.001665 47.009553
    -120.001865 47.010153
    -120.002265 47.010753
    -120.002415 47.010979
    -120.002465 47.011053
    -120.002865 47.011653
    -120.003565 47.012553
    -120.003765 47.012853
    -120.004088 47.013284
    -120.004365 47.013653
    -120.004665 47.014039
    -120.005065 47.014553
    -120.005306 47.015036
    -120.005565 47.015553
    -120.005765 47.016253
    -120.005765 47.016608
    -120.005765 47.016753
    -120.005865 47.017553
    -120.005865 47.018453
    -120.005865 47.018898
    -120.005865 47.019353
    -120.005865 47.01955
    -120.005865 47.020053
    -120.005865 47.021153
    -120.005965 47.021853
    -120.006065 47.022653
    -120.006098 47.022918
    -120.00614 47.02325
    -120.006165 47.023453
    -120.006265 47.024253
    -120.006265 47.024953
    -120.006365 47.025553
    -120.006565 47.026153
    -120.006665 47.026653
    -120.006865 47.027153
    -120.007165 47.027853
    -120.007213 47.028191
    -120.007265 47.028553
    -120.007265 47.029253
    -120.007196 47.029804
    -120.007165 47.030053
    -120.007165 47.030753
    -120.007065 47.031553
    -120.007065 47.032
    -120.007065 47.032453
    -120.007165 47.033053
    -120.007265 47.033653
    -120.007308 47.033738
    -120.007565 47.034253
    -120.007765 47.034853
    -120.008565 47.036153
    -120.008565 47.036253
    -120.008865 47.036553
    -120.008965 47.036853
    -120.009046 47.036961
    -120.009265 47.037253
    -120.009665 47.037653
    -120.010065 47.038153
    -120.010465 47.038553
    -120.011165 47.039353
    -120.012165 47.040053
    -120.012965 47.040753
    -120.013765 47.041353
    -120.014765 47.042053
    -120.015465 47.042553
    -120.015827 47.04277
    -120.016236 47.043015
    -120.016465 47.043153
    -120.016897 47.043523
    -120.017165 47.043753
    -120.017865 47.044253
    -120.018965 47.044953
    -120.019865 47.045653
    -120.019993 47.045743
    -120.02015 47.045853
    -120.020308 47.045963
    -120.020586 47.046158
    -120.020865 47.046353
    -120.021632 47.0468
    -120.022065 47.047053
    -120.023366 47.047853
    -120.023909 47.048187
    -120.024666 47.048653
    -120.025866 47.049553
    -120.026966 47.050253
    -120.028266 47.051153
    -120.028353 47.0512
    -120.029074 47.051594
    -120.029366 47.051753
    -120.030466 47.052453
    -120.031566 47.053253
    -120.032312 47.053786
    -120.032966 47.054253
    -120.033766 47.054953
    -120.034366 47.055553
    -120.035566 47.056653
    -120.036566 47.057753
    -120.037566 47.058853
    -120.038266 47.059853
    -120.038371 47.060003
    -120.038966 47.060853
    -120.039566 47.061953
    -120.040066 47.062953
    -120.040466 47.063953
    -120.040716 47.064453
    -120.04077 47.064561
    -120.040966 47.064953
    -120.041156 47.065371
    -120.041346 47.065789
    -120.041466 47.066053
    -120.041613 47.066421
    -120.041866 47.067053
    -120.042066 47.067853
    -120.042255 47.068799
    -120.042266 47.068853
    -120.042269 47.068882
    -120.042366 47.069653
    -120.042487 47.070199
    -120.042566 47.070553
    -120.042766 47.071553
    -120.042766 47.072553
    -120.042866 47.073453
    -120.042687 47.074435
    -120.042666 47.074553
    -120.042366 47.075453
    -120.042266 47.076253
    -120.042063 47.076859
    -120.041966 47.077153
    -120.041566 47.078253
    -120.041403 47.078659
    -120.041166 47.079253
    -120.040866 47.080153
    -120.040827 47.080259
    -120.040466 47.081253
    -120.040066 47.082153
    -120.040027 47.082222
    -120.039566 47.083053
    -120.039471 47.083242
    -120.039066 47.084053
    -120.038866 47.084453
    -120.038466 47.085153
    -120.037666 47.087453
    -120.037566 47.087453
    -120.037566 47.087553
    -120.037266 47.087953
    -120.037066 47.088353
    -120.036666 47.089053
    -120.036266 47.090053
    -120.035895 47.090719
    -120.035766 47.090953
    -120.035266 47.091953
    -120.034866 47.092553
    -120.034466 47.093553
    -120.034066 47.094253
    -120.034036 47.094299
    -120.033566 47.095053
    -120.033066 47.095853
    -120.032693 47.096505
    -120.032266 47.097253
    -120.031566 47.098253
    -120.031066 47.099353
    -120.03043 47.100305
    -120.030266 47.100553
    -120.029966 47.101053
    -120.029666 47.101353
    -120.029266 47.102153
    -120.028966 47.102753
    -120.028766 47.103453
    -120.028166 47.104353
    -120.027566 47.105253
    -120.026866 47.106053
    -120.026066 47.106853
    -120.025366 47.107253
    -120.024666 47.107553
    -120.023666 47.108053
    -120.023594 47.108088
    -120.022666 47.108553
    -120.021566 47.108953
    -120.020346 47.109567
    -120.020194 47.109649
    -120.020043 47.109731
    -120.019266 47.110153
    -120.018866 47.110353
    -120.017666 47.110753
    -120.016766 47.110953
    -120.015666 47.111122
    -120.015466 47.111153
    -120.013566 47.111453
    -120.011966 47.111853
    -120.011466 47.112253
    -120.010966 47.112853
    -120.010466 47.113353
    -120.010266 47.113553
    -120.010266 47.114053
    -120.010166 47.114553
    -120.009966 47.115153
    -120.009666 47.115753
    -120.009437 47.116135
    -120.009366 47.116253
    -120.009166 47.116653
    -120.009066 47.117253
    -120.008866 47.117653
    -120.008366 47.118353
    -120.008066 47.118853
    -120.007666 47.119253
    -120.007266 47.119653
    -120.007177 47.119787
    -120.007066 47.119953
    -120.006866 47.120253
    -120.006466 47.120753
    -120.00615 47.121005
    -120.005966 47.121153
    -120.005566 47.121653
    -120.005366 47.121853
    -120.005166 47.122153
    -120.004966 47.122453
    -120.004366 47.123153
    -120.004366 47.123253
    -120.004266 47.123453
    -120.003966 47.123853
    -120.003766 47.124053
    -120.003766 47.124153
    -120.003566 47.124353
    -120.003366 47.124653
    -120.003166 47.124753
    -120.003166 47.124853
    -120.003135 47.124853
    -120.003045 47.124853
    -120.003015 47.124853
    -120.002936 47.124943
    -120.002665 47.125253
    -120.002436 47.125595
    -120.002065 47.126153
    -120.001465 47.127553
    -120.001344 47.128177
    -120.001165 47.129103
    -120.000898 47.130501
    -120.000773 47.131201
    -120.000703 47.131595
    -120.000687 47.131825
    -120.000643 47.132377
    -120.000604 47.132873
    -120.000352 47.134289
    -120.00019 47.13479
    -120.00005 47.135222
    -119.999963 47.136734
    -120.000044 47.137195
    -120.00028 47.13855
    -120.000334 47.139796
    -120.000434 47.141009
    -120.000531 47.142194
    -120.000533 47.142222
    -120.000573 47.142705
    -120.000577 47.143622
    -120.00086 47.144705
    -120.000902 47.144867
    -120.001065 47.145477
    -120.001085 47.145567
    -120.001145 47.145839
    -120.001166 47.14593
    -120.002652 47.148508
    -120.002677 47.148551
    -120.004105 47.15099
    -120.005446 47.153012
    -120.007761 47.155394
    -120.009689 47.158547
    -120.009981 47.159438
    -120.010585 47.161275
    -120.010695 47.163627
    -120.011152 47.167447
    -120.011032 47.168671
    -120.01092 47.169805
    -120.010486 47.172266
    -120.009033 47.175026
    -120.007275 47.177688
    -120.005649 47.180085
    -120.004175 47.182661
    -120.003692 47.184381
    -120.003846 47.186934
    -120.004483 47.189628
    -120.005059 47.191516
    -120.005489 47.193782
    -120.005699 47.195716
    -120.005914 47.197343
    -120.005806 47.200982
    -120.00557 47.20272
    -120.004899 47.204302
    -120.004146 47.205301
    -120.004035 47.205446
    -120.003938 47.205576
    -120.003002 47.207527
    -120.002914 47.20791
    -120.002438 47.209987
    -120.002631 47.212267
    -120.003159 47.21426
    -120.003938 47.216036
    -120.005318 47.217978
    -120.007065 47.220053
    -120.006153 47.220509
    -120.005034 47.221044
    -120.004942 47.221088
    -120.004851 47.221132
    -120.004812 47.223904
    -120.004795 47.224472
    -120.004778 47.224968
    -120.004777 47.224994
    -120.004706 47.228347
    -120.004706 47.228364
    -120.004718 47.228357
    -120.004716 47.228381
    -120.00467 47.230349
    -120.004665 47.230553
    -120.004664 47.230582
    -120.004606 47.233087
    -120.004545 47.235729
    -120.004466 47.239153
    -120.004317 47.242703
    -120.004286 47.243418
    -120.004163 47.246368
    -120.004016 47.249853
    -120.003588 47.254463
    -120.003587 47.254474
    -120.003371 47.256801
    -120.003347 47.257058
    -120.002867 47.262253
    -120.004367 47.262353
    -120.004478 47.278327
    -120.004526 47.285194
    -120.004537 47.286848
    -120.004547 47.288304
    -120.004549 47.288581
    -120.004568 47.2914
    -120.004631 47.300498
    -120.004664 47.305281
    -120.004667 47.305663
    -120.004667 47.305812
    -120.004669 47.306215
    -120.00467 47.30651
    -120.004673 47.306551
    -120.00469 47.309046
    -120.004691 47.309249
    -120.004726 47.314187
    -120.004726 47.314232
    -120.004767 47.320052
    -120.001167 47.320202
    -119.983125 47.320458
    -119.983125 47.325011
    -119.983127 47.334676
    -119.974694 47.334791
    -119.974568 47.334793
    -119.972974 47.334814
    -119.972917 47.334815
    -119.964552 47.334928
    -119.964386 47.33493
    -119.961679 47.334966
    -119.961649 47.336018
    -119.961646 47.336126
    -119.961592 47.338166
    -119.961293 47.348859
    -119.94038 47.349458
    -119.940211 47.362973
    -119.940211 47.362991
    -119.940195 47.364359
    -119.918874 47.364475
    -119.918913 47.374854
    -119.91882 47.385296
    -119.91882 47.385382
    -119.918746 47.393499
    -119.897383 47.393495
    -119.897227 47.408083
    -119.896276 47.408092
    -119.895989 47.408094
    -119.891149 47.408135
    -119.889808 47.408147
    -119.888128 47.40807
    -119.888001 47.408057
    -119.87605 47.408349
    -119.876163 47.424633
    -119.876163 47.436749
    -119.875835 47.437352
    -119.842195 47.43785
    -119.841057 47.437867
    -119.830128 47.43803
    -119.829992 47.438032
    -119.800816 47.438464
    -119.800763 47.438465
    -119.799863 47.438477
    -119.799723 47.43848
    -119.774685 47.438851
    -119.77142 47.438899
    -119.771333 47.4389
    -119.771159 47.438905
    -119.769246 47.438929
    -119.768732 47.438938
    -119.768642 47.438947
    -119.767239 47.439087
    -119.764933 47.4391
    -119.763976 47.439098
    -119.760584 47.439068
    -119.752527 47.439217
    -119.747826 47.439222
    -119.747393 47.439222
    -119.747284 47.439222
    -119.745841 47.439224
    -119.743751 47.439345
    -119.743726 47.439343
    -119.742571 47.439237
    -119.742455 47.439228
    -119.737821 47.439381
    -119.737695 47.439385
    -119.73768 47.439385
    -119.73181 47.439359
    -119.726127 47.439436
    -119.704937 47.439847
    -119.69436 47.440001
    -119.694326 47.440003
    -119.694021 47.439987
    -119.693881 47.440013
    -119.683542 47.440092
    -119.676123 47.440218
    -119.672845 47.440247
    -119.662269 47.440378
    -119.658182 47.440425
    -119.655185 47.44046
    -119.648378 47.44054
    -119.640911 47.440628
    -119.640789 47.440618
    -119.640671 47.44062
    -119.626207 47.440842
    -119.625214 47.440851
    -119.598099 47.441105
    -119.598082 47.441106
    -119.58625 47.441166
    -119.585905 47.441169
    -119.582888 47.441186
    -119.567938 47.441229
    -119.567511 47.44123
    -119.56751 47.441255
    -119.560082 47.441275
    -119.559961 47.441272
    -119.557802 47.441305
END
END
