53029 Island County
1
    -122.425087 48.275259
    -122.420647 48.270738
    -122.413335 48.2624
    -122.409748 48.25789
    -122.407898 48.255563
    -122.405747 48.252177
    -122.40495 48.250922
    -122.404866 48.250728
    -122.404786 48.250543
    -122.404771 48.250504
    -122.404429 48.250031
    -122.404362 48.249901
    -122.404314 48.249782
    -122.402871 48.247635
    -122.402468 48.247336
    -122.401457 48.246777
    -122.401047 48.246328
    -122.400651 48.246178
    -122.400871 48.245909
    -122.400651 48.245385
    -122.400696 48.245225
    -122.400535 48.244577
    -122.400023 48.243355
    -122.399664 48.242896
    -122.399532 48.242582
    -122.398954 48.241864
    -122.398712 48.241684
    -122.395853 48.240447
    -122.395348 48.24019
    -122.394691 48.23988
    -122.394517 48.239754
    -122.393246 48.238839
    -122.392851 48.238555
    -122.392727 48.23839
    -122.392624 48.238146
    -122.392698 48.238056
    -122.392647 48.237273
    -122.39272 48.237183
    -122.392716 48.236673
    -122.392707 48.235563
    -122.39259 48.235019
    -122.392496 48.234396
    -122.393178 48.233508
    -122.39371 48.232593
    -122.393685 48.232465
    -122.394689 48.230425
    -122.394754 48.230199
    -122.394699 48.229813
    -122.394868 48.229786
    -122.394903 48.229781
    -122.395114 48.229286
    -122.39577 48.228035
    -122.396411 48.226463
    -122.397998 48.223847
    -122.398812 48.222593
    -122.399799 48.221077
    -122.401888 48.21743
    -122.403902 48.214508
    -122.405627 48.211884
    -122.407213 48.209846
    -122.409869 48.20655
    -122.411075 48.205076
    -122.411898 48.20407
    -122.412615 48.202819
    -122.41379 48.201003
    -122.414721 48.199271
    -122.415591 48.196593
    -122.416445 48.193389
    -122.41701 48.189956
    -122.417666 48.18592
    -122.417863 48.182662
    -122.41798 48.174183
    -122.417985 48.173834
    -122.417909 48.170622
    -122.417466 48.167738
    -122.416886 48.165396
    -122.416777 48.164461
    -122.416733 48.164084
    -122.416382 48.162771
    -122.41565 48.160093
    -122.414841 48.157248
    -122.414124 48.155142
    -122.412811 48.152334
    -122.411437 48.149763
    -122.409698 48.14691
    -122.407882 48.144041
    -122.40619 48.141739
    -122.405639 48.140989
    -122.403166 48.137594
    -122.400557 48.134741
    -122.395781 48.129385
    -122.390637 48.123616
    -122.387387 48.120305
    -122.385587 48.118238
    -122.384351 48.116773
    -122.382687 48.114736
    -122.380657 48.112065
    -122.37878 48.109937
    -122.377117 48.108151
    -122.375591 48.106931
    -122.373134 48.104955
    -122.369746 48.102513
    -122.365107 48.098638
    -122.363617 48.097088
    -122.363017 48.096463
    -122.360483 48.093495
    -122.358469 48.091306
    -122.35795 48.090482
    -122.356577 48.08875
    -122.354486 48.086118
    -122.352445 48.083394
    -122.352091 48.082921
    -122.350289 48.080312
    -122.348412 48.076558
    -122.346383 48.072575
    -122.345495 48.070196
    -122.345315 48.069714
    -122.343574 48.066036
    -122.342491 48.063305
    -122.341621 48.060162
    -122.341298 48.058999
    -122.340675 48.056759
    -122.340172 48.054295
    -122.339427 48.049785
    -122.339377 48.04948
    -122.339591 48.047688
    -122.339901 48.045571
    -122.340018 48.044773
    -122.340445 48.043018
    -122.340857 48.041714
    -122.343085 48.036533
    -122.3432 48.036305
    -122.344535 48.033665
    -122.346898 48.029378
    -122.34719 48.02885
    -122.349722 48.024661
    -122.350652 48.022403
    -122.351598 48.019404
    -122.352026 48.016238
    -122.352102 48.013377
    -122.35188 48.012621
    -122.351309 48.010676
    -122.349446 48.005809
    -122.347493 48.001765
    -122.345544 47.998813
    -122.344691 47.99752
    -122.340015 47.990436
    -122.338516 47.98825
    -122.337436 47.986674
    -122.334278 47.981723
    -122.332977 47.978802
    -122.332125 47.976886
    -122.331545 47.975779
    -122.330477 47.973224
    -122.329394 47.969691
    -122.328677 47.96622
    -122.328476 47.963916
    -122.328463 47.963763
    -122.328692 47.961903
    -122.329679 47.953936
    -122.330449 47.947717
    -122.330601 47.946955
    -122.331179 47.944069
    -122.333348 47.933217
    -122.333465 47.933007
    -122.335848 47.928717
    -122.343248 47.921317
    -122.347566 47.916227
    -122.348848 47.914717
    -122.349452 47.911843
    -122.35042 47.907235
    -122.351347 47.902817
    -122.35258 47.90072
    -122.353198 47.89967
    -122.35577 47.895297
    -122.356347 47.894317
    -122.357059 47.893622
    -122.358569 47.892151
    -122.366821 47.884106
    -122.370068 47.88141
    -122.376247 47.876281
    -122.376418 47.876161
    -122.378585 47.874885
    -122.378677 47.874817
    -122.390731 47.866611
    -122.39358 47.864666
    -122.398047 47.861617
    -122.398447 47.861317
    -122.412047 47.850617
    -122.422947 47.838518
    -122.429518 47.827611
    -122.432678 47.842037
    -122.433578 47.843624
    -122.435607 47.846203
    -122.438309 47.849346
    -122.44133 47.852467
    -122.444428 47.855503
    -122.464616 47.873006
    -122.466705 47.874817
    -122.466718 47.874831
    -122.466884 47.875052
    -122.466886 47.875059
    -122.467285 47.875413
    -122.468399 47.876136
    -122.46992 47.877438
    -122.470567 47.878105
    -122.47173 47.879351
    -122.472869 47.880492
    -122.473541 47.881513
    -122.47444 47.882671
    -122.475531 47.884142
    -122.476599 47.885508
    -122.47781 47.887068
    -122.478613 47.888177
    -122.479693 47.889705
    -122.480763 47.891619
    -122.48158 47.893067
    -122.482301 47.894603
    -122.483058 47.896509
    -122.48384 47.898367
    -122.48473 47.900426
    -122.485452 47.901995
    -122.485982 47.903596
    -122.48656 47.905365
    -122.487392 47.907537
    -122.488116 47.910554
    -122.488779 47.912469
    -122.488924 47.912836
    -122.489005 47.913043
    -122.489778 47.915003
    -122.490836 47.917069
    -122.492183 47.919562
    -122.493601 47.921757
    -122.494874 47.923349
    -122.496215 47.924701
    -122.496325 47.924811
    -122.498197 47.926499
    -122.499637 47.927937
    -122.501255 47.929017
    -122.501809 47.929713
    -122.503244 47.930448
    -122.504052 47.93091
    -122.505216 47.931577
    -122.507665 47.932599
    -122.51065 47.933669
    -122.514615 47.934695
    -122.517175 47.935506
    -122.517958 47.935754
    -122.522388 47.936956
    -122.526759 47.938116
    -122.535667 47.940284
    -122.537184 47.940851
    -122.544648 47.942717
    -122.551646 47.944303
    -122.557103 47.945491
    -122.564737 47.947612
    -122.569853 47.949517
    -122.577719 47.952522
    -122.581459 47.954417
    -122.582875 47.955135
    -122.58467 47.956134
    -122.587461 47.958071
    -122.588994 47.959173
    -122.590612 47.960336
    -122.593769 47.962781
    -122.593931 47.962907
    -122.598725 47.966365
    -122.601937 47.968871
    -122.605367 47.97181
    -122.60676 47.972953
    -122.60821 47.974141
    -122.612911 47.97796
    -122.615864 47.980789
    -122.618256 47.983306
    -122.621926 47.988071
    -122.626267 47.993204
    -122.626267 47.9933
    -122.626276 47.993315
    -122.629972 47.9998
    -122.629984 47.999806
    -122.630004 47.999815
    -122.630011 47.999832
    -122.63107 48.002406
    -122.631309 48.002943
    -122.632652 48.007191
    -122.634387 48.013514
    -122.636171 48.021859
    -122.638025 48.031857
    -122.638354 48.033994
    -122.638363 48.034051
    -122.638558 48.035317
    -122.63933 48.040315
    -122.640119 48.046082
    -122.640127 48.046164
    -122.640668 48.051874
    -122.641337 48.060115
    -122.641812 48.069137
    -122.641964 48.076515
    -122.642226 48.083185
    -122.642295 48.088011
    -122.642256 48.09377
    -122.642759 48.097266
    -122.643022 48.099127
    -122.644161 48.103186
    -122.644355 48.103879
    -122.646553 48.109872
    -122.648234 48.113804
    -122.650194 48.117421
    -122.651493 48.119306
    -122.652442 48.120683
    -122.654738 48.123018
    -122.656508 48.124817
    -122.657823 48.125897
    -122.65934 48.126877
    -122.660953 48.127719
    -122.662587 48.128303
    -122.665051 48.129031
    -122.668175 48.129717
    -122.671993 48.130281
    -122.67394 48.130495
    -122.67568 48.130668
    -122.679198 48.130967
    -122.682547 48.131121
    -122.685247 48.131196
    -122.688284 48.131374
    -122.691923 48.131656
    -122.692053 48.131671
    -122.695189 48.132044
    -122.697724 48.132529
    -122.700741 48.133367
    -122.701847 48.133767
    -122.703304 48.134416
    -122.704809 48.13525
    -122.706676 48.136292
    -122.708242 48.137287
    -122.70963 48.138157
    -122.70982 48.138283
    -122.711206 48.139204
    -122.713207 48.140576
    -122.714547 48.141529
    -122.715486 48.142197
    -122.717753 48.143858
    -122.719089 48.144794
    -122.719803 48.145294
    -122.722348 48.147276
    -122.723844 48.148431
    -122.725231 48.149434
    -122.726207 48.150108
    -122.730005 48.152523
    -122.734188 48.155064
    -122.73533 48.1557
    -122.738333 48.157372
    -122.744086 48.160444
    -122.746115 48.161528
    -122.748739 48.162816
    -122.751277 48.163959
    -122.751284 48.163963
    -122.75381 48.165235
    -122.756062 48.166709
    -122.756082 48.166722
    -122.756091 48.166728
    -122.756137 48.166758
    -122.756181 48.166787
    -122.756254 48.166835
    -122.757069 48.167369
    -122.757073 48.167371
    -122.757953 48.167954
    -122.75874 48.168473
    -122.759458 48.168947
    -122.759475 48.168958
    -122.759505 48.168978
    -122.759514 48.168984
    -122.761235 48.17012
    -122.763747 48.171775
    -122.765416 48.172875
    -122.766045 48.17329
    -122.776975 48.178818
    -122.792511 48.185989
    -122.793294 48.186351
    -122.797209 48.188302
    -122.79742 48.188407
    -122.818332 48.19883
    -122.820577 48.200284
    -122.831969 48.207665
    -122.852093 48.226462
    -122.862684 48.243658
    -122.862684 48.243685
    -122.862684 48.245199
    -122.862684 48.249565
    -122.862683 48.24982
    -122.862696 48.253959
    -122.862724 48.262689
    -122.862729 48.264483
    -122.862788 48.282312
    -122.862868 48.306629
    -122.863078 48.370361
    -122.862868 48.370419
    -122.858521 48.371074
    -122.855311 48.371382
    -122.849942 48.371475
    -122.845143 48.371326
    -122.844082 48.371273
    -122.836356 48.370891
    -122.825836 48.370207
    -122.814612 48.369369
    -122.800991 48.369038
    -122.791249 48.368977
    -122.786933 48.368942
    -122.78341 48.368915
    -122.775947 48.369464
    -122.771344 48.369882
    -122.767984 48.370636
    -122.767175 48.370817
    -122.76475 48.371362
    -122.763994 48.371532
    -122.763943 48.371549
    -122.7625 48.372204
    -122.758171 48.374169
    -122.756728 48.374824
    -122.755612 48.375536
    -122.752426 48.377574
    -122.752283 48.377697
    -122.751284 48.378564
    -122.749526 48.380252
    -122.74853 48.381445
    -122.747372 48.383078
    -122.746003 48.385012
    -122.744604 48.38733
    -122.742875 48.391443
    -122.741217 48.397151
    -122.740702 48.399595
    -122.740421 48.400933
    -122.739742 48.40551
    -122.738876 48.405614
    -122.727903 48.406573
    -122.716509 48.40757
    -122.692413 48.410035
    -122.691656 48.410113
    -122.680629 48.411582
    -122.679643 48.411713
    -122.676687 48.412107
    -122.676389 48.412147
    -122.675728 48.412353
    -122.675634 48.412377
    -122.675346 48.412412
    -122.674063 48.41247
    -122.672271 48.412551
    -122.670765 48.41262
    -122.669053 48.41259
    -122.6688 48.412586
    -122.667784 48.412568
    -122.667382 48.412566
    -122.667259 48.412533
    -122.66617 48.412273
    -122.665732 48.412144
    -122.665717 48.412139
    -122.664936 48.411909
    -122.663849 48.411388
    -122.662613 48.409668
    -122.662266 48.408709
    -122.662105 48.408262
    -122.661888 48.407324
    -122.661871 48.407211
    -122.661859 48.407128
    -122.661847 48.407047
    -122.661768 48.406925
    -122.660808 48.405958
    -122.660748 48.405928
    -122.65923 48.405179
    -122.656768 48.404658
    -122.656254 48.404665
    -122.656252 48.404665
    -122.655248 48.404678
    -122.654684 48.404759
    -122.653882 48.404876
    -122.653344 48.405061
    -122.6527 48.405282
    -122.652281 48.405426
    -122.651973 48.405518
    -122.650972 48.405818
    -122.649665 48.406097
    -122.648141 48.406333
    -122.648012 48.40634
    -122.647884 48.406347
    -122.64665 48.406414
    -122.646476 48.406424
    -122.644873 48.406394
    -122.644596 48.40634
    -122.64407 48.406239
    -122.643629 48.406154
    -122.643538 48.406137
    -122.64333 48.406097
    -122.643064 48.406046
    -122.643002 48.406032
    -122.641601 48.405963
    -122.641197 48.405992
    -122.640692 48.406028
    -122.640309 48.406056
    -122.63982 48.406162
    -122.639723 48.406183
    -122.639455 48.406241
    -122.639171 48.406304
    -122.638678 48.406503
    -122.638424 48.406607
    -122.637931 48.406809
    -122.637623 48.406933
    -122.636766 48.407282
    -122.636571 48.407361
    -122.635224 48.407916
    -122.635174 48.407937
    -122.634453 48.408306
    -122.63403 48.408524
    -122.633964 48.408569
    -122.633065 48.409184
    -122.632993 48.409212
    -122.631814 48.409681
    -122.630592 48.409896
    -122.629242 48.409892
    -122.628097 48.40985
    -122.627939 48.409835
    -122.627351 48.409779
    -122.627254 48.409746
    -122.626768 48.409581
    -122.626281 48.409415
    -122.624625 48.409086
    -122.623815 48.408973
    -122.622896 48.408997
    -122.6219 48.409137
    -122.621639 48.409174
    -122.620829 48.409368
    -122.619608 48.409666
    -122.617346 48.410448
    -122.614854 48.411327
    -122.612422 48.41231
    -122.610921 48.413068
    -122.609929 48.413504
    -122.609437 48.413651
    -122.608829 48.413834
    -122.607982 48.414003
    -122.606725 48.414124
    -122.606048 48.414092
    -122.60506 48.414175
    -122.604984 48.414181
    -122.604145 48.414314
    -122.603823 48.414366
    -122.602964 48.414608
    -122.601563 48.415286
    -122.600967 48.415575
    -122.600727 48.415682
    -122.599092 48.416413
    -122.598868 48.416497
    -122.597914 48.416856
    -122.597011 48.417195
    -122.594423 48.417775
    -122.593177 48.417855
    -122.592971 48.417838
    -122.591944 48.417758
    -122.590962 48.417573
    -122.589358 48.417354
    -122.588289 48.417109
    -122.58717 48.416853
    -122.586578 48.416586
    -122.585757 48.416118
    -122.585263 48.415529
    -122.584986 48.4149
    -122.584988 48.414118
    -122.585147 48.413295
    -122.585137 48.412634
    -122.584964 48.411897
    -122.584957 48.411867
    -122.584512 48.411141
    -122.584495 48.411121
    -122.583909 48.410431
    -122.582823 48.409616
    -122.58244 48.409377
    -122.581725 48.40893
    -122.580759 48.408414
    -122.580537 48.408299
    -122.579552 48.407792
    -122.578562 48.407267
    -122.57791 48.406783
    -122.577344 48.406033
    -122.576935 48.405048
    -122.576842 48.403935
    -122.576907 48.403541
    -122.577087 48.402468
    -122.577146 48.402293
    -122.577293 48.40186
    -122.57744 48.401427
    -122.577938 48.40041
    -122.578 48.400305
    -122.578715 48.399104
    -122.579285 48.397991
    -122.579578 48.397056
    -122.579578 48.396921
    -122.57958 48.396249
    -122.579442 48.395684
    -122.579352 48.395314
    -122.579156 48.395068
    -122.578871 48.394709
    -122.578513 48.3944
    -122.578207 48.394136
    -122.577712 48.39366
    -122.577682 48.393607
    -122.577411 48.393135
    -122.577368 48.392992
    -122.577196 48.392417
    -122.577185 48.391788
    -122.577087 48.39122
    -122.577054 48.39103
    -122.576803 48.390006
    -122.576657 48.389277
    -122.576564 48.388812
    -122.576338 48.387561
    -122.576124 48.38645
    -122.576075 48.38619
    -122.575706 48.384182
    -122.575485 48.38336
    -122.575311 48.382714
    -122.574771 48.381334
    -122.574374 48.380689
    -122.573976 48.380092
    -122.57347 48.379583
    -122.572711 48.379099
    -122.57189 48.378542
    -122.571264 48.377929
    -122.570891 48.37738
    -122.570591 48.376711
    -122.570532 48.375968
    -122.570546 48.375476
    -122.570607 48.375025
    -122.570595 48.374826
    -122.569928 48.373779
    -122.567853 48.372973
    -122.566663 48.372499
    -122.565714 48.372031
    -122.565325 48.371506
    -122.564269 48.37008
    -122.562856 48.369273
    -122.562723 48.369198
    -122.561459 48.368588
    -122.56087 48.367981
    -122.560761 48.367119
    -122.560689 48.366559
    -122.560659 48.366318
    -122.560685 48.365731
    -122.56003 48.365171
    -122.559975 48.365124
    -122.559614 48.364791
    -122.559515 48.364699
    -122.559218 48.364426
    -122.55912 48.364336
    -122.559007 48.364231
    -122.558127 48.362838
    -122.557568 48.361217
    -122.557525 48.361065
    -122.557469 48.360868
    -122.55699 48.359179
    -122.555706 48.356719
    -122.553916 48.354287
    -122.551876 48.352082
    -122.551044 48.35139
    -122.550005 48.350527
    -122.547865 48.349368
    -122.547807 48.349295
    -122.546646 48.347849
    -122.546251 48.34742
    -122.545919 48.347058
    -122.544927 48.345978
    -122.54303 48.34427
    -122.54077 48.342476
    -122.539874 48.341336
    -122.539607 48.340997
    -122.539563 48.340941
    -122.538332 48.339891
    -122.537389 48.339088
    -122.535926 48.338224
    -122.534084 48.336877
    -122.532088 48.335669
    -122.530188 48.334419
    -122.530121 48.334375
    -122.527265 48.332517
    -122.523676 48.330338
    -122.518691 48.327613
    -122.515991 48.325999
    -122.513894 48.324485
    -122.507875 48.320955
    -122.507869 48.320951
    -122.505511 48.319274
    -122.50496 48.318765
    -122.502588 48.316575
    -122.501273 48.315353
    -122.5011 48.315142
    -122.500977 48.314986
    -122.500241 48.314054
    -122.500132 48.313856
    -122.499944 48.313513
    -122.499916 48.313439
    -122.497239 48.311531
    -122.49412 48.309818
    -122.492241 48.308866
    -122.490301 48.307883
    -122.48057 48.303938
    -122.467795 48.300059
    -122.466991 48.299856
    -122.462055 48.298612
    -122.458331 48.297592
    -122.4581 48.297529
    -122.452816 48.29563
    -122.44197 48.289639
    -122.436519 48.285758
    -122.428475 48.278599
    -122.425087 48.275259
END
END
