53055 San Juan County
1
    -123.126302 48.734384
    -123.126254 48.734403
    -123.126112 48.734459
    -123.126065 48.734479
    -123.115446 48.737548
    -123.08359 48.746757
    -123.072972 48.749827
    -123.072455 48.750032
    -123.047806 48.756726
    -123.008865 48.767302
    -123.008632 48.805241
    -123.008472 48.831338
    -123.007037 48.830891
    -123.002733 48.829553
    -123.001299 48.829107
    -122.987379 48.824705
    -122.975421 48.820924
    -122.94562 48.811502
    -122.931701 48.807101
    -122.93135 48.80699
    -122.9303 48.806657
    -122.92995 48.806547
    -122.928162 48.805981
    -122.925966 48.805286
    -122.922798 48.804285
    -122.92101 48.80372
    -122.912067 48.800892
    -122.885239 48.792408
    -122.876297 48.789581
    -122.874762 48.789011
    -122.870341 48.787663
    -122.86411 48.785763
    -122.85238 48.782191
    -122.846393 48.780368
    -122.844679 48.779846
    -122.83194 48.775734
    -122.822332 48.772633
    -122.803366 48.766712
    -122.79187 48.762982
    -122.788685 48.761581
    -122.786516 48.760627
    -122.785833 48.760327
    -122.781378 48.757079
    -122.77769 48.7535
    -122.776849 48.75237
    -122.774956 48.749828
    -122.77332 48.747029
    -122.772753 48.746009
    -122.770938 48.742738
    -122.769177 48.740238
    -122.766662 48.737837
    -122.756955 48.730028
    -122.753157 48.726972
    -122.75187 48.725755
    -122.751294 48.725023
    -122.751122 48.724825
    -122.750606 48.724231
    -122.750435 48.724034
    -122.747535 48.72038
    -122.746252 48.718616
    -122.746195 48.718531
    -122.744984 48.716723
    -122.743523 48.714031
    -122.741597 48.710129
    -122.74066 48.70881
    -122.740115 48.707993
    -122.73781 48.705674
    -122.734681 48.704035
    -122.732974 48.703316
    -122.72858 48.701465
    -122.726554 48.700662
    -122.725745 48.700122
    -122.724369 48.699205
    -122.723392 48.698408
    -122.722896 48.698003
    -122.722695 48.69774
    -122.721947 48.696757
    -122.720456 48.694467
    -122.718871 48.690655
    -122.717576 48.687578
    -122.717542 48.687512
    -122.714453 48.681485
    -122.708268 48.672856
    -122.704582 48.66853
    -122.702121 48.666322
    -122.700291 48.664852
    -122.698466 48.66376
    -122.697275 48.663155
    -122.696425 48.662537
    -122.695449 48.661702
    -122.69523 48.661514
    -122.694246 48.660138
    -122.693673 48.658942
    -122.693476 48.657725
    -122.693995 48.655143
    -122.69582 48.652837
    -122.696885 48.651938
    -122.698812 48.650288
    -122.70427 48.646928
    -122.707108 48.645532
    -122.707204 48.645413
    -122.707502 48.6453
    -122.711013 48.643974
    -122.713049 48.643401
    -122.716131 48.642585
    -122.718944 48.641944
    -122.72019 48.641437
    -122.722626 48.640141
    -122.723213 48.639863
    -122.724259 48.63896
    -122.725755 48.637287
    -122.727874 48.635329
    -122.730099 48.633629
    -122.733885 48.631319
    -122.736991 48.629825
    -122.739565 48.628868
    -122.740565 48.628386
    -122.742499 48.627454
    -122.745399 48.625847
    -122.746689 48.624826
    -122.746721 48.624801
    -122.746935 48.624801
    -122.747508 48.624318
    -122.751289 48.621934
    -122.756792 48.61849
    -122.757751 48.617625
    -122.76389 48.61209
    -122.767119 48.606639
    -122.768353 48.60044
    -122.768652 48.59803
    -122.768683 48.597788
    -122.768447 48.593699
    -122.767452 48.590403
    -122.767037 48.589015
    -122.764995 48.584544
    -122.763486 48.58124
    -122.759625 48.574507
    -122.755246 48.568178
    -122.75278 48.564613
    -122.751568 48.563501
    -122.751288 48.563239
    -122.749449 48.561762
    -122.748286 48.560655
    -122.748001 48.560384
    -122.747556 48.559747
    -122.747424 48.559305
    -122.746751 48.557959
    -122.74661 48.556816
    -122.746773 48.555109
    -122.747301 48.553137
    -122.74926 48.54983
    -122.751252 48.546469
    -122.751287 48.546425
    -122.75284 48.544489
    -122.753172 48.543982
    -122.754623 48.541769
    -122.755759 48.53869
    -122.755919 48.537299
    -122.755822 48.535366
    -122.755806 48.535046
    -122.755619 48.534104
    -122.755063 48.532868
    -122.754797 48.532504
    -122.754236 48.531739
    -122.754133 48.531598
    -122.752806 48.530275
    -122.752114 48.52988
    -122.751291 48.529411
    -122.751245 48.529385
    -122.750215 48.528847
    -122.748869 48.528145
    -122.747831 48.527428
    -122.747128 48.52693
    -122.746138 48.526229
    -122.746069 48.526012
    -122.745862 48.525364
    -122.745793 48.525148
    -122.745767 48.525067
    -122.74281 48.52169
    -122.740539 48.519095
    -122.735877 48.510725
    -122.735694 48.510061
    -122.735197 48.508253
    -122.734947 48.505567
    -122.734918 48.50525
    -122.735178 48.503841
    -122.735522 48.502384
    -122.736162 48.501196
    -122.736903 48.499824
    -122.737593 48.49864
    -122.738374 48.497397
    -122.739618 48.4959
    -122.741421 48.494181
    -122.742832 48.492822
    -122.745354 48.491202
    -122.746542 48.490441
    -122.748663 48.489185
    -122.749243 48.488755
    -122.74964 48.488422
    -122.750144 48.488
    -122.750872 48.487476
    -122.75124 48.487212
    -122.751288 48.487168
    -122.752663 48.485893
    -122.753098 48.485491
    -122.754928 48.483937
    -122.756525 48.482485
    -122.756851 48.482139
    -122.75814 48.480777
    -122.758331 48.480554
    -122.759103 48.479562
    -122.760057 48.47834
    -122.761284 48.476288
    -122.761818 48.474792
    -122.762253 48.473574
    -122.76229 48.470928
    -122.761421 48.467483
    -122.760231 48.463864
    -122.757402 48.457998
    -122.756271 48.455306
    -122.756045 48.454853
    -122.754181 48.451113
    -122.752799 48.448562
    -122.752487 48.447987
    -122.752208 48.44747
    -122.751586 48.446245
    -122.75129 48.445663
    -122.751285 48.445627
    -122.749762 48.442871
    -122.748528 48.440761
    -122.747953 48.439778
    -122.745179 48.434462
    -122.743648 48.431348
    -122.741757 48.426602
    -122.741365 48.425497
    -122.740119 48.42198
    -122.739688 48.420133
    -122.739284 48.418403
    -122.73918 48.417237
    -122.738896 48.414033
    -122.739378 48.408432
    -122.739474 48.407324
    -122.739742 48.40551
    -122.740421 48.400933
    -122.740702 48.399595
    -122.741217 48.397151
    -122.742875 48.391443
    -122.744604 48.38733
    -122.746003 48.385012
    -122.747372 48.383078
    -122.74853 48.381445
    -122.749526 48.380252
    -122.751284 48.378564
    -122.752283 48.377697
    -122.752426 48.377574
    -122.755612 48.375536
    -122.756728 48.374824
    -122.758171 48.374169
    -122.7625 48.372204
    -122.763943 48.371549
    -122.763994 48.371532
    -122.76475 48.371362
    -122.767175 48.370817
    -122.767984 48.370636
    -122.771344 48.369882
    -122.775947 48.369464
    -122.78341 48.368915
    -122.786933 48.368942
    -122.791249 48.368977
    -122.800991 48.369038
    -122.814612 48.369369
    -122.825836 48.370207
    -122.836356 48.370891
    -122.844082 48.371273
    -122.845143 48.371326
    -122.849942 48.371475
    -122.855311 48.371382
    -122.858521 48.371074
    -122.862868 48.370419
    -122.863078 48.370361
    -122.866332 48.369466
    -122.870852 48.368425
    -122.87524 48.367314
    -122.876287 48.367089
    -122.877585 48.366743
    -122.940387 48.352446
    -122.952386 48.349706
    -122.952397 48.349703
    -122.95243 48.349695
    -122.952442 48.349693
    -122.962211 48.347698
    -122.991517 48.341713
    -123.001287 48.339719
    -123.001287 48.339738
    -123.001287 48.339794
    -123.001287 48.339814
    -123.036008 48.331986
    -123.060356 48.326497
    -123.0799 48.322091
    -123.084267 48.321105
    -123.09737 48.318151
    -123.101738 48.317167
    -123.116929 48.313742
    -123.12629 48.311632
    -123.162527 48.303565
    -123.177728 48.300182
    -123.185943 48.298352
    -123.210591 48.292866
    -123.218807 48.291038
    -123.224789 48.289706
    -123.242739 48.28571
    -123.248722 48.284379
    -123.248784 48.284364
    -123.248971 48.284323
    -123.249034 48.28431
    -123.231539 48.302411
    -123.179054 48.356717
    -123.16156 48.374819
    -123.161607 48.374819
    -123.161679 48.374819
    -123.161748 48.374819
    -123.161796 48.374819
    -123.154695 48.382193
    -123.133392 48.404316
    -123.126292 48.411691
    -123.124167 48.413917
    -123.117796 48.420595
    -123.115673 48.422822
    -123.115644 48.422852
    -123.115557 48.422943
    -123.115529 48.422974
    -123.117149 48.424089
    -123.122009 48.427435
    -123.12363 48.428551
    -123.124162 48.428917
    -123.125759 48.430017
    -123.126292 48.430384
    -123.133099 48.435023
    -123.153521 48.44894
    -123.160329 48.45358
    -123.160797 48.453899
    -123.166036 48.462492
    -123.182639 48.489723
    -123.188174 48.4988
    -123.188298 48.499003
    -123.18867 48.499615
    -123.188795 48.499819
    -123.188762 48.499819
    -123.188664 48.499819
    -123.188632 48.499819
    -123.195995 48.51167
    -123.218085 48.547225
    -123.219078 48.548822
    -123.222983 48.560246
    -123.227691 48.574023
    -123.229585 48.579565
    -123.241816 48.615354
    -123.245051 48.62482
    -123.246873 48.628997
    -123.247029 48.629439
    -123.247498 48.630765
    -123.247655 48.631207
    -123.248384 48.633269
    -123.250573 48.639457
    -123.251303 48.64152
    -123.256958 48.654334
    -123.273924 48.692777
    -123.274009 48.692969
    -123.260609 48.696257
    -123.257475 48.697026
    -123.251304 48.698856
    -123.126302 48.734384
END
END
