53067 Thurston County
1
    -123.159946 46.8955
    -123.159727 46.909677
    -123.159678 46.912859
    -123.159658 46.914188
    -123.159647 46.914912
    -123.159609 46.917339
    -123.159538 46.922067
    -123.159538 46.922249
    -123.159463 46.927244
    -123.159373 46.93277
    -123.159316 46.936545
    -123.159283 46.93868
    -123.159279 46.938982
    -123.159183 46.944696
    -123.159155 46.947103
    -123.159058 46.953346
    -123.159057 46.953412
    -123.158955 46.96016
    -123.158842 46.967521
    -123.158786 46.971201
    -123.1587 46.976879
    -123.158648 46.980281
    -123.158511 46.989208
    -123.158466 46.992179
    -123.15843 46.994525
    -123.158437 46.995868
    -123.158439 46.996237
    -123.159733 46.996345
    -123.162139 46.996558
    -123.166141 46.996911
    -123.167717 46.997056
    -123.169885 46.997057
    -123.187694 46.997023
    -123.189523 46.997013
    -123.201246 46.996938
    -123.201243 46.997331
    -123.201227 46.999818
    -123.201208 47.000926
    -123.201059 47.010464
    -123.201058 47.010464
    -123.200754 47.011756
    -123.200041 47.014792
    -123.200054 47.015638
    -123.200101 47.017275
    -123.199587 47.025154
    -123.200687 47.034606
    -123.200706 47.034773
    -123.201206 47.039146
    -123.201188 47.039855
    -123.200935 47.049854
    -123.200908 47.050919
    -123.20089 47.0516
    -123.200888 47.051695
    -123.200849 47.05339
    -123.200892 47.05472
    -123.200897 47.055328
    -123.200957 47.056622
    -123.200973 47.056978
    -123.201006 47.057795
    -123.201015 47.05801
    -123.201133 47.060897
    -123.201332 47.066137
    -123.201408 47.068102
    -123.201493 47.070266
    -123.201504 47.070536
    -123.201622 47.073547
    -123.202066 47.084895
    -123.197395 47.084903
    -123.183384 47.084928
    -123.178714 47.084937
    -123.174117 47.084945
    -123.160327 47.08497
    -123.155731 47.084979
    -123.153121 47.084973
    -123.145292 47.084958
    -123.142683 47.084953
    -123.136871 47.084981
    -123.12626 47.085033
    -123.119439 47.084892
    -123.113629 47.084773
    -123.112559 47.084765
    -123.10935 47.084742
    -123.108281 47.084735
    -123.106568 47.084723
    -123.10143 47.084687
    -123.099718 47.084675
    -123.097689 47.08466
    -123.091605 47.084618
    -123.089577 47.084604
    -123.088404 47.084595
    -123.084889 47.084571
    -123.083717 47.084563
    -123.083621 47.084562
    -123.083335 47.08456
    -123.08324 47.08456
    -123.082851 47.084557
    -123.082101 47.084552
    -123.078685 47.084528
    -123.077547 47.084521
    -123.07652 47.084514
    -123.075104 47.084503
    -123.075101 47.084503
    -123.075093 47.084949
    -123.075022 47.089382
    -123.075006 47.090655
    -123.075003 47.090838
    -123.074991 47.091534
    -123.074896 47.09748
    -123.07489 47.097712
    -123.074883 47.098061
    -123.074879 47.098411
    -123.074877 47.098645
    -123.074875 47.098708
    -123.07487 47.0989
    -123.074869 47.098964
    -123.074772 47.105219
    -123.069852 47.108656
    -123.067949 47.10983
    -123.063707 47.112449
    -123.059352 47.114267
    -123.055596 47.115281
    -123.049041 47.115638
    -123.044659 47.115496
    -123.040868 47.11505
    -123.039037 47.114835
    -123.036262 47.114235
    -123.032187 47.114651
    -123.02688 47.115728
    -123.02605 47.11613
    -123.021824 47.11818
    -123.017383 47.121161
    -123.015308 47.124039
    -123.014861 47.124818
    -123.014625 47.125686
    -123.014191 47.126382
    -123.014079 47.126574
    -123.013829 47.127007
    -123.013634 47.127472
    -123.013297 47.128024
    -123.012927 47.128399
    -123.01253 47.129055
    -123.012347 47.129504
    -123.012211 47.129962
    -123.012169 47.130379
    -123.012198 47.130806
    -123.011873 47.131825
    -123.011779 47.132121
    -123.011548 47.133527
    -123.011545 47.133734
    -123.011541 47.133936
    -123.011532 47.134545
    -123.011529 47.134749
    -123.011528 47.134845
    -123.011472 47.137072
    -123.011469 47.137469
    -123.011464 47.138414
    -123.011253 47.14076
    -123.011017 47.142439
    -123.010676 47.144028
    -123.010233 47.145319
    -123.010175 47.145485
    -123.009889 47.146322
    -123.009312 47.14717
    -123.008869 47.147729
    -123.008805 47.147803
    -123.008461 47.148202
    -123.008271 47.148424
    -123.007186 47.149121
    -123.006743 47.149406
    -123.005646 47.150361
    -123.002355 47.15323
    -123.001258 47.154186
    -122.993418 47.156391
    -122.9927 47.156521
    -122.991938 47.156681
    -122.991701 47.156763
    -122.990045 47.157345
    -122.987802 47.158352
    -122.987337 47.15846
    -122.98263 47.159557
    -122.981638 47.159634
    -122.981119 47.159664
    -122.980554 47.159595
    -122.980188 47.159519
    -122.979944 47.159466
    -122.978967 47.158932
    -122.978326 47.158528
    -122.977853 47.158193
    -122.977425 47.158025
    -122.97709 47.157956
    -122.976693 47.157941
    -122.976159 47.158132
    -122.970559 47.159909
    -122.970239 47.160131
    -122.969949 47.160436
    -122.969766 47.160779
    -122.969582 47.161092
    -122.969338 47.161321
    -122.969094 47.161458
    -122.968758 47.161519
    -122.965081 47.16229
    -122.963662 47.162778
    -122.962548 47.163144
    -122.961709 47.163594
    -122.960931 47.164113
    -122.959587 47.165158
    -122.958809 47.165966
    -122.957985 47.166691
    -122.957512 47.16708
    -122.956642 47.167454
    -122.955864 47.16798
    -122.95536 47.168407
    -122.954643 47.168713
    -122.953483 47.169628
    -122.953193 47.169987
    -122.951896 47.171444
    -122.950859 47.172543
    -122.950065 47.173283
    -122.949531 47.173603
    -122.949348 47.173756
    -122.949303 47.173851
    -122.949089 47.17432
    -122.947868 47.178082
    -122.947624 47.179516
    -122.947456 47.180325
    -122.947624 47.181423
    -122.947716 47.182232
    -122.947777 47.183048
    -122.947883 47.183765
    -122.947777 47.184292
    -122.947624 47.185062
    -122.947349 47.18552
    -122.946983 47.186062
    -122.946388 47.186619
    -122.945605 47.187317
    -122.944374 47.188108
    -122.943439 47.188711
    -122.941579 47.189426
    -122.940335 47.189743
    -122.939887 47.189858
    -122.938919 47.190111
    -122.938669 47.190176
    -122.938304 47.190189
    -122.936716 47.190246
    -122.936554 47.190019
    -122.936194 47.189512
    -122.936116 47.189096
    -122.936002 47.188479
    -122.935967 47.18784
    -122.935944 47.187419
    -122.935931 47.187398
    -122.935892 47.187337
    -122.93588 47.187317
    -122.935872 47.187298
    -122.935851 47.187241
    -122.935844 47.187223
    -122.93582 47.187161
    -122.935767 47.187023
    -122.935757 47.186975
    -122.935745 47.186911
    -122.935706 47.186718
    -122.935675 47.186344
    -122.935706 47.186077
    -122.93592 47.185535
    -122.936896 47.183979
    -122.936972 47.183666
    -122.936957 47.183582
    -122.936759 47.183178
    -122.936499 47.182827
    -122.936179 47.182835
    -122.935614 47.182743
    -122.935444 47.182698
    -122.935065 47.182598
    -122.934668 47.182339
    -122.934378 47.182079
    -122.934165 47.181751
    -122.934012 47.181309
    -122.933844 47.180988
    -122.933524 47.180683
    -122.932853 47.180202
    -122.932502 47.179996
    -122.932273 47.179775
    -122.932013 47.179539
    -122.931678 47.179447
    -122.931235 47.179409
    -122.931052 47.179409
    -122.930884 47.179584
    -122.930671 47.179798
    -122.930381 47.179897
    -122.929953 47.179966
    -122.928672 47.180058
    -122.928351 47.180096
    -122.927939 47.180027
    -122.927573 47.180027
    -122.92594 47.180317
    -122.923178 47.180989
    -122.922094 47.181165
    -122.921453 47.181233
    -122.920843 47.181165
    -122.920355 47.180989
    -122.920339 47.180981
    -122.919866 47.180745
    -122.919622 47.180356
    -122.919393 47.179868
    -122.919195 47.179013
    -122.919012 47.177915
    -122.918936 47.17764
    -122.918783 47.177426
    -122.918432 47.177259
    -122.917959 47.17722
    -122.917268 47.17727
    -122.916799 47.177304
    -122.916026 47.177313
    -122.915014 47.177327
    -122.913671 47.177068
    -122.913168 47.176839
    -122.912618 47.176564
    -122.912496 47.17643
    -122.912237 47.176145
    -122.912069 47.175824
    -122.9121 47.175443
    -122.912112 47.175332
    -122.912145 47.175015
    -122.911863 47.174439
    -122.911764 47.174237
    -122.911443 47.173924
    -122.911047 47.173734
    -122.910635 47.173375
    -122.910528 47.17323
    -122.910299 47.173085
    -122.910085 47.172376
    -122.910086 47.172348
    -122.910116 47.171834
    -122.910051 47.171394
    -122.909979 47.170911
    -122.910046 47.170104
    -122.910085 47.169652
    -122.910055 47.169301
    -122.90952 47.167569
    -122.90952 47.166293
    -122.90952 47.166066
    -122.90984 47.165044
    -122.909901 47.164898
    -122.910086 47.164463
    -122.910148 47.164318
    -122.910206 47.164182
    -122.910542 47.163205
    -122.910832 47.162252
    -122.910839 47.162074
    -122.910893 47.160863
    -122.911 47.159642
    -122.910924 47.159162
    -122.91068 47.158757
    -122.909215 47.157384
    -122.908238 47.156659
    -122.907844 47.156455
    -122.906819 47.155927
    -122.905659 47.155614
    -122.903905 47.155141
    -122.902531 47.154897
    -122.901311 47.15492
    -122.9003 47.155079
    -122.899434 47.155217
    -122.898152 47.155469
    -122.895802 47.156331
    -122.893573 47.157346
    -122.892963 47.157544
    -122.892215 47.157651
    -122.891697 47.157704
    -122.891056 47.157674
    -122.887424 47.15698
    -122.884739 47.156484
    -122.884495 47.156464
    -122.882679 47.156316
    -122.881717 47.156285
    -122.881046 47.156453
    -122.880527 47.156598
    -122.880024 47.156842
    -122.879505 47.157163
    -122.879298 47.157338
    -122.879162 47.157452
    -122.878755 47.157796
    -122.87862 47.157911
    -122.878543 47.157975
    -122.878315 47.158168
    -122.87824 47.158233
    -122.876422 47.159772
    -122.87625 47.159813
    -122.875353 47.160024
    -122.874525 47.160284
    -122.872378 47.160962
    -122.870501 47.161801
    -122.868853 47.162725
    -122.867678 47.163701
    -122.86658 47.16454
    -122.865283 47.16528
    -122.864199 47.165898
    -122.863057 47.166251
    -122.862795 47.166333
    -122.861315 47.166822
    -122.860507 47.166997
    -122.859651 47.167485
    -122.859026 47.167806
    -122.857888 47.168389
    -122.857271 47.168706
    -122.854967 47.170194
    -122.854647 47.170433
    -122.853625 47.1712
    -122.852769 47.171842
    -122.85097 47.173084
    -122.850969 47.173085
    -122.848863 47.174939
    -122.846727 47.17693
    -122.844743 47.178945
    -122.843949 47.179862
    -122.843339 47.18057
    -122.842317 47.182088
    -122.842049 47.1825
    -122.841722 47.183003
    -122.841203 47.183629
    -122.841065 47.183797
    -122.840363 47.184621
    -122.83902 47.185803
    -122.838103 47.186494
    -122.836976 47.187345
    -122.836892 47.187401
    -122.83664 47.18757
    -122.836557 47.187627
    -122.835993 47.187909
    -122.835031 47.188451
    -122.834055 47.18884
    -122.833571 47.189098
    -122.832926 47.189443
    -122.832093 47.189885
    -122.830887 47.190282
    -122.829346 47.190778
    -122.828629 47.190999
    -122.827973 47.191213
    -122.827012 47.191449
    -122.826127 47.19177
    -122.825318 47.192044
    -122.824585 47.192304
    -122.824172 47.192426
    -122.824169 47.192426
    -122.823776 47.192548
    -122.823608 47.192861
    -122.821426 47.194211
    -122.821347 47.194118
    -122.814047 47.191118
    -122.807146 47.186718
    -122.803546 47.182718
    -122.802766 47.182078
    -122.801413 47.180967
    -122.79823 47.178356
    -122.797051 47.177513
    -122.796599 47.17719
    -122.795195 47.17648
    -122.794188 47.175778
    -122.793316 47.175096
    -122.793242 47.175038
    -122.792371 47.174169
    -122.79173 47.173245
    -122.79115 47.172322
    -122.79051 47.171056
    -122.790154 47.170078
    -122.78993 47.169461
    -122.789792 47.169118
    -122.78967 47.168775
    -122.78935 47.168286
    -122.788831 47.167752
    -122.785047 47.163755
    -122.780103 47.159528
    -122.778882 47.158437
    -122.778165 47.157643
    -122.777662 47.156896
    -122.776898 47.156018
    -122.775997 47.155187
    -122.77496 47.154614
    -122.773022 47.153691
    -122.769055 47.151975
    -122.767193 47.151181
    -122.766354 47.150746
    -122.765789 47.150212
    -122.765332 47.149648
    -122.766032 47.149597
    -122.765193 47.14756
    -122.764369 47.14563
    -122.763911 47.144829
    -122.763331 47.144119
    -122.761859 47.142868
    -122.761227 47.142278
    -122.7595 47.141216
    -122.756999 47.139676
    -122.7541 47.138104
    -122.751243 47.137036
    -122.751243 47.137125
    -122.75083 47.136992
    -122.738093 47.132879
    -122.718671 47.126607
    -122.716254 47.125548
    -122.714775 47.125046
    -122.713404 47.124818
    -122.710156 47.123276
    -122.70723 47.121887
    -122.705495 47.121066
    -122.703723 47.120228
    -122.703672 47.120204
    -122.701287 47.119077
    -122.701783 47.102308
    -122.701821 47.101041
    -122.700875 47.098989
    -122.700396 47.098695
    -122.700235 47.098607
    -122.699456 47.098256
    -122.699032 47.098203
    -122.698418 47.098127
    -122.697846 47.098081
    -122.69723 47.097866
    -122.697067 47.09778
    -122.696916 47.097701
    -122.696461 47.09738
    -122.696329 47.097173
    -122.696276 47.097089
    -122.696171 47.096785
    -122.696147 47.096604
    -122.696147 47.096414
    -122.69614 47.096211
    -122.696214 47.096064
    -122.696337 47.095823
    -122.696584 47.095544
    -122.696916 47.095106
    -122.697402 47.094371
    -122.697827 47.093489
    -122.697827 47.093017
    -122.697827 47.092388
    -122.69779 47.092113
    -122.697772 47.091793
    -122.697661 47.091607
    -122.697581 47.091447
    -122.697113 47.090814
    -122.697015 47.090248
    -122.697162 47.089628
    -122.698036 47.08875
    -122.698455 47.088746
    -122.698795 47.088758
    -122.69902 47.088637
    -122.699283 47.088625
    -122.699741 47.088558
    -122.699987 47.088432
    -122.700362 47.088401
    -122.700748 47.088318
    -122.701323 47.088194
    -122.702796 47.087939
    -122.7041 47.087429
    -122.704457 47.087222
    -122.704886 47.086996
    -122.705185 47.086849
    -122.705411 47.086789
    -122.705749 47.086715
    -122.706008 47.086658
    -122.706295 47.086597
    -122.706551 47.08654
    -122.706871 47.086469
    -122.707142 47.086343
    -122.707369 47.086207
    -122.707733 47.085941
    -122.707922 47.085821
    -122.708002 47.085731
    -122.707883 47.085442
    -122.707663 47.085381
    -122.707594 47.085253
    -122.707408 47.085296
    -122.70724 47.085151
    -122.706991 47.084818
    -122.706687 47.084524
    -122.706512 47.084341
    -122.706332 47.084183
    -122.706121 47.083923
    -122.705947 47.083263
    -122.705928 47.082892
    -122.705972 47.082367
    -122.706195 47.081255
    -122.70628 47.080905
    -122.706451 47.080596
    -122.706508 47.080292
    -122.706689 47.079997
    -122.706747 47.079866
    -122.706888 47.079682
    -122.707067 47.079504
    -122.707224 47.079389
    -122.707453 47.079164
    -122.707961 47.078884
    -122.708243 47.078758
    -122.708335 47.078669
    -122.708385 47.078567
    -122.708419 47.078434
    -122.708358 47.078306
    -122.708297 47.078196
    -122.708266 47.078122
    -122.70822 47.077994
    -122.708251 47.077863
    -122.708274 47.077709
    -122.708282 47.077567
    -122.708308 47.077457
    -122.708366 47.077329
    -122.708415 47.077217
    -122.708438 47.077133
    -122.708396 47.077039
    -122.708308 47.076944
    -122.708224 47.076892
    -122.708018 47.076827
    -122.707793 47.07679
    -122.707632 47.076743
    -122.707338 47.076622
    -122.707216 47.076465
    -122.707106 47.07645
    -122.707098 47.076449
    -122.706982 47.076438
    -122.706892 47.076304
    -122.706861 47.076249
    -122.706806 47.076151
    -122.70668 47.075993
    -122.706162 47.075664
    -122.705937 47.075499
    -122.70575 47.075363
    -122.705593 47.075211
    -122.705525 47.075057
    -122.705361 47.074185
    -122.705288 47.073832
    -122.7052 47.073565
    -122.704765 47.072738
    -122.704543 47.072421
    -122.70447 47.07216
    -122.704169 47.072018
    -122.704026 47.071879
    -122.703845 47.071705
    -122.703667 47.071533
    -122.703319 47.070962
    -122.702958 47.07062
    -122.702856 47.070377
    -122.702712 47.070293
    -122.702587 47.069994
    -122.702549 47.069903
    -122.702334 47.06939
    -122.702132 47.069167
    -122.701914 47.068645
    -122.701329 47.06816
    -122.701242 47.067951
    -122.701549 47.067251
    -122.701821 47.066858
    -122.703092 47.066115
    -122.703271 47.065892
    -122.703636 47.06533
    -122.7037 47.065091
    -122.703576 47.064664
    -122.70289 47.064199
    -122.701866 47.063731
    -122.701166 47.06341
    -122.700597 47.06315
    -122.699481 47.062959
    -122.698884 47.062731
    -122.698701 47.062661
    -122.69849 47.062581
    -122.698423 47.062556
    -122.698183 47.062464
    -122.697796 47.062397
    -122.697587 47.062361
    -122.697477 47.062342
    -122.697404 47.062342
    -122.697096 47.062342
    -122.696818 47.062236
    -122.696693 47.062189
    -122.696512 47.06212
    -122.696448 47.062072
    -122.696293 47.061956
    -122.696115 47.061823
    -122.695971 47.061545
    -122.695832 47.061277
    -122.696411 47.060183
    -122.696251 47.059801
    -122.695998 47.059588
    -122.694427 47.05896
    -122.693282 47.058699
    -122.691948 47.058249
    -122.691423 47.058166
    -122.691401 47.058158
    -122.691352 47.058139
    -122.690515 47.05782
    -122.690224 47.057125
    -122.690229 47.056484
    -122.690766 47.055813
    -122.691835 47.054848
    -122.69258 47.054022
    -122.693033 47.053669
    -122.693822 47.05321
    -122.694094 47.052818
    -122.694036 47.052679
    -122.693762 47.052545
    -122.693532 47.052516
    -122.691626 47.052782
    -122.691244 47.052783
    -122.690229 47.052571
    -122.689285 47.05227
    -122.688824 47.052211
    -122.688061 47.052213
    -122.687197 47.051971
    -122.686491 47.051848
    -122.685907 47.051625
    -122.685309 47.051208
    -122.684984 47.050981
    -122.684647 47.050634
    -122.683453 47.049405
    -122.683502 47.049132
    -122.68332 47.048566
    -122.683533 47.047771
    -122.683349 47.046679
    -122.683463 47.04643
    -122.683519 47.045779
    -122.683841 47.045377
    -122.684524 47.045053
    -122.684738 47.044784
    -122.684859 47.044421
    -122.684762 47.044188
    -122.684718 47.044082
    -122.684569 47.043727
    -122.684316 47.043514
    -122.683992 47.04339
    -122.68336 47.043155
    -122.681957 47.042527
    -122.680919 47.042267
    -122.679965 47.042017
    -122.678988 47.041964
    -122.677936 47.041954
    -122.67751 47.041968
    -122.677337 47.041554
    -122.677394 47.04143
    -122.677133 47.040805
    -122.676844 47.040636
    -122.67651 47.039574
    -122.675692 47.038269
    -122.675698 47.037892
    -122.675798 47.037609
    -122.676607 47.036545
    -122.678008 47.035006
    -122.679173 47.033814
    -122.680143 47.033396
    -122.680552 47.032938
    -122.680637 47.03262
    -122.680535 47.032377
    -122.680728 47.031925
    -122.680799 47.031572
    -122.680754 47.031205
    -122.680883 47.030991
    -122.681103 47.030082
    -122.681093 47.029896
    -122.681079 47.029635
    -122.680933 47.029024
    -122.680622 47.028409
    -122.678099 47.027068
    -122.67516 47.026035
    -122.674028 47.025282
    -122.6733 47.024712
    -122.672859 47.024047
    -122.672663 47.023447
    -122.672691 47.023253
    -122.672834 47.023074
    -122.6733 47.022756
    -122.67406 47.021965
    -122.674941 47.020811
    -122.675041 47.020528
    -122.675146 47.019868
    -122.67508 47.019317
    -122.67426 47.017486
    -122.673452 47.016593
    -122.672982 47.015859
    -122.672852 47.01581
    -122.672419 47.015294
    -122.671553 47.014526
    -122.670465 47.013877
    -122.67027 47.013803
    -122.669782 47.013938
    -122.668761 47.014103
    -122.668056 47.01398
    -122.667422 47.013768
    -122.667163 47.013669
    -122.666384 47.013109
    -122.666247 47.012911
    -122.66608 47.012819
    -122.665894 47.012717
    -122.665863 47.012678
    -122.665663 47.012425
    -122.665259 47.012242
    -122.665093 47.011974
    -122.664805 47.011806
    -122.664444 47.011464
    -122.663832 47.011172
    -122.663508 47.011048
    -122.663414 47.010954
    -122.663377 47.010735
    -122.663769 47.010328
    -122.664052 47.010036
    -122.664366 47.009711
    -122.66438 47.009482
    -122.664249 47.00917
    -122.664113 47.009063
    -122.663528 47.008629
    -122.663348 47.008458
    -122.663111 47.008196
    -122.662887 47.007781
    -122.662864 47.007682
    -122.662767 47.007511
    -122.662718 47.007367
    -122.662673 47.007286
    -122.66265 47.007205
    -122.662515 47.007015
    -122.662471 47.006916
    -122.66246 47.006853
    -122.662426 47.006763
    -122.662371 47.006484
    -122.662316 47.00627
    -122.662236 47.005962
    -122.662212 47.005755
    -122.662134 47.005359
    -122.662055 47.005079
    -122.662044 47.00499
    -122.661977 47.004774
    -122.661865 47.004539
    -122.661842 47.004422
    -122.661696 47.004134
    -122.661674 47.004079
    -122.66156 47.003998
    -122.661449 47.003899
    -122.661099 47.003673
    -122.660962 47.003596
    -122.660837 47.003604
    -122.659951 47.00307
    -122.659866 47.003029
    -122.659474 47.002755
    -122.658052 47.002741
    -122.656958 47.002923
    -122.655793 47.003309
    -122.654804 47.003914
    -122.654228 47.004453
    -122.653875 47.004899
    -122.653494 47.005154
    -122.653234 47.005539
    -122.65296 47.005745
    -122.652905 47.00598
    -122.652754 47.00628
    -122.652542 47.006608
    -122.652446 47.006787
    -122.652268 47.006956
    -122.652239 47.006976
    -122.652063 47.007102
    -122.651887 47.007227
    -122.651406 47.007248
    -122.650226 47.007031
    -122.649866 47.006902
    -122.648944 47.006571
    -122.648497 47.006284
    -122.648237 47.005922
    -122.647624 47.005367
    -122.647357 47.004856
    -122.646909 47.004305
    -122.646167 47.003701
    -122.643618 47.002815
    -122.643014 47.002672
    -122.641748 47.00251
    -122.640646 47.00209
    -122.639955 47.001738
    -122.639349 47.001332
    -122.638198 47.000921
    -122.63775 47.000829
    -122.637537 47.000785
    -122.637363 47.000749
    -122.637301 47.000745
    -122.636685 47.0007
    -122.634162 47.00052
    -122.63284 47.000301
    -122.632817 47.000298
    -122.632184 47.000085
    -122.632158 47.0
    -122.632147 46.999918
    -122.631823 46.999795
    -122.631521 46.999591
    -122.631398 46.999428
    -122.6313 46.999355
    -122.630764 46.998952
    -122.630483 46.998669
    -122.63041 46.998496
    -122.630281 46.998446
    -122.629869 46.997588
    -122.629789 46.997265
    -122.62986 46.997176
    -122.629752 46.997047
    -122.629501 46.997149
    -122.629521 46.996774
    -122.629867 46.996672
    -122.629891 46.996623
    -122.629913 46.996582
    -122.629988 46.996436
    -122.630055 46.996352
    -122.630307 46.996037
    -122.630327 46.996012
    -122.630346 46.995988
    -122.630633 46.995894
    -122.630913 46.995601
    -122.630985 46.995525
    -122.631126 46.995377
    -122.631164 46.995337
    -122.631486 46.994934
    -122.631665 46.994447
    -122.631721 46.99406
    -122.631663 46.993921
    -122.631735 46.993832
    -122.631611 46.993405
    -122.631669 46.993281
    -122.631615 46.993119
    -122.631599 46.99307
    -122.631566 46.992972
    -122.631502 46.992778
    -122.631362 46.992358
    -122.631322 46.992239
    -122.631234 46.991975
    -122.631327 46.991806
    -122.63124 46.991598
    -122.631333 46.991429
    -122.631224 46.991037
    -122.63118 46.99067
    -122.631237 46.990545
    -122.631127 46.98989
    -122.631262 46.988868
    -122.631269 46.988812
    -122.63131 46.9885
    -122.63137 46.988379
    -122.631418 46.988282
    -122.631517 46.988082
    -122.632019 46.987456
    -122.632059 46.987406
    -122.632198 46.987233
    -122.633977 46.985751
    -122.634651 46.985015
    -122.634786 46.984902
    -122.634948 46.984765
    -122.63513 46.984612
    -122.635296 46.984473
    -122.63534 46.98443
    -122.63546 46.984312
    -122.635644 46.98413
    -122.635737 46.984039
    -122.635785 46.983992
    -122.636687 46.983106
    -122.637117 46.982569
    -122.637753 46.981546
    -122.637924 46.98127
    -122.637997 46.981153
    -122.638183 46.980815
    -122.63826 46.980348
    -122.638432 46.979975
    -122.638489 46.979552
    -122.638552 46.979086
    -122.638304 46.978397
    -122.638265 46.978289
    -122.638211 46.978139
    -122.638155 46.978073
    -122.638118 46.978028
    -122.63805 46.977947
    -122.637971 46.977853
    -122.637886 46.977752
    -122.637857 46.977682
    -122.637534 46.977272
    -122.637497 46.977225
    -122.637396 46.977097
    -122.637302 46.977029
    -122.637144 46.976916
    -122.637032 46.976835
    -122.636872 46.97672
    -122.636618 46.976537
    -122.635257 46.975755
    -122.635137 46.975602
    -122.635026 46.975462
    -122.634986 46.975447
    -122.634832 46.975388
    -122.634508 46.975264
    -122.634386 46.975163
    -122.63432 46.975076
    -122.633932 46.974927
    -122.633581 46.974734
    -122.633323 46.974592
    -122.633236 46.974544
    -122.632024 46.973877
    -122.631469 46.973461
    -122.631181 46.973029
    -122.630907 46.972896
    -122.629992 46.972137
    -122.629099 46.971563
    -122.627502 46.970979
    -122.627365 46.970929
    -122.624547 46.9707
    -122.622728 46.970647
    -122.622261 46.970703
    -122.621118 46.970704
    -122.620618 46.970655
    -122.619472 46.970542
    -122.616493 46.969404
    -122.614636 46.968344
    -122.613911 46.968031
    -122.613862 46.96801
    -122.613344 46.967788
    -122.613259 46.967751
    -122.612845 46.967572
    -122.612205 46.967473
    -122.61167 46.967579
    -122.611601 46.967593
    -122.611379 46.967712
    -122.611291 46.967856
    -122.611103 46.968162
    -122.611098 46.968374
    -122.611095 46.968501
    -122.611093 46.968596
    -122.611182 46.969077
    -122.611268 46.96954
    -122.611238 46.969593
    -122.610767 46.970429
    -122.610647 46.971055
    -122.610649 46.971844
    -122.610577 46.971933
    -122.610672 46.972554
    -122.611077 46.973526
    -122.611279 46.97375
    -122.611438 46.974132
    -122.611402 46.97431
    -122.611367 46.974484
    -122.611393 46.974547
    -122.611439 46.974658
    -122.61156 46.974939
    -122.611663 46.975299
    -122.61176 46.975712
    -122.611706 46.975984
    -122.61158 46.976172
    -122.6112 46.976699
    -122.611037 46.976764
    -122.61064 46.976923
    -122.610187 46.977013
    -122.608389 46.976618
    -122.607469 46.9765
    -122.60616 46.976233
    -122.605714 46.976209
    -122.605452 46.976269
    -122.604704 46.976441
    -122.604521 46.976483
    -122.604356 46.976478
    -122.602645 46.976292
    -122.602335 46.976203
    -122.6013 46.97607
    -122.600537 46.975807
    -122.598472 46.974638
    -122.597873 46.974409
    -122.596982 46.974069
    -122.596813 46.974038
    -122.596098 46.973906
    -122.595315 46.973986
    -122.593927 46.973923
    -122.593144 46.974003
    -122.591556 46.973941
    -122.590024 46.973881
    -122.58986 46.973874
    -122.589823 46.973873
    -122.589668 46.973901
    -122.589604 46.973913
    -122.589493 46.973933
    -122.588815 46.974055
    -122.588762 46.974065
    -122.587645 46.974267
    -122.5872 46.974243
    -122.58643 46.974095
    -122.585618 46.974105
    -122.585258 46.974026
    -122.584705 46.974136
    -122.583714 46.974634
    -122.582272 46.975747
    -122.582248 46.97578
    -122.581999 46.976117
    -122.581961 46.976366
    -122.581913 46.976579
    -122.581859 46.976832
    -122.581786 46.977022
    -122.581568 46.977255
    -122.581281 46.977449
    -122.581004 46.977542
    -122.580722 46.9776
    -122.580459 46.9776
    -122.580328 46.977581
    -122.580022 46.977543
    -122.579589 46.977417
    -122.57922 46.97718
    -122.578363 46.97656
    -122.577837 46.97595
    -122.57752 46.975449
    -122.57739 46.975399
    -122.57641 46.974089
    -122.576323 46.973881
    -122.576151 46.973727
    -122.575653 46.972923
    -122.575227 46.97203
    -122.575276 46.971231
    -122.575728 46.970615
    -122.576036 46.970441
    -122.576992 46.970251
    -122.577682 46.97034
    -122.578265 46.970563
    -122.57856 46.970617
    -122.57871 46.970587
    -122.580199 46.971157
    -122.581184 46.9713
    -122.581518 46.971252
    -122.581853 46.971205
    -122.582097 46.971269
    -122.582248 46.971239
    -122.582739 46.971406
    -122.582946 46.971477
    -122.583147 46.971437
    -122.583902 46.97155
    -122.584678 46.971584
    -122.585332 46.971455
    -122.585454 46.971355
    -122.586058 46.971235
    -122.586481 46.971076
    -122.587206 46.970594
    -122.58798 46.969575
    -122.587994 46.969347
    -122.587835 46.968965
    -122.587848 46.96821
    -122.587357 46.967029
    -122.586982 46.966652
    -122.586349 46.966176
    -122.586293 46.966155
    -122.586191 46.966116
    -122.585896 46.966003
    -122.585119 46.965969
    -122.584617 46.966069
    -122.584337 46.966312
    -122.583412 46.967361
    -122.583211 46.9674
    -122.582773 46.967788
    -122.582399 46.967937
    -122.582069 46.968191
    -122.581646 46.96835
    -122.581143 46.96845
    -122.580345 46.968495
    -122.579029 46.968343
    -122.577195 46.967729
    -122.576282 46.967496
    -122.575779 46.967294
    -122.575155 46.967043
    -122.574779 46.966892
    -122.574275 46.966466
    -122.573965 46.96585
    -122.573597 46.96485
    -122.573558 46.964742
    -122.573553 46.964729
    -122.573063 46.964337
    -122.57256 46.964174
    -122.57228 46.964154
    -122.570232 46.964598
    -122.569873 46.964782
    -122.568495 46.96592
    -122.568057 46.966044
    -122.567799 46.965958
    -122.567543 46.965987
    -122.567136 46.966021
    -122.566776 46.966092
    -122.566525 46.966182
    -122.566132 46.966278
    -122.565537 46.966279
    -122.56522 46.966305
    -122.56489 46.966206
    -122.56453 46.966228
    -122.564169 46.966251
    -122.563846 46.966128
    -122.563522 46.966004
    -122.56299 46.965771
    -122.562665 46.965384
    -122.562737 46.965031
    -122.562944 46.964614
    -122.563619 46.963879
    -122.564179 46.963655
    -122.566241 46.963246
    -122.568813 46.962623
    -122.570019 46.962121
    -122.571261 46.96131
    -122.571942 46.960461
    -122.57215 46.960043
    -122.572166 46.959887
    -122.572192 46.959621
    -122.572047 46.959011
    -122.571741 46.958275
    -122.571715 46.958212
    -122.571711 46.958205
    -122.570713 46.956455
    -122.569255 46.952947
    -122.568885 46.951403
    -122.56879 46.95052
    -122.568722 46.950357
    -122.568711 46.95033
    -122.568732 46.950119
    -122.568588 46.94977
    -122.568285 46.949304
    -122.566918 46.948372
    -122.56668 46.94793
    -122.566729 46.947131
    -122.566836 46.946734
    -122.56682 46.94591
    -122.566794 46.945855
    -122.566493 46.945241
    -122.566206 46.944655
    -122.566112 46.944463
    -122.566099 46.944436
    -122.566044 46.944259
    -122.565855 46.943649
    -122.565779 46.943404
    -122.565615 46.942877
    -122.565704 46.942546
    -122.565765 46.942321
    -122.566023 46.941894
    -122.566022 46.941631
    -122.56623 46.941214
    -122.566143 46.941005
    -122.566228 46.940425
    -122.566199 46.939829
    -122.565744 46.938866
    -122.565391 46.93841
    -122.56511 46.937864
    -122.564981 46.937814
    -122.564671 46.937199
    -122.56439 46.936916
    -122.564368 46.936838
    -122.564347 46.93676
    -122.564336 46.936719
    -122.564282 46.936524
    -122.563526 46.935622
    -122.563493 46.935597
    -122.563404 46.935531
    -122.563288 46.935443
    -122.563231 46.935304
    -122.562878 46.935111
    -122.562821 46.934972
    -122.56185 46.934337
    -122.561663 46.934149
    -122.560493 46.93343
    -122.560467 46.933414
    -122.560275 46.933296
    -122.558434 46.932533
    -122.5572 46.932153
    -122.556501 46.931939
    -122.5546 46.931536
    -122.553936 46.931395
    -122.553605 46.931385
    -122.552887 46.931227
    -122.551434 46.930808
    -122.551341 46.930781
    -122.551255 46.930836
    -122.550846 46.930767
    -122.550527 46.930762
    -122.550135 46.930757
    -122.549883 46.930807
    -122.549754 46.930758
    -122.548806 46.930833
    -122.54849 46.930782
    -122.548281 46.930749
    -122.547678 46.930868
    -122.547032 46.930884
    -122.545602 46.930716
    -122.544631 46.930344
    -122.543798 46.929908
    -122.542421 46.929381
    -122.542335 46.929348
    -122.541986 46.929214
    -122.541537 46.929065
    -122.541421 46.929027
    -122.540832 46.928831
    -122.540283 46.92865
    -122.539356 46.928382
    -122.539011 46.928338
    -122.537208 46.927793
    -122.536527 46.927667
    -122.536324 46.92763
    -122.534671 46.927055
    -122.53431 46.926975
    -122.533694 46.92684
    -122.532788 46.92664
    -122.531079 46.926263
    -122.52819 46.925331
    -122.527902 46.925163
    -122.5275 46.924716
    -122.527259 46.923621
    -122.527254 46.9236
    -122.527146 46.923471
    -122.527031 46.92293
    -122.526209 46.920949
    -122.52603 46.920617
    -122.525734 46.920066
    -122.525605 46.920017
    -122.525545 46.919898
    -122.52531 46.919436
    -122.524576 46.918454
    -122.524447 46.918404
    -122.524375 46.91823
    -122.523785 46.917858
    -122.523174 46.917303
    -122.522377 46.916822
    -122.522269 46.916693
    -122.520781 46.91586
    -122.519876 46.915513
    -122.519057 46.915374
    -122.518856 46.915414
    -122.518296 46.915374
    -122.517628 46.915469
    -122.51673 46.915534
    -122.516285 46.915509
    -122.514921 46.915629
    -122.512414 46.915486
    -122.51222 46.915412
    -122.511037 46.915231
    -122.510827 46.915199
    -122.50904 46.914569
    -122.50796 46.914188
    -122.507959 46.914187
    -122.507549 46.914011
    -122.506107 46.91339
    -122.505726 46.913127
    -122.505402 46.91274
    -122.505127 46.91255
    -122.505067 46.912508
    -122.505023 46.912478
    -122.504957 46.912432
    -122.504739 46.912282
    -122.504422 46.912253
    -122.504106 46.912224
    -122.503999 46.912194
    -122.504071 46.912115
    -122.503047 46.91158
    -122.502794 46.911403
    -122.502611 46.91133
    -122.501997 46.911083
    -122.501393 46.910729
    -122.501278 46.910662
    -122.50112 46.910542
    -122.501034 46.910334
    -122.500624 46.910002
    -122.500495 46.909689
    -122.5 46.909491
    -122.499703 46.909315
    -122.499638 46.909276
    -122.499471 46.909177
    -122.498199 46.908602
    -122.497165 46.907942
    -122.495426 46.906106
    -122.49503 46.905808
    -122.494839 46.90557
    -122.494693 46.905387
    -122.494651 46.905296
    -122.494587 46.905158
    -122.49443 46.904818
    -122.494527 46.904329
    -122.495137 46.90357
    -122.495574 46.903183
    -122.496729 46.901638
    -122.496761 46.901571
    -122.496786 46.901518
    -122.497224 46.900601
    -122.497517 46.89934
    -122.497605 46.899163
    -122.497654 46.899051
    -122.497665 46.899011
    -122.497685 46.898936
    -122.497653 46.898749
    -122.497703 46.898476
    -122.497672 46.898067
    -122.497594 46.897032
    -122.497278 46.896268
    -122.497134 46.896183
    -122.496724 46.895325
    -122.496589 46.89494
    -122.496512 46.894723
    -122.496485 46.894645
    -122.496415 46.894446
    -122.496188 46.894058
    -122.496041 46.893806
    -122.495532 46.893253
    -122.495463 46.893178
    -122.495251 46.892948
    -122.494854 46.892362
    -122.49469 46.892119
    -122.493843 46.891122
    -122.493693 46.890576
    -122.493627 46.890338
    -122.493296 46.889539
    -122.493109 46.88935
    -122.492973 46.889298
    -122.492786 46.889226
    -122.492434 46.889296
    -122.492104 46.889286
    -122.491587 46.889088
    -122.491156 46.888835
    -122.490718 46.888433
    -122.490488 46.887877
    -122.490502 46.887648
    -122.490696 46.88746
    -122.492562 46.886715
    -122.492999 46.886327
    -122.493042 46.886169
    -122.492913 46.885593
    -122.493127 46.884536
    -122.493135 46.884238
    -122.49311 46.88416
    -122.492996 46.883808
    -122.492944 46.883648
    -122.49296 46.883496
    -122.492994 46.883384
    -122.493119 46.883306
    -122.493243 46.883228
    -122.493309 46.883186
    -122.493352 46.883159
    -122.493443 46.883103
    -122.493423 46.882756
    -122.493425 46.882475
    -122.493378 46.882347
    -122.493142 46.882162
    -122.493007 46.882016
    -122.49291 46.88192
    -122.492821 46.88188
    -122.492562 46.881801
    -122.492112 46.881659
    -122.491399 46.881447
    -122.491117 46.881344
    -122.490722 46.881267
    -122.489574 46.88088
    -122.489211 46.880725
    -122.489004 46.880567
    -122.488677 46.880377
    -122.488196 46.880118
    -122.487986 46.87994
    -122.487838 46.87968
    -122.487809 46.879456
    -122.487771 46.879285
    -122.487713 46.878948
    -122.487713 46.878826
    -122.487709 46.878624
    -122.487745 46.878426
    -122.487836 46.878265
    -122.487953 46.878091
    -122.488152 46.87793
    -122.48973 46.877217
    -122.489974 46.877174
    -122.490103 46.877123
    -122.490167 46.877098
    -122.490522 46.876965
    -122.490572 46.876907
    -122.490637 46.876832
    -122.490753 46.876699
    -122.491356 46.876054
    -122.491742 46.874624
    -122.491766 46.874355
    -122.491906 46.872788
    -122.491827 46.872729
    -122.491999 46.872093
    -122.491812 46.871379
    -122.491819 46.870738
    -122.491682 46.870277
    -122.491725 46.870118
    -122.491574 46.869622
    -122.491527 46.868865
    -122.491516 46.868696
    -122.491516 46.868694
    -122.491408 46.868302
    -122.491515 46.867904
    -122.491497 46.867863
    -122.491314 46.867418
    -122.490876 46.867279
    -122.489922 46.867205
    -122.489563 46.867126
    -122.489477 46.867181
    -122.488834 46.867107
    -122.488739 46.867096
    -122.488393 46.867057
    -122.488128 46.867072
    -122.486355 46.866596
    -122.485436 46.866477
    -122.485006 46.866487
    -122.484252 46.866636
    -122.483779 46.866805
    -122.482824 46.867257
    -122.481597 46.867575
    -122.481368 46.867545
    -122.480828 46.867338
    -122.480592 46.867247
    -122.479623 46.866349
    -122.479458 46.866081
    -122.479131 46.865213
    -122.479084 46.865087
    -122.478919 46.864647
    -122.478675 46.86432
    -122.477928 46.863829
    -122.477038 46.863516
    -122.476285 46.863402
    -122.47502 46.863355
    -122.474909 46.863351
    -122.474685 46.863343
    -122.473601 46.863482
    -122.471843 46.86383
    -122.470709 46.864242
    -122.470638 46.864331
    -122.470351 46.864426
    -122.469536 46.864862
    -122.469482 46.864891
    -122.469016 46.86514
    -122.468012 46.865339
    -122.467285 46.865312
    -122.466411 46.86528
    -122.465758 46.865146
    -122.465451 46.865018
    -122.465107 46.864757
    -122.464673 46.864642
    -122.463928 46.864244
    -122.463752 46.864101
    -122.46328 46.863878
    -122.462651 46.863594
    -122.462631 46.863591
    -122.462621 46.863591
    -122.46257 46.863582
    -122.462494 46.863568
    -122.461708 46.863435
    -122.461592 46.86342
    -122.461443 46.863401
    -122.461192 46.863368
    -122.460921 46.863333
    -122.460618 46.863294
    -122.460224 46.863
    -122.460083 46.862696
    -122.460281 46.862333
    -122.460304 46.862291
    -122.460477 46.862085
    -122.460404 46.861658
    -122.460435 46.861503
    -122.460547 46.860953
    -122.460282 46.860179
    -122.459736 46.859385
    -122.458758 46.858603
    -122.458408 46.858221
    -122.457122 46.85785
    -122.45686 46.857898
    -122.456783 46.858064
    -122.456534 46.858035
    -122.456024 46.857582
    -122.455693 46.856967
    -122.455569 46.856532
    -122.455431 46.856384
    -122.455179 46.856114
    -122.455172 46.855965
    -122.454943 46.855673
    -122.45477 46.855256
    -122.454491 46.854973
    -122.453443 46.854278
    -122.452991 46.854104
    -122.452022 46.854258
    -122.451742 46.854238
    -122.451498 46.854174
    -122.451362 46.854239
    -122.451183 46.854199
    -122.450293 46.854205
    -122.449611 46.854209
    -122.448776 46.853983
    -122.448327 46.853861
    -122.448 46.853824
    -122.447805 46.853802
    -122.447358 46.853752
    -122.446861 46.853745
    -122.446648 46.853742
    -122.445715 46.853588
    -122.445147 46.853544
    -122.444761 46.853514
    -122.444503 46.853415
    -122.443768 46.85332
    -122.44347 46.853281
    -122.441698 46.852804
    -122.43933 46.852333
    -122.439029 46.852129
    -122.438175 46.851772
    -122.437443 46.851315
    -122.43641 46.850918
    -122.435951 46.850858
    -122.435848 46.850818
    -122.435797 46.850798
    -122.435563 46.850709
    -122.434229 46.850635
    -122.433448 46.850635
    -122.433316 46.850635
    -122.433051 46.850635
    -122.431947 46.850635
    -122.430139 46.850466
    -122.428941 46.85059
    -122.427621 46.85055
    -122.426667 46.850738
    -122.426186 46.850758
    -122.426086 46.850778
    -122.425519 46.850852
    -122.42539 46.850802
    -122.42501 46.850802
    -122.423202 46.85037
    -122.421362 46.84972
    -122.421189 46.849659
    -122.420404 46.849382
    -122.420103 46.849179
    -122.418972 46.848699
    -122.418622 46.848551
    -122.417277 46.847858
    -122.41676 46.847659
    -122.414881 46.847317
    -122.414801 46.847283
    -122.4142 46.847026
    -122.412836 46.846443
    -122.412165 46.846287
    -122.41079 46.845969
    -122.410735 46.845956
    -122.409565 46.845886
    -122.409322 46.845821
    -122.409034 46.845915
    -122.408676 46.845836
    -122.408289 46.845687
    -122.407908 46.845424
    -122.407184 46.845116
    -122.406775 46.845046
    -122.405678 46.84515
    -122.404623 46.845358
    -122.404142 46.845378
    -122.403403 46.845298
    -122.403045 46.845219
    -122.402449 46.844961
    -122.401374 46.844196
    -122.400951 46.844092
    -122.398518 46.844384
    -122.397815 46.844522
    -122.397586 46.844492
    -122.397399 46.844567
    -122.396014 46.844765
    -122.395792 46.844884
    -122.393682 46.8453
    -122.392147 46.845528
    -122.391516 46.845577
    -122.390956 46.845537
    -122.39044 46.845601
    -122.389485 46.845526
    -122.389163 46.845402
    -122.388654 46.845089
    -122.388303 46.844633
    -122.388059 46.844042
    -122.387278 46.843069
    -122.387249 46.843
    -122.386418 46.841773
    -122.385924 46.841232
    -122.385605 46.841016
    -122.385021 46.840621
    -122.384346 46.84034
    -122.384103 46.840239
    -122.383307 46.84002
    -122.38198 46.839831
    -122.380775 46.839543
    -122.379297 46.839383
    -122.378695 46.839502
    -122.378523 46.839611
    -122.378199 46.840013
    -122.378012 46.840613
    -122.378002 46.840941
    -122.377997 46.841104
    -122.377703 46.841576
    -122.377121 46.841878
    -122.376769 46.84221
    -122.376636 46.84229
    -122.376116 46.842602
    -122.375879 46.842949
    -122.375835 46.843634
    -122.375584 46.843905
    -122.375196 46.844324
    -122.374703 46.844536
    -122.374208 46.844784
    -122.373167 46.845027
    -122.372977 46.845038
    -122.372699 46.845056
    -122.372646 46.845077
    -122.372002 46.845249
    -122.371589 46.845334
    -122.370505 46.845161
    -122.369995 46.845061
    -122.369857 46.845024
    -122.369314 46.844768
    -122.368949 46.844543
    -122.368354 46.844285
    -122.367516 46.843699
    -122.367222 46.843381
    -122.36601 46.84268
    -122.364849 46.841707
    -122.364527 46.841583
    -122.364189 46.841687
    -122.363824 46.841721
    -122.363321 46.84182
    -122.362596 46.842301
    -122.362316 46.842544
    -122.361612 46.843472
    -122.360858 46.84362
    -122.360471 46.843471
    -122.360378 46.843377
    -122.360154 46.843069
    -122.359877 46.842687
    -122.359762 46.842409
    -122.359619 46.842324
    -122.359548 46.84215
    -122.359335 46.841894
    -122.358473 46.840859
    -122.357807 46.840164
    -122.356682 46.839409
    -122.355943 46.839066
    -122.355406 46.838947
    -122.354136 46.838896
    -122.354007 46.838847
    -122.353146 46.838866
    -122.352329 46.838726
    -122.35144 46.838413
    -122.35101 46.83816
    -122.349497 46.837518
    -122.348472 46.83727
    -122.347238 46.837174
    -122.345509 46.837327
    -122.344526 46.837182
    -122.344428 46.837229
    -122.34439 46.837247
    -122.343924 46.837301
    -122.342374 46.837756
    -122.341254 46.837939
    -122.340709 46.837934
    -122.339927 46.837749
    -122.339483 46.837724
    -122.338629 46.837892
    -122.33771 46.838562
    -122.33702 46.839261
    -122.335589 46.840932
    -122.334821 46.841572
    -122.334442 46.841822
    -122.334009 46.842107
    -122.333808 46.842146
    -122.33294 46.842543
    -122.332387 46.842651
    -122.332014 46.8428
    -122.331547 46.842854
    -122.3306 46.843191
    -122.330489 46.843243
    -122.330191 46.843384
    -122.329824 46.843681
    -122.329214 46.843914
    -122.328848 46.844212
    -122.328173 46.844419
    -122.327714 46.844359
    -122.327105 46.844066
    -122.326905 46.84358
    -122.326629 46.843239
    -122.325867 46.84286
    -122.325844 46.842849
    -122.325536 46.842497
    -122.325473 46.841946
    -122.325818 46.841465
    -122.326924 46.840984
    -122.327275 46.840915
    -122.327439 46.840822
    -122.327979 46.840514
    -122.32813 46.840484
    -122.328474 46.840266
    -122.328977 46.839904
    -122.329265 46.839547
    -122.329366 46.839264
    -122.329302 46.838976
    -122.328843 46.838653
    -122.327524 46.838087
    -122.327037 46.837694
    -122.326242 46.837212
    -122.325089 46.836387
    -122.324781 46.836035
    -122.324131 46.834585
    -122.32431 46.834322
    -122.324368 46.834238
    -122.325288 46.833569
    -122.325622 46.833092
    -122.32571 46.832967
    -122.325733 46.832841
    -122.325733 46.832706
    -122.325677 46.832202
    -122.32562 46.832004
    -122.32561 46.831932
    -122.325542 46.831724
    -122.325531 46.83167
    -122.325475 46.831553
    -122.325442 46.831436
    -122.325284 46.831147
    -122.32524 46.830993
    -122.32524 46.830751
    -122.325218 46.830669
    -122.325106 46.830489
    -122.324914 46.830344
    -122.324679 46.830225
    -122.324431 46.830152
    -122.323825 46.83013
    -122.323743 46.830121
    -122.323566 46.830102
    -122.323373 46.830038
    -122.323071 46.829847
    -122.322667 46.829565
    -122.322105 46.829238
    -122.321711 46.829065
    -122.32133 46.828937
    -122.321038 46.828917
    -122.320755 46.828906
    -122.31998 46.828938
    -122.31971 46.8289
    -122.319543 46.828818
    -122.319283 46.828654
    -122.318868 46.828463
    -122.318576 46.828363
    -122.318328 46.828334
    -122.317744 46.828339
    -122.317552 46.828356
    -122.317226 46.828417
    -122.316889 46.828523
    -122.316631 46.828648
    -122.316426 46.828809
    -122.316325 46.828871
    -122.316123 46.829086
    -122.315932 46.82922
    -122.315864 46.829255
    -122.315786 46.829318
    -122.315639 46.82938
    -122.315403 46.829414
    -122.315162 46.82944
    -122.314447 46.82946
    -122.313863 46.829477
    -122.313822 46.829481
    -122.313604 46.829502
    -122.312807 46.829678
    -122.31222 46.829764
    -122.311613 46.829832
    -122.310894 46.829927
    -122.310444 46.829979
    -122.309928 46.829994
    -122.30941 46.829927
    -122.308836 46.82987
    -122.308264 46.829893
    -122.308049 46.829892
    -122.307544 46.82979
    -122.306478 46.829477
    -122.305442 46.829183
    -122.304554 46.828926
    -122.30406 46.828752
    -122.303778 46.82857
    -122.303723 46.828462
    -122.303701 46.828354
    -122.303712 46.828012
    -122.303781 46.82776
    -122.303859 46.827401
    -122.303859 46.827104
    -122.303816 46.826987
    -122.303601 46.826697
    -122.303414 46.826517
    -122.303253 46.826362
    -122.302996 46.826136
    -122.302916 46.826045
    -122.302804 46.825837
    -122.302817 46.825523
    -122.302896 46.825253
    -122.302913 46.825163
    -122.303177 46.824643
    -122.303346 46.824401
    -122.303584 46.824159
    -122.303711 46.82399
    -122.303712 46.823727
    -122.303829 46.823558
    -122.303985 46.823335
    -122.303956 46.823271
    -122.303979 46.823127
    -122.30401 46.823042
    -122.304051 46.822929
    -122.304143 46.822758
    -122.304158 46.822731
    -122.30418 46.82269
    -122.304651 46.822326
    -122.304661 46.821877
    -122.304259 46.820637
    -122.304191 46.820569
    -122.304132 46.820472
    -122.30387 46.819694
    -122.303669 46.819301
    -122.303792 46.818664
    -122.303899 46.818071
    -122.303967 46.81775
    -122.304103 46.816914
    -122.304212 46.81484
    -122.303696 46.813575
    -122.303603 46.812997
    -122.303032 46.811996
    -122.302448 46.810971
    -122.302281 46.810006
    -122.30209 46.809593
    -122.302124 46.809072
    -122.302528 46.808582
    -122.302671 46.808408
    -122.303535 46.807874
    -122.304562 46.807587
    -122.30545 46.807262
    -122.306064 46.806799
    -122.306259 46.806311
    -122.30634 46.806109
    -122.306469 46.805649
    -122.306718 46.805257
    -122.306945 46.804913
    -122.307 46.804829
    -122.307095 46.804685
    -122.307463 46.803589
    -122.307717 46.803077
    -122.308009 46.802731
    -122.30831 46.802521
    -122.309023 46.802145
    -122.309957 46.801372
    -122.310284 46.801036
    -122.310344 46.800939
    -122.310362 46.800914
    -122.310634 46.800533
    -122.310924 46.800127
    -122.310724 46.799227
    -122.311124 46.798527
    -122.311924 46.798127
    -122.312014 46.798082
    -122.312524 46.797827
    -122.312715 46.797253
    -122.312824 46.796927
    -122.312524 46.795727
    -122.312524 46.795127
    -122.311924 46.794027
    -122.311224 46.793427
    -122.31082 46.793113
    -122.310324 46.792727
    -122.309524 46.791927
    -122.309123 46.790927
    -122.309123 46.790227
    -122.308623 46.789427
    -122.307323 46.788927
    -122.306323 46.788927
    -122.306064 46.788985
    -122.305423 46.789127
    -122.304223 46.789027
    -122.303023 46.788727
    -122.302123 46.788027
    -122.301801 46.787544
    -122.301523 46.787127
    -122.300923 46.786227
    -122.300223 46.785727
    -122.299223 46.785527
    -122.298323 46.785727
    -122.297523 46.785827
    -122.297036 46.785644
    -122.295923 46.785227
    -122.295123 46.784427
    -122.294723 46.783627
    -122.289823 46.778927
    -122.288923 46.778527
    -122.288023 46.778027
    -122.287423 46.777527
    -122.287031 46.776899
    -122.286923 46.776727
    -122.286652 46.776186
    -122.286623 46.776127
    -122.286623 46.775227
    -122.285823 46.774127
    -122.284723 46.773727
    -122.283923 46.773727
    -122.283423 46.774027
    -122.282723 46.774627
    -122.282335 46.775093
    -122.282223 46.775227
    -122.281623 46.775827
    -122.280923 46.776227
    -122.279923 46.776527
    -122.279323 46.776527
    -122.278822 46.776327
    -122.278022 46.775627
    -122.277322 46.774727
    -122.276822 46.774027
    -122.275822 46.773227
    -122.275122 46.772727
    -122.274522 46.772127
    -122.274472 46.772067
    -122.274022 46.771527
    -122.273322 46.770728
    -122.27267 46.770076
    -122.272622 46.770028
    -122.272122 46.769328
    -122.271522 46.768628
    -122.270422 46.767628
    -122.269822 46.766928
    -122.269222 46.766528
    -122.268222 46.766228
    -122.267822 46.766228
    -122.267022 46.766128
    -122.266948 46.766103
    -122.266122 46.765828
    -122.265022 46.765628
    -122.263859 46.765449
    -122.263722 46.765428
    -122.262422 46.765328
    -122.261722 46.765628
    -122.261422 46.765928
    -122.261222 46.766428
    -122.261222 46.767128
    -122.261522 46.767828
    -122.261622 46.768428
    -122.261722 46.768928
    -122.261822 46.769428
    -122.261773 46.769774
    -122.261765 46.769828
    -122.261757 46.769883
    -122.261722 46.770128
    -122.261522 46.770628
    -122.261122 46.771028
    -122.260822 46.771428
    -122.260222 46.771928
    -122.259422 46.772328
    -122.258722 46.772628
    -122.258022 46.772828
    -122.256822 46.772828
    -122.256022 46.772828
    -122.255122 46.772628
    -122.253443 46.772233
    -122.253422 46.772228
    -122.251322 46.771628
    -122.251222 46.771378
    -122.250722 46.771328
    -122.250522 46.771428
    -122.250322 46.771528
    -122.249422 46.771828
    -122.249122 46.772128
    -122.248622 46.772628
    -122.248322 46.773128
    -122.248222 46.773728
    -122.248365 46.774013
    -122.248422 46.774128
    -122.248322 46.774628
    -122.248022 46.774828
    -122.247522 46.775128
    -122.24732 46.775195
    -122.246922 46.775328
    -122.246122 46.775328
    -122.245522 46.775128
    -122.244622 46.775228
    -122.243622 46.775528
    -122.241422 46.775828
    -122.240622 46.775928
    -122.238722 46.775728
    -122.238022 46.775428
    -122.237422 46.774928
    -122.237122 46.774428
    -122.237122 46.773928
    -122.236922 46.773428
    -122.236522 46.773128
    -122.236022 46.772928
    -122.235322 46.772928
    -122.234121 46.773128
    -122.233321 46.773228
    -122.232521 46.772928
    -122.232321 46.772728
    -122.232021 46.772628
    -122.231121 46.772428
    -122.230621 46.772228
    -122.230121 46.771728
    -122.229921 46.771128
    -122.229621 46.770528
    -122.229421 46.770128
    -122.229221 46.769728
    -122.228521 46.769328
    -122.228021 46.769028
    -122.227621 46.769128
    -122.227421 46.769028
    -122.227321 46.768928
    -122.226721 46.768828
    -122.225921 46.768928
    -122.225021 46.769028
    -122.224421 46.769128
    -122.223821 46.769328
    -122.223221 46.769628
    -122.222821 46.769728
    -122.221957 46.770016
    -122.221921 46.770028
    -122.220621 46.770028
    -122.219521 46.769828
    -122.218921 46.769628
    -122.218521 46.769328
    -122.218121 46.768928
    -122.217221 46.768628
    -122.216521 46.768628
    -122.216021 46.768628
    -122.215321 46.768728
    -122.214621 46.768928
    -122.214121 46.769228
    -122.213621 46.769528
    -122.212821 46.769828
    -122.212321 46.770028
    -122.211521 46.770028
    -122.210121 46.769828
    -122.209521 46.769528
    -122.209021 46.768928
    -122.208821 46.768528
    -122.208721 46.768328
    -122.208521 46.767828
    -122.208421 46.767328
    -122.208321 46.766828
    -122.208121 46.766328
    -122.207921 46.765728
    -122.207421 46.765228
    -122.206621 46.764828
    -122.206475 46.76474
    -122.206121 46.764528
    -122.204921 46.764328
    -122.204421 46.764228
    -122.204021 46.764128
    -122.203621 46.763928
    -122.203321 46.763828
    -122.203221 46.763628
    -122.203021 46.763428
    -122.202921 46.763328
    -122.202821 46.763128
    -122.202721 46.762928
    -122.202721 46.762828
    -122.202721 46.762628
    -122.215554 46.762694
    -122.221825 46.762726
    -122.235974 46.7628
    -122.252931 46.762887
    -122.259634 46.762916
    -122.259659 46.762915
    -122.262146 46.76293
    -122.265237 46.762948
    -122.265973 46.762953
    -122.266621 46.762956
    -122.282401 46.763046
    -122.287653 46.763042
    -122.292905 46.763038
    -122.298158 46.763034
    -122.303395 46.763013
    -122.308633 46.762992
    -122.308931 46.762991
    -122.308955 46.762985
    -122.308966 46.762988
    -122.30898 46.762991
    -122.313871 46.762971
    -122.316377 46.762961
    -122.316801 46.762959
    -122.316915 46.762959
    -122.317263 46.762958
    -122.318611 46.762952
    -122.319109 46.762957
    -122.324416 46.763016
    -122.327296 46.763048
    -122.328655 46.763063
    -122.329108 46.763068
    -122.329724 46.763065
    -122.333212 46.76305
    -122.335031 46.763042
    -122.335498 46.76304
    -122.336198 46.763037
    -122.336749 46.763035
    -122.338094 46.763029
    -122.338965 46.763025
    -122.340338 46.763038
    -122.341302 46.763047
    -122.341324 46.763037
    -122.34135 46.763048
    -122.341433 46.763049
    -122.343638 46.763069
    -122.343662 46.763061
    -122.343679 46.763067
    -122.343688 46.76307
    -122.345486 46.763087
    -122.347261 46.763104
    -122.348429 46.763115
    -122.349611 46.763126
    -122.350676 46.763136
    -122.354123 46.763168
    -122.355845 46.763184
    -122.358938 46.763214
    -122.358975 46.763214
    -122.359611 46.76322
    -122.359905 46.763215
    -122.361525 46.76319
    -122.361605 46.763189
    -122.364848 46.763138
    -122.365456 46.763128
    -122.370085 46.763056
    -122.370111 46.763095
    -122.374886 46.763081
    -122.375228 46.76308
    -122.377812 46.763078
    -122.379563 46.763062
    -122.379741 46.763063
    -122.382035 46.763079
    -122.392391 46.763086
    -122.393204 46.763087
    -122.397378 46.763089
    -122.399794 46.763134
    -122.401833 46.763171
    -122.401872 46.763171
    -122.402162 46.763088
    -122.402359 46.763089
    -122.40555 46.7631
    -122.406863 46.763092
    -122.413001 46.763092
    -122.422212 46.763095
    -122.435637 46.763102
    -122.437155 46.763105
    -122.441759 46.763106
    -122.441712 46.76296
    -122.444464 46.762956
    -122.449813 46.762973
    -122.450376 46.762975
    -122.450203 46.763108
    -122.453224 46.763111
    -122.454776 46.763113
    -122.456968 46.763113
    -122.458861 46.763111
    -122.461659 46.763114
    -122.466017 46.763117
    -122.467897 46.763117
    -122.474661 46.763121
    -122.481081 46.763123
    -122.486533 46.763131
    -122.486537 46.76306
    -122.486572 46.762629
    -122.486627 46.762025
    -122.486766 46.762031
    -122.487279 46.762054
    -122.492665 46.762293
    -122.499084 46.762579
    -122.501227 46.762675
    -122.503458 46.762695
    -122.509498 46.76275
    -122.51655 46.762824
    -122.517919 46.762855
    -122.523305 46.762976
    -122.527212 46.763063
    -122.527325 46.763066
    -122.528691 46.763097
    -122.532502 46.763158
    -122.533953 46.763181
    -122.537883 46.763245
    -122.538032 46.763247
    -122.539215 46.763266
    -122.541152 46.763297
    -122.544477 46.763349
    -122.547674 46.7634
    -122.54974 46.763433
    -122.549829 46.763432
    -122.555054 46.763395
    -122.560368 46.763356
    -122.565682 46.763317
    -122.570996 46.763278
    -122.577063 46.763099
    -122.581045 46.762981
    -122.583128 46.76291
    -122.583421 46.7629
    -122.583559 46.762896
    -122.583571 46.762907
    -122.583588 46.762896
    -122.58393 46.762894
    -122.583936 46.762897
    -122.583948 46.762893
    -122.588839 46.762726
    -122.595132 46.762526
    -122.600391 46.762399
    -122.605104 46.762286
    -122.60542 46.762278
    -122.606726 46.762246
    -122.610793 46.762147
    -122.615831 46.762025
    -122.619144 46.762122
    -122.619784 46.762139
    -122.621102 46.762177
    -122.622466 46.762216
    -122.626231 46.762325
    -122.62784 46.76238
    -122.629384 46.762436
    -122.631564 46.762513
    -122.634951 46.762634
    -122.636794 46.762698
    -122.637531 46.762724
    -122.642132 46.762726
    -122.647742 46.762733
    -122.652593 46.762867
    -122.658032 46.763024
    -122.662731 46.763166
    -122.667778 46.763319
    -122.668942 46.763343
    -122.670201 46.763359
    -122.673016 46.763401
    -122.678102 46.763513
    -122.681375 46.763501
    -122.683333 46.763475
    -122.687106 46.763436
    -122.688463 46.763428
    -122.688751 46.763429
    -122.68897 46.763436
    -122.690145 46.763459
    -122.690826 46.763476
    -122.693855 46.763518
    -122.699114 46.763537
    -122.704271 46.763551
    -122.709467 46.763564
    -122.714547 46.763578
    -122.714984 46.763579
    -122.719733 46.76359
    -122.725034 46.763602
    -122.725489 46.763603
    -122.726276 46.763589
    -122.727517 46.763604
    -122.729931 46.763611
    -122.730047 46.76361
    -122.730191 46.76361
    -122.730616 46.763601
    -122.732191 46.763564
    -122.732651 46.763596
    -122.734161 46.763565
    -122.738464 46.763597
    -122.738628 46.763598
    -122.739372 46.763639
    -122.73967 46.763652
    -122.739945 46.763667
    -122.740324 46.763688
    -122.744808 46.763682
    -122.751234 46.763674
    -122.754979 46.763667
    -122.755317 46.763664
    -122.759381 46.763626
    -122.760577 46.763615
    -122.765365 46.763642
    -122.765826 46.763645
    -122.771075 46.763675
    -122.774765 46.763696
    -122.776325 46.763705
    -122.781574 46.763734
    -122.783325 46.763702
    -122.783546 46.763698
    -122.784078 46.763688
    -122.786991 46.763635
    -122.78832 46.763611
    -122.788561 46.763607
    -122.792408 46.763536
    -122.797824 46.763436
    -122.803241 46.763336
    -122.808551 46.763674
    -122.81386 46.764011
    -122.816222 46.763972
    -122.816813 46.763962
    -122.816866 46.763961
    -122.818492 46.763935
    -122.818713 46.763931
    -122.821045 46.763902
    -122.844909 46.763672
    -122.850178 46.763672
    -122.855437 46.763673
    -122.860952 46.763673
    -122.861744 46.763674
    -122.866243 46.763668
    -122.871474 46.763702
    -122.871617 46.763702
    -122.876708 46.763685
    -122.881943 46.763647
    -122.882104 46.763646
    -122.882241 46.763645
    -122.887175 46.763624
    -122.890042 46.763623
    -122.892411 46.763623
    -122.896854 46.763647
    -122.897026 46.763648
    -122.897171 46.763649
    -122.897389 46.763651
    -122.897906 46.763655
    -122.898397 46.763659
    -122.898572 46.76366
    -122.89914 46.763665
    -122.899688 46.763669
    -122.900505 46.763676
    -122.900803 46.763678
    -122.901065 46.76368
    -122.901665 46.763685
    -122.90174 46.763685
    -122.901842 46.763686
    -122.902037 46.763688
    -122.902205 46.763689
    -122.902298 46.76369
    -122.903295 46.763699
    -122.908125 46.763736
    -122.913404 46.763778
    -122.918598 46.763819
    -122.91887 46.763821
    -122.923688 46.763859
    -122.923961 46.763861
    -122.924275 46.763864
    -122.92882 46.7639
    -122.929001 46.763901
    -122.929044 46.763902
    -122.929215 46.763903
    -122.929427 46.763905
    -122.929534 46.763905
    -122.929687 46.763907
    -122.931659 46.763922
    -122.934515 46.763945
    -122.936445 46.76396
    -122.937358 46.763967
    -122.93746 46.763967
    -122.937694 46.763969
    -122.937847 46.763971
    -122.939792 46.763986
    -122.944925 46.764027
    -122.945034 46.764027
    -122.945112 46.764028
    -122.950369 46.764076
    -122.955611 46.764111
    -122.958872 46.764136
    -122.969438 46.764246
    -122.971426 46.764266
    -122.972804 46.76428
    -122.979172 46.764345
    -122.981897 46.764355
    -122.990117 46.764385
    -122.99022 46.764386
    -122.99156 46.7644
    -122.991726 46.764401
    -122.992126 46.764399
    -122.9922 46.7644
    -122.992272 46.7644
    -122.992392 46.764402
    -122.99242 46.764403
    -122.992594 46.764404
    -122.992742 46.764406
    -122.998064 46.764477
    -122.99829 46.764503
    -123.002899 46.764561
    -123.004261 46.764486
    -123.00509 46.764496
    -123.005289 46.764499
    -123.008726 46.764542
    -123.013922 46.764607
    -123.014136 46.764606
    -123.01439 46.764605
    -123.019216 46.764584
    -123.02451 46.764561
    -123.025709 46.764556
    -123.033122 46.764603
    -123.034537 46.764609
    -123.035938 46.764602
    -123.040269 46.764492
    -123.055785 46.764246
    -123.099257 46.763802
    -123.113168 46.763875
    -123.115244 46.763895
    -123.118557 46.763859
    -123.124002 46.76391
    -123.127917 46.763947
    -123.128008 46.763945
    -123.12803 46.763945
    -123.128264 46.763944
    -123.128319 46.76395
    -123.128429 46.763951
    -123.129448 46.763961
    -123.13264 46.763981
    -123.134773 46.763994
    -123.137627 46.764012
    -123.140099 46.764027
    -123.145628 46.764166
    -123.151157 46.764305
    -123.156033 46.764317
    -123.159341 46.764326
    -123.160909 46.76433
    -123.160916 46.765015
    -123.160944 46.767993
    -123.160979 46.771657
    -123.161001 46.775325
    -123.16101 46.776697
    -123.161024 46.778993
    -123.160929 46.782594
    -123.160835 46.786195
    -123.16079 46.787551
    -123.160715 46.78979
    -123.160684 46.790714
    -123.160659 46.791489
    -123.160656 46.791572
    -123.160663 46.791587
    -123.160655 46.7916
    -123.160651 46.791703
    -123.160628 46.792389
    -123.160588 46.793383
    -123.160586 46.793434
    -123.160641 46.796181
    -123.160657 46.796981
    -123.160676 46.798078
    -123.160685 46.798537
    -123.160686 46.798601
    -123.160698 46.799155
    -123.160701 46.799249
    -123.160704 46.799343
    -123.160712 46.799569
    -123.160717 46.799643
    -123.160601 46.800988
    -123.160595 46.801057
    -123.160595 46.801132
    -123.160595 46.801218
    -123.160594 46.80437
    -123.160594 46.804653
    -123.160594 46.80498
    -123.160594 46.806014
    -123.160594 46.806978
    -123.160594 46.807781
    -123.160594 46.808112
    -123.16059 46.808712
    -123.160573 46.811309
    -123.160566 46.812454
    -123.160563 46.812828
    -123.160559 46.813508
    -123.160546 46.815406
    -123.160502 46.821835
    -123.160502 46.822197
    -123.160501 46.82364
    -123.160501 46.824466
    -123.1605 46.827039
    -123.1605 46.82715
    -123.1605 46.827161
    -123.1605 46.8272
    -123.160497 46.828247
    -123.160497 46.828276
    -123.160495 46.828841
    -123.160495 46.828859
    -123.160495 46.828981
    -123.160502 46.830881
    -123.16057 46.83094
    -123.160611 46.832291
    -123.160809 46.836442
    -123.160784 46.837834
    -123.160783 46.838007
    -123.160782 46.83818
    -123.160779 46.838635
    -123.160777 46.83909
    -123.16076 46.840176
    -123.16076 46.840198
    -123.16074 46.841309
    -123.16082 46.847251
    -123.160877 46.851395
    -123.160867 46.851619
    -123.160823 46.852564
    -123.16023 46.86511
    -123.160293 46.866623
    -123.160312 46.867101
    -123.160404 46.869318
    -123.160419 46.869671
    -123.160535 46.87286
    -123.160529 46.872899
    -123.160265 46.874823
    -123.160262 46.874993
    -123.160206 46.878571
    -123.160155 46.881917
    -123.160153 46.88208
    -123.16015 46.882345
    -123.159963 46.895318
    -123.159946 46.8955
END
END
